+0 +1.000000000000000e+00
+1 +2.076850159972391e-11
+2 -5.417946969487351e-09
+3 +9.663639885795838e-12
+4 -7.757765953181497e-12
+5 +2.706624711530833e-14
+6 -2.352134167404108e-14
+7 +1.119056508475875e-16
+8 -4.157921901559171e-17
+9 -1.514632256043933e-19
+10 -8.652924222975382e-18
+11 -4.226948979034318e-18
+12 +5.941263062159956e-18
+13 -5.856151737320326e-20
+14 +1.407554826829834e-18
+15 -3.550853963890368e-18
+16 -1.213736618596042e-17
+17 -4.091068021675947e-18
+18 -5.388757952668435e-18
+19 -3.601207223175759e-18
+20 +1.473087007683904e-17
+21 -7.632143386729674e-18
+22 -8.078044074937157e-18
+23 -2.970928610293653e-18
+24 -1.062948895534337e-18
+25 -5.676251759365893e-18
+26 +1.062799893658056e-17
+27 +3.822367974033271e-18
+28 -1.551970684091270e-18
+29 -4.217050091135363e-18
+30 +5.043955981110560e-18
