-30   +2.521977990555280e-18  +0.000000000000000e+00
-29   -2.108525045567681e-18  +0.000000000000000e+00
-28   -7.759853420456351e-19  +0.000000000000000e+00
-27   +1.911183987016636e-18  +0.000000000000000e+00
-26   +5.313999468290282e-18  +0.000000000000000e+00
-25   -2.838125879682946e-18  +0.000000000000000e+00
-24   -5.314744477671687e-19  +0.000000000000000e+00
-23   -1.485464305146827e-18  +0.000000000000000e+00
-22   -4.039022037468579e-18  +0.000000000000000e+00
-21   -3.816071693364837e-18  +0.000000000000000e+00
-20   +7.365435038419522e-18  +0.000000000000000e+00
-19   -1.800603611587880e-18  +0.000000000000000e+00
-18   -2.694378976334217e-18  +0.000000000000000e+00
-17   -2.045534010837974e-18  +0.000000000000000e+00
-16   -6.068683092980211e-18  +0.000000000000000e+00
-15   -1.775426981945184e-18  +0.000000000000000e+00
-14   +7.037774134149171e-19  +0.000000000000000e+00
-13   -2.928075868660163e-20  +0.000000000000000e+00
-12   +2.970631531079978e-18  +0.000000000000000e+00
-11   -2.113474489517159e-18  +0.000000000000000e+00
-10   -4.326462111487691e-18  +0.000000000000000e+00
 -9   -7.573161280219663e-20  +0.000000000000000e+00
 -8   -2.078960950779586e-17  +0.000000000000000e+00
 -7   +5.595282542379374e-17  +0.000000000000000e+00
 -6   -1.176067083702054e-14  +0.000000000000000e+00
 -5   +1.353312355765417e-14  +0.000000000000000e+00
 -4   -3.878882976590749e-12  +0.000000000000000e+00
 -3   +4.831819942897919e-12  +0.000000000000000e+00
 -2   -2.708973484743675e-09  +0.000000000000000e+00
 -1   +1.038425079986195e-11  +0.000000000000000e+00
 +0   +1.000000000000000e+00  +0.000000000000000e+00
 +1   +1.038425079986195e-11  +0.000000000000000e+00
 +2   -2.708973484743675e-09  +0.000000000000000e+00
 +3   +4.831819942897919e-12  +0.000000000000000e+00
 +4   -3.878882976590749e-12  +0.000000000000000e+00
 +5   +1.353312355765417e-14  +0.000000000000000e+00
 +6   -1.176067083702054e-14  +0.000000000000000e+00
 +7   +5.595282542379374e-17  +0.000000000000000e+00
 +8   -2.078960950779586e-17  +0.000000000000000e+00
 +9   -7.573161280219663e-20  +0.000000000000000e+00
+10   -4.326462111487691e-18  +0.000000000000000e+00
+11   -2.113474489517159e-18  +0.000000000000000e+00
+12   +2.970631531079978e-18  +0.000000000000000e+00
+13   -2.928075868660163e-20  +0.000000000000000e+00
+14   +7.037774134149171e-19  +0.000000000000000e+00
+15   -1.775426981945184e-18  +0.000000000000000e+00
+16   -6.068683092980211e-18  +0.000000000000000e+00
+17   -2.045534010837974e-18  +0.000000000000000e+00
+18   -2.694378976334217e-18  +0.000000000000000e+00
+19   -1.800603611587880e-18  +0.000000000000000e+00
+20   +7.365435038419522e-18  +0.000000000000000e+00
+21   -3.816071693364837e-18  +0.000000000000000e+00
+22   -4.039022037468579e-18  +0.000000000000000e+00
+23   -1.485464305146827e-18  +0.000000000000000e+00
+24   -5.314744477671687e-19  +0.000000000000000e+00
+25   -2.838125879682946e-18  +0.000000000000000e+00
+26   +5.313999468290282e-18  +0.000000000000000e+00
+27   +1.911183987016636e-18  +0.000000000000000e+00
+28   -7.759853420456351e-19  +0.000000000000000e+00
+29   -2.108525045567681e-18  +0.000000000000000e+00
+30   +2.521977990555280e-18  +0.000000000000000e+00

