+0 +9.999999812185636e-01
+1 +3.284701464662947e-12
+2 -3.062540144104083e-10
+3 +3.309368854325287e-13
+4 -2.270831854093705e-13
+5 +5.677670944409504e-16
+6 -4.637897431513633e-16
+7 +4.270966502376151e-18
+8 +2.673981480271032e-17
+9 +1.334522613512765e-18
+10 -2.217713466717964e-17
+11 +3.395143874648637e-18
+12 -1.569322951327619e-19
+13 -1.933977134152171e-18
+14 +7.983935258309404e-18
+15 -3.858814012871966e-18
+16 -3.959476766187690e-17
+17 +4.224867427557665e-19
+18 +3.599878447532377e-18
+19 +6.230095456602652e-19
+20 +8.372096662035673e-18
+21 -2.028751085096057e-18
+22 -6.288488057947147e-18
+23 -1.379591730886903e-18
+24 -3.172266685681805e-20
+25 -4.803397705217470e-18
+26 +9.760532946597836e-19
+27 +6.444763747585876e-19
+28 -7.597140727535573e-18
+29 -1.896981492988519e-18
+30 -2.968535629141477e-22
