+0 -1.000003077991946e+00
+1 +4.675085560730599e-10
+2 -1.771728161158541e-07
+3 +4.369567934115682e-10
+4 -5.406774325016799e-10
+5 +2.117692300158037e-12
+6 -2.511570872737105e-12
+7 +1.220721653603219e-14
+8 -1.400264390207896e-14
+9 +8.778920081218211e-17
+10 -7.197861777042404e-17
+11 +1.795924330320346e-17
+12 -2.269393349657514e-17
+13 +2.186695296410692e-18
+14 -3.387624793708762e-17
+15 -3.962478857520861e-19
+16 +1.159466992539289e-17
+17 +4.415313905365976e-18
+18 -4.036937612639087e-17
+19 +2.574708471578566e-18
+20 -2.265026115056217e-17
+21 +6.794554108409869e-18
+22 +6.361756760345963e-17
+23 +5.808373319144517e-18
+24 +7.497578940758220e-18
+25 +2.245193274478003e-18
+26 -2.831032453824117e-17
+27 -4.364594753743099e-18
+28 -9.261846472184861e-18
+29 +1.233684206042598e-18
+30 -2.300156964005524e-17
