+0 +0.000000000000000e+00
+1 -1.756187192662090e-10
+2 +1.188702627978533e-07
+3 -3.340098456613430e-10
+4 +3.613342953704082e-10
+5 -1.603269778592800e-12
+6 +1.677207539829309e-12
+7 -9.170783833856662e-15
+8 +9.301267142622055e-15
+9 -5.901439328618595e-17
+10 +5.613780431944722e-17
+11 +2.430285620198078e-19
+12 +6.267526833485949e-19
+13 -7.754143759220916e-19
+14 -1.321094647367229e-19
+15 -6.142217797823039e-19
+16 -7.753821678617325e-19
+17 -7.447823693159633e-19
+18 +1.520761333193794e-19
+19 -2.315706863004352e-19
+20 +4.404191795943174e-19
+21 -2.112823826606671e-20
+22 -7.072368307932544e-19
+23 +4.061445492365172e-19
+24 +2.325563174705925e-19
+25 -8.566152057761827e-19
+26 -5.067034485682253e-19
+27 +2.822116033966213e-19
+28 +5.975631790768850e-19
+29 +3.254381105783726e-19
+30 +4.385844471056516e-19
