+0 +0.000000000000000e+00
+1 +3.149378006739588e-05
+2 +4.793532431599505e-09
+3 +4.732431241295661e-08
+4 +4.465042986916731e-12
+5 +1.835170352477970e-10
+6 -3.808629336278218e-14
+7 +9.376930892337641e-13
+8 -5.592704649451251e-16
+9 +5.473898569653846e-15
+10 -5.612498047074762e-18
+11 +3.456862781762146e-17
+12 -5.100198899906777e-20
+13 +2.295129914758030e-19
+14 -4.743542814853207e-22
+15 +1.980723765384401e-21
+16 -1.880087214656366e-22
+17 -9.336412893017288e-22
+18 +4.439415777877861e-23
+19 -1.494136126274957e-22
+20 +3.100386871352236e-23
+21 -2.241222732666045e-23
+22 -4.293173405457690e-23
+23 +1.609349182447856e-22
+24 +3.891190984071663e-23
+25 -1.882766251585203e-22
+26 -1.614214141372834e-22
+27 -1.374180061194398e-22
+28 +2.520717491339809e-23
+29 -2.529859492013157e-22
+30 -7.860763877974299e-23
