-30   -9.819030216126087e-19  +0.000000000000000e+00
-29   -4.748528397401726e-19  +0.000000000000000e+00
-28   +5.087341348795552e-18  +0.000000000000000e+00
-27   -3.273620968548850e-18  +0.000000000000000e+00
-26   +1.171618884415839e-18  +0.000000000000000e+00
-25   +4.494379976688718e-18  +0.000000000000000e+00
-24   +2.755202224638691e-18  +0.000000000000000e+00
-23   -1.118269741743390e-18  +0.000000000000000e+00
-22   -3.154271826261972e-18  +0.000000000000000e+00
-21   +3.152608180045028e-21  +0.000000000000000e+00
-20   +1.014167447616014e-17  +0.000000000000000e+00
-19   +5.620050943490986e-19  +0.000000000000000e+00
-18   -2.828399501266330e-18  +0.000000000000000e+00
-17   -9.766779794775385e-19  +0.000000000000000e+00
-16   +6.486654887990435e-19  +0.000000000000000e+00
-15   -3.355632590155485e-18  +0.000000000000000e+00
-14   -1.113602618942044e-18  +0.000000000000000e+00
-13   +9.455278118531664e-18  +0.000000000000000e+00
-12   +4.806482585966545e-18  +0.000000000000000e+00
-11   +1.410674195317500e-15  +0.000000000000000e+00
-10   -2.360452327422447e-16  +0.000000000000000e+00
 -9   +2.226773879080952e-13  +0.000000000000000e+00
 -8   -2.272190606169293e-14  +0.000000000000000e+00
 -7   +3.814866679848687e-11  +0.000000000000000e+00
 -6   -1.531287230979143e-12  +0.000000000000000e+00
 -5   +7.466245417620207e-09  +0.000000000000000e+00
 -4   +1.932050122324241e-10  +0.000000000000000e+00
 -3   +1.924143363592990e-06  +0.000000000000000e+00
 -2   +2.135596812765319e-07  +0.000000000000000e+00
 -1   +1.258158594804509e-03  +0.000000000000000e+00
 +0   +2.000000634288947e+00  +0.000000000000000e+00
 +1   +1.258158594804509e-03  +0.000000000000000e+00
 +2   +2.135596812765319e-07  +0.000000000000000e+00
 +3   +1.924143363592990e-06  +0.000000000000000e+00
 +4   +1.932050122324241e-10  +0.000000000000000e+00
 +5   +7.466245417620207e-09  +0.000000000000000e+00
 +6   -1.531287230979143e-12  +0.000000000000000e+00
 +7   +3.814866679848687e-11  +0.000000000000000e+00
 +8   -2.272190606169293e-14  +0.000000000000000e+00
 +9   +2.226773879080952e-13  +0.000000000000000e+00
+10   -2.360452327422447e-16  +0.000000000000000e+00
+11   +1.410674195317500e-15  +0.000000000000000e+00
+12   +4.806482585966545e-18  +0.000000000000000e+00
+13   +9.455278118531664e-18  +0.000000000000000e+00
+14   -1.113602618942044e-18  +0.000000000000000e+00
+15   -3.355632590155485e-18  +0.000000000000000e+00
+16   +6.486654887990435e-19  +0.000000000000000e+00
+17   -9.766779794775385e-19  +0.000000000000000e+00
+18   -2.828399501266330e-18  +0.000000000000000e+00
+19   +5.620050943490986e-19  +0.000000000000000e+00
+20   +1.014167447616014e-17  +0.000000000000000e+00
+21   +3.152608180045028e-21  +0.000000000000000e+00
+22   -3.154271826261972e-18  +0.000000000000000e+00
+23   -1.118269741743390e-18  +0.000000000000000e+00
+24   +2.755202224638691e-18  +0.000000000000000e+00
+25   +4.494379976688718e-18  +0.000000000000000e+00
+26   +1.171618884415839e-18  +0.000000000000000e+00
+27   -3.273620968548850e-18  +0.000000000000000e+00
+28   +5.087341348795552e-18  +0.000000000000000e+00
+29   -4.748528397401726e-19  +0.000000000000000e+00
+30   -9.819030216126087e-19  +0.000000000000000e+00

