+0 +2.000000634288947e+00
+1 +2.516317189609017e-03
+2 +4.271193625530639e-07
+3 +3.848286727185980e-06
+4 +3.864100244648483e-10
+5 +1.493249083524041e-08
+6 -3.062574461958286e-12
+7 +7.629733359697373e-11
+8 -4.544381212338586e-14
+9 +4.453547758161904e-13
+10 -4.720904654844894e-16
+11 +2.821348390635001e-15
+12 +9.612965171933089e-18
+13 +1.891055623706333e-17
+14 -2.227205237884088e-18
+15 -6.711265180310971e-18
+16 +1.297330977598087e-18
+17 -1.953355958955077e-18
+18 -5.656799002532661e-18
+19 +1.124010188698197e-18
+20 +2.028334895232028e-17
+21 +6.305216360090056e-21
+22 -6.308543652523944e-18
+23 -2.236539483486779e-18
+24 +5.510404449277383e-18
+25 +8.988759953377435e-18
+26 +2.343237768831678e-18
+27 -6.547241937097701e-18
+28 +1.017468269759110e-17
+29 -9.497056794803451e-19
+30 -1.963806043225217e-18
