-30   -0.000000000000000e+00  -5.449210959805769e-21
-29   -0.000000000000000e+00  -1.094389946807740e-20
-28   +0.000000000000000e+00  +2.490725779185480e-21
-27   -0.000000000000000e+00  -3.650929882209160e-21
-26   -0.000000000000000e+00  -8.031791580901125e-21
-25   +0.000000000000000e+00  +3.420763113965277e-21
-24   +0.000000000000000e+00  +4.464550680816790e-21
-23   -0.000000000000000e+00  -7.195368465259780e-21
-22   -0.000000000000000e+00  -4.296499715933018e-21
-21   +0.000000000000000e+00  +7.012309278275224e-21
-20   +0.000000000000000e+00  +4.243606176187227e-21
-19   -0.000000000000000e+00  -6.059066487384449e-21
-18   -0.000000000000000e+00  -3.522362370430459e-22
-17   -0.000000000000000e+00  -3.889290078860438e-20
-16   -0.000000000000000e+00  -9.699750329218806e-21
-15   +0.000000000000000e+00  +8.145098500191808e-20
-14   -0.000000000000000e+00  -1.911067106865150e-20
-13   +0.000000000000000e+00  +9.330422163514505e-18
-12   -0.000000000000000e+00  -2.071533572688284e-18
-11   +0.000000000000000e+00  +1.405231060023088e-15
-10   -0.000000000000000e+00  -2.281501225224671e-16
 -9   +0.000000000000000e+00  +2.225159757753115e-13
 -8   -0.000000000000000e+00  -2.273454716569247e-14
 -7   +0.000000000000000e+00  +3.811756689537543e-11
 -6   -0.000000000000000e+00  -1.548221752502171e-12
 -5   +0.000000000000000e+00  +7.460034575400770e-09
 -4   +0.000000000000000e+00  +1.815056298062736e-10
 -3   +0.000000000000000e+00  +1.923750601034757e-06
 -2   +0.000000000000000e+00  +1.948588458275056e-07
 -1   +0.000000000000000e+00  +1.280233673652309e-03
 +0   +0.000000000000000e+00  +0.000000000000000e+00
 +1   -0.000000000000000e+00  -1.280233673652309e-03
 +2   -0.000000000000000e+00  -1.948588458275056e-07
 +3   -0.000000000000000e+00  -1.923750601034757e-06
 +4   -0.000000000000000e+00  -1.815056298062736e-10
 +5   -0.000000000000000e+00  -7.460034575400770e-09
 +6   +0.000000000000000e+00  +1.548221752502171e-12
 +7   -0.000000000000000e+00  -3.811756689537543e-11
 +8   +0.000000000000000e+00  +2.273454716569247e-14
 +9   -0.000000000000000e+00  -2.225159757753115e-13
+10   +0.000000000000000e+00  +2.281501225224671e-16
+11   -0.000000000000000e+00  -1.405231060023088e-15
+12   +0.000000000000000e+00  +2.071533572688284e-18
+13   -0.000000000000000e+00  -9.330422163514505e-18
+14   +0.000000000000000e+00  +1.911067106865150e-20
+15   -0.000000000000000e+00  -8.145098500191808e-20
+16   +0.000000000000000e+00  +9.699750329218806e-21
+17   +0.000000000000000e+00  +3.889290078860438e-20
+18   +0.000000000000000e+00  +3.522362370430459e-22
+19   +0.000000000000000e+00  +6.059066487384449e-21
+20   -0.000000000000000e+00  -4.243606176187227e-21
+21   -0.000000000000000e+00  -7.012309278275224e-21
+22   +0.000000000000000e+00  +4.296499715933018e-21
+23   +0.000000000000000e+00  +7.195368465259780e-21
+24   -0.000000000000000e+00  -4.464550680816790e-21
+25   -0.000000000000000e+00  -3.420763113965277e-21
+26   +0.000000000000000e+00  +8.031791580901125e-21
+27   +0.000000000000000e+00  +3.650929882209160e-21
+28   -0.000000000000000e+00  -2.490725779185480e-21
+29   +0.000000000000000e+00  +1.094389946807740e-20
+30   +0.000000000000000e+00  +5.449210959805769e-21

