-30   +4.832595923510808e-06  +0.000000000000000e+00
-29   -1.557169797680422e-05  +0.000000000000000e+00
-28   +2.977117735690750e-05  +0.000000000000000e+00
-27   -5.058647392860926e-05  +0.000000000000000e+00
-26   +8.264320914997818e-05  +0.000000000000000e+00
-25   -1.330651019619801e-04  +0.000000000000000e+00
-24   +2.130570174316053e-04  +0.000000000000000e+00
-23   -3.403949367746936e-04  +0.000000000000000e+00
-22   +5.433761754003320e-04  +0.000000000000000e+00
-21   -8.671076752262927e-04  +0.000000000000000e+00
-20   +1.383529769548695e-03  +0.000000000000000e+00
-19   -2.207402923769994e-03  +0.000000000000000e+00
-18   +3.521810061052473e-03  +0.000000000000000e+00
-17   -5.618841656345496e-03  +0.000000000000000e+00
-16   +8.964504730827423e-03  +0.000000000000000e+00
-15   -1.430227996771516e-02  +0.000000000000000e+00
-14   +2.281833964187375e-02  +0.000000000000000e+00
-13   -3.640514145866938e-02  +0.000000000000000e+00
-12   +5.808197471072619e-02  +0.000000000000000e+00
-11   -9.266591345405328e-02  +0.000000000000000e+00
-10   +1.478422774093927e-01  +0.000000000000000e+00
 -9   -2.358724807890411e-01  +0.000000000000000e+00
 -8   +3.763187910106984e-01  +0.000000000000000e+00
 -7   -6.003914992347362e-01  +0.000000000000000e+00
 -6   +9.578845406220452e-01  +0.000000000000000e+00
 -5   -1.528240813258697e+00  +0.000000000000000e+00
 -4   +2.438206155508389e+00  +0.000000000000000e+00
 -3   -3.889995087871051e+00  +0.000000000000000e+00
 -2   +6.206227373093955e+00  +0.000000000000000e+00
 -1   -9.901621296782194e+00  +0.000000000000000e+00
 +0   +1.579737550864423e+01  +0.000000000000000e+00
 +1   -9.901621296782194e+00  +0.000000000000000e+00
 +2   +6.206227373093955e+00  +0.000000000000000e+00
 +3   -3.889995087871051e+00  +0.000000000000000e+00
 +4   +2.438206155508389e+00  +0.000000000000000e+00
 +5   -1.528240813258697e+00  +0.000000000000000e+00
 +6   +9.578845406220452e-01  +0.000000000000000e+00
 +7   -6.003914992347362e-01  +0.000000000000000e+00
 +8   +3.763187910106984e-01  +0.000000000000000e+00
 +9   -2.358724807890411e-01  +0.000000000000000e+00
+10   +1.478422774093927e-01  +0.000000000000000e+00
+11   -9.266591345405328e-02  +0.000000000000000e+00
+12   +5.808197471072619e-02  +0.000000000000000e+00
+13   -3.640514145866938e-02  +0.000000000000000e+00
+14   +2.281833964187375e-02  +0.000000000000000e+00
+15   -1.430227996771516e-02  +0.000000000000000e+00
+16   +8.964504730827423e-03  +0.000000000000000e+00
+17   -5.618841656345496e-03  +0.000000000000000e+00
+18   +3.521810061052473e-03  +0.000000000000000e+00
+19   -2.207402923769994e-03  +0.000000000000000e+00
+20   +1.383529769548695e-03  +0.000000000000000e+00
+21   -8.671076752262927e-04  +0.000000000000000e+00
+22   +5.433761754003320e-04  +0.000000000000000e+00
+23   -3.403949367746936e-04  +0.000000000000000e+00
+24   +2.130570174316053e-04  +0.000000000000000e+00
+25   -1.330651019619801e-04  +0.000000000000000e+00
+26   +8.264320914997818e-05  +0.000000000000000e+00
+27   -5.058647392860926e-05  +0.000000000000000e+00
+28   +2.977117735690750e-05  +0.000000000000000e+00
+29   -1.557169797680422e-05  +0.000000000000000e+00
+30   +4.832595923510808e-06  +0.000000000000000e+00

