-30   +7.018086894778969e-07  +0.000000000000000e+00
-29   -2.261383555136409e-06  +0.000000000000000e+00
-28   +4.323488099515334e-06  +0.000000000000000e+00
-27   -7.346367777290467e-06  +0.000000000000000e+00
-26   +1.200177362763200e-05  +0.000000000000000e+00
-25   -1.932424028436797e-05  +0.000000000000000e+00
-24   +3.094098255976604e-05  +0.000000000000000e+00
-23   -4.943349873730137e-05  +0.000000000000000e+00
-22   +7.891123685635539e-05  +0.000000000000000e+00
-21   -1.259248053879689e-04  +0.000000000000000e+00
-20   +2.009216640060460e-04  +0.000000000000000e+00
-19   -3.205677812920154e-04  +0.000000000000000e+00
-18   +5.114511833097151e-04  +0.000000000000000e+00
-17   -8.159904038405228e-04  +0.000000000000000e+00
-16   +1.301860825224927e-03  +0.000000000000000e+00
-15   -2.077033652214831e-03  +0.000000000000000e+00
-14   +3.313769513030369e-03  +0.000000000000000e+00
-13   -5.286898598963540e-03  +0.000000000000000e+00
-12   +8.434894040222135e-03  +0.000000000000000e+00
-11   -1.345731037930755e-02  +0.000000000000000e+00
-10   +2.147024013601693e-02  +0.000000000000000e+00
 -9   -3.425433436739667e-02  +0.000000000000000e+00
 -8   +5.465050290264231e-02  +0.000000000000000e+00
 -7   -8.719122763847557e-02  +0.000000000000000e+00
 -6   +1.391077807384140e-01  +0.000000000000000e+00
 -5   -2.219371740024443e-01  +0.000000000000000e+00
 -4   +3.540859392670174e-01  +0.000000000000000e+00
 -3   -5.649204688131491e-01  +0.000000000000000e+00
 -2   +9.012928803177596e-01  +0.000000000000000e+00
 -1   -1.437952598559652e+00  +0.000000000000000e+00
 +0   +2.294157338703686e+00  +0.000000000000000e+00
 +1   -1.437952598559652e+00  +0.000000000000000e+00
 +2   +9.012928803177596e-01  +0.000000000000000e+00
 +3   -5.649204688131491e-01  +0.000000000000000e+00
 +4   +3.540859392670174e-01  +0.000000000000000e+00
 +5   -2.219371740024443e-01  +0.000000000000000e+00
 +6   +1.391077807384140e-01  +0.000000000000000e+00
 +7   -8.719122763847557e-02  +0.000000000000000e+00
 +8   +5.465050290264231e-02  +0.000000000000000e+00
 +9   -3.425433436739667e-02  +0.000000000000000e+00
+10   +2.147024013601693e-02  +0.000000000000000e+00
+11   -1.345731037930755e-02  +0.000000000000000e+00
+12   +8.434894040222135e-03  +0.000000000000000e+00
+13   -5.286898598963540e-03  +0.000000000000000e+00
+14   +3.313769513030369e-03  +0.000000000000000e+00
+15   -2.077033652214831e-03  +0.000000000000000e+00
+16   +1.301860825224927e-03  +0.000000000000000e+00
+17   -8.159904038405228e-04  +0.000000000000000e+00
+18   +5.114511833097151e-04  +0.000000000000000e+00
+19   -3.205677812920154e-04  +0.000000000000000e+00
+20   +2.009216640060460e-04  +0.000000000000000e+00
+21   -1.259248053879689e-04  +0.000000000000000e+00
+22   +7.891123685635539e-05  +0.000000000000000e+00
+23   -4.943349873730137e-05  +0.000000000000000e+00
+24   +3.094098255976604e-05  +0.000000000000000e+00
+25   -1.932424028436797e-05  +0.000000000000000e+00
+26   +1.200177362763200e-05  +0.000000000000000e+00
+27   -7.346367777290467e-06  +0.000000000000000e+00
+28   +4.323488099515334e-06  +0.000000000000000e+00
+29   -2.261383555136409e-06  +0.000000000000000e+00
+30   +7.018086894778969e-07  +0.000000000000000e+00

