-30   -4.186086814160426e-17  +0.000000000000000e+00
-29   -7.462154755677281e-17  +0.000000000000000e+00
-28   +8.372173628320852e-17  +0.000000000000000e+00
-27   -4.550094363217854e-16  +0.000000000000000e+00
-26   +1.532471781531774e-15  +0.000000000000000e+00
-25   -5.851421351098161e-15  +0.000000000000000e+00
-24   +2.169484992382273e-14  +0.000000000000000e+00
-23   -8.086154696648978e-14  +0.000000000000000e+00
-22   +3.017504279232638e-13  +0.000000000000000e+00
-21   -1.126050982877046e-12  +0.000000000000000e+00
-20   +4.202646427585922e-12  +0.000000000000000e+00
-19   -1.568429539250314e-11  +0.000000000000000e+00
-18   +5.853477766245618e-11  +0.000000000000000e+00
-17   -2.184544746827585e-10  +0.000000000000000e+00
-16   +8.152834346838317e-10  +0.000000000000000e+00
-15   -3.042679059753331e-09  +0.000000000000000e+00
-14   +1.135543315457301e-08  +0.000000000000000e+00
-13   -4.237905318747851e-08  +0.000000000000000e+00
-12   +1.581607800150872e-07  +0.000000000000000e+00
-11   -5.902640663823702e-07  +0.000000000000000e+00
-10   +2.202895485861566e-06  +0.000000000000000e+00
 -9   -8.221317876833659e-06  +0.000000000000000e+00
 -8   +3.068237602150946e-05  +0.000000000000000e+00
 -7   -1.145081862094053e-04  +0.000000000000000e+00
 -6   +4.273503688156095e-04  +0.000000000000000e+00
 -5   -1.594893289053546e-03  +0.000000000000000e+00
 -4   +5.952222787398314e-03  +0.000000000000000e+00
 -3   -2.221399786053967e-02  +0.000000000000000e+00
 -2   +8.290376865476072e-02  +0.000000000000000e+00
 -1   -3.094010767585032e-01  +0.000000000000000e+00
 +0   +1.547005383792512e-01  +0.000000000000000e+00
 +1   -3.094010767585032e-01  +0.000000000000000e+00
 +2   +8.290376865476072e-02  +0.000000000000000e+00
 +3   -2.221399786053967e-02  +0.000000000000000e+00
 +4   +5.952222787398314e-03  +0.000000000000000e+00
 +5   -1.594893289053546e-03  +0.000000000000000e+00
 +6   +4.273503688156095e-04  +0.000000000000000e+00
 +7   -1.145081862094053e-04  +0.000000000000000e+00
 +8   +3.068237602150946e-05  +0.000000000000000e+00
 +9   -8.221317876833659e-06  +0.000000000000000e+00
+10   +2.202895485861566e-06  +0.000000000000000e+00
+11   -5.902640663823702e-07  +0.000000000000000e+00
+12   +1.581607800150872e-07  +0.000000000000000e+00
+13   -4.237905318747851e-08  +0.000000000000000e+00
+14   +1.135543315457301e-08  +0.000000000000000e+00
+15   -3.042679059753331e-09  +0.000000000000000e+00
+16   +8.152834346838317e-10  +0.000000000000000e+00
+17   -2.184544746827585e-10  +0.000000000000000e+00
+18   +5.853477766245618e-11  +0.000000000000000e+00
+19   -1.568429539250314e-11  +0.000000000000000e+00
+20   +4.202646427585922e-12  +0.000000000000000e+00
+21   -1.126050982877046e-12  +0.000000000000000e+00
+22   +3.017504279232638e-13  +0.000000000000000e+00
+23   -8.086154696648978e-14  +0.000000000000000e+00
+24   +2.169484992382273e-14  +0.000000000000000e+00
+25   -5.851421351098161e-15  +0.000000000000000e+00
+26   +1.532471781531774e-15  +0.000000000000000e+00
+27   -4.550094363217854e-16  +0.000000000000000e+00
+28   +8.372173628320852e-17  +0.000000000000000e+00
+29   -7.462154755677281e-17  +0.000000000000000e+00
+30   -4.186086814160426e-17  +0.000000000000000e+00

