-30   -2.321142431914198e-16  +0.000000000000000e+00
-29   -4.137688682977484e-16  +0.000000000000000e+00
-28   +4.642284863828397e-16  +0.000000000000000e+00
-27   -2.522980904254564e-15  +0.000000000000000e+00
-26   +8.497399685529372e-15  +0.000000000000000e+00
-25   -3.244553442871369e-14  +0.000000000000000e+00
-24   +1.202957295148576e-13  +0.000000000000000e+00
-23   -4.483690284186955e-13  +0.000000000000000e+00
-22   +1.673175338198116e-12  +0.000000000000000e+00
-21   -6.243837820116535e-12  +0.000000000000000e+00
-20   +2.330324568617143e-11  +0.000000000000000e+00
-19   -8.696781783661355e-11  +0.000000000000000e+00
-18   +3.245693704091047e-10  +0.000000000000000e+00
-17   -1.211307775348598e-09  +0.000000000000000e+00
-16   +4.520663469949877e-09  +0.000000000000000e+00
-15   -1.687134497163248e-08  +0.000000000000000e+00
-14   +6.296471835864461e-08  +0.000000000000000e+00
-13   -2.349875264054550e-07  +0.000000000000000e+00
-12   +8.769853895906255e-07  +0.000000000000000e+00
-11   -3.272954029237273e-06  +0.000000000000000e+00
-10   +1.221483072928350e-05  +0.000000000000000e+00
 -9   -4.558636888662011e-05  +0.000000000000000e+00
 -8   +1.701306448173987e-04  +0.000000000000000e+00
 -7   -6.349362103840901e-04  +0.000000000000000e+00
 -6   +2.369614196716176e-03  +0.000000000000000e+00
 -5   -8.843520576483460e-03  +0.000000000000000e+00
 -4   +3.300446810921622e-02  +0.000000000000000e+00
 -3   -1.231743518603812e-01  +0.000000000000000e+00
 -2   +4.596929393323106e-01  +0.000000000000000e+00
 -1   -1.715597405468861e+00  +0.000000000000000e+00
 +0   +6.402696682543129e+00  +0.000000000000000e+00
 +1   -1.715597405468861e+00  +0.000000000000000e+00
 +2   +4.596929393323106e-01  +0.000000000000000e+00
 +3   -1.231743518603812e-01  +0.000000000000000e+00
 +4   +3.300446810921622e-02  +0.000000000000000e+00
 +5   -8.843520576483460e-03  +0.000000000000000e+00
 +6   +2.369614196716176e-03  +0.000000000000000e+00
 +7   -6.349362103840901e-04  +0.000000000000000e+00
 +8   +1.701306448173987e-04  +0.000000000000000e+00
 +9   -4.558636888662011e-05  +0.000000000000000e+00
+10   +1.221483072928350e-05  +0.000000000000000e+00
+11   -3.272954029237273e-06  +0.000000000000000e+00
+12   +8.769853895906255e-07  +0.000000000000000e+00
+13   -2.349875264054550e-07  +0.000000000000000e+00
+14   +6.296471835864461e-08  +0.000000000000000e+00
+15   -1.687134497163248e-08  +0.000000000000000e+00
+16   +4.520663469949877e-09  +0.000000000000000e+00
+17   -1.211307775348598e-09  +0.000000000000000e+00
+18   +3.245693704091047e-10  +0.000000000000000e+00
+19   -8.696781783661355e-11  +0.000000000000000e+00
+20   +2.330324568617143e-11  +0.000000000000000e+00
+21   -6.243837820116535e-12  +0.000000000000000e+00
+22   +1.673175338198116e-12  +0.000000000000000e+00
+23   -4.483690284186955e-13  +0.000000000000000e+00
+24   +1.202957295148576e-13  +0.000000000000000e+00
+25   -3.244553442871369e-14  +0.000000000000000e+00
+26   +8.497399685529372e-15  +0.000000000000000e+00
+27   -2.522980904254564e-15  +0.000000000000000e+00
+28   +4.642284863828397e-16  +0.000000000000000e+00
+29   -4.137688682977484e-16  +0.000000000000000e+00
+30   -2.321142431914198e-16  +0.000000000000000e+00

