+0 +6.402696682543129e+00
+1 -3.431194810937722e+00
+2 +9.193858786646212e-01
+3 -2.463487037207624e-01
+4 +6.600893621843244e-02
+5 -1.768704115296692e-02
+6 +4.739228393432353e-03
+7 -1.269872420768180e-03
+8 +3.402612896347975e-04
+9 -9.117273777324022e-05
+10 +2.442966145856700e-05
+11 -6.545908058474546e-06
+12 +1.753970779181251e-06
+13 -4.699750528109101e-07
+14 +1.259294367172892e-07
+15 -3.374268994326497e-08
+16 +9.041326939899755e-09
+17 -2.422615550697197e-09
+18 +6.491387408182094e-10
+19 -1.739356356732271e-10
+20 +4.660649137234286e-11
+21 -1.248767564023307e-11
+22 +3.346350676396232e-12
+23 -8.967380568373911e-13
+24 +2.405914590297152e-13
+25 -6.489106885742738e-14
+26 +1.699479937105874e-14
+27 -5.045961808509127e-15
+28 +9.284569727656793e-16
+29 -8.275377365954969e-16
+30 -4.642284863828397e-16
