+0 +1.154700538379251e+00
+1 -6.188021535170064e-01
+2 +1.658075373095214e-01
+3 -4.442799572107933e-02
+4 +1.190444557479663e-02
+5 -3.189786578107092e-03
+6 +8.547007376312190e-04
+7 -2.290163724188107e-04
+8 +6.136475204301893e-05
+9 -1.644263575366732e-05
+10 +4.405790971723131e-06
+11 -1.180528132764740e-06
+12 +3.163215600301744e-07
+13 -8.475810637495701e-08
+14 +2.271086630914602e-08
+15 -6.085358119506663e-09
+16 +1.630566869367663e-09
+17 -4.369089493655170e-10
+18 +1.170695553249124e-10
+19 -3.136859078500627e-11
+20 +8.405292855171843e-12
+21 -2.252101965754092e-12
+22 +6.035008558465275e-13
+23 -1.617230939329796e-13
+24 +4.338969984764546e-14
+25 -1.170284270219632e-14
+26 +3.064943563063547e-15
+27 -9.100188726435709e-16
+28 +1.674434725664170e-16
+29 -1.492430951135456e-16
+30 -8.372173628320852e-17
