-30   +0.000000000000000e+00  +1.097097250916565e-19
-29   +0.000000000000000e+00  +5.705496926991629e-19
-28   -0.000000000000000e+00  -1.216422219416170e-19
-27   -0.000000000000000e+00  -3.712366532960704e-20
-26   -0.000000000000000e+00  -2.475253581935133e-19
-25   +0.000000000000000e+00  +4.008056387437489e-19
-24   -0.000000000000000e+00  -1.769220566785170e-19
-23   +0.000000000000000e+00  +4.813235039744254e-20
-22   -0.000000000000000e+00  -6.351597814580298e-19
-21   +0.000000000000000e+00  +1.458184099010438e-19
-20   +0.000000000000000e+00  +3.702039159073469e-19
-19   +0.000000000000000e+00  +1.990969253190108e-19
-18   +0.000000000000000e+00  +4.810261864869527e-20
-17   +0.000000000000000e+00  +2.390523877920529e-19
-16   -0.000000000000000e+00  -3.873704440945189e-19
-15   -0.000000000000000e+00  -1.905673387181511e-19
-14   +0.000000000000000e+00  +4.280880231689621e-19
-13   +0.000000000000000e+00  +2.013946326653391e-19
-12   +0.000000000000000e+00  +3.716366485099040e-19
-11   -0.000000000000000e+00  -7.978586937003043e-20
-10   +0.000000000000000e+00  +3.539506537310714e-19
 -9   -0.000000000000000e+00  -4.489088032770862e-19
 -8   +0.000000000000000e+00  +7.096266941126328e-17
 -7   -0.000000000000000e+00  -7.237044905537101e-17
 -6   +0.000000000000000e+00  +1.723332507325744e-14
 -5   -0.000000000000000e+00  -1.755066024777947e-14
 -4   +0.000000000000000e+00  +5.616562611868826e-12
 -3   -0.000000000000000e+00  -6.139649249573506e-12
 -2   +0.000000000000000e+00  +3.787831884314209e-09
 -1   -0.000000000000000e+00  -2.031306111367627e-11
 +0   +0.000000000000000e+00  +0.000000000000000e+00
 +1   +0.000000000000000e+00  +2.031306111367627e-11
 +2   -0.000000000000000e+00  -3.787831884314209e-09
 +3   +0.000000000000000e+00  +6.139649249573506e-12
 +4   -0.000000000000000e+00  -5.616562611868826e-12
 +5   +0.000000000000000e+00  +1.755066024777947e-14
 +6   -0.000000000000000e+00  -1.723332507325744e-14
 +7   +0.000000000000000e+00  +7.237044905537101e-17
 +8   -0.000000000000000e+00  -7.096266941126328e-17
 +9   +0.000000000000000e+00  +4.489088032770862e-19
+10   -0.000000000000000e+00  -3.539506537310714e-19
+11   +0.000000000000000e+00  +7.978586937003043e-20
+12   -0.000000000000000e+00  -3.716366485099040e-19
+13   -0.000000000000000e+00  -2.013946326653391e-19
+14   -0.000000000000000e+00  -4.280880231689621e-19
+15   +0.000000000000000e+00  +1.905673387181511e-19
+16   +0.000000000000000e+00  +3.873704440945189e-19
+17   -0.000000000000000e+00  -2.390523877920529e-19
+18   -0.000000000000000e+00  -4.810261864869527e-20
+19   -0.000000000000000e+00  -1.990969253190108e-19
+20   -0.000000000000000e+00  -3.702039159073469e-19
+21   -0.000000000000000e+00  -1.458184099010438e-19
+22   +0.000000000000000e+00  +6.351597814580298e-19
+23   -0.000000000000000e+00  -4.813235039744254e-20
+24   +0.000000000000000e+00  +1.769220566785170e-19
+25   -0.000000000000000e+00  -4.008056387437489e-19
+26   +0.000000000000000e+00  +2.475253581935133e-19
+27   +0.000000000000000e+00  +3.712366532960704e-20
+28   +0.000000000000000e+00  +1.216422219416170e-19
+29   -0.000000000000000e+00  -5.705496926991629e-19
+30   -0.000000000000000e+00  -1.097097250916565e-19

