-30   +0.000000000000000e+00  +4.606251938110110e-21
-29   +0.000000000000000e+00  +6.655048710954216e-21
-28   -0.000000000000000e+00  -3.378976938902020e-21
-27   +0.000000000000000e+00  +5.803772153467047e-21
-26   +0.000000000000000e+00  +8.074293808517842e-21
-25   +0.000000000000000e+00  +2.799445117303440e-21
-24   -0.000000000000000e+00  -3.997009819190251e-21
-23   +0.000000000000000e+00  +4.125978415111554e-21
-22   +0.000000000000000e+00  +5.221782905640619e-21
-21   -0.000000000000000e+00  -3.951262659057038e-21
-20   -0.000000000000000e+00  -3.833006439754321e-21
-19   +0.000000000000000e+00  +3.182631423777678e-21
-18   -0.000000000000000e+00  -4.045586023057335e-22
-17   +0.000000000000000e+00  +3.689606408204439e-20
-16   +0.000000000000000e+00  +9.689136357041372e-21
-15   -0.000000000000000e+00  -8.284089057263800e-20
-14   +0.000000000000000e+00  +1.779877051648103e-20
-13   -0.000000000000000e+00  -9.328195435264668e-18
-12   +0.000000000000000e+00  +2.072676080175219e-18
-11   -0.000000000000000e+00  -1.405227119438276e-15
-10   +0.000000000000000e+00  +2.281497687153042e-16
 -9   -0.000000000000000e+00  -2.225155855209213e-13
 -8   +0.000000000000000e+00  +2.273450739156986e-14
 -7   -0.000000000000000e+00  -3.811749928998366e-11
 -6   +0.000000000000000e+00  +1.548219005530796e-12
 -5   -0.000000000000000e+00  -7.460021345066286e-09
 -4   -0.000000000000000e+00  -1.815053079084567e-10
 -3   -0.000000000000000e+00  -1.923747189272392e-06
 -2   -0.000000000000000e+00  -1.948585002462874e-07
 -1   -0.000000000000000e+00  -1.280231403164095e-03
 +0   +0.000000000000000e+00  +0.000000000000000e+00
 +1   +0.000000000000000e+00  +1.280231403164095e-03
 +2   +0.000000000000000e+00  +1.948585002462874e-07
 +3   +0.000000000000000e+00  +1.923747189272392e-06
 +4   +0.000000000000000e+00  +1.815053079084567e-10
 +5   +0.000000000000000e+00  +7.460021345066286e-09
 +6   -0.000000000000000e+00  -1.548219005530796e-12
 +7   +0.000000000000000e+00  +3.811749928998366e-11
 +8   -0.000000000000000e+00  -2.273450739156986e-14
 +9   +0.000000000000000e+00  +2.225155855209213e-13
+10   -0.000000000000000e+00  -2.281497687153042e-16
+11   +0.000000000000000e+00  +1.405227119438276e-15
+12   -0.000000000000000e+00  -2.072676080175219e-18
+13   +0.000000000000000e+00  +9.328195435264668e-18
+14   -0.000000000000000e+00  -1.779877051648103e-20
+15   +0.000000000000000e+00  +8.284089057263800e-20
+16   -0.000000000000000e+00  -9.689136357041372e-21
+17   -0.000000000000000e+00  -3.689606408204439e-20
+18   +0.000000000000000e+00  +4.045586023057335e-22
+19   -0.000000000000000e+00  -3.182631423777678e-21
+20   +0.000000000000000e+00  +3.833006439754321e-21
+21   +0.000000000000000e+00  +3.951262659057038e-21
+22   -0.000000000000000e+00  -5.221782905640619e-21
+23   -0.000000000000000e+00  -4.125978415111554e-21
+24   +0.000000000000000e+00  +3.997009819190251e-21
+25   -0.000000000000000e+00  -2.799445117303440e-21
+26   -0.000000000000000e+00  -8.074293808517842e-21
+27   -0.000000000000000e+00  -5.803772153467047e-21
+28   +0.000000000000000e+00  +3.378976938902020e-21
+29   -0.000000000000000e+00  -6.655048710954216e-21
+30   -0.000000000000000e+00  -4.606251938110110e-21

