+0 +9.999999624371274e-01
+1 +6.569403090946826e-12
+2 -6.125080906632854e-10
+3 +6.618734456254531e-13
+4 -4.541350193581506e-13
+5 +1.135701830749466e-15
+6 -9.196942507695829e-16
+7 +8.697449450676411e-18
+8 +1.238308844004087e-17
+9 +2.343973978682759e-18
+10 -2.640493814049935e-17
+11 +6.963863210066308e-18
+12 +4.020619131599886e-18
+13 -3.718622002316148e-18
+14 +7.424693653567962e-18
+15 -8.042362683529470e-18
+16 -1.485086937696858e-17
+17 +1.024391465532693e-18
+18 +7.933698665847564e-19
+19 +1.389091394383149e-18
+20 +1.586266908012514e-18
+21 -4.381732245916014e-18
+22 -4.797368191899851e-18
+23 -2.574017701111482e-18
+24 +5.844296133411338e-18
+25 -9.470054887513226e-18
+26 -2.556505141233404e-18
+27 +9.653948831485165e-19
+28 -7.795574225141792e-18
+29 -3.603147778827601e-18
+30 -5.053741481211232e-18
