-30   +0.000000000000000e+00  +2.192922235528258e-19
-29   +0.000000000000000e+00  +1.627190552891863e-19
-28   +0.000000000000000e+00  +2.987815895384425e-19
-27   +0.000000000000000e+00  +1.411058016983107e-19
-26   -0.000000000000000e+00  -2.533517242841127e-19
-25   -0.000000000000000e+00  -4.283076028880914e-19
-24   +0.000000000000000e+00  +1.162781587352963e-19
-23   +0.000000000000000e+00  +2.030722746182586e-19
-22   -0.000000000000000e+00  -3.536184153966272e-19
-21   -0.000000000000000e+00  -1.056411913303335e-20
-20   +0.000000000000000e+00  +2.202095897971587e-19
-19   -0.000000000000000e+00  -1.157853431502176e-19
-18   +0.000000000000000e+00  +7.603806665968972e-20
-17   -0.000000000000000e+00  -3.723911846579816e-19
-16   -0.000000000000000e+00  -3.876910839308662e-19
-15   -0.000000000000000e+00  -3.071108898911520e-19
-14   -0.000000000000000e+00  -6.605473236836146e-20
-13   -0.000000000000000e+00  -3.877071879610458e-19
-12   +0.000000000000000e+00  +3.133763416742975e-19
-11   +0.000000000000000e+00  +1.215142810099039e-19
-10   +0.000000000000000e+00  +2.806890215972361e-17
 -9   -0.000000000000000e+00  -2.950719664309297e-17
 -8   +0.000000000000000e+00  +4.650633571311027e-15
 -7   -0.000000000000000e+00  -4.585391916928331e-15
 -6   +0.000000000000000e+00  +8.386037699146544e-13
 -5   -0.000000000000000e+00  -8.016348892963998e-13
 -4   +0.000000000000000e+00  +1.806671476852041e-10
 -3   -0.000000000000000e+00  -1.670049228306715e-10
 -2   +0.000000000000000e+00  +5.943513139892665e-08
 -1   -0.000000000000000e+00  -8.780935963310448e-11
 +0   +0.000000000000000e+00  +0.000000000000000e+00
 +1   +0.000000000000000e+00  +8.780935963310448e-11
 +2   -0.000000000000000e+00  -5.943513139892665e-08
 +3   +0.000000000000000e+00  +1.670049228306715e-10
 +4   -0.000000000000000e+00  -1.806671476852041e-10
 +5   +0.000000000000000e+00  +8.016348892963998e-13
 +6   -0.000000000000000e+00  -8.386037699146544e-13
 +7   +0.000000000000000e+00  +4.585391916928331e-15
 +8   -0.000000000000000e+00  -4.650633571311027e-15
 +9   +0.000000000000000e+00  +2.950719664309297e-17
+10   -0.000000000000000e+00  -2.806890215972361e-17
+11   -0.000000000000000e+00  -1.215142810099039e-19
+12   -0.000000000000000e+00  -3.133763416742975e-19
+13   +0.000000000000000e+00  +3.877071879610458e-19
+14   +0.000000000000000e+00  +6.605473236836146e-20
+15   +0.000000000000000e+00  +3.071108898911520e-19
+16   +0.000000000000000e+00  +3.876910839308662e-19
+17   +0.000000000000000e+00  +3.723911846579816e-19
+18   -0.000000000000000e+00  -7.603806665968972e-20
+19   +0.000000000000000e+00  +1.157853431502176e-19
+20   -0.000000000000000e+00  -2.202095897971587e-19
+21   +0.000000000000000e+00  +1.056411913303335e-20
+22   +0.000000000000000e+00  +3.536184153966272e-19
+23   -0.000000000000000e+00  -2.030722746182586e-19
+24   -0.000000000000000e+00  -1.162781587352963e-19
+25   +0.000000000000000e+00  +4.283076028880914e-19
+26   +0.000000000000000e+00  +2.533517242841127e-19
+27   -0.000000000000000e+00  -1.411058016983107e-19
+28   -0.000000000000000e+00  -2.987815895384425e-19
+29   -0.000000000000000e+00  -1.627190552891863e-19
+30   -0.000000000000000e+00  -2.192922235528258e-19

