-30   -1.877732113197117e-18  +0.000000000000000e+00
-29   -6.047587105068181e-21  +0.000000000000000e+00
-28   +6.500581217702501e-19  +0.000000000000000e+00
-27   +4.309951482440533e-19  +0.000000000000000e+00
-26   -8.427115165315237e-19  +0.000000000000000e+00
-25   +5.019762725955513e-19  +0.000000000000000e+00
-24   -2.405851368957264e-18  +0.000000000000000e+00
-23   +9.205643951773388e-20  +0.000000000000000e+00
-22   -2.528844790217244e-18  +0.000000000000000e+00
-21   +8.636921815477626e-19  +0.000000000000000e+00
-20   -9.140723067014732e-19  +0.000000000000000e+00
-19   -1.165302565801581e-18  +0.000000000000000e+00
-18   +4.639654157289135e-19  +0.000000000000000e+00
-17   +3.616591186331732e-19  +0.000000000000000e+00
-16   +9.824035532309627e-19  +0.000000000000000e+00
-15   -1.074199304828885e-18  +0.000000000000000e+00
-14   -3.385887580049403e-19  +0.000000000000000e+00
-13   -8.660836545560148e-19  +0.000000000000000e+00
-12   +2.435601429711334e-18  +0.000000000000000e+00
-11   +1.802379032527740e-17  +0.000000000000000e+00
-10   -1.735706462167527e-18  +0.000000000000000e+00
 -9   +2.740081157587036e-15  +0.000000000000000e+00
 -8   -2.768815386699484e-16  +0.000000000000000e+00
 -7   +4.692306032824454e-13  +0.000000000000000e+00
 -6   -1.883380792424921e-14  +0.000000000000000e+00
 -5   +9.183491060365122e-11  +0.000000000000000e+00
 -4   +2.376424898903313e-12  +0.000000000000000e+00
 -3   +2.366698719191580e-08  +0.000000000000000e+00
 -2   +2.626786721932240e-09  +0.000000000000000e+00
 -1   +1.547536629060616e-05  +0.000000000000000e+00
 +0   -9.999969735887235e-01  +0.000000000000000e+00
 +1   +1.547536629060616e-05  +0.000000000000000e+00
 +2   +2.626786721932240e-09  +0.000000000000000e+00
 +3   +2.366698719191580e-08  +0.000000000000000e+00
 +4   +2.376424898903313e-12  +0.000000000000000e+00
 +5   +9.183491060365122e-11  +0.000000000000000e+00
 +6   -1.883380792424921e-14  +0.000000000000000e+00
 +7   +4.692306032824454e-13  +0.000000000000000e+00
 +8   -2.768815386699484e-16  +0.000000000000000e+00
 +9   +2.740081157587036e-15  +0.000000000000000e+00
+10   -1.735706462167527e-18  +0.000000000000000e+00
+11   +1.802379032527740e-17  +0.000000000000000e+00
+12   +2.435601429711334e-18  +0.000000000000000e+00
+13   -8.660836545560148e-19  +0.000000000000000e+00
+14   -3.385887580049403e-19  +0.000000000000000e+00
+15   -1.074199304828885e-18  +0.000000000000000e+00
+16   +9.824035532309627e-19  +0.000000000000000e+00
+17   +3.616591186331732e-19  +0.000000000000000e+00
+18   +4.639654157289135e-19  +0.000000000000000e+00
+19   -1.165302565801581e-18  +0.000000000000000e+00
+20   -9.140723067014732e-19  +0.000000000000000e+00
+21   +8.636921815477626e-19  +0.000000000000000e+00
+22   -2.528844790217244e-18  +0.000000000000000e+00
+23   +9.205643951773388e-20  +0.000000000000000e+00
+24   -2.405851368957264e-18  +0.000000000000000e+00
+25   +5.019762725955513e-19  +0.000000000000000e+00
+26   -8.427115165315237e-19  +0.000000000000000e+00
+27   +4.309951482440533e-19  +0.000000000000000e+00
+28   +6.500581217702501e-19  +0.000000000000000e+00
+29   -6.047587105068181e-21  +0.000000000000000e+00
+30   -1.877732113197117e-18  +0.000000000000000e+00

