-30   -1.484267814570739e-22  +0.000000000000000e+00
-29   -9.484907464942593e-19  +0.000000000000000e+00
-28   -3.798570363767787e-18  +0.000000000000000e+00
-27   +3.222381873792938e-19  +0.000000000000000e+00
-26   +4.880266473298918e-19  +0.000000000000000e+00
-25   -2.401698852608735e-18  +0.000000000000000e+00
-24   -1.586133342840902e-20  +0.000000000000000e+00
-23   -6.897958654434515e-19  +0.000000000000000e+00
-22   -3.144244028973574e-18  +0.000000000000000e+00
-21   -1.014375542548029e-18  +0.000000000000000e+00
-20   +4.186048331017837e-18  +0.000000000000000e+00
-19   +3.115047728301326e-19  +0.000000000000000e+00
-18   +1.799939223766188e-18  +0.000000000000000e+00
-17   +2.112433713778832e-19  +0.000000000000000e+00
-16   -1.979738383093845e-17  +0.000000000000000e+00
-15   -1.929407006435983e-18  +0.000000000000000e+00
-14   +3.991967629154702e-18  +0.000000000000000e+00
-13   -9.669885670760855e-19  +0.000000000000000e+00
-12   -7.846614756638095e-20  +0.000000000000000e+00
-11   +1.697571937324318e-18  +0.000000000000000e+00
-10   -1.108856733358982e-17  +0.000000000000000e+00
 -9   +6.672613067563825e-19  +0.000000000000000e+00
 -8   +1.336990740135516e-17  +0.000000000000000e+00
 -7   +2.135483251188075e-18  +0.000000000000000e+00
 -6   -2.318948715756816e-16  +0.000000000000000e+00
 -5   +2.838835472204752e-16  +0.000000000000000e+00
 -4   -1.135415927046853e-13  +0.000000000000000e+00
 -3   +1.654684427162644e-13  +0.000000000000000e+00
 -2   -1.531270072052041e-10  +0.000000000000000e+00
 -1   +1.642350732331474e-12  +0.000000000000000e+00
 +0   +9.999999812185636e-01  +0.000000000000000e+00
 +1   +1.642350732331474e-12  +0.000000000000000e+00
 +2   -1.531270072052041e-10  +0.000000000000000e+00
 +3   +1.654684427162644e-13  +0.000000000000000e+00
 +4   -1.135415927046853e-13  +0.000000000000000e+00
 +5   +2.838835472204752e-16  +0.000000000000000e+00
 +6   -2.318948715756816e-16  +0.000000000000000e+00
 +7   +2.135483251188075e-18  +0.000000000000000e+00
 +8   +1.336990740135516e-17  +0.000000000000000e+00
 +9   +6.672613067563825e-19  +0.000000000000000e+00
+10   -1.108856733358982e-17  +0.000000000000000e+00
+11   +1.697571937324318e-18  +0.000000000000000e+00
+12   -7.846614756638095e-20  +0.000000000000000e+00
+13   -9.669885670760855e-19  +0.000000000000000e+00
+14   +3.991967629154702e-18  +0.000000000000000e+00
+15   -1.929407006435983e-18  +0.000000000000000e+00
+16   -1.979738383093845e-17  +0.000000000000000e+00
+17   +2.112433713778832e-19  +0.000000000000000e+00
+18   +1.799939223766188e-18  +0.000000000000000e+00
+19   +3.115047728301326e-19  +0.000000000000000e+00
+20   +4.186048331017837e-18  +0.000000000000000e+00
+21   -1.014375542548029e-18  +0.000000000000000e+00
+22   -3.144244028973574e-18  +0.000000000000000e+00
+23   -6.897958654434515e-19  +0.000000000000000e+00
+24   -1.586133342840902e-20  +0.000000000000000e+00
+25   -2.401698852608735e-18  +0.000000000000000e+00
+26   +4.880266473298918e-19  +0.000000000000000e+00
+27   +3.222381873792938e-19  +0.000000000000000e+00
+28   -3.798570363767787e-18  +0.000000000000000e+00
+29   -9.484907464942593e-19  +0.000000000000000e+00
+30   -1.484267814570739e-22  +0.000000000000000e+00

