-30   -0.000000000000000e+00  -3.930381938987150e-23
-29   -0.000000000000000e+00  -1.264929746006578e-22
-28   +0.000000000000000e+00  +1.260358745669904e-23
-27   -0.000000000000000e+00  -6.870900305971989e-23
-26   -0.000000000000000e+00  -8.071070706864169e-23
-25   -0.000000000000000e+00  -9.413831257926016e-23
-24   +0.000000000000000e+00  +1.945595492035831e-23
-23   +0.000000000000000e+00  +8.046745912239281e-23
-22   -0.000000000000000e+00  -2.146586702728845e-23
-21   -0.000000000000000e+00  -1.120611366333023e-23
-20   +0.000000000000000e+00  +1.550193435676118e-23
-19   -0.000000000000000e+00  -7.470680631374783e-23
-18   +0.000000000000000e+00  +2.219707888938930e-23
-17   -0.000000000000000e+00  -4.668206446508644e-22
-16   -0.000000000000000e+00  -9.400436073281829e-23
-15   +0.000000000000000e+00  +9.903618826922006e-22
-14   -0.000000000000000e+00  -2.371771407426603e-22
-13   +0.000000000000000e+00  +1.147564957379015e-19
-12   -0.000000000000000e+00  -2.550099449953389e-20
-11   +0.000000000000000e+00  +1.728431390881073e-17
-10   -0.000000000000000e+00  -2.806249023537381e-18
 -9   +0.000000000000000e+00  +2.736949284826923e-15
 -8   -0.000000000000000e+00  -2.796352324725625e-16
 -7   +0.000000000000000e+00  +4.688465446168820e-13
 -6   -0.000000000000000e+00  -1.904314668139109e-14
 -5   +0.000000000000000e+00  +9.175851762389849e-11
 -4   +0.000000000000000e+00  +2.232521493458366e-12
 -3   +0.000000000000000e+00  +2.366215620647830e-08
 -2   +0.000000000000000e+00  +2.396766215799753e-09
 -1   +0.000000000000000e+00  +1.574689003369794e-05
 +0   +0.000000000000000e+00  +0.000000000000000e+00
 +1   -0.000000000000000e+00  -1.574689003369794e-05
 +2   -0.000000000000000e+00  -2.396766215799753e-09
 +3   -0.000000000000000e+00  -2.366215620647830e-08
 +4   -0.000000000000000e+00  -2.232521493458366e-12
 +5   -0.000000000000000e+00  -9.175851762389849e-11
 +6   +0.000000000000000e+00  +1.904314668139109e-14
 +7   -0.000000000000000e+00  -4.688465446168820e-13
 +8   +0.000000000000000e+00  +2.796352324725625e-16
 +9   -0.000000000000000e+00  -2.736949284826923e-15
+10   +0.000000000000000e+00  +2.806249023537381e-18
+11   -0.000000000000000e+00  -1.728431390881073e-17
+12   +0.000000000000000e+00  +2.550099449953389e-20
+13   -0.000000000000000e+00  -1.147564957379015e-19
+14   +0.000000000000000e+00  +2.371771407426603e-22
+15   -0.000000000000000e+00  -9.903618826922006e-22
+16   +0.000000000000000e+00  +9.400436073281829e-23
+17   +0.000000000000000e+00  +4.668206446508644e-22
+18   -0.000000000000000e+00  -2.219707888938930e-23
+19   +0.000000000000000e+00  +7.470680631374783e-23
+20   -0.000000000000000e+00  -1.550193435676118e-23
+21   +0.000000000000000e+00  +1.120611366333023e-23
+22   +0.000000000000000e+00  +2.146586702728845e-23
+23   -0.000000000000000e+00  -8.046745912239281e-23
+24   -0.000000000000000e+00  -1.945595492035831e-23
+25   +0.000000000000000e+00  +9.413831257926016e-23
+26   +0.000000000000000e+00  +8.071070706864169e-23
+27   +0.000000000000000e+00  +6.870900305971989e-23
+28   -0.000000000000000e+00  -1.260358745669904e-23
+29   +0.000000000000000e+00  +1.264929746006578e-22
+30   +0.000000000000000e+00  +3.930381938987150e-23

