-30   -1.150078482002762e-17  +0.000000000000000e+00
-29   +6.168421030212990e-19  +0.000000000000000e+00
-28   -4.630923236092430e-18  +0.000000000000000e+00
-27   -2.182297376871549e-18  +0.000000000000000e+00
-26   -1.415516226912059e-17  +0.000000000000000e+00
-25   +1.122596637239001e-18  +0.000000000000000e+00
-24   +3.748789470379110e-18  +0.000000000000000e+00
-23   +2.904186659572258e-18  +0.000000000000000e+00
-22   +3.180878380172982e-17  +0.000000000000000e+00
-21   +3.397277054204934e-18  +0.000000000000000e+00
-20   -1.132513057528109e-17  +0.000000000000000e+00
-19   +1.287354235789283e-18  +0.000000000000000e+00
-18   -2.018468806319543e-17  +0.000000000000000e+00
-17   +2.207656952682988e-18  +0.000000000000000e+00
-16   +5.797334962696445e-18  +0.000000000000000e+00
-15   -1.981239428760431e-19  +0.000000000000000e+00
-14   -1.693812396854381e-17  +0.000000000000000e+00
-13   +1.093347648205346e-18  +0.000000000000000e+00
-12   -1.134696674828757e-17  +0.000000000000000e+00
-11   +8.979621651601730e-18  +0.000000000000000e+00
-10   -3.598930888521202e-17  +0.000000000000000e+00
 -9   +4.389460040609106e-17  +0.000000000000000e+00
 -8   -7.001321951039482e-15  +0.000000000000000e+00
 -7   +6.103608268016095e-15  +0.000000000000000e+00
 -6   -1.255785436368552e-12  +0.000000000000000e+00
 -5   +1.058846150079018e-12  +0.000000000000000e+00
 -4   -2.703387162508400e-10  +0.000000000000000e+00
 -3   +2.184783967057841e-10  +0.000000000000000e+00
 -2   -8.858640805792706e-08  +0.000000000000000e+00
 -1   +2.337542780365299e-10  +0.000000000000000e+00
 +0   -1.000003077991946e+00  +0.000000000000000e+00
 +1   +2.337542780365299e-10  +0.000000000000000e+00
 +2   -8.858640805792706e-08  +0.000000000000000e+00
 +3   +2.184783967057841e-10  +0.000000000000000e+00
 +4   -2.703387162508400e-10  +0.000000000000000e+00
 +5   +1.058846150079018e-12  +0.000000000000000e+00
 +6   -1.255785436368552e-12  +0.000000000000000e+00
 +7   +6.103608268016095e-15  +0.000000000000000e+00
 +8   -7.001321951039482e-15  +0.000000000000000e+00
 +9   +4.389460040609106e-17  +0.000000000000000e+00
+10   -3.598930888521202e-17  +0.000000000000000e+00
+11   +8.979621651601730e-18  +0.000000000000000e+00
+12   -1.134696674828757e-17  +0.000000000000000e+00
+13   +1.093347648205346e-18  +0.000000000000000e+00
+14   -1.693812396854381e-17  +0.000000000000000e+00
+15   -1.981239428760431e-19  +0.000000000000000e+00
+16   +5.797334962696445e-18  +0.000000000000000e+00
+17   +2.207656952682988e-18  +0.000000000000000e+00
+18   -2.018468806319543e-17  +0.000000000000000e+00
+19   +1.287354235789283e-18  +0.000000000000000e+00
+20   -1.132513057528109e-17  +0.000000000000000e+00
+21   +3.397277054204934e-18  +0.000000000000000e+00
+22   +3.180878380172982e-17  +0.000000000000000e+00
+23   +2.904186659572258e-18  +0.000000000000000e+00
+24   +3.748789470379110e-18  +0.000000000000000e+00
+25   +1.122596637239001e-18  +0.000000000000000e+00
+26   -1.415516226912059e-17  +0.000000000000000e+00
+27   -2.182297376871549e-18  +0.000000000000000e+00
+28   -4.630923236092430e-18  +0.000000000000000e+00
+29   +6.168421030212990e-19  +0.000000000000000e+00
+30   -1.150078482002762e-17  +0.000000000000000e+00

