-30   +3.410703708808183e-18  +0.000000000000000e+00
-29   +1.855125335774958e-18  +0.000000000000000e+00
-28   +2.517492885787110e-18  +0.000000000000000e+00
-27   -1.948331077950974e-19  +0.000000000000000e+00
-26   +5.730148857956919e-18  +0.000000000000000e+00
-25   -2.305737804924645e-18  +0.000000000000000e+00
-24   +3.770500112904259e-17  +0.000000000000000e+00
-23   +1.687839576704235e-18  +0.000000000000000e+00
-22   +2.025611457022653e-18  +0.000000000000000e+00
-21   -5.172319499962067e-18  +0.000000000000000e+00
-20   -1.585997609127088e-18  +0.000000000000000e+00
-19   +4.203370696206649e-18  +0.000000000000000e+00
-18   -3.144711494588992e-18  +0.000000000000000e+00
-17   -5.104734160186422e-19  +0.000000000000000e+00
-16   -1.282119004112306e-17  +0.000000000000000e+00
-15   +1.089286442240007e-18  +0.000000000000000e+00
-14   +2.491241114103850e-18  +0.000000000000000e+00
-13   +3.225102190323964e-18  +0.000000000000000e+00
-12   +2.998750737187634e-18  +0.000000000000000e+00
-11   -1.743861859817983e-17  +0.000000000000000e+00
-10   +6.423460367726093e-18  +0.000000000000000e+00
 -9   -2.738179235230836e-15  +0.000000000000000e+00
 -8   +2.848911536999042e-16  +0.000000000000000e+00
 -7   -4.692320769036598e-13  +0.000000000000000e+00
 -6   +1.883037934866102e-14  +0.000000000000000e+00
 -5   -9.183507455152224e-11  +0.000000000000000e+00
 -4   -2.376434831099696e-12  +0.000000000000000e+00
 -3   -2.366702916195987e-08  +0.000000000000000e+00
 -2   -2.626791380919672e-09  +0.000000000000000e+00
 -1   -1.547539373614287e-05  +0.000000000000000e+00
 +0   +2.000001787510612e+00  +0.000000000000000e+00
 +1   -1.547539373614287e-05  +0.000000000000000e+00
 +2   -2.626791380919672e-09  +0.000000000000000e+00
 +3   -2.366702916195987e-08  +0.000000000000000e+00
 +4   -2.376434831099696e-12  +0.000000000000000e+00
 +5   -9.183507455152224e-11  +0.000000000000000e+00
 +6   +1.883037934866102e-14  +0.000000000000000e+00
 +7   -4.692320769036598e-13  +0.000000000000000e+00
 +8   +2.848911536999042e-16  +0.000000000000000e+00
 +9   -2.738179235230836e-15  +0.000000000000000e+00
+10   +6.423460367726093e-18  +0.000000000000000e+00
+11   -1.743861859817983e-17  +0.000000000000000e+00
+12   +2.998750737187634e-18  +0.000000000000000e+00
+13   +3.225102190323964e-18  +0.000000000000000e+00
+14   +2.491241114103850e-18  +0.000000000000000e+00
+15   +1.089286442240007e-18  +0.000000000000000e+00
+16   -1.282119004112306e-17  +0.000000000000000e+00
+17   -5.104734160186422e-19  +0.000000000000000e+00
+18   -3.144711494588992e-18  +0.000000000000000e+00
+19   +4.203370696206649e-18  +0.000000000000000e+00
+20   -1.585997609127088e-18  +0.000000000000000e+00
+21   -5.172319499962067e-18  +0.000000000000000e+00
+22   +2.025611457022653e-18  +0.000000000000000e+00
+23   +1.687839576704235e-18  +0.000000000000000e+00
+24   +3.770500112904259e-17  +0.000000000000000e+00
+25   -2.305737804924645e-18  +0.000000000000000e+00
+26   +5.730148857956919e-18  +0.000000000000000e+00
+27   -1.948331077950974e-19  +0.000000000000000e+00
+28   +2.517492885787110e-18  +0.000000000000000e+00
+29   +1.855125335774958e-18  +0.000000000000000e+00
+30   +3.410703708808183e-18  +0.000000000000000e+00

