+0 +2.000001787510612e+00
+1 -3.095078747228573e-05
+2 -5.253582761839343e-09
+3 -4.733405832391974e-08
+4 -4.752869662199392e-12
+5 -1.836701491030445e-10
+6 +3.766075869732203e-14
+7 -9.384641538073197e-13
+8 +5.697823073998084e-16
+9 -5.476358470461673e-15
+10 +1.284692073545219e-17
+11 -3.487723719635965e-17
+12 +5.997501474375267e-18
+13 +6.450204380647927e-18
+14 +4.982482228207700e-18
+15 +2.178572884480013e-18
+16 -2.564238008224612e-17
+17 -1.020946832037284e-18
+18 -6.289422989177985e-18
+19 +8.406741392413298e-18
+20 -3.171995218254177e-18
+21 -1.034463899992413e-17
+22 +4.051222914045305e-18
+23 +3.375679153408469e-18
+24 +7.541000225808518e-17
+25 -4.611475609849291e-18
+26 +1.146029771591384e-17
+27 -3.896662155901948e-19
+28 +5.034985771574220e-18
+29 +3.710250671549915e-18
+30 +6.821407417616367e-18
