-30   +0.000000000000000e+00  +4.978617511775667e-23
-29   +0.000000000000000e+00  +1.261133066178081e-22
-28   -0.000000000000000e+00  -2.650327731067005e-24
-27   +0.000000000000000e+00  +2.395773388610209e-23
-26   +0.000000000000000e+00  +8.223682370003461e-23
-25   +0.000000000000000e+00  +1.903036344847020e-23
-24   -0.000000000000000e+00  -1.400231726431840e-23
-23   +0.000000000000000e+00  +1.456016330134246e-23
-22   +0.000000000000000e+00  +5.745920363487175e-25
-21   -0.000000000000000e+00  -1.167222517547085e-23
-20   -0.000000000000000e+00  -2.591024181542012e-23
-19   +0.000000000000000e+00  +1.474656506365871e-22
-18   -0.000000000000000e+00  -2.764885164863915e-24
-17   +0.000000000000000e+00  +3.835317467575280e-22
-16   +0.000000000000000e+00  +7.878203736585751e-23
-15   -0.000000000000000e+00  -9.852547151222952e-22
-14   +0.000000000000000e+00  +2.642819569436040e-22
-13   -0.000000000000000e+00  -1.147201521931670e-19
-12   +0.000000000000000e+00  +2.550165918095649e-20
-11   -0.000000000000000e+00  -1.728441648542833e-17
-10   +0.000000000000000e+00  +2.806261944293778e-18
 -9   -0.000000000000000e+00  -2.736954113850528e-15
 -8   +0.000000000000000e+00  +2.796357082110234e-16
 -7   -0.000000000000000e+00  -4.688473761031432e-13
 -6   +0.000000000000000e+00  +1.904318045140047e-14
 -5   -0.000000000000000e+00  -9.175868035744710e-11
 -4   -0.000000000000000e+00  -2.232525452841791e-12
 -3   -0.000000000000000e+00  -2.366219817127216e-08
 -2   -0.000000000000000e+00  -2.396770466460519e-09
 -1   -0.000000000000000e+00  -1.574691796078062e-05
 +0   +0.000000000000000e+00  +0.000000000000000e+00
 +1   +0.000000000000000e+00  +1.574691796078062e-05
 +2   +0.000000000000000e+00  +2.396770466460519e-09
 +3   +0.000000000000000e+00  +2.366219817127216e-08
 +4   +0.000000000000000e+00  +2.232525452841791e-12
 +5   +0.000000000000000e+00  +9.175868035744710e-11
 +6   -0.000000000000000e+00  -1.904318045140047e-14
 +7   +0.000000000000000e+00  +4.688473761031432e-13
 +8   -0.000000000000000e+00  -2.796357082110234e-16
 +9   +0.000000000000000e+00  +2.736954113850528e-15
+10   -0.000000000000000e+00  -2.806261944293778e-18
+11   +0.000000000000000e+00  +1.728441648542833e-17
+12   -0.000000000000000e+00  -2.550165918095649e-20
+13   +0.000000000000000e+00  +1.147201521931670e-19
+14   -0.000000000000000e+00  -2.642819569436040e-22
+15   +0.000000000000000e+00  +9.852547151222952e-22
+16   -0.000000000000000e+00  -7.878203736585751e-23
+17   -0.000000000000000e+00  -3.835317467575280e-22
+18   +0.000000000000000e+00  +2.764885164863915e-24
+19   -0.000000000000000e+00  -1.474656506365871e-22
+20   +0.000000000000000e+00  +2.591024181542012e-23
+21   +0.000000000000000e+00  +1.167222517547085e-23
+22   -0.000000000000000e+00  -5.745920363487175e-25
+23   -0.000000000000000e+00  -1.456016330134246e-23
+24   +0.000000000000000e+00  +1.400231726431840e-23
+25   -0.000000000000000e+00  -1.903036344847020e-23
+26   -0.000000000000000e+00  -8.223682370003461e-23
+27   -0.000000000000000e+00  -2.395773388610209e-23
+28   +0.000000000000000e+00  +2.650327731067005e-24
+29   -0.000000000000000e+00  -1.261133066178081e-22
+30   -0.000000000000000e+00  -4.978617511775667e-23

