+0 +0.000000000000000e+00
+1 -3.149383592156124e-05
+2 -4.793540932921038e-09
+3 -4.732439634254432e-08
+4 -4.465050905683582e-12
+5 -1.835173607148942e-10
+6 +3.808636090280094e-14
+7 -9.376947522062863e-13
+8 +5.592714164220468e-16
+9 -5.473908227701055e-15
+10 +5.612523888587556e-18
+11 -3.456883297085667e-17
+12 +5.100331836191298e-20
+13 -2.294403043863340e-19
+14 +5.285639138872080e-22
+15 -1.970509430244590e-21
+16 +1.575640747317150e-22
+17 +7.670634935150560e-22
+18 -5.529770329727829e-24
+19 +2.949313012731743e-22
+20 -5.182048363084024e-23
+21 -2.334445035094171e-23
+22 +1.149184072697435e-24
+23 +2.912032660268492e-23
+24 -2.800463452863681e-23
+25 +3.806072689694040e-23
+26 +1.644736474000692e-22
+27 +4.791546777220418e-23
+28 -5.300655462134011e-24
+29 +2.522266132356163e-22
+30 +9.957235023551334e-23
