+0 -9.999958203691028e-01
+1 -2.516312726932681e-03
+2 -4.271186050709351e-07
+3 -3.848279902270989e-06
+4 -3.864093438078733e-10
+5 -1.493246434977170e-08
+6 +3.062559072081700e-12
+7 -7.629720036325587e-11
+8 +4.542257914232348e-14
+9 -4.453574832890033e-13
+10 +4.583971308931400e-16
+11 -2.813289886140357e-15
+12 +7.263025443515075e-18
+13 -1.854318872543233e-17
+14 -3.388095812781287e-18
+15 +1.782690881841294e-19
+16 +9.028599379734920e-19
+17 -1.812713602553638e-18
+18 -4.333071375677106e-19
+19 -2.268549732632961e-18
+20 -8.312941768307858e-18
+21 -2.093016444467898e-18
+22 -8.278390006622274e-19
+23 +5.905347099964776e-19
+24 -1.059085328424427e-18
+25 -1.507353230012627e-18
+26 -3.862060313130667e-18
+27 +7.241033535497333e-19
+28 +2.101324897289688e-18
+29 +1.190538307413277e-18
+30 -4.451460134761990e-20
