+0 +0.000000000000000e+00
+1 -2.560462806328189e-03
+2 -3.897170004925747e-07
+3 -3.847494378544784e-06
+4 -3.630106158169134e-10
+5 -1.492004269013257e-08
+6 +3.096438011061592e-12
+7 -7.623499857996732e-11
+8 +4.546901478313973e-14
+9 -4.450311710418427e-13
+10 +4.562995374306085e-16
+11 -2.810454238876552e-15
+12 +4.145352160350437e-18
+13 -1.865639087052934e-17
+14 +3.559754103296207e-20
+15 -1.656817811452760e-19
+16 +1.937827271408274e-20
+17 +7.379212816408877e-20
+18 -8.091172046114670e-22
+19 +6.365262847555356e-21
+20 -7.666012879508642e-21
+21 -7.902525318114076e-21
+22 +1.044356581128124e-20
+23 +8.251956830223107e-21
+24 -7.994019638380502e-21
+25 +5.598890234606880e-21
+26 +1.614858761703568e-20
+27 +1.160754430693409e-20
+28 -6.757953877804040e-21
+29 +1.331009742190843e-20
+30 +9.212503876220220e-21
