+0 +0.000000000000000e+00
+1 +2.560467347304619e-03
+2 +3.897176916550112e-07
+3 +3.847501202069513e-06
+4 +3.630112596125473e-10
+5 +1.492006915080154e-08
+6 -3.096443505004342e-12
+7 +7.623513379075086e-11
+8 -4.546909433138494e-14
+9 +4.450319515506231e-13
+10 -4.563002450449342e-16
+11 +2.810462120046177e-15
+12 -4.143067145376568e-18
+13 +1.866084432702901e-17
+14 -3.822134213730300e-20
+15 +1.629019700038362e-19
+16 -1.939950065843761e-20
+17 -7.778580157720875e-20
+18 -7.044724740860919e-22
+19 -1.211813297476890e-20
+20 +8.487212352374453e-21
+21 +1.402461855655045e-20
+22 -8.592999431866036e-21
+23 -1.439073693051956e-20
+24 +8.929101361633579e-21
+25 +6.841526227930554e-21
+26 -1.606358316180225e-20
+27 -7.301859764418320e-21
+28 +4.981451558370960e-21
+29 -2.188779893615480e-20
+30 -1.089842191961154e-20
