-30   -6.129987298363981e-11  -9.569905060347070e-11
-29   -6.272214445572350e-11  -9.931315975309203e-11
-28   -6.429939879230452e-11  -1.031662896709318e-10
-27   -6.605484038050326e-11  -1.072839445279241e-10
-26   -6.801623723634100e-11  -1.116954223814136e-10
-25   -7.021689956328592e-11  -1.164341829434725e-10
-24   -7.269721620278435e-11  -1.215389161514536e-10
-23   -7.550638585437740e-11  -1.270543666733974e-10
-22   -7.870478427646575e-11  -1.330326985396216e-10
-21   -8.236747646386204e-11  -1.395333640824449e-10
-20   -8.658763282925033e-11  -1.466296305665695e-10
-19   -9.149108452654026e-11  -1.543550836292140e-10
-18   -9.721321647447457e-11  -1.629092944260318e-10
-17   -1.043290741433517e-10  -1.701695343025001e-10
-16   -1.122226388055144e-10  -1.811685206404327e-10
-15   -1.341130673760353e-10  -9.970034055019622e-11
-14   -1.432767680298456e-10  -1.460197208787597e-10
-13   -7.801973167984965e-10  +3.913753718921312e-09
-12   -3.887767233477699e-10  +1.773482549831087e-09
-11   -1.046348496545261e-08  +1.647639757100584e-07
-10   -7.364529717721004e-09  +6.130659086668484e-08
 -9   -5.627472609139305e-07  +6.697090178517140e-06
 -8   +4.959356431968944e-09  +1.517444503485076e-06
 -7   +3.723892389698844e-05  +2.411835287185399e-04
 -6   -1.257000356891979e-06  +2.250674871729264e-05
 -5   +6.182810767293885e-04  +6.210894544902520e-03
 -4   +5.792198192561522e-07  +1.460841328030948e-06
 -3   +2.657001907129082e-01  +1.088973595585247e-01
 -2   -2.031403281139057e-06  +1.109788192293546e-05
 -1   +2.363999005366776e-03  +6.699419006994967e-03
 +0   +3.087619845421467e-05  +0.000000000000000e+00
 +1   +2.363999005366776e-03  -6.699419006994967e-03
 +2   -2.031403281139057e-06  -1.109788192293546e-05
 +3   +2.657001907129082e-01  -1.088973595585247e-01
 +4   +5.792198192561522e-07  -1.460841328030948e-06
 +5   +6.182810767293885e-04  -6.210894544902520e-03
 +6   -1.257000356891979e-06  -2.250674871729264e-05
 +7   +3.723892389698844e-05  -2.411835287185399e-04
 +8   +4.959356431968944e-09  -1.517444503485076e-06
 +9   -5.627472609139305e-07  -6.697090178517140e-06
+10   -7.364529717721004e-09  -6.130659086668484e-08
+11   -1.046348496545261e-08  -1.647639757100584e-07
+12   -3.887767233477699e-10  -1.773482549831087e-09
+13   -7.801973167984965e-10  -3.913753718921312e-09
+14   -1.432767680298456e-10  +1.460197208787597e-10
+15   -1.341130673760353e-10  +9.970034055019622e-11
+16   -1.122226388055144e-10  +1.811685206404327e-10
+17   -1.043290741433517e-10  +1.701695343025001e-10
+18   -9.721321647447457e-11  +1.629092944260318e-10
+19   -9.149108452654026e-11  +1.543550836292140e-10
+20   -8.658763282925033e-11  +1.466296305665695e-10
+21   -8.236747646386204e-11  +1.395333640824449e-10
+22   -7.870478427646575e-11  +1.330326985396216e-10
+23   -7.550638585437740e-11  +1.270543666733974e-10
+24   -7.269721620278435e-11  +1.215389161514536e-10
+25   -7.021689956328592e-11  +1.164341829434725e-10
+26   -6.801623723634100e-11  +1.116954223814136e-10
+27   -6.605484038050326e-11  +1.072839445279241e-10
+28   -6.429939879230452e-11  +1.031662896709318e-10
+29   -6.272214445572350e-11  +9.931315975309203e-11
+30   -6.129987298363981e-11  +9.569905060347070e-11

