-30   +2.463885170529312e-11  -4.651072894134432e-11
-29   +2.765475024226140e-11  -4.843361888869444e-11
-28   +3.101977622934091e-11  -5.051011192618313e-11
-27   +3.479028883174615e-11  -5.276205187339208e-11
-26   +3.903435199035630e-11  -5.521586435605844e-11
-25   +4.383516511597372e-11  -5.790388131139593e-11
-24   +4.929536770219084e-11  -6.086799800889635e-11
-23   +5.554063914653686e-11  -6.415601186236053e-11
-22   +6.274913927776557e-11  -6.789790873527639e-11
-21   +7.107856419016741e-11  -7.204014281925768e-11
-20   +8.159858167906741e-11  -7.937433845519832e-11
-19   +9.281896247570404e-11  -8.407903162556627e-11
-18   +1.390987366344065e-10  -1.978914380629223e-10
-17   +1.404021916302374e-10  -1.562226547510790e-10
-16   +1.383330516975908e-09  -4.185478447747101e-09
-15   +7.328619045649188e-10  -1.978848276768881e-09
-14   +4.847938740040830e-08  -1.588112494864692e-07
-13   +1.423321939171273e-08  -4.610717689523473e-08
-12   +1.471432008614114e-06  -4.834884441089989e-06
-11   +3.183877828270174e-07  -1.043748270495403e-06
-10   +4.969815954716205e-05  -1.633273650785093e-04
 -9   +2.923888982476480e-06  -9.550310847019347e-06
 -8   +7.483595816251152e-04  -2.459344638181546e-03
 -7   +2.859257217863163e-07  -1.477124813778523e-07
 -6   +2.539770314028450e-05  -8.597795567343574e-05
 -5   -1.970562835517222e-06  +5.160394422087997e-07
 -4   +3.971149834893348e-04  -2.472515148884670e-03
 -3   -1.157680515851511e-05  -8.624002494220868e-06
 -2   -3.949370302748198e-03  +4.719766423828620e-04
 -1   -2.185583985327950e-05  +6.201818974566393e-05
 +0   -1.500062302194566e+00  +0.000000000000000e+00
 +1   -2.185583985327950e-05  -6.201818974566393e-05
 +2   -3.949370302748198e-03  -4.719766423828620e-04
 +3   -1.157680515851511e-05  +8.624002494220868e-06
 +4   +3.971149834893348e-04  +2.472515148884670e-03
 +5   -1.970562835517222e-06  -5.160394422087997e-07
 +6   +2.539770314028450e-05  +8.597795567343574e-05
 +7   +2.859257217863163e-07  +1.477124813778523e-07
 +8   +7.483595816251152e-04  +2.459344638181546e-03
 +9   +2.923888982476480e-06  +9.550310847019347e-06
+10   +4.969815954716205e-05  +1.633273650785093e-04
+11   +3.183877828270174e-07  +1.043748270495403e-06
+12   +1.471432008614114e-06  +4.834884441089989e-06
+13   +1.423321939171273e-08  +4.610717689523473e-08
+14   +4.847938740040830e-08  +1.588112494864692e-07
+15   +7.328619045649188e-10  +1.978848276768881e-09
+16   +1.383330516975908e-09  +4.185478447747101e-09
+17   +1.404021916302374e-10  +1.562226547510790e-10
+18   +1.390987366344065e-10  +1.978914380629223e-10
+19   +9.281896247570404e-11  +8.407903162556627e-11
+20   +8.159858167906741e-11  +7.937433845519832e-11
+21   +7.107856419016741e-11  +7.204014281925768e-11
+22   +6.274913927776557e-11  +6.789790873527639e-11
+23   +5.554063914653686e-11  +6.415601186236053e-11
+24   +4.929536770219084e-11  +6.086799800889635e-11
+25   +4.383516511597372e-11  +5.790388131139593e-11
+26   +3.903435199035630e-11  +5.521586435605844e-11
+27   +3.479028883174615e-11  +5.276205187339208e-11
+28   +3.101977622934091e-11  +5.051011192618313e-11
+29   +2.765475024226140e-11  +4.843361888869444e-11
+30   +2.463885170529312e-11  +4.651072894134432e-11

