-30   -9.790952326554049e-11  -2.307406315096829e-10
-29   -9.814597727479601e-11  -2.396978232880438e-10
-28   -9.841233458440643e-11  -2.492791088827206e-10
-27   -9.871402003129982e-11  -2.595563108838818e-10
-26   -9.905767365980771e-11  -2.706127460184985e-10
-25   -9.945167469428009e-11  -2.825455711977584e-10
-24   -9.990666128990024e-11  -2.954688506505091e-10
-23   -1.004360865209432e-10  -3.095174296444194e-10
-22   -1.010577526409002e-10  -3.248519967671835e-10
-21   -1.017946927865851e-10  -3.416649544940221e-10
-20   -1.026813010308938e-10  -3.601941492432136e-10
-19   -1.037532322622207e-10  -3.807147318879678e-10
-18   -1.052207165585385e-10  -4.037876227970372e-10
-17   -1.068465321454896e-10  -4.294053728268827e-10
-16   -1.159217158918020e-10  -4.680488200913502e-10
-15   -1.160451888702585e-10  -4.974311270760909e-10
-14   -4.027754597266917e-10  -9.273713619011203e-10
-13   -2.865480809580694e-10  -8.025096451512179e-10
-12   -1.381924103305702e-08  -1.958117774785133e-08
-11   -4.923158742265749e-09  -7.274575462142865e-09
-10   -4.434733827088220e-07  -6.142614997204482e-07
 -9   -1.463907566854487e-07  -2.013827994276093e-07
 -8   -2.155266689125563e-05  -2.981608423450361e-05
 -7   -2.011446454980890e-06  -2.747049881319609e-06
 -6   -2.846007991697263e-04  -3.922243460087677e-04
 -5   -8.290678481873543e-07  +2.190843000755730e-08
 -4   -1.438553856844159e-04  +8.897705006084371e-06
 -3   -1.776226646364245e-05  +1.614004360046719e-07
 -2   -2.667409073835699e-03  +9.356894396882283e-04
 -1   -2.592452598685709e-06  +2.576293040211448e-05
 +0   -9.996486043893084e-01  +0.000000000000000e+00
 +1   -2.592452598685709e-06  -2.576293040211448e-05
 +2   -2.667409073835699e-03  -9.356894396882283e-04
 +3   -1.776226646364245e-05  -1.614004360046719e-07
 +4   -1.438553856844159e-04  -8.897705006084371e-06
 +5   -8.290678481873543e-07  -2.190843000755730e-08
 +6   -2.846007991697263e-04  +3.922243460087677e-04
 +7   -2.011446454980890e-06  +2.747049881319609e-06
 +8   -2.155266689125563e-05  +2.981608423450361e-05
 +9   -1.463907566854487e-07  +2.013827994276093e-07
+10   -4.434733827088220e-07  +6.142614997204482e-07
+11   -4.923158742265749e-09  +7.274575462142865e-09
+12   -1.381924103305702e-08  +1.958117774785133e-08
+13   -2.865480809580694e-10  +8.025096451512179e-10
+14   -4.027754597266917e-10  +9.273713619011203e-10
+15   -1.160451888702585e-10  +4.974311270760909e-10
+16   -1.159217158918020e-10  +4.680488200913502e-10
+17   -1.068465321454896e-10  +4.294053728268827e-10
+18   -1.052207165585385e-10  +4.037876227970372e-10
+19   -1.037532322622207e-10  +3.807147318879678e-10
+20   -1.026813010308938e-10  +3.601941492432136e-10
+21   -1.017946927865851e-10  +3.416649544940221e-10
+22   -1.010577526409002e-10  +3.248519967671835e-10
+23   -1.004360865209432e-10  +3.095174296444194e-10
+24   -9.990666128990024e-11  +2.954688506505091e-10
+25   -9.945167469428009e-11  +2.825455711977584e-10
+26   -9.905767365980771e-11  +2.706127460184985e-10
+27   -9.871402003129982e-11  +2.595563108838818e-10
+28   -9.841233458440643e-11  +2.492791088827206e-10
+29   -9.814597727479601e-11  +2.396978232880438e-10
+30   -9.790952326554049e-11  +2.307406315096829e-10

