-30   +1.122599855350909e-10  +2.186835772162551e-10
-29   +1.136139728764344e-10  +2.268689451271444e-10
-28   +1.151135210955922e-10  +2.355880936766019e-10
-27   +1.167799594946603e-10  +2.448973328535885e-10
-26   +1.186389539362447e-10  +2.548610150431662e-10
-25   +1.207210406040651e-10  +2.655528343560512e-10
-24   +1.230630826512535e-10  +2.770579038126983e-10
-23   +1.257099611893264e-10  +2.894746422860168e-10
-22   +1.287163641202838e-10  +3.029176240129977e-10
-21   +1.321498938045757e-10  +3.175207460707957e-10
-20   +1.360945884791985e-10  +3.334414010745298e-10
-19   +1.406561690247105e-10  +3.508656307960374e-10
-18   +1.459684765024976e-10  +3.700137373823933e-10
-17   +1.522035899160504e-10  +3.911511161706114e-10
-16   +1.595848394611037e-10  +4.145621548732182e-10
-15   +1.684055090625525e-10  +4.406935973626221e-10
-14   +1.789532391378491e-10  +4.684845851526728e-10
-13   +1.920960329416846e-10  +5.017089886080708e-10
-12   +2.086258419403476e-10  +4.734816077726209e-10
-11   +2.242107070537823e-10  +5.337766087264067e-10
-10   -2.572895682598629e-10  -2.377187540855808e-09
 -9   +2.869494381416709e-10  -1.038513949891901e-09
 -8   +2.612143354508086e-09  -1.271474896550099e-07
 -7   -1.268919868418712e-08  -5.167995400572974e-08
 -6   -2.200126435435052e-06  -4.774282737740674e-06
 -5   -1.074170092105481e-07  -1.526765781993634e-06
 -4   -1.938174783941579e-05  -2.191678389135438e-04
 -3   -8.910335610345571e-06  -1.413944785122730e-05
 -2   -3.323147281679805e-03  -2.463182690570683e-03
 -1   +1.420755499646137e-07  -2.337035875479925e-07
 +0   -1.537268577075418e-04  +0.000000000000000e+00
 +1   +1.420755499646137e-07  +2.337035875479925e-07
 +2   -3.323147281679805e-03  +2.463182690570683e-03
 +3   -8.910335610345571e-06  +1.413944785122730e-05
 +4   -1.938174783941579e-05  +2.191678389135438e-04
 +5   -1.074170092105481e-07  +1.526765781993634e-06
 +6   -2.200126435435052e-06  +4.774282737740674e-06
 +7   -1.268919868418712e-08  +5.167995400572974e-08
 +8   +2.612143354508086e-09  +1.271474896550099e-07
 +9   +2.869494381416709e-10  +1.038513949891901e-09
+10   -2.572895682598629e-10  +2.377187540855808e-09
+11   +2.242107070537823e-10  -5.337766087264067e-10
+12   +2.086258419403476e-10  -4.734816077726209e-10
+13   +1.920960329416846e-10  -5.017089886080708e-10
+14   +1.789532391378491e-10  -4.684845851526728e-10
+15   +1.684055090625525e-10  -4.406935973626221e-10
+16   +1.595848394611037e-10  -4.145621548732182e-10
+17   +1.522035899160504e-10  -3.911511161706114e-10
+18   +1.459684765024976e-10  -3.700137373823933e-10
+19   +1.406561690247105e-10  -3.508656307960374e-10
+20   +1.360945884791985e-10  -3.334414010745298e-10
+21   +1.321498938045757e-10  -3.175207460707957e-10
+22   +1.287163641202838e-10  -3.029176240129977e-10
+23   +1.257099611893264e-10  -2.894746422860168e-10
+24   +1.230630826512535e-10  -2.770579038126983e-10
+25   +1.207210406040651e-10  -2.655528343560512e-10
+26   +1.186389539362447e-10  -2.548610150431662e-10
+27   +1.167799594946603e-10  -2.448973328535885e-10
+28   +1.151135210955922e-10  -2.355880936766019e-10
+29   +1.136139728764344e-10  -2.268689451271444e-10
+30   +1.122599855350909e-10  -2.186835772162551e-10

