-30   -4.418822289992461e-11  -4.815689967089503e-11
-29   -4.577906297600369e-11  -4.992403060553347e-11
-28   -4.754459037395834e-11  -5.180137982943909e-11
-27   -4.951123688093248e-11  -5.379969277525102e-11
-26   -5.171067942880675e-11  -5.593093865574264e-11
-25   -5.418113602271383e-11  -5.820867441961684e-11
-24   -5.696884796436021e-11  -6.064805725982060e-11
-23   -6.013038605824606e-11  -6.326606821082144e-11
-22   -6.373557073009351e-11  -6.608160994823933e-11
-21   -6.787133896499502e-11  -6.911474946489084e-11
-20   -7.264620252344365e-11  -7.239049718307151e-11
-19   -7.820578570742059e-11  -7.588713775825604e-11
-18   -8.471351645070556e-11  -7.972531500250479e-11
-17   -9.276789938346630e-11  -8.186400491100094e-11
-16   -1.018341562343325e-10  -8.686154692452677e-11
-15   -1.246265566639822e-10  -8.636000649235663e-12
-14   -1.366429687599448e-10  -4.318537178826673e-11
-13   -8.174230468663738e-10  +3.527574509769017e-09
-12   -4.213897636555014e-10  +1.591352475556670e-09
-11   -1.363085770578887e-08  +1.305614851243653e-07
-10   -1.051910277969244e-08  +5.094142868706206e-08
 -9   -1.073525374135290e-06  +5.338945148222031e-06
 -8   -1.912934198705674e-07  +1.003215235805275e-06
 -7   -1.331637023849855e-05  +1.174528967711150e-04
 -6   -5.890230547868370e-06  +1.394218243385686e-05
 -5   -1.936114234419368e-03  +4.103438325195285e-03
 -4   -4.523410399917657e-07  -2.336825217551210e-06
 -3   -2.656043793035605e-01  -1.087661267764866e-01
 -2   +2.124516921728931e-06  -1.401393851890509e-05
 -1   +4.723751545321531e-03  +5.574084993622704e-03
 +0   +3.834988710338108e-05  +0.000000000000000e+00
 +1   +4.723751545321531e-03  -5.574084993622704e-03
 +2   +2.124516921728931e-06  +1.401393851890509e-05
 +3   -2.656043793035605e-01  +1.087661267764866e-01
 +4   -4.523410399917657e-07  +2.336825217551210e-06
 +5   -1.936114234419368e-03  -4.103438325195285e-03
 +6   -5.890230547868370e-06  -1.394218243385686e-05
 +7   -1.331637023849855e-05  -1.174528967711150e-04
 +8   -1.912934198705674e-07  -1.003215235805275e-06
 +9   -1.073525374135290e-06  -5.338945148222031e-06
+10   -1.051910277969244e-08  -5.094142868706206e-08
+11   -1.363085770578887e-08  -1.305614851243653e-07
+12   -4.213897636555014e-10  -1.591352475556670e-09
+13   -8.174230468663738e-10  -3.527574509769017e-09
+14   -1.366429687599448e-10  +4.318537178826673e-11
+15   -1.246265566639822e-10  +8.636000649235663e-12
+16   -1.018341562343325e-10  +8.686154692452677e-11
+17   -9.276789938346630e-11  +8.186400491100094e-11
+18   -8.471351645070556e-11  +7.972531500250479e-11
+19   -7.820578570742059e-11  +7.588713775825604e-11
+20   -7.264620252344365e-11  +7.239049718307151e-11
+21   -6.787133896499502e-11  +6.911474946489084e-11
+22   -6.373557073009351e-11  +6.608160994823933e-11
+23   -6.013038605824606e-11  +6.326606821082144e-11
+24   -5.696884796436021e-11  +6.064805725982060e-11
+25   -5.418113602271383e-11  +5.820867441961684e-11
+26   -5.171067942880675e-11  +5.593093865574264e-11
+27   -4.951123688093248e-11  +5.379969277525102e-11
+28   -4.754459037395834e-11  +5.180137982943909e-11
+29   -4.577906297600369e-11  +4.992403060553347e-11
+30   -4.418822289992461e-11  +4.815689967089503e-11

