-30   -1.986921180052130e-10  -3.473249993878616e-10
-29   -2.021902045234741e-10  -3.603379566012858e-10
-28   -2.060646674244340e-10  -3.742010504412323e-10
-27   -2.103709792125845e-10  -3.890042532361230e-10
-26   -2.151753773773546e-10  -4.048502961988049e-10
-25   -2.205571690583276e-10  -4.218570738394802e-10
-24   -2.266119642115429e-10  -4.401605997123224e-10
-23   -2.334559628879951e-10  -4.599184654717868e-10
-22   -2.412313308058589e-10  -4.813141782405011e-10
-21   -2.501135270358447e-10  -5.045623387351160e-10
-20   -2.603210267502229e-10  -5.299155888245313e-10
-19   -2.721284393228903e-10  -5.576728304074018e-10
-18   -2.858853746765523e-10  -5.881897250699085e-10
-17   -3.020385434515708e-10  -6.218918683238308e-10
-16   -3.212079999858102e-10  -6.592912554511935e-10
-15   -3.440879538898167e-10  -7.010090314778135e-10
-14   -3.733527316160012e-10  -7.477760037487557e-10
-13   -4.070720484389561e-10  -8.005645592811604e-10
-12   -5.309483695965848e-10  -8.590972209210652e-10
-11   -5.554526289496119e-10  -9.286008227462286e-10
-10   -3.920938844885510e-09  -9.584836148110230e-10
 -9   -2.933632968319407e-09  -1.085399637215845e-09
 -8   -1.906730390725945e-07  +3.418050622358535e-09
 -7   -6.665858028736137e-08  -2.940026206600222e-09
 -6   -6.200312900379188e-06  -5.934451826962323e-08
 -5   -2.543561875670704e-06  -6.836541548678422e-08
 -4   -4.679252874736338e-04  +2.290213245127858e-05
 -3   -2.532053550189891e-05  -8.113784101621853e-06
 -2   -5.621770611246398e-03  -2.104553416838457e-03
 -1   -2.680442220240866e-06  +4.829380322675801e-07
 +0   -2.287879552523180e-04  +0.000000000000000e+00
 +1   -2.680442220240866e-06  -4.829380322675801e-07
 +2   -5.621770611246398e-03  +2.104553416838457e-03
 +3   -2.532053550189891e-05  +8.113784101621853e-06
 +4   -4.679252874736338e-04  -2.290213245127858e-05
 +5   -2.543561875670704e-06  +6.836541548678422e-08
 +6   -6.200312900379188e-06  +5.934451826962323e-08
 +7   -6.665858028736137e-08  +2.940026206600222e-09
 +8   -1.906730390725945e-07  -3.418050622358535e-09
 +9   -2.933632968319407e-09  +1.085399637215845e-09
+10   -3.920938844885510e-09  +9.584836148110230e-10
+11   -5.554526289496119e-10  +9.286008227462286e-10
+12   -5.309483695965848e-10  +8.590972209210652e-10
+13   -4.070720484389561e-10  +8.005645592811604e-10
+14   -3.733527316160012e-10  +7.477760037487557e-10
+15   -3.440879538898167e-10  +7.010090314778135e-10
+16   -3.212079999858102e-10  +6.592912554511935e-10
+17   -3.020385434515708e-10  +6.218918683238308e-10
+18   -2.858853746765523e-10  +5.881897250699085e-10
+19   -2.721284393228903e-10  +5.576728304074018e-10
+20   -2.603210267502229e-10  +5.299155888245313e-10
+21   -2.501135270358447e-10  +5.045623387351160e-10
+22   -2.412313308058589e-10  +4.813141782405011e-10
+23   -2.334559628879951e-10  +4.599184654717868e-10
+24   -2.266119642115429e-10  +4.401605997123224e-10
+25   -2.205571690583276e-10  +4.218570738394802e-10
+26   -2.151753773773546e-10  +4.048502961988049e-10
+27   -2.103709792125845e-10  +3.890042532361230e-10
+28   -2.060646674244340e-10  +3.742010504412323e-10
+29   -2.021902045234741e-10  +3.603379566012858e-10
+30   -1.986921180052130e-10  +3.473249993878616e-10

