-30   +7.313782099762652e-11  +1.130187600581762e-10
-29   +7.488785732546664e-11  +1.172921255623677e-10
-28   +7.683098371216360e-11  +1.218481718010744e-10
-27   +7.899668274329278e-11  +1.267169954397259e-10
-26   +8.142018868578920e-11  +1.319329639970990e-10
-25   +8.414401916758327e-11  +1.375354246094330e-10
-24   +8.721981757907962e-11  +1.435696011117144e-10
-23   +9.071075749214267e-11  +1.500876959759695e-10
-22   +9.469498898193793e-11  +1.571499744161391e-10
-21   +9.926935086438419e-11  +1.648264267654643e-10
-20   +1.045605903816935e-10  +1.731946113200471e-10
-19   +1.107139767134112e-10  +1.823552887954033e-10
-18   +1.181378500912351e-10  +1.922651379089041e-10
-17   +1.266447746103996e-10  +2.033688280695863e-10
-16   +1.465020490298077e-10  +2.086355204392161e-10
-15   +1.551686193649718e-10  +2.248098372403625e-10
-14   +5.621598413739821e-10  -4.318524428845722e-11
-13   +4.117529259761329e-10  +9.533307514614732e-11
-12   +1.916184548704197e-08  -1.340667287116205e-08
-11   +6.823136312217632e-09  -4.458197740147033e-09
-10   +6.137737789373752e-07  -4.426056579092185e-07
 -9   +2.008546922549685e-07  -1.444431447572215e-07
 -8   +2.981550594602712e-05  -2.152497502114073e-05
 -7   +2.746456017264961e-06  -1.982155152378524e-06
 -6   +3.922235763987612e-04  -2.831689780430980e-04
 -5   -1.915604884805083e-08  +1.686681409462849e-08
 -4   -8.920619427639895e-06  +6.424629377979451e-06
 -3   -7.915511392120336e-08  +1.171330011486713e-07
 -2   -9.348789777563147e-04  +6.755303348547165e-04
 -1   +2.991485832254897e-06  +1.860003250114070e-05
 +0   -4.930422609956682e-04  +0.000000000000000e+00
 +1   +2.991485832254897e-06  -1.860003250114070e-05
 +2   -9.348789777563147e-04  -6.755303348547165e-04
 +3   -7.915511392120336e-08  -1.171330011486713e-07
 +4   -8.920619427639895e-06  -6.424629377979451e-06
 +5   -1.915604884805083e-08  -1.686681409462849e-08
 +6   +3.922235763987612e-04  +2.831689780430980e-04
 +7   +2.746456017264961e-06  +1.982155152378524e-06
 +8   +2.981550594602712e-05  +2.152497502114073e-05
 +9   +2.008546922549685e-07  +1.444431447572215e-07
+10   +6.137737789373752e-07  +4.426056579092185e-07
+11   +6.823136312217632e-09  +4.458197740147033e-09
+12   +1.916184548704197e-08  +1.340667287116205e-08
+13   +4.117529259761329e-10  -9.533307514614732e-11
+14   +5.621598413739821e-10  +4.318524428845722e-11
+15   +1.551686193649718e-10  -2.248098372403625e-10
+16   +1.465020490298077e-10  -2.086355204392161e-10
+17   +1.266447746103996e-10  -2.033688280695863e-10
+18   +1.181378500912351e-10  -1.922651379089041e-10
+19   +1.107139767134112e-10  -1.823552887954033e-10
+20   +1.045605903816935e-10  -1.731946113200471e-10
+21   +9.926935086438419e-11  -1.648264267654643e-10
+22   +9.469498898193793e-11  -1.571499744161391e-10
+23   +9.071075749214267e-11  -1.500876959759695e-10
+24   +8.721981757907962e-11  -1.435696011117144e-10
+25   +8.414401916758327e-11  -1.375354246094330e-10
+26   +8.142018868578920e-11  -1.319329639970990e-10
+27   +7.899668274329278e-11  -1.267169954397259e-10
+28   +7.683098371216360e-11  -1.218481718010744e-10
+29   +7.488785732546664e-11  -1.172921255623677e-10
+30   +7.313782099762652e-11  -1.130187600581762e-10

