-30   -4.591385062707428e-11  -1.147090774541384e-10
-29   -4.590752435202239e-11  -1.192823636896115e-10
-28   -4.590408475898880e-11  -1.241887953774799e-10
-27   -4.590471757655287e-11  -1.294688542796177e-10
-26   -4.591098378308955e-11  -1.351698282313811e-10
-25   -4.592502793270284e-11  -1.413473766167889e-10
-24   -4.594972985492822e-11  -1.480674877548533e-10
-23   -4.598920346328000e-11  -1.554091620662325e-10
-22   -4.604907186215032e-11  -1.634674340862259e-10
-21   -4.613814722337053e-11  -1.723581616504026e-10
-20   -4.626587716495194e-11  -1.822229378599978e-10
-19   -4.649495993367540e-11  -1.932455918361681e-10
-18   -4.675419570380709e-11  -2.056338150158851e-10
-17   -4.914493161315381e-11  -2.200378393142464e-10
-16   -4.918335485213084e-11  -2.359838860252809e-10
-15   -1.330437360242824e-10  -2.662574663001951e-10
-14   -1.048451232196495e-10  -2.864413857306283e-10
-13   -3.682813120457039e-09  -9.761083888536752e-10
-12   -1.754847397777296e-09  -5.896573344063372e-10
-11   -1.307342239675373e-07  -1.380640438094322e-08
-10   -5.112315969447062e-08  -1.069623874177473e-08
 -9   -5.339120957040943e-06  -1.073590564066211e-06
 -8   -1.003374724266535e-06  -1.909104301873070e-07
 -7   -1.174528038955612e-04  -1.331136364892167e-05
 -6   -1.394052156725790e-05  -5.877987878293142e-06
 -5   -4.103459549061216e-03  -1.936026255323137e-03
 -4   +2.246810307154948e-06  -1.057539569527649e-08
 -3   +1.087632091986157e-01  -2.656038815008331e-01
 -2   -1.731684847052149e-05  -1.714707438117674e-06
 -1   -6.152033713215671e-03  +4.697539097766231e-03
 +0   -3.310457166368484e-05  +0.000000000000000e+00
 +1   -6.152033713215671e-03  -4.697539097766231e-03
 +2   -1.731684847052149e-05  +1.714707438117674e-06
 +3   +1.087632091986157e-01  +2.656038815008331e-01
 +4   +2.246810307154948e-06  +1.057539569527649e-08
 +5   -4.103459549061216e-03  +1.936026255323137e-03
 +6   -1.394052156725790e-05  +5.877987878293142e-06
 +7   -1.174528038955612e-04  +1.331136364892167e-05
 +8   -1.003374724266535e-06  +1.909104301873070e-07
 +9   -5.339120957040943e-06  +1.073590564066211e-06
+10   -5.112315969447062e-08  +1.069623874177473e-08
+11   -1.307342239675373e-07  +1.380640438094322e-08
+12   -1.754847397777296e-09  +5.896573344063372e-10
+13   -3.682813120457039e-09  +9.761083888536752e-10
+14   -1.048451232196495e-10  +2.864413857306283e-10
+15   -1.330437360242824e-10  +2.662574663001951e-10
+16   -4.918335485213084e-11  +2.359838860252809e-10
+17   -4.914493161315381e-11  +2.200378393142464e-10
+18   -4.675419570380709e-11  +2.056338150158851e-10
+19   -4.649495993367540e-11  +1.932455918361681e-10
+20   -4.626587716495194e-11  +1.822229378599978e-10
+21   -4.613814722337053e-11  +1.723581616504026e-10
+22   -4.604907186215032e-11  +1.634674340862259e-10
+23   -4.598920346328000e-11  +1.554091620662325e-10
+24   -4.594972985492822e-11  +1.480674877548533e-10
+25   -4.592502793270284e-11  +1.413473766167889e-10
+26   -4.591098378308955e-11  +1.351698282313811e-10
+27   -4.590471757655287e-11  +1.294688542796177e-10
+28   -4.590408475898880e-11  +1.241887953774799e-10
+29   -4.590752435202239e-11  +1.192823636896115e-10
+30   -4.591385062707428e-11  +1.147090774541384e-10

