-30   +2.144347409629145e-10  +5.896000445271961e-10
-29   +2.124764531018254e-10  +6.119776761473434e-10
-28   +2.103168252535613e-10  +6.358525477785093e-10
-27   +2.079279571319533e-10  +6.613881419506289e-10
-26   +2.052771382525325e-10  +6.887723163841748e-10
-25   +2.023257806420194e-10  +7.182220646676499e-10
-24   +1.990281145171397e-10  +7.499893478561841e-10
-23   +1.953297936596025e-10  +7.843683289603662e-10
-22   +1.911658238875925e-10  +8.217043768575744e-10
-21   +1.864592761922925e-10  +8.624058321402978e-10
-20   +1.811142268615024e-10  +9.069578303475712e-10
-19   +1.750671384131698e-10  +9.559491421888623e-10
-18   +1.680791833069810e-10  +1.010066517607778e-09
-17   +1.622358880184315e-10  +1.070450583454887e-09
-16   +1.523973631673180e-10  +1.137553641394020e-09
-15   +2.342618642825292e-10  +1.228392216412960e-09
-14   +1.890859345306638e-10  +1.306509770653665e-09
-13   +4.253512649923641e-09  +1.994286496545717e-09
-12   +2.085175364489931e-09  +1.879702072370420e-09
-11   +1.609406909687560e-07  +3.984502968451116e-08
-10   +6.104540985097280e-08  +1.289225231014530e-08
 -9   +6.571097251704015e-06  +1.413489369599609e-06
 -8   +1.450358653941434e-06  +4.496971883632126e-07
 -7   +2.198989309078698e-04  +1.058397894759386e-04
 -6   +2.188746023794340e-05  +5.374765267287067e-06
 -5   +5.761888275582143e-03  +2.399600868133381e-03
 -4   +1.000683772561667e-06  +1.539274693578920e-06
 -3   +2.684035640594525e-02  +2.858942469562448e-01
 -2   -1.654610459451608e-05  +3.302434987990044e-06
 -1   +5.517631709489925e-03  +4.320381341045396e-03
 +0   +2.607845696468829e-05  +0.000000000000000e+00
 +1   +5.517631709489925e-03  -4.320381341045396e-03
 +2   -1.654610459451608e-05  -3.302434987990044e-06
 +3   +2.684035640594525e-02  -2.858942469562448e-01
 +4   +1.000683772561667e-06  -1.539274693578920e-06
 +5   +5.761888275582143e-03  -2.399600868133381e-03
 +6   +2.188746023794340e-05  -5.374765267287067e-06
 +7   +2.198989309078698e-04  -1.058397894759386e-04
 +8   +1.450358653941434e-06  -4.496971883632126e-07
 +9   +6.571097251704015e-06  -1.413489369599609e-06
+10   +6.104540985097280e-08  -1.289225231014530e-08
+11   +1.609406909687560e-07  -3.984502968451116e-08
+12   +2.085175364489931e-09  -1.879702072370420e-09
+13   +4.253512649923641e-09  -1.994286496545717e-09
+14   +1.890859345306638e-10  -1.306509770653665e-09
+15   +2.342618642825292e-10  -1.228392216412960e-09
+16   +1.523973631673180e-10  -1.137553641394020e-09
+17   +1.622358880184315e-10  -1.070450583454887e-09
+18   +1.680791833069810e-10  -1.010066517607778e-09
+19   +1.750671384131698e-10  -9.559491421888623e-10
+20   +1.811142268615024e-10  -9.069578303475712e-10
+21   +1.864592761922925e-10  -8.624058321402978e-10
+22   +1.911658238875925e-10  -8.217043768575744e-10
+23   +1.953297936596025e-10  -7.843683289603662e-10
+24   +1.990281145171397e-10  -7.499893478561841e-10
+25   +2.023257806420194e-10  -7.182220646676499e-10
+26   +2.052771382525325e-10  -6.887723163841748e-10
+27   +2.079279571319533e-10  -6.613881419506289e-10
+28   +2.103168252535613e-10  -6.358525477785093e-10
+29   +2.124764531018254e-10  -6.119776761473434e-10
+30   +2.144347409629145e-10  -5.896000445271961e-10

