-30   +5.087197442607405e-11  +2.670031398542574e-10
-29   +4.712404498386123e-11  +2.770435429702088e-10
-28   +4.301218169195263e-11  +2.877479967672732e-10
-27   +3.849095115502227e-11  +2.991886842159667e-10
-26   +3.350861907097252e-11  +3.114487214491172e-10
-25   +2.800597249367450e-11  +3.246242306574198e-10
-24   +2.191748408039104e-11  +3.388276732900049e-10
-23   +1.516458134088438e-11  +3.541894025360699e-10
-22   +7.727870623276596e-12  +3.708840699448713e-10
-21   -6.229751000158772e-13  +3.890538047513675e-10
-20   -7.306088202072773e-12  +4.097343639838422e-10
-19   -1.839184922435251e-11  +4.313744784373867e-10
-18   +7.756188685061959e-11  +4.882301495100271e-10
-17   +1.561834199227971e-11  +5.001013303131257e-10
-16   +4.021777439398601e-09  +1.753245643312150e-09
-15   +1.788764447712287e-09  +1.112115204695931e-09
-14   +1.585909867039939e-07  +4.886302956569569e-08
-13   +4.585241099462910e-08  +1.460908738327911e-08
-12   +4.834590436724102e-06  +1.471665572169356e-06
-11   +1.043409872916337e-06  +3.182268825574981e-07
-10   +1.633269784828382e-04  +4.969410521327197e-05
 -9   +9.549865164384630e-06  +2.906419134816347e-06
 -8   +2.459344154436826e-03  +7.482683587814144e-04
 -7   +1.470690737190516e-07  +4.689311378833221e-08
 -6   +8.597740290700041e-05  +2.621718480141706e-05
 -5   -5.166112393589720e-07  -9.088653132999807e-08
 -4   +2.472511755345002e-03  +7.293746081990913e-04
 -3   +8.586422742559766e-06  +1.073512642595734e-05
 -2   -4.724238360980756e-04  +1.960947814874919e-03
 -1   -6.239746898981711e-05  -1.938550907720655e-05
 +0   -5.436978149887582e-06  +0.000000000000000e+00
 +1   -6.239746898981711e-05  +1.938550907720655e-05
 +2   -4.724238360980756e-04  -1.960947814874919e-03
 +3   +8.586422742559766e-06  -1.073512642595734e-05
 +4   +2.472511755345002e-03  -7.293746081990913e-04
 +5   -5.166112393589720e-07  +9.088653132999807e-08
 +6   +8.597740290700041e-05  -2.621718480141706e-05
 +7   +1.470690737190516e-07  -4.689311378833221e-08
 +8   +2.459344154436826e-03  -7.482683587814144e-04
 +9   +9.549865164384630e-06  -2.906419134816347e-06
+10   +1.633269784828382e-04  -4.969410521327197e-05
+11   +1.043409872916337e-06  -3.182268825574981e-07
+12   +4.834590436724102e-06  -1.471665572169356e-06
+13   +4.585241099462910e-08  -1.460908738327911e-08
+14   +1.585909867039939e-07  -4.886302956569569e-08
+15   +1.788764447712287e-09  -1.112115204695931e-09
+16   +4.021777439398601e-09  -1.753245643312150e-09
+17   +1.561834199227971e-11  -5.001013303131257e-10
+18   +7.756188685061959e-11  -4.882301495100271e-10
+19   -1.839184922435251e-11  -4.313744784373867e-10
+20   -7.306088202072773e-12  -4.097343639838422e-10
+21   -6.229751000158772e-13  -3.890538047513675e-10
+22   +7.727870623276596e-12  -3.708840699448713e-10
+23   +1.516458134088438e-11  -3.541894025360699e-10
+24   +2.191748408039104e-11  -3.388276732900049e-10
+25   +2.800597249367450e-11  -3.246242306574198e-10
+26   +3.350861907097252e-11  -3.114487214491172e-10
+27   +3.849095115502227e-11  -2.991886842159667e-10
+28   +4.301218169195263e-11  -2.877479967672732e-10
+29   +4.712404498386123e-11  -2.770435429702088e-10
+30   +5.087197442607405e-11  -2.670031398542574e-10

