-30   -2.039271709993020e-11  -7.342247055076519e-11
-29   -1.979651709911686e-11  -7.633619344706678e-11
-28   -1.913910918665112e-11  -7.946037742762682e-11
-27   -1.841205005458883e-11  -8.282021675174947e-11
-26   -1.760549085929797e-11  -8.644515294102091e-11
-25   -1.670776333517023e-11  -9.036973077507416e-11
-24   -1.570521994890332e-11  -9.463482731803599e-11
-23   -1.458162728772578e-11  -9.928903092305048e-11
-22   -1.331766155075603e-11  -1.043907146520924e-10
-21   -1.189155079832905e-11  -1.100107023242776e-10
-20   -1.027374876844112e-11  -1.162348692647620e-10
-19   -8.481562428941839e-12  -1.231771795524262e-10
-18   -6.375011018649064e-12  -1.309548688529030e-10
-17   -6.146790670449995e-12  -1.401154938811535e-10
-16   -2.846822322178994e-12  -1.500019516530839e-10
-15   -9.277936784934954e-11  -1.737703886325608e-10
-14   -5.580620108231755e-11  -1.846027433092494e-10
-13   -4.125935518723695e-09  -8.227589317133372e-10
-12   -1.997178045578300e-09  -4.317500080934040e-10
-11   -1.650000059302762e-07  -1.050205344634092e-08
-10   -6.155361729400156e-08  -7.387720215690954e-09
 -9   -6.697316924825015e-06  -5.626023938508350e-07
 -8   -1.517575162977660e-06  +5.665205838110903e-09
 -7   -2.411822637733597e-04  +3.724557279899802e-05
 -6   -2.249585324714955e-05  -1.233072566353806e-06
 -5   -6.210798187820778e-03  +6.185005862983794e-04
 -4   -1.222282640891347e-06  +1.160939109751326e-06
 -3   -1.088962946493053e-01  +2.657015654953019e-01
 -2   +1.791587884432332e-05  +5.909882045633700e-08
 -1   -6.486635607729991e-03  +2.477583688017954e-03
 +0   -3.665999596345314e-05  +0.000000000000000e+00
 +1   -6.486635607729991e-03  -2.477583688017954e-03
 +2   +1.791587884432332e-05  -5.909882045633700e-08
 +3   -1.088962946493053e-01  -2.657015654953019e-01
 +4   -1.222282640891347e-06  -1.160939109751326e-06
 +5   -6.210798187820778e-03  -6.185005862983794e-04
 +6   -2.249585324714955e-05  +1.233072566353806e-06
 +7   -2.411822637733597e-04  -3.724557279899802e-05
 +8   -1.517575162977660e-06  -5.665205838110903e-09
 +9   -6.697316924825015e-06  +5.626023938508350e-07
+10   -6.155361729400156e-08  +7.387720215690954e-09
+11   -1.650000059302762e-07  +1.050205344634092e-08
+12   -1.997178045578300e-09  +4.317500080934040e-10
+13   -4.125935518723695e-09  +8.227589317133372e-10
+14   -5.580620108231755e-11  +1.846027433092494e-10
+15   -9.277936784934954e-11  +1.737703886325608e-10
+16   -2.846822322178994e-12  +1.500019516530839e-10
+17   -6.146790670449995e-12  +1.401154938811535e-10
+18   -6.375011018649064e-12  +1.309548688529030e-10
+19   -8.481562428941839e-12  +1.231771795524262e-10
+20   -1.027374876844112e-11  +1.162348692647620e-10
+21   -1.189155079832905e-11  +1.100107023242776e-10
+22   -1.331766155075603e-11  +1.043907146520924e-10
+23   -1.458162728772578e-11  +9.928903092305048e-11
+24   -1.570521994890332e-11  +9.463482731803599e-11
+25   -1.670776333517023e-11  +9.036973077507416e-11
+26   -1.760549085929797e-11  +8.644515294102091e-11
+27   -1.841205005458883e-11  +8.282021675174947e-11
+28   -1.913910918665112e-11  +7.946037742762682e-11
+29   -1.979651709911686e-11  +7.633619344706678e-11
+30   -2.039271709993020e-11  +7.342247055076519e-11

