-30   -1.856843291764805e-10  -3.203841688838042e-10
-29   -1.890670490095795e-10  -3.323840704443381e-10
-28   -1.928136259645510e-10  -3.451674710727919e-10
-27   -1.969777122781802e-10  -3.588172391580452e-10
-26   -2.016233003344831e-10  -3.734279559991580e-10
-25   -2.068270374293802e-10  -3.891081800713149e-10
-24   -2.126813145815193e-10  -4.059830680642568e-10
-23   -2.192983866903329e-10  -4.241976990263484e-10
-22   -2.268156143220813e-10  -4.439208698146918e-10
-21   -2.354024774502624e-10  -4.653500273482916e-10
-20   -2.452700054246089e-10  -4.887174750583067e-10
-19   -2.566833892085453e-10  -5.142980366847966e-10
-18   -2.699802197572691e-10  -5.424185152820004e-10
-17   -2.855917170208826e-10  -5.734698920036011e-10
-16   -3.041175847299688e-10  -6.079230769983236e-10
-15   -3.262250704078370e-10  -6.463459198623407e-10
-14   -3.545520535146718e-10  -6.894522204952415e-10
-13   -3.871182107276102e-10  -7.380295945718528e-10
-12   -5.095559082107221e-10  -7.944993676623265e-10
-11   -5.322356913077532e-10  -8.562280110009458e-10
-10   -3.895364612746569e-09  -9.768874862028482e-10
 -9   -2.904948445207557e-09  -1.023326873118220e-09
 -8   -1.906401520852631e-07  -5.726478306055154e-09
 -7   -6.661990849600318e-08  +4.029603447816798e-10
 -6   -6.200265938050372e-06  +5.655214570946789e-08
 -5   -2.543504323718051e-06  +6.530059197657353e-08
 -4   -4.679252116069548e-04  -2.290542704009164e-05
 -3   -2.532068134422893e-05  +8.110410810068753e-06
 -2   -5.621770484265357e-03  +2.104550379176890e-03
 -1   -2.680287479842135e-06  -4.848657313411958e-07
 +0   -2.287877893689625e-04  +0.000000000000000e+00
 +1   -2.680287479842135e-06  +4.848657313411958e-07
 +2   -5.621770484265357e-03  -2.104550379176890e-03
 +3   -2.532068134422893e-05  -8.110410810068753e-06
 +4   -4.679252116069548e-04  +2.290542704009164e-05
 +5   -2.543504323718051e-06  -6.530059197657353e-08
 +6   -6.200265938050372e-06  -5.655214570946789e-08
 +7   -6.661990849600318e-08  -4.029603447816798e-10
 +8   -1.906401520852631e-07  +5.726478306055154e-09
 +9   -2.904948445207557e-09  +1.023326873118220e-09
+10   -3.895364612746569e-09  +9.768874862028482e-10
+11   -5.322356913077532e-10  +8.562280110009458e-10
+12   -5.095559082107221e-10  +7.944993676623265e-10
+13   -3.871182107276102e-10  +7.380295945718528e-10
+14   -3.545520535146718e-10  +6.894522204952415e-10
+15   -3.262250704078370e-10  +6.463459198623407e-10
+16   -3.041175847299688e-10  +6.079230769983236e-10
+17   -2.855917170208826e-10  +5.734698920036011e-10
+18   -2.699802197572691e-10  +5.424185152820004e-10
+19   -2.566833892085453e-10  +5.142980366847966e-10
+20   -2.452700054246089e-10  +4.887174750583067e-10
+21   -2.354024774502624e-10  +4.653500273482916e-10
+22   -2.268156143220813e-10  +4.439208698146918e-10
+23   -2.192983866903329e-10  +4.241976990263484e-10
+24   -2.126813145815193e-10  +4.059830680642568e-10
+25   -2.068270374293802e-10  +3.891081800713149e-10
+26   -2.016233003344831e-10  +3.734279559991580e-10
+27   -1.969777122781802e-10  +3.588172391580452e-10
+28   -1.928136259645510e-10  +3.451674710727919e-10
+29   -1.890670490095795e-10  +3.323840704443381e-10
+30   -1.856843291764805e-10  +3.203841688838042e-10

