-30   +2.177589299641296e-10  +5.713916653024496e-10
-29   +2.163893675012188e-10  +5.928361341193664e-10
-28   +2.148770669318184e-10  +6.156853968607697e-10
-27   +2.132017720935941e-10  +6.400882119268564e-10
-26   +2.113396939184345e-10  +6.662148242440416e-10
-25   +2.092624603927825e-10  +6.942605508543887e-10
-24   +2.069363201431990e-10  +7.244506424679789e-10
-23   +2.043207927605699e-10  +7.570460936604697e-10
-22   +2.013668277556483e-10  +7.923505403352238e-10
-21   +1.980160615014999e-10  +8.307192085118366e-10
-20   +1.941935277802843e-10  +8.725693478662860e-10
-19   +1.898560357190281e-10  +9.184001891737753e-10
-18   +1.847970964697679e-10  +9.687823551370571e-10
-17   +1.809602039414221e-10  +1.024661846534681e-09
-16   +1.735831364702542e-10  +1.086352731889461e-09
-15   +2.483851217932340e-10  +1.168137162585666e-09
-14   +2.102536238193547e-10  +1.238119979631749e-09
-13   +3.813393748365219e-09  +1.730640723038602e-09
-12   +1.830985228498804e-09  +1.666018502492907e-09
-11   +1.290413179025769e-07  +2.671131837635962e-08
-10   +5.193351843735745e-08  +6.683153764061727e-09
 -9   +5.420320650438722e-06  +5.292557357849955e-07
 -8   +1.015443438618080e-06  +1.118910925292144e-07
 -7   +1.162427510319100e-04  +2.145622893598299e-05
 -6   +1.505094282719903e-05  -1.562112146144778e-06
 -5   +4.489339125202082e-03  -6.577526895882053e-04
 -4   -2.019139228955357e-06  -6.869950809711715e-07
 -3   -2.674092592603631e-02  -2.857625870927869e-01
 -2   +1.594087497877400e-05  -5.730142819939354e-06
 -1   +4.510636598823275e-03  +6.116643295328289e-03
 +0   +2.050069281345005e-05  +0.000000000000000e+00
 +1   +4.510636598823275e-03  -6.116643295328289e-03
 +2   +1.594087497877400e-05  +5.730142819939354e-06
 +3   -2.674092592603631e-02  +2.857625870927869e-01
 +4   -2.019139228955357e-06  +6.869950809711715e-07
 +5   +4.489339125202082e-03  +6.577526895882053e-04
 +6   +1.505094282719903e-05  +1.562112146144778e-06
 +7   +1.162427510319100e-04  -2.145622893598299e-05
 +8   +1.015443438618080e-06  -1.118910925292144e-07
 +9   +5.420320650438722e-06  -5.292557357849955e-07
+10   +5.193351843735745e-08  -6.683153764061727e-09
+11   +1.290413179025769e-07  -2.671131837635962e-08
+12   +1.830985228498804e-09  -1.666018502492907e-09
+13   +3.813393748365219e-09  -1.730640723038602e-09
+14   +2.102536238193547e-10  -1.238119979631749e-09
+15   +2.483851217932340e-10  -1.168137162585666e-09
+16   +1.735831364702542e-10  -1.086352731889461e-09
+17   +1.809602039414221e-10  -1.024661846534681e-09
+18   +1.847970964697679e-10  -9.687823551370571e-10
+19   +1.898560357190281e-10  -9.184001891737753e-10
+20   +1.941935277802843e-10  -8.725693478662860e-10
+21   +1.980160615014999e-10  -8.307192085118366e-10
+22   +2.013668277556483e-10  -7.923505403352238e-10
+23   +2.043207927605699e-10  -7.570460936604697e-10
+24   +2.069363201431990e-10  -7.244506424679789e-10
+25   +2.092624603927825e-10  -6.942605508543887e-10
+26   +2.113396939184345e-10  -6.662148242440416e-10
+27   +2.132017720935941e-10  -6.400882119268564e-10
+28   +2.148770669318184e-10  -6.156853968607697e-10
+29   +2.163893675012188e-10  -5.928361341193664e-10
+30   +2.177589299641296e-10  -5.713916653024496e-10

