-30   +6.439187628212753e-11  +3.784689191879996e-11
-29   +6.824566214781758e-11  +4.095850017733241e-11
-28   +7.251371235844161e-11  +4.448626552344815e-11
-27   +7.725733266811471e-11  +4.850650579243208e-11
-26   +8.254985799331620e-11  +5.311320995735677e-11
-25   +8.847912414259796e-11  +5.842282493384446e-11
-24   +9.515314960378712e-11  +6.458152078608920e-11
-23   +1.026988925176514e-10  +7.177200697846655e-11
-22   +1.113411879349835e-10  +8.024752044880073e-11
-21   +1.211407054048607e-10  +9.026565732696584e-11
-20   +1.350267526082015e-10  +1.030295591749112e-10
-19   +1.473440473405652e-10  +1.172290953322110e-10
-18   +2.700301390744954e-10  +1.674663950338574e-10
-17   +2.387367068692825e-10  +1.740381091603163e-10
-16   +4.280155999008158e-09  +1.423916835294769e-09
-15   +2.087812606543170e-09  +7.825820143969500e-10
-14   +1.589370041532803e-07  +4.853788875628256e-08
-13   +4.625262051714755e-08  +1.429499123736759e-08
-12   +4.835052870052338e-06  +1.471375113258048e-06
-11   +1.043942930017308e-06  +3.179694769208610e-07
-10   +1.633275898109085e-04  +4.969400125002524e-05
 -9   +9.550559171959773e-06  +2.906328588207665e-06
 -8   +2.459344927208330e-03  +7.482776124377537e-04
 -7   +1.478982097338084e-07  +4.385498225134073e-08
 -6   +8.597823111161874e-05  +2.610185875579360e-05
 -5   -5.159072842455379e-07  -2.236642682706100e-07
 -4   +2.472512144480398e-03  +7.751833782298883e-04
 -3   +8.586132630829575e-06  -5.489314127853698e-06
 -2   -4.724245283721482e-04  -2.248154884362139e-03
 -1   -6.239851260110109e-05  -1.841708679189145e-05
 +0   -5.438130178088845e-06  +0.000000000000000e+00
 +1   -6.239851260110109e-05  +1.841708679189145e-05
 +2   -4.724245283721482e-04  +2.248154884362139e-03
 +3   +8.586132630829575e-06  +5.489314127853698e-06
 +4   +2.472512144480398e-03  -7.751833782298883e-04
 +5   -5.159072842455379e-07  +2.236642682706100e-07
 +6   +8.597823111161874e-05  -2.610185875579360e-05
 +7   +1.478982097338084e-07  -4.385498225134073e-08
 +8   +2.459344927208330e-03  -7.482776124377537e-04
 +9   +9.550559171959773e-06  -2.906328588207665e-06
+10   +1.633275898109085e-04  -4.969400125002524e-05
+11   +1.043942930017308e-06  -3.179694769208610e-07
+12   +4.835052870052338e-06  -1.471375113258048e-06
+13   +4.625262051714755e-08  -1.429499123736759e-08
+14   +1.589370041532803e-07  -4.853788875628256e-08
+15   +2.087812606543170e-09  -7.825820143969500e-10
+16   +4.280155999008158e-09  -1.423916835294769e-09
+17   +2.387367068692825e-10  -1.740381091603163e-10
+18   +2.700301390744954e-10  -1.674663950338574e-10
+19   +1.473440473405652e-10  -1.172290953322110e-10
+20   +1.350267526082015e-10  -1.030295591749112e-10
+21   +1.211407054048607e-10  -9.026565732696584e-11
+22   +1.113411879349835e-10  -8.024752044880073e-11
+23   +1.026988925176514e-10  -7.177200697846655e-11
+24   +9.515314960378712e-11  -6.458152078608920e-11
+25   +8.847912414259796e-11  -5.842282493384446e-11
+26   +8.254985799331620e-11  -5.311320995735677e-11
+27   +7.725733266811471e-11  -4.850650579243208e-11
+28   +7.251371235844161e-11  -4.448626552344815e-11
+29   +6.824566214781758e-11  -4.095850017733241e-11
+30   +6.439187628212753e-11  -3.784689191879996e-11

