-30   +7.313782095340053e-11  +1.130187595060750e-10
-29   +7.488785796172534e-11  +1.172921286680612e-10
-28   +7.683098530322204e-11  +1.218481726545210e-10
-27   +7.899668138306668e-11  +1.267169961781695e-10
-26   +8.142019051476263e-11  +1.319329640970508e-10
-25   +8.414401597070545e-11  +1.375354238832095e-10
-24   +8.721981744531208e-11  +1.435695955454422e-10
-23   +9.071076184186299e-11  +1.500876962139443e-10
-22   +9.469498942355556e-11  +1.571499735364046e-10
-21   +9.926935068168368e-11  +1.648264267098697e-10
-20   +1.045605880700635e-10  +1.731946132633401e-10
-19   +1.107139759667520e-10  +1.823552873002131e-10
-18   +1.181378488772894e-10  +1.922651368026654e-10
-17   +1.266447746641927e-10  +2.033688270400045e-10
-16   +1.465020522897950e-10  +2.086355184468467e-10
-15   +1.551686188058138e-10  +2.248098383403815e-10
-14   +5.621598413919398e-10  -4.318524150976652e-11
-13   +4.117529255175625e-10  +9.533307531621991e-11
-12   +1.916184548498799e-08  -1.340667287217310e-08
-11   +6.823136311125088e-09  -4.458197739386324e-09
-10   +6.137737789397450e-07  -4.426056579105371e-07
 -9   +2.008546922535173e-07  -1.444431447578686e-07
 -8   +2.981550594603170e-05  -2.152497502113843e-05
 -7   +2.746456017264953e-06  -1.982155152380339e-06
 -6   +3.922235763987567e-04  -2.831689780430980e-04
 -5   -1.915604884816272e-08  +1.686681409161564e-08
 -4   -8.920619427641662e-06  +6.424629377978203e-06
 -3   -7.915511392106362e-08  +1.171330011485540e-07
 -2   -9.348789777563129e-04  +6.755303348547189e-04
 -1   +2.991485832255149e-06  +1.860003250114047e-05
 +0   -4.930422609956706e-04  +0.000000000000000e+00
 +1   +2.991485832255149e-06  -1.860003250114047e-05
 +2   -9.348789777563129e-04  -6.755303348547189e-04
 +3   -7.915511392106362e-08  -1.171330011485540e-07
 +4   -8.920619427641662e-06  -6.424629377978203e-06
 +5   -1.915604884816272e-08  -1.686681409161564e-08
 +6   +3.922235763987567e-04  +2.831689780430980e-04
 +7   +2.746456017264953e-06  +1.982155152380339e-06
 +8   +2.981550594603170e-05  +2.152497502113843e-05
 +9   +2.008546922535173e-07  +1.444431447578686e-07
+10   +6.137737789397450e-07  +4.426056579105371e-07
+11   +6.823136311125088e-09  +4.458197739386324e-09
+12   +1.916184548498799e-08  +1.340667287217310e-08
+13   +4.117529255175625e-10  -9.533307531621991e-11
+14   +5.621598413919398e-10  +4.318524150976652e-11
+15   +1.551686188058138e-10  -2.248098383403815e-10
+16   +1.465020522897950e-10  -2.086355184468467e-10
+17   +1.266447746641927e-10  -2.033688270400045e-10
+18   +1.181378488772894e-10  -1.922651368026654e-10
+19   +1.107139759667520e-10  -1.823552873002131e-10
+20   +1.045605880700635e-10  -1.731946132633401e-10
+21   +9.926935068168368e-11  -1.648264267098697e-10
+22   +9.469498942355556e-11  -1.571499735364046e-10
+23   +9.071076184186299e-11  -1.500876962139443e-10
+24   +8.721981744531208e-11  -1.435695955454422e-10
+25   +8.414401597070545e-11  -1.375354238832095e-10
+26   +8.142019051476263e-11  -1.319329640970508e-10
+27   +7.899668138306668e-11  -1.267169961781695e-10
+28   +7.683098530322204e-11  -1.218481726545210e-10
+29   +7.488785796172534e-11  -1.172921286680612e-10
+30   +7.313782095340053e-11  -1.130187595060750e-10

