-30   -1.573179633849837e-10  -5.751963573313536e-10
-29   -1.514857485820131e-10  -5.951201721202440e-10
-28   -1.450728913504747e-10  -6.161511402864967e-10
-27   -1.380023262372141e-10  -6.383787505731828e-10
-26   -1.301844092844500e-10  -6.618997949569631e-10
-25   -1.215142326452271e-10  -6.868187906255611e-10
-24   -1.118688116620088e-10  -7.132473976368115e-10
-23   -1.011033175567433e-10  -7.413036102160806e-10
-22   -8.904679958012896e-11  -7.711099331115700e-10
-21   -7.549687581358737e-11  -8.027890526055323e-10
-20   -6.021264784742123e-11  -8.364622159016651e-10
-19   -4.291506665568484e-11  -8.721848956890987e-10
-18   -2.324805419907676e-11  -9.101348810731938e-10
-17   -1.092494343877373e-12  -9.480832871526643e-10
-16   +2.462837832509392e-11  -9.909001176225492e-10
-15   +3.876337450908436e-11  -9.424225952553507e-10
-14   +8.004988039174332e-11  -1.020631642334890e-09
-13   -4.710207035874524e-10  +3.012324771619523e-09
-12   -1.988527817342172e-10  +8.159768809179086e-10
-11   -3.797795364469102e-08  +1.596494211953553e-07
-10   -1.079936677606237e-08  +5.974339471925485e-08
 -9   -1.410982059757205e-06  +6.569791221341266e-06
 -8   -4.463398050181789e-07  +1.449039726044224e-06
 -7   -1.058300150965817e-04  +2.198973301577152e-04
 -6   -5.345294129113839e-06  +2.189021524859271e-05
 -5   -2.399359044337948e-03  +5.761916213435419e-03
 -4   -9.091760104038762e-07  +1.059137299710704e-06
 -3   -2.858926177743598e-01  +2.684097605587464e-02
 -2   +7.173675142882941e-06  +1.059389246253791e-05
 -1   -4.149772182378194e-03  +5.688141143224677e-03
 +0   -4.020509250094873e-05  +0.000000000000000e+00
 +1   -4.149772182378194e-03  -5.688141143224677e-03
 +2   +7.173675142882941e-06  -1.059389246253791e-05
 +3   -2.858926177743598e-01  -2.684097605587464e-02
 +4   -9.091760104038762e-07  -1.059137299710704e-06
 +5   -2.399359044337948e-03  -5.761916213435419e-03
 +6   -5.345294129113839e-06  -2.189021524859271e-05
 +7   -1.058300150965817e-04  -2.198973301577152e-04
 +8   -4.463398050181789e-07  -1.449039726044224e-06
 +9   -1.410982059757205e-06  -6.569791221341266e-06
+10   -1.079936677606237e-08  -5.974339471925485e-08
+11   -3.797795364469102e-08  -1.596494211953553e-07
+12   -1.988527817342172e-10  -8.159768809179086e-10
+13   -4.710207035874524e-10  -3.012324771619523e-09
+14   +8.004988039174332e-11  +1.020631642334890e-09
+15   +3.876337450908436e-11  +9.424225952553507e-10
+16   +2.462837832509392e-11  +9.909001176225492e-10
+17   -1.092494343877373e-12  +9.480832871526643e-10
+18   -2.324805419907676e-11  +9.101348810731938e-10
+19   -4.291506665568484e-11  +8.721848956890987e-10
+20   -6.021264784742123e-11  +8.364622159016651e-10
+21   -7.549687581358737e-11  +8.027890526055323e-10
+22   -8.904679958012896e-11  +7.711099331115700e-10
+23   -1.011033175567433e-10  +7.413036102160806e-10
+24   -1.118688116620088e-10  +7.132473976368115e-10
+25   -1.215142326452271e-10  +6.868187906255611e-10
+26   -1.301844092844500e-10  +6.618997949569631e-10
+27   -1.380023262372141e-10  +6.383787505731828e-10
+28   -1.450728913504747e-10  +6.161511402864967e-10
+29   -1.514857485820131e-10  +5.951201721202440e-10
+30   -1.573179633849837e-10  +5.751963573313536e-10

