-30   +1.875462546722090e-11  +3.578556212160315e-11
-29   +1.900345291279208e-11  +3.712981527039979e-11
-28   +1.927906758117482e-11  +3.856231719504101e-11
-27   +1.958535490210208e-11  +4.009242087673697e-11
-26   +1.992707222586815e-11  +4.173107078884992e-11
-25   +2.030990189103501e-11  +4.349049300650507e-11
-24   +2.074056080407986e-11  +4.538500376180812e-11
-23   +2.122735885338752e-11  +4.743120555148140e-11
-22   +2.178039526156125e-11  +4.964851568007402e-11
-21   +2.241213127113698e-11  +5.205969932298831e-11
-20   +2.313814559057092e-11  +5.469149823667416e-11
-19   +2.397801243541919e-11  +5.757599173377124e-11
-18   +2.495652482070675e-11  +6.075183312112083e-11
-17   +2.610575408455293e-11  +6.426379891221787e-11
-16   +2.746703317658180e-11  +6.820033461872818e-11
-15   +2.909467543634121e-11  +7.256588602164400e-11
-14   +3.095703368945825e-11  +7.896886027164128e-11
-13   +3.348978964377945e-11  +8.430249898924443e-11
-12   +3.688910953131492e-11  +1.562640160046792e-10
-11   +3.598705188762894e-11  +1.458613974434624e-10
-10   -4.665501002870507e-10  +3.114043057674403e-09
 -9   +5.035909967673793e-11  +1.841240138143612e-09
 -8   +2.339373935402993e-09  +1.280260915082043e-07
 -7   -1.301100835548746e-08  +5.264538401442634e-08
 -6   -2.200515444363995e-06  +4.775345372358044e-06
 -5   -1.079045451874812e-07  +1.527931332715033e-06
 -4   -1.938236297782364e-05  +2.191690942157023e-04
 -3   -8.911132219891631e-06  +1.414073584145535e-05
 -2   -3.323148309979282e-03  +2.463183854431872e-03
 -1   +1.408050929141162e-07  +2.344399108497067e-07
 +0   -1.537282334792248e-04  +0.000000000000000e+00
 +1   +1.408050929141162e-07  -2.344399108497067e-07
 +2   -3.323148309979282e-03  -2.463183854431872e-03
 +3   -8.911132219891631e-06  -1.414073584145535e-05
 +4   -1.938236297782364e-05  -2.191690942157023e-04
 +5   -1.079045451874812e-07  -1.527931332715033e-06
 +6   -2.200515444363995e-06  -4.775345372358044e-06
 +7   -1.301100835548746e-08  -5.264538401442634e-08
 +8   +2.339373935402993e-09  -1.280260915082043e-07
 +9   +5.035909967673793e-11  -1.841240138143612e-09
+10   -4.665501002870507e-10  -3.114043057674403e-09
+11   +3.598705188762894e-11  -1.458613974434624e-10
+12   +3.688910953131492e-11  -1.562640160046792e-10
+13   +3.348978964377945e-11  -8.430249898924443e-11
+14   +3.095703368945825e-11  -7.896886027164128e-11
+15   +2.909467543634121e-11  -7.256588602164400e-11
+16   +2.746703317658180e-11  -6.820033461872818e-11
+17   +2.610575408455293e-11  -6.426379891221787e-11
+18   +2.495652482070675e-11  -6.075183312112083e-11
+19   +2.397801243541919e-11  -5.757599173377124e-11
+20   +2.313814559057092e-11  -5.469149823667416e-11
+21   +2.241213127113698e-11  -5.205969932298831e-11
+22   +2.178039526156125e-11  -4.964851568007402e-11
+23   +2.122735885338752e-11  -4.743120555148140e-11
+24   +2.074056080407986e-11  -4.538500376180812e-11
+25   +2.030990189103501e-11  -4.349049300650507e-11
+26   +1.992707222586815e-11  -4.173107078884992e-11
+27   +1.958535490210208e-11  -4.009242087673697e-11
+28   +1.927906758117482e-11  -3.856231719504101e-11
+29   +1.900345291279208e-11  -3.712981527039979e-11
+30   +1.875462546722090e-11  -3.578556212160315e-11

