-30   -1.036271010048444e-10  -8.628501906732302e-11
-29   -1.081187644652961e-10  -8.918472169221219e-11
-28   -1.131183403353774e-10  -9.222627430167504e-11
-27   -1.187057682328276e-10  -9.541610769388003e-11
-26   -1.249772025521470e-10  -9.875932593618547e-11
-25   -1.320493445531125e-10  -1.022589252174703e-10
-24   -1.400655171715573e-10  -1.059127769177156e-10
-23   -1.492008591562066e-10  -1.097173964940157e-10
-22   -1.596940513486574e-10  -1.135925214000914e-10
-21   -1.717779233939066e-10  -1.176470890249338e-10
-20   -1.866158559436564e-10  -1.191505786210585e-10
-19   -2.028356958765835e-10  -1.239914036676622e-10
-18   -2.549430832969330e-10  -2.050419668032838e-11
-17   -2.630882971177883e-10  -7.335234204615897e-11
-16   -1.513935353687275e-09  +3.943797315817799e-09
-15   -8.724977222691615e-10  +1.724072037566822e-09
-14   -4.862265701968736e-08  +1.585423558353526e-07
-13   -1.436250860862898e-08  +4.582314977275129e-08
-12   -1.471291152034062e-06  +4.834584451604689e-06
-11   -3.174825610196854e-07  +1.043431306076913e-06
-10   -4.968961371201256e-05  +1.633270324253069e-04
 -9   -2.888520696721877e-06  +9.549946695815175e-06
 -8   -7.481860512681883e-04  +2.459344280973654e-03
 -7   +1.955077729886991e-07  +1.470939797853774e-07
 -6   -2.692101060380220e-05  +8.597758695064153e-05
 -5   -1.655655371043097e-06  -5.163402098582065e-07
 -4   -1.107440884564696e-03  +2.472514951269468e-03
 -3   -1.679959264953896e-05  +8.623858269650510e-06
 -2   -3.661890866548962e-03  -4.719757549506891e-04
 -1   +1.617835636193740e-05  -6.201477571799149e-05
 +0   -1.500058996669534e+00  +0.000000000000000e+00
 +1   +1.617835636193740e-05  +6.201477571799149e-05
 +2   -3.661890866548962e-03  +4.719757549506891e-04
 +3   -1.679959264953896e-05  -8.623858269650510e-06
 +4   -1.107440884564696e-03  -2.472514951269468e-03
 +5   -1.655655371043097e-06  +5.163402098582065e-07
 +6   -2.692101060380220e-05  -8.597758695064153e-05
 +7   +1.955077729886991e-07  -1.470939797853774e-07
 +8   -7.481860512681883e-04  -2.459344280973654e-03
 +9   -2.888520696721877e-06  -9.549946695815175e-06
+10   -4.968961371201256e-05  -1.633270324253069e-04
+11   -3.174825610196854e-07  -1.043431306076913e-06
+12   -1.471291152034062e-06  -4.834584451604689e-06
+13   -1.436250860862898e-08  -4.582314977275129e-08
+14   -4.862265701968736e-08  -1.585423558353526e-07
+15   -8.724977222691615e-10  -1.724072037566822e-09
+16   -1.513935353687275e-09  -3.943797315817799e-09
+17   -2.630882971177883e-10  +7.335234204615897e-11
+18   -2.549430832969330e-10  +2.050419668032838e-11
+19   -2.028356958765835e-10  +1.239914036676622e-10
+20   -1.866158559436564e-10  +1.191505786210585e-10
+21   -1.717779233939066e-10  +1.176470890249338e-10
+22   -1.596940513486574e-10  +1.135925214000914e-10
+23   -1.492008591562066e-10  +1.097173964940157e-10
+24   -1.400655171715573e-10  +1.059127769177156e-10
+25   -1.320493445531125e-10  +1.022589252174703e-10
+26   -1.249772025521470e-10  +9.875932593618547e-11
+27   -1.187057682328276e-10  +9.541610769388003e-11
+28   -1.131183403353774e-10  +9.222627430167504e-11
+29   -1.081187644652961e-10  +8.918472169221219e-11
+30   -1.036271010048444e-10  +8.628501906732302e-11

