-30   -3.534918768847394e-11  -1.813529032961841e-11
-29   -3.701798017478402e-11  -1.849881000518024e-11
-28   -3.886171819360580e-11  -1.884674547098302e-11
-27   -4.090523452520319e-11  -1.917155927135638e-11
-26   -4.317792552815263e-11  -1.946341917204312e-11
-25   -4.571446579815769e-11  -1.970943300470613e-11
-24   -4.855640256074502e-11  -1.989268999787429e-11
-23   -5.175326434817758e-11  -1.999093668906884e-11
-22   -5.536467429800278e-11  -1.997459440017929e-11
-21   -5.946294671828853e-11  -1.980446166707204e-11
-20   -6.413233903577148e-11  -1.942308941623057e-11
-19   -6.948658145198040e-11  -1.876847421114295e-11
-18   -7.550483741870322e-11  -1.753350646300085e-11
-17   -8.266829991830418e-11  -1.602886865026455e-11
-16   -8.400318349935037e-11  -4.138980470290926e-12
-15   -9.635432902397533e-11  -4.591983319801923e-12
-14   +1.751673303952648e-10  +3.918950139967266e-10
-13   +3.911756420891824e-11  +2.293091484088266e-10
-12   +1.353812988113402e-08  +1.896518733121973e-08
-11   +4.568445070521289e-09  +6.609768023256336e-09
-10   +4.423484127255034e-07  +6.135407061209237e-07
 -9   +1.431472523351954e-07  +2.005975523735867e-07
 -8   +2.149797582327318e-05  +2.981522474409443e-05
 -7   +1.953663152660700e-06  +2.746105427146562e-06
 -6   +2.817378481919945e-04  +3.922233064807380e-04
 -5   -8.568646590525425e-07  -2.304801689680115e-08
 -4   -1.567356050535031e-04  -8.898932640763226e-06
 -3   -1.787551644588234e-05  -1.626591622332040e-07
 -2   -4.017297208601863e-03  -9.356905756011350e-04
 -1   +1.728648789500297e-06  -2.576365113287465e-05
 +0   -1.000360515825799e+00  +0.000000000000000e+00
 +1   +1.728648789500297e-06  +2.576365113287465e-05
 +2   -4.017297208601863e-03  +9.356905756011350e-04
 +3   -1.787551644588234e-05  +1.626591622332040e-07
 +4   -1.567356050535031e-04  +8.898932640763226e-06
 +5   -8.568646590525425e-07  +2.304801689680115e-08
 +6   +2.817378481919945e-04  -3.922233064807380e-04
 +7   +1.953663152660700e-06  -2.746105427146562e-06
 +8   +2.149797582327318e-05  -2.981522474409443e-05
 +9   +1.431472523351954e-07  -2.005975523735867e-07
+10   +4.423484127255034e-07  -6.135407061209237e-07
+11   +4.568445070521289e-09  -6.609768023256336e-09
+12   +1.353812988113402e-08  -1.896518733121973e-08
+13   +3.911756420891824e-11  -2.293091484088266e-10
+14   +1.751673303952648e-10  -3.918950139967266e-10
+15   -9.635432902397533e-11  +4.591983319801923e-12
+16   -8.400318349935037e-11  +4.138980470290926e-12
+17   -8.266829991830418e-11  +1.602886865026455e-11
+18   -7.550483741870322e-11  +1.753350646300085e-11
+19   -6.948658145198040e-11  +1.876847421114295e-11
+20   -6.413233903577148e-11  +1.942308941623057e-11
+21   -5.946294671828853e-11  +1.980446166707204e-11
+22   -5.536467429800278e-11  +1.997459440017929e-11
+23   -5.175326434817758e-11  +1.999093668906884e-11
+24   -4.855640256074502e-11  +1.989268999787429e-11
+25   -4.571446579815769e-11  +1.970943300470613e-11
+26   -4.317792552815263e-11  +1.946341917204312e-11
+27   -4.090523452520319e-11  +1.917155927135638e-11
+28   -3.886171819360580e-11  +1.884674547098302e-11
+29   -3.701798017478402e-11  +1.849881000518024e-11
+30   -3.534918768847394e-11  +1.813529032961841e-11

