-30   -9.376855518780589e-11  -4.834778998467266e-10
-29   -8.626130135421419e-11  -5.000221173143777e-10
-28   -7.798703888439928e-11  -5.174607797804089e-10
-27   -6.884006621919762e-11  -5.358622387919785e-10
-26   -5.869614044871761e-11  -5.552997778064148e-10
-25   -4.740870184254660e-11  -5.758511338884287e-10
-24   -3.480393862691758e-11  -5.975977384516433e-10
-23   -2.067457009783269e-11  -6.206236868362242e-10
-22   -4.772218413514065e-12  -6.450132868105481e-10
-21   +1.320240858041612e-11  -6.708460903459989e-10
-20   +3.361250865237611e-11  -6.981955906209437e-10
-19   +5.689457624988240e-11  -7.270678566518472e-10
-18   +8.360691005035164e-11  -7.575775867479483e-10
-17   +1.141730542883706e-10  -7.876059371849676e-10
-16   +1.499501995216936e-10  -8.216135489995637e-10
-15   +1.787080488798333e-10  -7.733891188979599e-10
-14   +2.348712899993870e-10  -8.372634039328872e-10
-13   -1.127010127414469e-10  +2.742177758192488e-09
-12   +1.196934335520101e-10  +7.399668721986832e-10
-11   -2.472710670247207e-08  +1.279367038327056e-07
-10   -4.459945392929660e-09  +5.082648358028167e-08
 -9   -5.266381142905022e-07  +5.419212372335385e-06
 -8   -1.085032268331783e-07  +1.014276602842373e-06
 -7   -2.144794626823765e-05  +1.162405852972196e-04
 -6   +1.578241648044521e-06  +1.504833777174518e-05
 -5   +6.578351666021326e-04  +4.489292880398283e-03
 -4   +1.088368182858705e-06  -2.234161529900615e-06
 -3   +2.857622201232984e-01  -2.674386147343842e-02
 -2   -7.083105911700136e-06  -1.290314843031002e-05
 -1   -6.309947091934503e-03  +3.965347672230429e-03
 +0   -4.632040403140256e-05  +0.000000000000000e+00
 +1   -6.309947091934503e-03  -3.965347672230429e-03
 +2   -7.083105911700136e-06  +1.290314843031002e-05
 +3   +2.857622201232984e-01  +2.674386147343842e-02
 +4   +1.088368182858705e-06  +2.234161529900615e-06
 +5   +6.578351666021326e-04  -4.489292880398283e-03
 +6   +1.578241648044521e-06  -1.504833777174518e-05
 +7   -2.144794626823765e-05  -1.162405852972196e-04
 +8   -1.085032268331783e-07  -1.014276602842373e-06
 +9   -5.266381142905022e-07  -5.419212372335385e-06
+10   -4.459945392929660e-09  -5.082648358028167e-08
+11   -2.472710670247207e-08  -1.279367038327056e-07
+12   +1.196934335520101e-10  -7.399668721986832e-10
+13   -1.127010127414469e-10  -2.742177758192488e-09
+14   +2.348712899993870e-10  +8.372634039328872e-10
+15   +1.787080488798333e-10  +7.733891188979599e-10
+16   +1.499501995216936e-10  +8.216135489995637e-10
+17   +1.141730542883706e-10  +7.876059371849676e-10
+18   +8.360691005035164e-11  +7.575775867479483e-10
+19   +5.689457624988240e-11  +7.270678566518472e-10
+20   +3.361250865237611e-11  +6.981955906209437e-10
+21   +1.320240858041612e-11  +6.708460903459989e-10
+22   -4.772218413514065e-12  +6.450132868105481e-10
+23   -2.067457009783269e-11  +6.206236868362242e-10
+24   -3.480393862691758e-11  +5.975977384516433e-10
+25   -4.740870184254660e-11  +5.758511338884287e-10
+26   -5.869614044871761e-11  +5.552997778064148e-10
+27   -6.884006621919762e-11  +5.358622387919785e-10
+28   -7.798703888439928e-11  +5.174607797804089e-10
+29   -8.626130135421419e-11  +5.000221173143777e-10
+30   -9.376855518780589e-11  +4.834778998467266e-10

