-30   -0.000000000000000e+00  -3.331179008764652e-15
-29   +0.000000000000000e+00  +3.456764341072515e-15
-28   -0.000000000000000e+00  -3.589222589777329e-15
-27   +0.000000000000000e+00  +3.730096980907404e-15
-26   -0.000000000000000e+00  -3.883487339235654e-15
-25   +0.000000000000000e+00  +4.046378370692738e-15
-24   -0.000000000000000e+00  -4.221993102244081e-15
-23   +0.000000000000000e+00  +4.411240031438012e-15
-22   -0.000000000000000e+00  -4.617318687529262e-15
-21   +0.000000000000000e+00  +4.838891617015027e-15
-20   -0.000000000000000e+00  -5.084744132521807e-15
-19   +0.000000000000000e+00  +5.348164742074031e-15
-18   -0.000000000000000e+00  -5.646523599728127e-15
-17   +0.000000000000000e+00  +5.956432039469549e-15
-16   -0.000000000000000e+00  -6.671505542337083e-15
-15   +0.000000000000000e+00  +6.334017681188975e-15
-14   -0.000000000000000e+00  -3.075208846838235e-14
-13   -0.000000000000000e+00  -1.168901310055154e-14
-12   -0.000000000000000e+00  -1.298953979206059e-12
-11   -0.000000000000000e+00  -1.198127444924781e-12
-10   -0.000000000000000e+00  -1.096816420033264e-10
 -9   -0.000000000000000e+00  -5.246821084154733e-11
 -8   -0.000000000000000e+00  -5.040605281325880e-09
 -7   -0.000000000000000e+00  -4.268509294472507e-09
 -6   -0.000000000000000e+00  -7.991205650065843e-07
 -5   -0.000000000000000e+00  -8.548891841217808e-08
 -4   -0.000000000000000e+00  -1.375257093763918e-05
 -3   -0.000000000000000e+00  -4.171435664724551e-05
 -2   -0.000000000000000e+00  -1.778435916476832e-02
 -1   +0.000000000000000e+00  +5.308820529874057e-06
 +0   +0.000000000000000e+00  +0.000000000000000e+00
 +1   -0.000000000000000e+00  -5.308820529874057e-06
 +2   +0.000000000000000e+00  +1.778435916476832e-02
 +3   +0.000000000000000e+00  +4.171435664724551e-05
 +4   +0.000000000000000e+00  +1.375257093763918e-05
 +5   +0.000000000000000e+00  +8.548891841217808e-08
 +6   +0.000000000000000e+00  +7.991205650065843e-07
 +7   +0.000000000000000e+00  +4.268509294472507e-09
 +8   +0.000000000000000e+00  +5.040605281325880e-09
 +9   +0.000000000000000e+00  +5.246821084154733e-11
+10   +0.000000000000000e+00  +1.096816420033264e-10
+11   +0.000000000000000e+00  +1.198127444924781e-12
+12   +0.000000000000000e+00  +1.298953979206059e-12
+13   +0.000000000000000e+00  +1.168901310055154e-14
+14   +0.000000000000000e+00  +3.075208846838235e-14
+15   -0.000000000000000e+00  -6.334017681188975e-15
+16   +0.000000000000000e+00  +6.671505542337083e-15
+17   -0.000000000000000e+00  -5.956432039469549e-15
+18   +0.000000000000000e+00  +5.646523599728127e-15
+19   -0.000000000000000e+00  -5.348164742074031e-15
+20   +0.000000000000000e+00  +5.084744132521807e-15
+21   -0.000000000000000e+00  -4.838891617015027e-15
+22   +0.000000000000000e+00  +4.617318687529262e-15
+23   -0.000000000000000e+00  -4.411240031438012e-15
+24   +0.000000000000000e+00  +4.221993102244081e-15
+25   -0.000000000000000e+00  -4.046378370692738e-15
+26   +0.000000000000000e+00  +3.883487339235654e-15
+27   -0.000000000000000e+00  -3.730096980907404e-15
+28   +0.000000000000000e+00  +3.589222589777329e-15
+29   -0.000000000000000e+00  -3.456764341072515e-15
+30   +0.000000000000000e+00  +3.331179008764652e-15

