-30   -1.175675550028601e-15  +0.000000000000000e+00
-29   +1.230496902466928e-15  +0.000000000000000e+00
-28   -1.289868683889355e-15  +0.000000000000000e+00
-27   +1.357084376919979e-15  +0.000000000000000e+00
-26   -1.430744984503114e-15  +0.000000000000000e+00
-25   +1.514590251990046e-15  +0.000000000000000e+00
-24   -1.608228694443144e-15  +0.000000000000000e+00
-23   +1.713926650445418e-15  +0.000000000000000e+00
-22   -1.834545417684984e-15  +0.000000000000000e+00
-21   +1.971354300779924e-15  +0.000000000000000e+00
-20   -2.128954607870280e-15  +0.000000000000000e+00
-19   +2.311592751801885e-15  +0.000000000000000e+00
-18   -2.529245409828578e-15  +0.000000000000000e+00
-17   +2.767932516502894e-15  +0.000000000000000e+00
-16   -3.438357431562056e-15  +0.000000000000000e+00
-15   +3.055456234231969e-15  +0.000000000000000e+00
-14   -2.459415158682822e-14  +0.000000000000000e+00
-13   -1.680611922308287e-14  +0.000000000000000e+00
-12   -1.499877965035317e-12  +0.000000000000000e+00
-11   -1.003739422990246e-12  +0.000000000000000e+00
-10   -7.712022267682364e-11  +0.000000000000000e+00
 -9   -6.542858168756818e-11  +0.000000000000000e+00
 -8   -7.463199764335677e-09  +0.000000000000000e+00
 -7   -2.562107774395832e-09  +0.000000000000000e+00
 -6   -2.342655506711431e-07  +0.000000000000000e+00
 -5   -2.291654459924124e-07  +0.000000000000000e+00
 -4   -5.797967025546337e-05  +0.000000000000000e+00
 -3   +1.554460121028691e-05  +0.000000000000000e+00
 -2   +2.896253723808679e-03  +0.000000000000000e+00
 -1   +2.749989906438264e-06  +0.000000000000000e+00
 +0   -1.132923456760406e-03  +0.000000000000000e+00
 +1   +2.749989906438264e-06  +0.000000000000000e+00
 +2   +2.896253723808679e-03  +0.000000000000000e+00
 +3   +1.554460121028691e-05  +0.000000000000000e+00
 +4   -5.797967025546337e-05  +0.000000000000000e+00
 +5   -2.291654459924124e-07  +0.000000000000000e+00
 +6   -2.342655506711431e-07  +0.000000000000000e+00
 +7   -2.562107774395832e-09  +0.000000000000000e+00
 +8   -7.463199764335677e-09  +0.000000000000000e+00
 +9   -6.542858168756818e-11  +0.000000000000000e+00
+10   -7.712022267682364e-11  +0.000000000000000e+00
+11   -1.003739422990246e-12  +0.000000000000000e+00
+12   -1.499877965035317e-12  +0.000000000000000e+00
+13   -1.680611922308287e-14  +0.000000000000000e+00
+14   -2.459415158682822e-14  +0.000000000000000e+00
+15   +3.055456234231969e-15  +0.000000000000000e+00
+16   -3.438357431562056e-15  +0.000000000000000e+00
+17   +2.767932516502894e-15  +0.000000000000000e+00
+18   -2.529245409828578e-15  +0.000000000000000e+00
+19   +2.311592751801885e-15  +0.000000000000000e+00
+20   -2.128954607870280e-15  +0.000000000000000e+00
+21   +1.971354300779924e-15  +0.000000000000000e+00
+22   -1.834545417684984e-15  +0.000000000000000e+00
+23   +1.713926650445418e-15  +0.000000000000000e+00
+24   -1.608228694443144e-15  +0.000000000000000e+00
+25   +1.514590251990046e-15  +0.000000000000000e+00
+26   -1.430744984503114e-15  +0.000000000000000e+00
+27   +1.357084376919979e-15  +0.000000000000000e+00
+28   -1.289868683889355e-15  +0.000000000000000e+00
+29   +1.230496902466928e-15  +0.000000000000000e+00
+30   -1.175675550028601e-15  +0.000000000000000e+00

