-30   +0.000000000000000e+00  +2.391122790846496e-14
-29   -0.000000000000000e+00  -2.482082582762913e-14
-28   +0.000000000000000e+00  +2.575807499468339e-14
-27   -0.000000000000000e+00  -2.678830215152865e-14
-26   +0.000000000000000e+00  +2.786101742954787e-14
-25   -0.000000000000000e+00  -2.904133657131086e-14
-24   +0.000000000000000e+00  +3.030519334463804e-14
-23   -0.000000000000000e+00  -3.165842628243485e-14
-22   +0.000000000000000e+00  +3.313447738008583e-14
-21   -0.000000000000000e+00  -3.472189624463916e-14
-20   +0.000000000000000e+00  +3.645782799052448e-14
-19   -0.000000000000000e+00  -3.836367649430062e-14
-18   +0.000000000000000e+00  +4.055017029895138e-14
-17   -0.000000000000000e+00  -4.267678702885799e-14
-16   +0.000000000000000e+00  +5.115897959714273e-14
-15   -0.000000000000000e+00  -4.272948973821829e-14
-14   +0.000000000000000e+00  +3.437102989708162e-13
-13   +0.000000000000000e+00  +2.190286194340447e-13
-12   +0.000000000000000e+00  +1.794632063442291e-11
-11   +0.000000000000000e+00  +1.141774644956614e-11
-10   +0.000000000000000e+00  +8.231908423058133e-10
 -9   +0.000000000000000e+00  +5.972801675725196e-10
 -8   +0.000000000000000e+00  +6.027998176661125e-08
 -7   +0.000000000000000e+00  +2.086167488661626e-08
 -6   +0.000000000000000e+00  +2.099569844764604e-06
 -5   +0.000000000000000e+00  +1.145603673674009e-06
 -4   +0.000000000000000e+00  +2.283228035846305e-04
 -3   -0.000000000000000e+00  -1.431051260368916e-06
 -2   +0.000000000000000e+00  +1.242515452813522e-02
 -1   -0.000000000000000e+00  -7.853100151130996e-06
 +0   +0.000000000000000e+00  +0.000000000000000e+00
 +1   +0.000000000000000e+00  +7.853100151130996e-06
 +2   -0.000000000000000e+00  -1.242515452813522e-02
 +3   +0.000000000000000e+00  +1.431051260368916e-06
 +4   -0.000000000000000e+00  -2.283228035846305e-04
 +5   -0.000000000000000e+00  -1.145603673674009e-06
 +6   -0.000000000000000e+00  -2.099569844764604e-06
 +7   -0.000000000000000e+00  -2.086167488661626e-08
 +8   -0.000000000000000e+00  -6.027998176661125e-08
 +9   -0.000000000000000e+00  -5.972801675725196e-10
+10   -0.000000000000000e+00  -8.231908423058133e-10
+11   -0.000000000000000e+00  -1.141774644956614e-11
+12   -0.000000000000000e+00  -1.794632063442291e-11
+13   -0.000000000000000e+00  -2.190286194340447e-13
+14   -0.000000000000000e+00  -3.437102989708162e-13
+15   +0.000000000000000e+00  +4.272948973821829e-14
+16   -0.000000000000000e+00  -5.115897959714273e-14
+17   +0.000000000000000e+00  +4.267678702885799e-14
+18   -0.000000000000000e+00  -4.055017029895138e-14
+19   +0.000000000000000e+00  +3.836367649430062e-14
+20   -0.000000000000000e+00  -3.645782799052448e-14
+21   +0.000000000000000e+00  +3.472189624463916e-14
+22   -0.000000000000000e+00  -3.313447738008583e-14
+23   +0.000000000000000e+00  +3.165842628243485e-14
+24   -0.000000000000000e+00  -3.030519334463804e-14
+25   +0.000000000000000e+00  +2.904133657131086e-14
+26   -0.000000000000000e+00  -2.786101742954787e-14
+27   +0.000000000000000e+00  +2.678830215152865e-14
+28   -0.000000000000000e+00  -2.575807499468339e-14
+29   +0.000000000000000e+00  +2.482082582762913e-14
+30   -0.000000000000000e+00  -2.391122790846496e-14

