-30   +3.933441877393140e-16  +0.000000000000000e+00
-29   -4.153177749817796e-16  +0.000000000000000e+00
-28   +4.345684267229090e-16  +0.000000000000000e+00
-27   -4.585152974064984e-16  +0.000000000000000e+00
-26   +4.769229406558738e-16  +0.000000000000000e+00
-25   -5.038345524518947e-16  +0.000000000000000e+00
-24   +5.466509271116049e-16  +0.000000000000000e+00
-23   -5.637078423405029e-16  +0.000000000000000e+00
-22   +6.024586922910839e-16  +0.000000000000000e+00
-21   -6.547278679544576e-16  +0.000000000000000e+00
-20   +6.973642054250490e-16  +0.000000000000000e+00
-19   -7.704327854589114e-16  +0.000000000000000e+00
-18   +7.289146919880694e-16  +0.000000000000000e+00
-17   -1.048266407971412e-15  +0.000000000000000e+00
-16   -4.478240374338657e-15  +0.000000000000000e+00
-15   -6.914911318539782e-15  +0.000000000000000e+00
-14   -3.248976049689570e-13  +0.000000000000000e+00
-13   -2.555968742255084e-13  +0.000000000000000e+00
-12   -1.582298244320678e-11  +0.000000000000000e+00
-11   -1.329572886384734e-11  +0.000000000000000e+00
-10   -1.091791783770710e-09  +0.000000000000000e+00
 -9   -5.024176905959801e-10  +0.000000000000000e+00
 -8   -4.477148313991447e-08  +0.000000000000000e+00
 -7   -3.020666028668379e-08  +0.000000000000000e+00
 -6   -4.670324283874518e-06  +0.000000000000000e+00
 -5   -6.246355656046962e-07  +0.000000000000000e+00
 -4   -1.088749638447547e-04  +0.000000000000000e+00
 -3   -1.002372648146061e-04  +0.000000000000000e+00
 -2   -3.001178168468347e-02  +0.000000000000000e+00
 -1   +7.661689249380684e-06  +0.000000000000000e+00
 +0   -1.132923456661258e-03  +0.000000000000000e+00
 +1   +7.661689249380684e-06  +0.000000000000000e+00
 +2   -3.001178168468347e-02  +0.000000000000000e+00
 +3   -1.002372648146061e-04  +0.000000000000000e+00
 +4   -1.088749638447547e-04  +0.000000000000000e+00
 +5   -6.246355656046962e-07  +0.000000000000000e+00
 +6   -4.670324283874518e-06  +0.000000000000000e+00
 +7   -3.020666028668379e-08  +0.000000000000000e+00
 +8   -4.477148313991447e-08  +0.000000000000000e+00
 +9   -5.024176905959801e-10  +0.000000000000000e+00
+10   -1.091791783770710e-09  +0.000000000000000e+00
+11   -1.329572886384734e-11  +0.000000000000000e+00
+12   -1.582298244320678e-11  +0.000000000000000e+00
+13   -2.555968742255084e-13  +0.000000000000000e+00
+14   -3.248976049689570e-13  +0.000000000000000e+00
+15   -6.914911318539782e-15  +0.000000000000000e+00
+16   -4.478240374338657e-15  +0.000000000000000e+00
+17   -1.048266407971412e-15  +0.000000000000000e+00
+18   +7.289146919880694e-16  +0.000000000000000e+00
+19   -7.704327854589114e-16  +0.000000000000000e+00
+20   +6.973642054250490e-16  +0.000000000000000e+00
+21   -6.547278679544576e-16  +0.000000000000000e+00
+22   +6.024586922910839e-16  +0.000000000000000e+00
+23   -5.637078423405029e-16  +0.000000000000000e+00
+24   +5.466509271116049e-16  +0.000000000000000e+00
+25   -5.038345524518947e-16  +0.000000000000000e+00
+26   +4.769229406558738e-16  +0.000000000000000e+00
+27   -4.585152974064984e-16  +0.000000000000000e+00
+28   +4.345684267229090e-16  +0.000000000000000e+00
+29   -4.153177749817796e-16  +0.000000000000000e+00
+30   +3.933441877393140e-16  +0.000000000000000e+00

