-30   -3.340271397572174e-11  -1.081292058925036e-10
-29   -3.262317426157619e-11  -1.121876617585973e-10
-28   -3.175967306919966e-11  -1.165122153295004e-10
-27   -3.079976808890731e-11  -1.211311267625167e-10
-26   -2.972867741462956e-11  -1.260767443225556e-10
-25   -2.852864746564122e-11  -1.313862406095548e-10
-24   -2.717828341111964e-11  -1.371025532658975e-10
-23   -2.565154590630193e-11  -1.432754714089285e-10
-22   -2.391657430999490e-11  -1.499630697741972e-10
-21   -2.193399420403490e-11  -1.572334784445678e-10
-20   -1.965473664155767e-11  -1.651669811628467e-10
-19   -1.701616520830284e-11  -1.738595067177216e-10
-18   -1.394153455731942e-11  -1.834234527160228e-10
-17   -1.027940759391451e-11  -1.940327959997343e-10
-16   -6.008564448076289e-12  -2.057709549342110e-10
-15   +1.603662800864725e-12  -2.207349175637989e-10
-14   +7.082815563721528e-12  -2.349411558211634e-10
-13   +1.619647365731982e-10  -3.607429701021525e-10
-12   +9.325581140041651e-11  -3.217887294739637e-10
-11   +6.910741946358228e-09  -5.386335410748490e-09
-10   +3.287693491395394e-09  -2.714887584870424e-09
 -9   +4.732340113086521e-07  -3.509550674427902e-07
 -8   +9.515532963093119e-08  -7.077775712709023e-08
 -7   +1.589782839197538e-05  -1.178020282068236e-05
 -6   +3.443889806734412e-06  -2.550937789581136e-06
 -5   +1.652845155527711e-03  -1.224750872378634e-03
 -4   -8.652372606945115e-07  +7.727439564572218e-07
 -3   -8.023980230132838e-02  +5.945964421614115e-02
 -2   -2.585947926637685e-06  -4.415576661366285e-06
 -1   -3.829822334435413e-03  +2.781311342803024e-03
 +0   -1.767801892732058e-05  +0.000000000000000e+00
 +1   -3.829822334435413e-03  -2.781311342803024e-03
 +2   -2.585947926637685e-06  +4.415576661366285e-06
 +3   -8.023980230132838e-02  -5.945964421614115e-02
 +4   -8.652372606945115e-07  -7.727439564572218e-07
 +5   +1.652845155527711e-03  +1.224750872378634e-03
 +6   +3.443889806734412e-06  +2.550937789581136e-06
 +7   +1.589782839197538e-05  +1.178020282068236e-05
 +8   +9.515532963093119e-08  +7.077775712709023e-08
 +9   +4.732340113086521e-07  +3.509550674427902e-07
+10   +3.287693491395394e-09  +2.714887584870424e-09
+11   +6.910741946358228e-09  +5.386335410748490e-09
+12   +9.325581140041651e-11  +3.217887294739637e-10
+13   +1.619647365731982e-10  +3.607429701021525e-10
+14   +7.082815563721528e-12  +2.349411558211634e-10
+15   +1.603662800864725e-12  +2.207349175637989e-10
+16   -6.008564448076289e-12  +2.057709549342110e-10
+17   -1.027940759391451e-11  +1.940327959997343e-10
+18   -1.394153455731942e-11  +1.834234527160228e-10
+19   -1.701616520830284e-11  +1.738595067177216e-10
+20   -1.965473664155767e-11  +1.651669811628467e-10
+21   -2.193399420403490e-11  +1.572334784445678e-10
+22   -2.391657430999490e-11  +1.499630697741972e-10
+23   -2.565154590630193e-11  +1.432754714089285e-10
+24   -2.717828341111964e-11  +1.371025532658975e-10
+25   -2.852864746564122e-11  +1.313862406095548e-10
+26   -2.972867741462956e-11  +1.260767443225556e-10
+27   -3.079976808890731e-11  +1.211311267625167e-10
+28   -3.175967306919966e-11  +1.165122153295004e-10
+29   -3.262317426157619e-11  +1.121876617585973e-10
+30   -3.340271397572174e-11  +1.081292058925036e-10

