-30   -2.993206665434679e-12  -9.812078796426036e-12
-29   -2.920028856589442e-12  -1.018007609957869e-11
-28   -2.838982385291877e-12  -1.057215786609027e-11
-27   -2.748925827256618e-12  -1.099088567667586e-11
-26   -2.648480261606498e-12  -1.143917353687289e-11
-25   -2.535988615526808e-12  -1.192037653013681e-11
-24   -2.409465660995932e-12  -1.243837436719275e-11
-23   -2.266491347734210e-12  -1.299764059341140e-11
-22   -2.104115341016391e-12  -1.360340758338292e-11
-21   -1.918705917700408e-12  -1.426180421495252e-11
-20   -1.705734149564078e-12  -1.498003159437220e-11
-19   -1.459485626480937e-12  -1.576663997734503e-11
-18   -1.172803896050663e-12  -1.663179552656796e-11
-17   -8.364126273108613e-13  -1.758772121183066e-11
-16   -4.387840840364660e-13  -1.864847573415591e-11
-15   +3.682844760649350e-14  -1.983318067836353e-11
-14   +5.888165673968246e-13  -2.112573223521973e-11
-13   +1.287581978616066e-12  -2.262940987206958e-11
-12   +5.663096403575424e-13  -2.210672869910171e-11
-11   +2.336197534318155e-12  -2.458937296208218e-11
-10   -5.168592594591099e-11  +9.862765458637576e-11
 -9   -5.282831711097406e-11  +6.112819861168337e-11
 -8   -6.404952253014372e-09  +9.210955769815440e-09
 -7   -1.267359177607787e-09  +3.775033904992556e-09
 -6   -6.491595733389561e-08  +4.095171801359716e-07
 -5   -1.037358742044574e-07  +2.688953215643014e-07
 -4   -2.293312742788693e-05  +7.152957380131913e-05
 -3   -1.429056039564648e-06  +4.020147778426198e-06
 -2   -4.194350083522696e-04  +1.346210448809477e-03
 -1   -2.179576383841768e-07  +1.760859519897971e-06
 +0   +3.936268449042071e-01  +0.000000000000000e+00
 +1   -2.179576383841768e-07  -1.760859519897971e-06
 +2   -4.194350083522696e-04  -1.346210448809477e-03
 +3   -1.429056039564648e-06  -4.020147778426198e-06
 +4   -2.293312742788693e-05  -7.152957380131913e-05
 +5   -1.037358742044574e-07  -2.688953215643014e-07
 +6   -6.491595733389561e-08  -4.095171801359716e-07
 +7   -1.267359177607787e-09  -3.775033904992556e-09
 +8   -6.404952253014372e-09  -9.210955769815440e-09
 +9   -5.282831711097406e-11  -6.112819861168337e-11
+10   -5.168592594591099e-11  -9.862765458637576e-11
+11   +2.336197534318155e-12  +2.458937296208218e-11
+12   +5.663096403575424e-13  +2.210672869910171e-11
+13   +1.287581978616066e-12  +2.262940987206958e-11
+14   +5.888165673968246e-13  +2.112573223521973e-11
+15   +3.682844760649350e-14  +1.983318067836353e-11
+16   -4.387840840364660e-13  +1.864847573415591e-11
+17   -8.364126273108613e-13  +1.758772121183066e-11
+18   -1.172803896050663e-12  +1.663179552656796e-11
+19   -1.459485626480937e-12  +1.576663997734503e-11
+20   -1.705734149564078e-12  +1.498003159437220e-11
+21   -1.918705917700408e-12  +1.426180421495252e-11
+22   -2.104115341016391e-12  +1.360340758338292e-11
+23   -2.266491347734210e-12  +1.299764059341140e-11
+24   -2.409465660995932e-12  +1.243837436719275e-11
+25   -2.535988615526808e-12  +1.192037653013681e-11
+26   -2.648480261606498e-12  +1.143917353687289e-11
+27   -2.748925827256618e-12  +1.099088567667586e-11
+28   -2.838982385291877e-12  +1.057215786609027e-11
+29   -2.920028856589442e-12  +1.018007609957869e-11
+30   -2.993206665434679e-12  +9.812078796426036e-12

