-30   +2.477781938790702e-11  +1.304190075913365e-10
-29   +2.276055107469360e-11  +1.349819511334185e-10
-28   +2.053748871440513e-11  +1.398050610973284e-10
-27   +1.808035968991299e-11  +1.449106018685195e-10
-26   +1.535596380966869e-11  +1.503230815884253e-10
-25   +1.232514266887904e-11  +1.560693816901798e-10
-24   +8.941549936080925e-12  +1.621789576579134e-10
-23   +5.149997582215222e-12  +1.686839389299020e-10
-22   +8.844225671070929e-13  +1.756191586624160e-10
-21   -3.934529014594036e-12  +1.830220442075002e-10
-20   -9.402906133722806e-12  +1.909322353496184e-10
-19   -1.563671602596101e-11  +1.993916913365932e-10
-18   -2.277984404442217e-11  +2.084397870116853e-10
-17   -3.097007972946237e-11  +2.181656695923399e-10
-16   -4.050537529155593e-11  +2.284912645967405e-10
-15   -4.975759923353931e-11  +2.419948543999313e-10
-14   -6.328954745820017e-11  +2.529649861989944e-10
-13   +3.053649263136309e-11  +4.125735427787211e-10
-12   -4.551510680948891e-11  +3.472692054530403e-10
-11   +4.975833804894172e-09  +7.165837106922634e-09
-10   +2.253918819482257e-09  +3.540027518280019e-09
 -9   +3.504404977679456e-07  +4.734700215555226e-07
 -8   +7.022479933319307e-08  +9.533112156055485e-08
 -7   +1.178001108326882e-05  +1.589737418871235e-05
 -6   +2.551485126872155e-06  +3.442253996426228e-06
 -5   +1.224765893891875e-03  +1.652823754115348e-03
 -4   -6.420097450734784e-07  -1.043277727798966e-06
 -3   -5.945809356737679e-02  -8.024189683533521e-02
 -2   -1.914172030353791e-06  +5.962400494462135e-06
 -1   -2.837918561998580e-03  -3.753431618543108e-03
 +0   -1.310163976628326e-05  +0.000000000000000e+00
 +1   -2.837918561998580e-03  +3.753431618543108e-03
 +2   -1.914172030353791e-06  -5.962400494462135e-06
 +3   -5.945809356737679e-02  +8.024189683533521e-02
 +4   -6.420097450734784e-07  +1.043277727798966e-06
 +5   +1.224765893891875e-03  -1.652823754115348e-03
 +6   +2.551485126872155e-06  -3.442253996426228e-06
 +7   +1.178001108326882e-05  -1.589737418871235e-05
 +8   +7.022479933319307e-08  -9.533112156055485e-08
 +9   +3.504404977679456e-07  -4.734700215555226e-07
+10   +2.253918819482257e-09  -3.540027518280019e-09
+11   +4.975833804894172e-09  -7.165837106922634e-09
+12   -4.551510680948891e-11  -3.472692054530403e-10
+13   +3.053649263136309e-11  -4.125735427787211e-10
+14   -6.328954745820017e-11  -2.529649861989944e-10
+15   -4.975759923353931e-11  -2.419948543999313e-10
+16   -4.050537529155593e-11  -2.284912645967405e-10
+17   -3.097007972946237e-11  -2.181656695923399e-10
+18   -2.277984404442217e-11  -2.084397870116853e-10
+19   -1.563671602596101e-11  -1.993916913365932e-10
+20   -9.402906133722806e-12  -1.909322353496184e-10
+21   -3.934529014594036e-12  -1.830220442075002e-10
+22   +8.844225671070929e-13  -1.756191586624160e-10
+23   +5.149997582215222e-12  -1.686839389299020e-10
+24   +8.941549936080925e-12  -1.621789576579134e-10
+25   +1.232514266887904e-11  -1.560693816901798e-10
+26   +1.535596380966869e-11  -1.503230815884253e-10
+27   +1.808035968991299e-11  -1.449106018685195e-10
+28   +2.053748871440513e-11  -1.398050610973284e-10
+29   +2.276055107469360e-11  -1.349819511334185e-10
+30   +2.477781938790702e-11  -1.304190075913365e-10

