-30   -1.733281115993637e-11  -3.234736634541303e-11
-29   -1.758128148977797e-11  -3.355877555568284e-11
-28   -1.785647902356438e-11  -3.484925408948741e-11
-27   -1.816233914749040e-11  -3.622716328264237e-11
-26   -1.850356942230855e-11  -3.770205629082951e-11
-25   -1.888578996420487e-11  -3.928487296271142e-11
-24   -1.931579175384397e-11  -4.098824314180936e-11
-23   -1.980181195196129e-11  -4.282678917352510e-11
-22   -2.035394152771062e-11  -4.481754366990078e-11
-21   -2.098462768321311e-11  -4.698040346847781e-11
-20   -2.170936605609267e-11  -4.933878977396286e-11
-19   -2.254762581067311e-11  -5.192040592799920e-11
-18   -2.352412698803949e-11  -5.475815306706497e-11
-17   -2.467064275996266e-11  -5.789144472358169e-11
-16   -2.602798776090514e-11  -6.136695802660306e-11
-15   -2.765155710998956e-11  -6.524326655897207e-11
-14   -2.959145928417487e-11  -6.955194115500196e-11
-13   -3.198853306923364e-11  -7.445418912193561e-11
-12   -3.337350728576046e-11  -7.778275463995803e-11
-11   -3.779540333568865e-11  -8.465362714866901e-11
-10   +1.282999403867643e-11  +3.353892000694552e-11
 -9   +9.537116552263843e-12  -9.732000158534536e-12
 -8   +6.355744097635564e-09  +9.133467031558315e-09
 -7   +1.210062792666454e-09  +3.689998112101276e-09
 -6   +6.484734539027016e-08  +4.094237342602795e-07
 -5   +1.036505225375471e-07  +2.687937993959987e-07
 -4   +2.293301907937124e-05  +7.152946389531170e-05
 -3   +1.428939615651751e-06  +4.020000823373867e-06
 -2   +4.194348227955788e-04  +1.346210347175852e-03
 -1   +2.177288111011946e-07  +1.760793343947482e-06
 +0   -3.936268451548443e-01  +0.000000000000000e+00
 +1   +2.177288111011946e-07  -1.760793343947482e-06
 +2   +4.194348227955788e-04  -1.346210347175852e-03
 +3   +1.428939615651751e-06  -4.020000823373867e-06
 +4   +2.293301907937124e-05  -7.152946389531170e-05
 +5   +1.036505225375471e-07  -2.687937993959987e-07
 +6   +6.484734539027016e-08  -4.094237342602795e-07
 +7   +1.210062792666454e-09  -3.689998112101276e-09
 +8   +6.355744097635564e-09  -9.133467031558315e-09
 +9   +9.537116552263843e-12  +9.732000158534536e-12
+10   +1.282999403867643e-11  -3.353892000694552e-11
+11   -3.779540333568865e-11  +8.465362714866901e-11
+12   -3.337350728576046e-11  +7.778275463995803e-11
+13   -3.198853306923364e-11  +7.445418912193561e-11
+14   -2.959145928417487e-11  +6.955194115500196e-11
+15   -2.765155710998956e-11  +6.524326655897207e-11
+16   -2.602798776090514e-11  +6.136695802660306e-11
+17   -2.467064275996266e-11  +5.789144472358169e-11
+18   -2.352412698803949e-11  +5.475815306706497e-11
+19   -2.254762581067311e-11  +5.192040592799920e-11
+20   -2.170936605609267e-11  +4.933878977396286e-11
+21   -2.098462768321311e-11  +4.698040346847781e-11
+22   -2.035394152771062e-11  +4.481754366990078e-11
+23   -1.980181195196129e-11  +4.282678917352510e-11
+24   -1.931579175384397e-11  +4.098824314180936e-11
+25   -1.888578996420487e-11  +3.928487296271142e-11
+26   -1.850356942230855e-11  +3.770205629082951e-11
+27   -1.816233914749040e-11  +3.622716328264237e-11
+28   -1.785647902356438e-11  +3.484925408948741e-11
+29   -1.758128148977797e-11  +3.355877555568284e-11
+30   -1.733281115993637e-11  +3.234736634541303e-11

