-30   +8.910538782024965e-12  +3.555363470385333e-11
-29   +8.507669746872757e-12  +3.685364527870544e-11
-28   +8.061943874393224e-12  +3.823452187730591e-11
-27   +7.567081366074722e-12  +3.970425617187416e-11
-26   +7.015721581792156e-12  +4.127171053141649e-11
-25   +6.399069021891347e-12  +4.294704362555728e-11
-24   +5.706468019057484e-12  +4.474166816763715e-11
-23   +4.925104618981382e-12  +4.666851264464375e-11
-22   +4.039434118422088e-12  +4.874217839016442e-11
-21   +3.030287895765409e-12  +5.097938776375082e-11
-20   +1.874100199622040e-12  +5.339872654907465e-11
-19   +5.422142944838397e-13  +5.602244045313639e-11
-18   -1.003701712006855e-12  +5.887221250658625e-11
-17   -2.774587388474003e-12  +6.202232462210657e-11
-16   -4.905961669457098e-12  +6.539885392898883e-11
-15   -5.417389117292729e-12  +7.180716118346855e-11
-14   -9.233663876123101e-12  +7.476316909965806e-11
-13   +8.532722226982928e-11  +2.116890415836425e-10
-12   +4.036422547375524e-11  +1.617730892762544e-10
-11   +6.453965498756097e-09  +8.829677549737027e-09
-10   +2.000864046096393e-09  +2.835407895728025e-09
 -9   +2.685280974240168e-07  +3.625466557991991e-07
 -8   +9.559814424955168e-08  +1.292224214837561e-07
 -7   +2.494365097466969e-05  +3.366262351524872e-05
 -6   +1.189712332938848e-06  +1.609438949134851e-06
 -5   +4.944648163085860e-04  +6.673377475126832e-04
 -4   +8.414095543995848e-07  +1.205990668214483e-06
 -3   +2.129929639676776e-01  +2.874391506557000e-01
 -2   -1.288049622459828e-05  +1.280990006945613e-05
 -1   -3.092143485007444e-05  +3.344356572144753e-04
 +0   +2.119324800398693e-06  +0.000000000000000e+00
 +1   -3.092143485007444e-05  -3.344356572144753e-04
 +2   -1.288049622459828e-05  -1.280990006945613e-05
 +3   +2.129929639676776e-01  -2.874391506557000e-01
 +4   +8.414095543995848e-07  -1.205990668214483e-06
 +5   +4.944648163085860e-04  -6.673377475126832e-04
 +6   +1.189712332938848e-06  -1.609438949134851e-06
 +7   +2.494365097466969e-05  -3.366262351524872e-05
 +8   +9.559814424955168e-08  -1.292224214837561e-07
 +9   +2.685280974240168e-07  -3.625466557991991e-07
+10   +2.000864046096393e-09  -2.835407895728025e-09
+11   +6.453965498756097e-09  -8.829677549737027e-09
+12   +4.036422547375524e-11  -1.617730892762544e-10
+13   +8.532722226982928e-11  -2.116890415836425e-10
+14   -9.233663876123101e-12  -7.476316909965806e-11
+15   -5.417389117292729e-12  -7.180716118346855e-11
+16   -4.905961669457098e-12  -6.539885392898883e-11
+17   -2.774587388474003e-12  -6.202232462210657e-11
+18   -1.003701712006855e-12  -5.887221250658625e-11
+19   +5.422142944838397e-13  -5.602244045313639e-11
+20   +1.874100199622040e-12  -5.339872654907465e-11
+21   +3.030287895765409e-12  -5.097938776375082e-11
+22   +4.039434118422088e-12  -4.874217839016442e-11
+23   +4.925104618981382e-12  -4.666851264464375e-11
+24   +5.706468019057484e-12  -4.474166816763715e-11
+25   +6.399069021891347e-12  -4.294704362555728e-11
+26   +7.015721581792156e-12  -4.127171053141649e-11
+27   +7.567081366074722e-12  -3.970425617187416e-11
+28   +8.061943874393224e-12  -3.823452187730591e-11
+29   +8.507669746872757e-12  -3.685364527870544e-11
+30   +8.910538782024965e-12  -3.555363470385333e-11

