-30   -6.731613348594852e-13  -1.077626493608157e-12
-29   -6.874710222109036e-13  -1.116872689562679e-12
-28   -7.033515261672262e-13  -1.158536880854767e-12
-27   -7.210311564799611e-13  -1.202854227464760e-12
-26   -7.407895428357105e-13  -1.250082448996781e-12
-25   -7.629686083613934e-13  -1.300510124778363e-12
-24   -7.879715651380970e-13  -1.354477226723596e-12
-23   -8.163122456764929e-13  -1.412343024542280e-12
-22   -8.485938870430901e-13  -1.474523961511176e-12
-21   -8.855967352355838e-13  -1.541479487722389e-12
-20   -9.282639467115695e-13  -1.613726019819698e-12
-19   -9.778248696067723e-13  -1.691807625502889e-12
-18   -1.035828310106856e-12  -1.776349197136428e-12
-17   -1.104286931456499e-12  -1.867947502787094e-12
-16   -1.186518400499000e-12  -1.967616734262465e-12
-15   -1.284749104210389e-12  -2.075117983902202e-12
-14   -1.444347013202228e-12  -2.216546973203017e-12
-13   -1.587821073757333e-12  -2.333761932420418e-12
-12   -4.059884630796308e-12  -3.467065029084772e-12
-11   -3.902474538832996e-12  -3.660119277052341e-12
-10   -1.566355694319903e-10  -8.702093533036463e-11
 -9   -9.084703172183176e-11  -2.995199989286161e-11
 -8   -8.076191218177331e-09  -9.371498925127265e-10
 -7   -5.168379456301433e-09  -1.710832087047143e-09
 -6   -7.816434197748327e-07  -2.105227340157949e-07
 -5   -1.377455529953305e-07  +1.979338878976275e-08
 -4   -8.524257483084079e-06  +1.443345819965413e-05
 -3   -7.533218841975182e-06  +2.839960565754852e-06
 -2   -2.866327851173027e-03  +2.760816204539828e-03
 -1   +1.153475575841973e-06  -2.068176274738094e-06
 +0   -1.815185381617656e-01  +0.000000000000000e+00
 +1   +1.153475575841973e-06  +2.068176274738094e-06
 +2   -2.866327851173027e-03  -2.760816204539828e-03
 +3   -7.533218841975182e-06  -2.839960565754852e-06
 +4   -8.524257483084079e-06  -1.443345819965413e-05
 +5   -1.377455529953305e-07  -1.979338878976275e-08
 +6   -7.816434197748327e-07  +2.105227340157949e-07
 +7   -5.168379456301433e-09  +1.710832087047143e-09
 +8   -8.076191218177331e-09  +9.371498925127265e-10
 +9   -9.084703172183176e-11  +2.995199989286161e-11
+10   -1.566355694319903e-10  +8.702093533036463e-11
+11   -3.902474538832996e-12  +3.660119277052341e-12
+12   -4.059884630796308e-12  +3.467065029084772e-12
+13   -1.587821073757333e-12  +2.333761932420418e-12
+14   -1.444347013202228e-12  +2.216546973203017e-12
+15   -1.284749104210389e-12  +2.075117983902202e-12
+16   -1.186518400499000e-12  +1.967616734262465e-12
+17   -1.104286931456499e-12  +1.867947502787094e-12
+18   -1.035828310106856e-12  +1.776349197136428e-12
+19   -9.778248696067723e-13  +1.691807625502889e-12
+20   -9.282639467115695e-13  +1.613726019819698e-12
+21   -8.855967352355838e-13  +1.541479487722389e-12
+22   -8.485938870430901e-13  +1.474523961511176e-12
+23   -8.163122456764929e-13  +1.412343024542280e-12
+24   -7.879715651380970e-13  +1.354477226723596e-12
+25   -7.629686083613934e-13  +1.300510124778363e-12
+26   -7.407895428357105e-13  +1.250082448996781e-12
+27   -7.210311564799611e-13  +1.202854227464760e-12
+28   -7.033515261672262e-13  +1.158536880854767e-12
+29   -6.874710222109036e-13  +1.116872689562679e-12
+30   -6.731613348594852e-13  +1.077626493608157e-12

