-30   +7.859978516294641e-13  -3.574356472744567e-11
-29   +1.869981827792840e-12  -3.688501141164589e-11
-28   +3.065943653785803e-12  -3.807727915610216e-11
-27   +4.389581249227620e-12  -3.932233462864874e-11
-26   +5.859300773595366e-12  -4.062170123720254e-11
-25   +7.497016566601075e-12  -4.197636988410819e-11
-24   +9.328688015791980e-12  -4.338641292163091e-11
-23   +1.138551247577441e-11  -4.485031668101656e-11
-22   +1.370493190619181e-11  -4.636458153208281e-11
-21   +1.633230344883594e-11  -4.792259419839025e-11
-20   +1.932318726759302e-11  -4.951317749152677e-11
-19   +2.274450910644464e-11  -5.111771524090394e-11
-18   +2.668220203036941e-11  -5.270997661628316e-11
-17   +3.119275463483537e-11  -5.421210572296510e-11
-16   +3.650979284025708e-11  -5.563628572721973e-11
-15   +4.002303708899752e-11  -5.482874992714484e-11
-14   +4.845615066292395e-11  -5.646866546422482e-11
-13   -7.531647838575784e-11  +4.148224011379906e-11
-12   -1.012019244537463e-11  +1.644116049011978e-12
-11   -8.660037300005421e-09  +6.422985760729871e-09
-10   -2.644073686143442e-09  +1.981776971043293e-09
 -9   -3.623197090885670e-07  +2.685340353319548e-07
 -8   -1.289376447676388e-07  +9.565089672417431e-08
 -7   -3.366183418828021e-05  +2.494409167828183e-05
 -6   -1.605430053764845e-06  +1.192569358607248e-06
 -5   -6.672893247642372e-04  +4.945006588688763e-04
 -4   -1.135172663967687e-06  +8.939564267099568e-07
 -3   -2.874379684675269e-01  +2.129938405721917e-01
 -2   +1.739648946248086e-05  +9.480947891414321e-06
 -1   +4.172924008111678e-05  +2.478179778413645e-04
 +0   -2.860536510051332e-06  +0.000000000000000e+00
 +1   +4.172924008111678e-05  -2.478179778413645e-04
 +2   +1.739648946248086e-05  -9.480947891414321e-06
 +3   -2.874379684675269e-01  -2.129938405721917e-01
 +4   -1.135172663967687e-06  -8.939564267099568e-07
 +5   -6.672893247642372e-04  -4.945006588688763e-04
 +6   -1.605430053764845e-06  -1.192569358607248e-06
 +7   -3.366183418828021e-05  -2.494409167828183e-05
 +8   -1.289376447676388e-07  -9.565089672417431e-08
 +9   -3.623197090885670e-07  -2.685340353319548e-07
+10   -2.644073686143442e-09  -1.981776971043293e-09
+11   -8.660037300005421e-09  -6.422985760729871e-09
+12   -1.012019244537463e-11  -1.644116049011978e-12
+13   -7.531647838575784e-11  -4.148224011379906e-11
+14   +4.845615066292395e-11  +5.646866546422482e-11
+15   +4.002303708899752e-11  +5.482874992714484e-11
+16   +3.650979284025708e-11  +5.563628572721973e-11
+17   +3.119275463483537e-11  +5.421210572296510e-11
+18   +2.668220203036941e-11  +5.270997661628316e-11
+19   +2.274450910644464e-11  +5.111771524090394e-11
+20   +1.932318726759302e-11  +4.951317749152677e-11
+21   +1.633230344883594e-11  +4.792259419839025e-11
+22   +1.370493190619181e-11  +4.636458153208281e-11
+23   +1.138551247577441e-11  +4.485031668101656e-11
+24   +9.328688015791980e-12  +4.338641292163091e-11
+25   +7.497016566601075e-12  +4.197636988410819e-11
+26   +5.859300773595366e-12  +4.062170123720254e-11
+27   +4.389581249227620e-12  +3.932233462864874e-11
+28   +3.065943653785803e-12  +3.807727915610216e-11
+29   +1.869981827792840e-12  +3.688501141164589e-11
+30   +7.859978516294641e-13  +3.574356472744567e-11

