-30   -1.366391162216993e-13  -4.741808251173424e-13
-29   -1.334215303437037e-13  -4.935686593225307e-13
-28   -1.298898957073526e-13  -5.144253298634000e-13
-27   -1.260046440920786e-13  -5.369328377456722e-13
-26   -1.217142524158172e-13  -5.613066976205108e-13
-25   -1.169691427216569e-13  -5.878147789262192e-13
-24   -1.117027003291650e-13  -6.167549727674909e-13
-23   -1.058493717168335e-13  -6.485025891075932e-13
-22   -9.931980253269944e-14  -6.835035555659273e-13
-21   -9.202402723554691e-14  -7.223126397749427e-13
-20   -8.385357117779204e-14  -7.655978278552238e-13
-19   -7.468840467252116e-14  -8.142240808285223e-13
-18   -6.441201045058001e-14  -8.692521556040855e-13
-17   -5.287350587420743e-14  -9.320840439742289e-13
-16   -4.064704905124060e-14  -1.004115782438209e-12
-15   -2.635920637726782e-14  -1.088439665807819e-12
-14   -5.068747571301596e-14  -1.162404648146046e-12
-13   -2.988337096865705e-14  -1.288170598806759e-12
-12   -2.300385822213461e-12  -4.300698705693874e-13
-11   -1.893049697055705e-12  -5.493384676089730e-13
-10   -1.543133833285185e-10  +8.245763733162473e-11
 -9   -8.813118586239103e-11  +2.499177346121486e-11
 -8   -8.072980630638005e-09  +9.317571502778543e-10
 -7   -5.164576200856154e-09  +1.704990186537496e-09
 -6   -7.816389138780063e-07  +2.105165405376379e-07
 -5   -1.377407292686316e-07  -1.979988941189051e-08
 -4   -8.524252348587588e-06  -1.443346399978724e-05
 -3   -7.533338262598791e-06  -2.840056138316721e-06
 -2   -2.866327850389645e-03  -2.760816207234543e-03
 -1   +1.153473457855448e-06  +2.068175049936365e-06
 +0   -1.815185381650437e-01  +0.000000000000000e+00
 +1   +1.153473457855448e-06  -2.068175049936365e-06
 +2   -2.866327850389645e-03  +2.760816207234543e-03
 +3   -7.533338262598791e-06  +2.840056138316721e-06
 +4   -8.524252348587588e-06  +1.443346399978724e-05
 +5   -1.377407292686316e-07  +1.979988941189051e-08
 +6   -7.816389138780063e-07  -2.105165405376379e-07
 +7   -5.164576200856154e-09  -1.704990186537496e-09
 +8   -8.072980630638005e-09  -9.317571502778543e-10
 +9   -8.813118586239103e-11  -2.499177346121486e-11
+10   -1.543133833285185e-10  -8.245763733162473e-11
+11   -1.893049697055705e-12  +5.493384676089730e-13
+12   -2.300385822213461e-12  +4.300698705693874e-13
+13   -2.988337096865705e-14  +1.288170598806759e-12
+14   -5.068747571301596e-14  +1.162404648146046e-12
+15   -2.635920637726782e-14  +1.088439665807819e-12
+16   -4.064704905124060e-14  +1.004115782438209e-12
+17   -5.287350587420743e-14  +9.320840439742289e-13
+18   -6.441201045058001e-14  +8.692521556040855e-13
+19   -7.468840467252116e-14  +8.142240808285223e-13
+20   -8.385357117779204e-14  +7.655978278552238e-13
+21   -9.202402723554691e-14  +7.223126397749427e-13
+22   -9.931980253269944e-14  +6.835035555659273e-13
+23   -1.058493717168335e-13  +6.485025891075932e-13
+24   -1.117027003291650e-13  +6.167549727674909e-13
+25   -1.169691427216569e-13  +5.878147789262192e-13
+26   -1.217142524158172e-13  +5.613066976205108e-13
+27   -1.260046440920786e-13  +5.369328377456722e-13
+28   -1.298898957073526e-13  +5.144253298634000e-13
+29   -1.334215303437037e-13  +4.935686593225307e-13
+30   -1.366391162216993e-13  +4.741808251173424e-13

