-30   +5.572832045312480e-13  -1.094990646669650e-12
-29   +6.280099988115670e-13  -1.123157569451855e-12
-28   +7.061601654852748e-13  -1.151604586830120e-12
-27   +7.928140237364225e-13  -1.180030171344376e-12
-26   +8.892095757093937e-13  -1.208205129717056e-12
-25   +9.968457195648584e-13  -1.235678238748053e-12
-24   +1.117502244537388e-12  -1.261915094993654e-12
-23   +1.253317734174865e-12  -1.286160732095938e-12
-22   +1.406902948641982e-12  -1.307365264632523e-12
-21   +1.581338359708130e-12  -1.324122945429831e-12
-20   +1.780538856779650e-12  -1.334547179587896e-12
-19   +2.009279652138765e-12  -1.335821315541038e-12
-18   +2.273244594033615e-12  -1.324305056173264e-12
-17   +2.579999234682434e-12  -1.294583958495588e-12
-16   +2.931932426240401e-12  -1.242472090025103e-12
-15   +3.354032321958821e-12  -1.150145967050756e-12
-14   +3.411160649987801e-12  -1.231493860815462e-12
-13   +4.116456087002641e-12  -9.529738786148339e-13
-12   -2.132877521543267e-11  -1.399746291918607e-11
-11   -1.341305542172977e-11  -9.850763032197034e-12
-10   -2.040109651845518e-09  -1.046281428206505e-09
 -9   -9.278046051695587e-10  -4.749947076249612e-10
 -8   -1.183214968725330e-07  -6.051854223842456e-08
 -7   -5.732562794349046e-08  -2.912112906072468e-08
 -6   -1.332169449254263e-05  -6.814217661651252e-06
 -5   -2.193001999507270e-06  -1.111051458056387e-06
 -4   -7.016095708152736e-04  -3.588055566257335e-04
 -3   -4.291634846391362e-06  +2.007789880063224e-06
 -2   -2.955502063096384e-01  -1.512629971404084e-01
 -1   +9.386488752053597e-06  -4.503523463309365e-06
 +0   +3.338086598538293e-03  +0.000000000000000e+00
 +1   +9.386488752053597e-06  +4.503523463309365e-06
 +2   -2.955502063096384e-01  +1.512629971404084e-01
 +3   -4.291634846391362e-06  -2.007789880063224e-06
 +4   -7.016095708152736e-04  +3.588055566257335e-04
 +5   -2.193001999507270e-06  +1.111051458056387e-06
 +6   -1.332169449254263e-05  +6.814217661651252e-06
 +7   -5.732562794349046e-08  +2.912112906072468e-08
 +8   -1.183214968725330e-07  +6.051854223842456e-08
 +9   -9.278046051695587e-10  +4.749947076249612e-10
+10   -2.040109651845518e-09  +1.046281428206505e-09
+11   -1.341305542172977e-11  +9.850763032197034e-12
+12   -2.132877521543267e-11  +1.399746291918607e-11
+13   +4.116456087002641e-12  +9.529738786148339e-13
+14   +3.411160649987801e-12  +1.231493860815462e-12
+15   +3.354032321958821e-12  +1.150145967050756e-12
+16   +2.931932426240401e-12  +1.242472090025103e-12
+17   +2.579999234682434e-12  +1.294583958495588e-12
+18   +2.273244594033615e-12  +1.324305056173264e-12
+19   +2.009279652138765e-12  +1.335821315541038e-12
+20   +1.780538856779650e-12  +1.334547179587896e-12
+21   +1.581338359708130e-12  +1.324122945429831e-12
+22   +1.406902948641982e-12  +1.307365264632523e-12
+23   +1.253317734174865e-12  +1.286160732095938e-12
+24   +1.117502244537388e-12  +1.261915094993654e-12
+25   +9.968457195648584e-13  +1.235678238748053e-12
+26   +8.892095757093937e-13  +1.208205129717056e-12
+27   +7.928140237364225e-13  +1.180030171344376e-12
+28   +7.061601654852748e-13  +1.151604586830120e-12
+29   +6.280099988115670e-13  +1.123157569451855e-12
+30   +5.572832045312480e-13  +1.094990646669650e-12

