-30   +3.963376953371054e-12  +1.296957134988648e-11
-29   +3.867194846936866e-12  +1.346018335495939e-11
-28   +3.760447092622663e-12  +1.398336712178150e-11
-27   +3.641548122981666e-12  +1.454269921288402e-11
-26   +3.508556822007611e-12  +1.514220299974546e-11
-25   +3.359142326102991e-12  +1.578652593217531e-11
-24   +3.190512151336434e-12  +1.648103055408890e-11
-23   +2.999252799323733e-12  +1.723204224730590e-11
-22   +2.781118295712536e-12  +1.804686761919182e-11
-21   +2.530771432353681e-12  +1.893412551151478e-11
-20   +2.241657357700366e-12  +1.990406613596738e-11
-19   +1.905235574317597e-12  +2.096886570220110e-11
-18   +1.510750477078130e-12  +2.214291250489867e-11
-17   +1.043886644282199e-12  +2.344397924412728e-11
-16   +4.894134691426380e-13  +2.488651672070683e-11
-15   -1.847310007211284e-13  +2.651004467467373e-11
-14   -7.830746177690760e-13  +2.789634175046788e-11
-13   -1.862574981116742e-12  +3.008006887466257e-11
-12   +1.022527108895637e-11  +6.281948040524039e-12
-11   +4.958927346571883e-12  +1.611170724830515e-11
-10   +1.039807542449822e-09  -2.008839733496767e-09
 -9   +4.686645183404263e-10  -8.904789836637687e-10
 -8   +6.050288218231527e-08  -1.182954302186576e-07
 -7   +2.930346950666216e-08  -5.690383069200821e-08
 -6   +6.812962122107644e-06  -1.332407354808482e-05
 -5   +1.121512233046769e-06  -2.172458130209692e-06
 -4   +3.588172555454894e-04  -7.015865884987878e-04
 -3   +2.194753343664989e-06  +3.925892895626279e-06
 -2   +1.511503453986367e-01  -2.957704785253899e-01
 -1   -4.800554518709655e-06  -8.805945477819130e-06
 +0   -1.707165033243803e-03  +0.000000000000000e+00
 +1   -4.800554518709655e-06  +8.805945477819130e-06
 +2   +1.511503453986367e-01  +2.957704785253899e-01
 +3   +2.194753343664989e-06  -3.925892895626279e-06
 +4   +3.588172555454894e-04  +7.015865884987878e-04
 +5   +1.121512233046769e-06  +2.172458130209692e-06
 +6   +6.812962122107644e-06  +1.332407354808482e-05
 +7   +2.930346950666216e-08  +5.690383069200821e-08
 +8   +6.050288218231527e-08  +1.182954302186576e-07
 +9   +4.686645183404263e-10  +8.904789836637687e-10
+10   +1.039807542449822e-09  +2.008839733496767e-09
+11   +4.958927346571883e-12  -1.611170724830515e-11
+12   +1.022527108895637e-11  -6.281948040524039e-12
+13   -1.862574981116742e-12  -3.008006887466257e-11
+14   -7.830746177690760e-13  -2.789634175046788e-11
+15   -1.847310007211284e-13  -2.651004467467373e-11
+16   +4.894134691426380e-13  -2.488651672070683e-11
+17   +1.043886644282199e-12  -2.344397924412728e-11
+18   +1.510750477078130e-12  -2.214291250489867e-11
+19   +1.905235574317597e-12  -2.096886570220110e-11
+20   +2.241657357700366e-12  -1.990406613596738e-11
+21   +2.530771432353681e-12  -1.893412551151478e-11
+22   +2.781118295712536e-12  -1.804686761919182e-11
+23   +2.999252799323733e-12  -1.723204224730590e-11
+24   +3.190512151336434e-12  -1.648103055408890e-11
+25   +3.359142326102991e-12  -1.578652593217531e-11
+26   +3.508556822007611e-12  -1.514220299974546e-11
+27   +3.641548122981666e-12  -1.454269921288402e-11
+28   +3.760447092622663e-12  -1.398336712178150e-11
+29   +3.867194846936866e-12  -1.346018335495939e-11
+30   +3.963376953371054e-12  -1.296957134988648e-11

