-30   -1.019582213226952e-10  -3.383924801657564e-10
-29   -9.934121676353529e-11  -3.510523139128846e-10
-28   -9.644361463779474e-11  -3.645370851114494e-10
-27   -9.322415251136650e-11  -3.789337278861642e-10
-26   -8.963376942526450e-11  -3.943414778803537e-10
-25   -8.561373226026209e-11  -4.108742927981671e-10
-24   -8.109327201465556e-11  -4.286634266029741e-10
-23   -7.598653780581359e-11  -4.478608699029903e-10
-22   -7.018865522911141e-11  -4.686433712387028e-10
-21   -6.357061978628647e-11  -4.912180472348496e-10
-20   -5.597138907911910e-11  -5.158271459142774e-10
-19   -4.720181973150044e-11  -5.427744434629712e-10
-18   -3.698173187910688e-11  -5.723675409429959e-10
-17   -2.559176824035938e-11  -6.058343650634959e-10
-16   -1.125407053233818e-11  -6.418381478219816e-10
-15   -2.105906043246513e-11  -7.182826996974776e-10
-14   +8.602448377558173e-12  -7.510482670900857e-10
-13   -1.327417220854600e-09  -2.638676856783819e-09
-12   -5.366438743800489e-10  -1.671036214096088e-09
-11   -5.594202517549992e-08  -7.656180772560982e-08
-10   -2.298614916821924e-08  -3.223574076563929e-08
 -9   -3.031485986407889e-06  -4.092523023035191e-06
 -8   -5.849921633628869e-07  -7.915166835489901e-07
 -7   -9.598227652690115e-05  -1.295367810106953e-04
 -6   -1.420982371736563e-05  -1.919304348000666e-05
 -5   -5.614172680060038e-03  -7.576590159971528e-03
 -4   +1.735450690391536e-06  +1.530688696599019e-06
 -3   -7.446202269224317e-02  -1.004958176196589e-01
 -2   +3.860028776848012e-06  -5.367214425490663e-06
 -1   +1.339128717127853e-03  +1.535739588633029e-03
 +0   -7.955740987331561e-06  +0.000000000000000e+00
 +1   +1.339128717127853e-03  -1.535739588633029e-03
 +2   +3.860028776848012e-06  +5.367214425490663e-06
 +3   -7.446202269224317e-02  +1.004958176196589e-01
 +4   +1.735450690391536e-06  -1.530688696599019e-06
 +5   -5.614172680060038e-03  +7.576590159971528e-03
 +6   -1.420982371736563e-05  +1.919304348000666e-05
 +7   -9.598227652690115e-05  +1.295367810106953e-04
 +8   -5.849921633628869e-07  +7.915166835489901e-07
 +9   -3.031485986407889e-06  +4.092523023035191e-06
+10   -2.298614916821924e-08  +3.223574076563929e-08
+11   -5.594202517549992e-08  +7.656180772560982e-08
+12   -5.366438743800489e-10  +1.671036214096088e-09
+13   -1.327417220854600e-09  +2.638676856783819e-09
+14   +8.602448377558173e-12  +7.510482670900857e-10
+15   -2.105906043246513e-11  +7.182826996974776e-10
+16   -1.125407053233818e-11  +6.418381478219816e-10
+17   -2.559176824035938e-11  +6.058343650634959e-10
+18   -3.698173187910688e-11  +5.723675409429959e-10
+19   -4.720181973150044e-11  +5.427744434629712e-10
+20   -5.597138907911910e-11  +5.158271459142774e-10
+21   -6.357061978628647e-11  +4.912180472348496e-10
+22   -7.018865522911141e-11  +4.686433712387028e-10
+23   -7.598653780581359e-11  +4.478608699029903e-10
+24   -8.109327201465556e-11  +4.286634266029741e-10
+25   -8.561373226026209e-11  +4.108742927981671e-10
+26   -8.963376942526450e-11  +3.943414778803537e-10
+27   -9.322415251136650e-11  +3.789337278861642e-10
+28   -9.644361463779474e-11  +3.645370851114494e-10
+29   -9.934121676353529e-11  +3.510523139128846e-10
+30   -1.019582213226952e-10  +3.383924801657564e-10

