-30   -1.667944738640204e-11  -5.545781522679927e-11
-29   -1.624882519558242e-11  -5.753596420417174e-11
-28   -1.577187431062662e-11  -5.974994622252186e-11
-27   -1.524172173219145e-11  -6.211409559700826e-11
-26   -1.465026310004294e-11  -6.464487226786965e-11
-25   -1.398768294896466e-11  -6.736108579070650e-11
-24   -1.324223330089895e-11  -7.028456018276771e-11
-23   -1.239957952995441e-11  -7.344043162145938e-11
-22   -1.144219874368998e-11  -7.685807511182924e-11
-21   -1.034848506017495e-11  -8.057183488726223e-11
-20   -9.091488351151527e-12  -8.462216006927859e-11
-19   -7.637400276067877e-12  -8.905686332295914e-11
-18   -5.942992974267743e-12  -9.393278786072398e-11
-17   -3.953331647069189e-12  -9.931844948704534e-11
-16   -1.587410040630038e-12  -1.052865810936144e-10
-15   +1.231592633947244e-12  -1.119559812369581e-10
-14   +5.097165813146665e-12  -1.190158879114724e-10
-13   +9.195067651943885e-12  -1.274619529402548e-10
-12   +3.671141712207426e-11  -1.119021813177907e-10
-11   +3.730327595295660e-11  -1.327659238563552e-10
-10   +1.195023028819502e-09  +8.168944118760561e-10
 -9   +7.227080407934432e-10  +6.154641551439809e-10
 -8   +5.778355264950374e-08  +7.527272996659683e-08
 -7   +2.618564255793854e-08  +2.094155857320813e-08
 -6   +2.865228559120068e-06  +1.769428837691907e-06
 -5   +1.078317655758639e-06  +1.247068594944037e-06
 -4   +2.061197202379936e-04  +2.797886997201941e-04
 -3   +1.450914295904153e-05  +1.289251457890529e-05
 -2   +4.129749400565490e-03  +1.955370366499376e-03
 -1   -1.619758578446041e-07  +7.423477667426382e-06
 +0   +1.333579349840437e+00  +0.000000000000000e+00
 +1   -1.619758578446041e-07  -7.423477667426382e-06
 +2   +4.129749400565490e-03  -1.955370366499376e-03
 +3   +1.450914295904153e-05  -1.289251457890529e-05
 +4   +2.061197202379936e-04  -2.797886997201941e-04
 +5   +1.078317655758639e-06  -1.247068594944037e-06
 +6   +2.865228559120068e-06  -1.769428837691907e-06
 +7   +2.618564255793854e-08  -2.094155857320813e-08
 +8   +5.778355264950374e-08  -7.527272996659683e-08
 +9   +7.227080407934432e-10  -6.154641551439809e-10
+10   +1.195023028819502e-09  -8.168944118760561e-10
+11   +3.730327595295660e-11  +1.327659238563552e-10
+12   +3.671141712207426e-11  +1.119021813177907e-10
+13   +9.195067651943885e-12  +1.274619529402548e-10
+14   +5.097165813146665e-12  +1.190158879114724e-10
+15   +1.231592633947244e-12  +1.119559812369581e-10
+16   -1.587410040630038e-12  +1.052865810936144e-10
+17   -3.953331647069189e-12  +9.931844948704534e-11
+18   -5.942992974267743e-12  +9.393278786072398e-11
+19   -7.637400276067877e-12  +8.905686332295914e-11
+20   -9.091488351151527e-12  +8.462216006927859e-11
+21   -1.034848506017495e-11  +8.057183488726223e-11
+22   -1.144219874368998e-11  +7.685807511182924e-11
+23   -1.239957952995441e-11  +7.344043162145938e-11
+24   -1.324223330089895e-11  +7.028456018276771e-11
+25   -1.398768294896466e-11  +6.736108579070650e-11
+26   -1.465026310004294e-11  +6.464487226786965e-11
+27   -1.524172173219145e-11  +6.211409559700826e-11
+28   -1.577187431062662e-11  +5.974994622252186e-11
+29   -1.624882519558242e-11  +5.753596420417174e-11
+30   -1.667944738640204e-11  +5.545781522679927e-11

