-30   +8.423205708196090e-11  +4.466028604138276e-10
-29   +7.726905418924577e-11  +4.621929471903648e-10
-28   +6.959528348976384e-11  +4.786668814325198e-10
-27   +6.111296655363975e-11  +4.960994398416702e-10
-26   +5.170735511648101e-11  +5.145725331760302e-10
-25   +4.124310502279736e-11  +5.341758322188647e-10
-24   +2.955991300409553e-11  +5.550070188268617e-10
-23   +1.646690619545358e-11  +5.771720062958923e-10
-22   +1.735692087513940e-12  +6.007846969808650e-10
-21   -1.490802571027264e-11  +6.259658210293883e-10
-20   -3.379705075865479e-11  +6.528419974613416e-10
-19   -5.531841978401551e-11  +6.815285781393623e-10
-18   -7.999899448317635e-11  +7.121733530227019e-10
-17   -1.076243708436070e-10  +7.442762271123449e-10
-16   -1.407687052509613e-10  +7.792661896365065e-10
-15   -1.430462804329360e-10  +7.895102918202701e-10
-14   -2.004453988708194e-10  +8.377856129547716e-10
-13   +1.583237934136587e-09  -4.823504975803297e-10
-12   +4.949497800071101e-10  +3.195784338286854e-10
-11   +7.524305791902040e-08  -5.508369736345032e-08
-10   +3.074581445261298e-08  -2.214101280990829e-08
 -9   +4.090752035788643e-06  -3.030733042861418e-06
 -8   +7.891501502009060e-07  -5.845686398086927e-07
 -7   +1.295295660232789e-04  -9.598535238119657e-05
 -6   +1.917615338474307e-05  -1.422000816948851e-05
 -5   +7.576430366369334e-03  -5.614288806434739e-03
 -4   -2.342316361752710e-06  +1.136701537639072e-06
 -3   +1.004878859264667e-01  -7.446789853514139e-02
 -2   -5.212784698139608e-06  -3.971212648707796e-06
 -1   -1.807177288894969e-03  +1.137992103390921e-03
 +0   +1.074247665788126e-05  +0.000000000000000e+00
 +1   -1.807177288894969e-03  -1.137992103390921e-03
 +2   -5.212784698139608e-06  +3.971212648707796e-06
 +3   +1.004878859264667e-01  +7.446789853514139e-02
 +4   -2.342316361752710e-06  -1.136701537639072e-06
 +5   +7.576430366369334e-03  +5.614288806434739e-03
 +6   +1.917615338474307e-05  +1.422000816948851e-05
 +7   +1.295295660232789e-04  +9.598535238119657e-05
 +8   +7.891501502009060e-07  +5.845686398086927e-07
 +9   +4.090752035788643e-06  +3.030733042861418e-06
+10   +3.074581445261298e-08  +2.214101280990829e-08
+11   +7.524305791902040e-08  +5.508369736345032e-08
+12   +4.949497800071101e-10  -3.195784338286854e-10
+13   +1.583237934136587e-09  +4.823504975803297e-10
+14   -2.004453988708194e-10  -8.377856129547716e-10
+15   -1.430462804329360e-10  -7.895102918202701e-10
+16   -1.407687052509613e-10  -7.792661896365065e-10
+17   -1.076243708436070e-10  -7.442762271123449e-10
+18   -7.999899448317635e-11  -7.121733530227019e-10
+19   -5.531841978401551e-11  -6.815285781393623e-10
+20   -3.379705075865479e-11  -6.528419974613416e-10
+21   -1.490802571027264e-11  -6.259658210293883e-10
+22   +1.735692087513940e-12  -6.007846969808650e-10
+23   +1.646690619545358e-11  -5.771720062958923e-10
+24   +2.955991300409553e-11  -5.550070188268617e-10
+25   +4.124310502279736e-11  -5.341758322188647e-10
+26   +5.170735511648101e-11  -5.145725331760302e-10
+27   +6.111296655363975e-11  -4.960994398416702e-10
+28   +6.959528348976384e-11  -4.786668814325198e-10
+29   +7.726905418924577e-11  -4.621929471903648e-10
+30   +8.423205708196090e-11  -4.466028604138276e-10

