-30   +1.012807115823551e-10  +1.895049780932448e-10
-29   +1.027208894836180e-10  +1.966053991456345e-10
-28   +1.043160265940997e-10  +2.041697272006430e-10
-27   +1.060889784654663e-10  +2.122471195947719e-10
-26   +1.080670335819918e-10  +2.208935454075009e-10
-25   +1.102827999678939e-10  +2.301734147714511e-10
-24   +1.127757164176266e-10  +2.401610273386443e-10
-23   +1.155936060421217e-10  +2.509423400409579e-10
-22   +1.187949982533358e-10  +2.626175308022438e-10
-21   +1.224522112467105e-10  +2.753037653649500e-10
-20   +1.266551976178998e-10  +2.891390248486429e-10
-19   +1.315170766369983e-10  +3.042864030326881e-10
-18   +1.371817440495259e-10  +3.209400901569593e-10
-17   +1.438334493120695e-10  +3.393327873956306e-10
-16   +1.517216377741898e-10  +3.597350046882095e-10
-15   +1.611448988499306e-10  +3.825047581482068e-10
-14   +1.729938477820649e-10  +4.076220548140877e-10
-13   +1.868582583230585e-10  +4.364368654750307e-10
-12   +2.264838295092850e-10  +4.439889806034749e-10
-11   +2.423181448999645e-10  +4.912300653558321e-10
-10   +1.419553950966044e-09  -4.281669556549706e-10
 -9   +9.727133730413772e-10  -1.918813016949622e-10
 -8   +5.806752812776696e-08  -7.480898930648264e-08
 -7   +2.651606726852948e-08  -2.043182398474426e-08
 -6   +2.865623898068134e-06  -1.768867763429041e-06
 -5   +1.078809340057375e-06  -1.246451199390766e-06
 -4   +2.061203440120591e-04  -2.797880376057490e-04
 -3   +1.451000378432333e-05  -1.289180480117653e-05
 -2   +4.129750473798013e-03  -1.955369756150738e-03
 -1   -1.606418490072036e-07  -7.423091809392450e-06
 +0   +1.333579351296428e+00  +0.000000000000000e+00
 +1   -1.606418490072036e-07  +7.423091809392450e-06
 +2   +4.129750473798013e-03  +1.955369756150738e-03
 +3   +1.451000378432333e-05  +1.289180480117653e-05
 +4   +2.061203440120591e-04  +2.797880376057490e-04
 +5   +1.078809340057375e-06  +1.246451199390766e-06
 +6   +2.865623898068134e-06  +1.768867763429041e-06
 +7   +2.651606726852948e-08  +2.043182398474426e-08
 +8   +5.806752812776696e-08  +7.480898930648264e-08
 +9   +9.727133730413772e-10  +1.918813016949622e-10
+10   +1.419553950966044e-09  +4.281669556549706e-10
+11   +2.423181448999645e-10  -4.912300653558321e-10
+12   +2.264838295092850e-10  -4.439889806034749e-10
+13   +1.868582583230585e-10  -4.364368654750307e-10
+14   +1.729938477820649e-10  -4.076220548140877e-10
+15   +1.611448988499306e-10  -3.825047581482068e-10
+16   +1.517216377741898e-10  -3.597350046882095e-10
+17   +1.438334493120695e-10  -3.393327873956306e-10
+18   +1.371817440495259e-10  -3.209400901569593e-10
+19   +1.315170766369983e-10  -3.042864030326881e-10
+20   +1.266551976178998e-10  -2.891390248486429e-10
+21   +1.224522112467105e-10  -2.753037653649500e-10
+22   +1.187949982533358e-10  -2.626175308022438e-10
+23   +1.155936060421217e-10  -2.509423400409579e-10
+24   +1.127757164176266e-10  -2.401610273386443e-10
+25   +1.102827999678939e-10  -2.301734147714511e-10
+26   +1.080670335819918e-10  -2.208935454075009e-10
+27   +1.060889784654663e-10  -2.122471195947719e-10
+28   +1.043160265940997e-10  -2.041697272006430e-10
+29   +1.027208894836180e-10  -1.966053991456345e-10
+30   +1.012807115823551e-10  -1.895049780932448e-10

