-30   +1.274344003672651e-11  +6.113380156113558e-11
-29   +1.187028926952101e-11  +6.336078304346619e-11
-28   +1.090285603823314e-11  +6.572511849275870e-11
-27   +9.827073831239724e-12  +6.823998341309362e-11
-26   +8.626386993270052e-12  +7.092014694494957e-11
-25   +7.280729952789994e-12  +7.378227918120233e-11
-24   +5.766075398255349e-12  +7.684512314325071e-11
-23   +4.053027601474702e-12  +8.012954365840957e-11
-22   +2.105660867244144e-12  +8.365905322219108e-11
-21   -1.198488621462633e-13  +8.745975123387780e-11
-20   -2.679731171683986e-12  +9.156124173414270e-11
-19   -5.626334416374357e-12  +9.598278390694288e-11
-18   -9.083438322040698e-12  +1.007849290398069e-10
-17   -1.237495500714645e-11  +1.054183429043333e-10
-16   -1.735783915584857e-11  +1.111845760768696e-10
-15   +1.578037848886106e-11  +8.846797119034693e-11
-14   -7.919340850519850e-12  +1.074578604866523e-10
-13   +1.664283278758314e-09  -1.130881669355388e-09
-12   +8.688303661013427e-10  -5.417215455153059e-10
-11   +9.188892409038829e-08  -6.798878940601688e-08
-10   +2.731230079801067e-08  -2.013606396787287e-08
 -9   +3.329525422540872e-06  -2.467024061467570e-06
 -8   +9.930793007459249e-07  -7.355293136093345e-07
 -7   +2.189030582571324e-04  -1.622051022462391e-04
 -6   +1.166144543565781e-05  -8.623468602681595e-06
 -5   +4.442478650051687e-03  -3.291702313344346e-03
 -4   +3.090744226455307e-06  -1.942505980894525e-06
 -3   +5.894421008264580e-01  -4.367751549700880e-01
 -2   +2.887105760954214e-05  +2.364477365392250e-05
 -1   -3.501803382945215e-03  +2.920389172316074e-03
 +0   -1.895408276010660e-05  +0.000000000000000e+00
 +1   -3.501803382945215e-03  -2.920389172316074e-03
 +2   +2.887105760954214e-05  -2.364477365392250e-05
 +3   +5.894421008264580e-01  +4.367751549700880e-01
 +4   +3.090744226455307e-06  +1.942505980894525e-06
 +5   +4.442478650051687e-03  +3.291702313344346e-03
 +6   +1.166144543565781e-05  +8.623468602681595e-06
 +7   +2.189030582571324e-04  +1.622051022462391e-04
 +8   +9.930793007459249e-07  +7.355293136093345e-07
 +9   +3.329525422540872e-06  +2.467024061467570e-06
+10   +2.731230079801067e-08  +2.013606396787287e-08
+11   +9.188892409038829e-08  +6.798878940601688e-08
+12   +8.688303661013427e-10  +5.417215455153059e-10
+13   +1.664283278758314e-09  +1.130881669355388e-09
+14   -7.919340850519850e-12  -1.074578604866523e-10
+15   +1.578037848886106e-11  -8.846797119034693e-11
+16   -1.735783915584857e-11  -1.111845760768696e-10
+17   -1.237495500714645e-11  -1.054183429043333e-10
+18   -9.083438322040698e-12  -1.007849290398069e-10
+19   -5.626334416374357e-12  -9.598278390694288e-11
+20   -2.679731171683986e-12  -9.156124173414270e-11
+21   -1.198488621462633e-13  -8.745975123387780e-11
+22   +2.105660867244144e-12  -8.365905322219108e-11
+23   +4.053027601474702e-12  -8.012954365840957e-11
+24   +5.766075398255349e-12  -7.684512314325071e-11
+25   +7.280729952789994e-12  -7.378227918120233e-11
+26   +8.626386993270052e-12  -7.092014694494957e-11
+27   +9.827073831239724e-12  -6.823998341309362e-11
+28   +1.090285603823314e-11  -6.572511849275870e-11
+29   +1.187028926952101e-11  -6.336078304346619e-11
+30   +1.274344003672651e-11  -6.113380156113558e-11

