-30   -1.913358430499347e-12  -7.589941258132663e-12
-29   -1.826947537116909e-12  -7.867146083614841e-12
-28   -1.731193659509145e-12  -8.161578760877651e-12
-27   -1.624706297810113e-12  -8.474928699495426e-12
-26   -1.505831868578860e-12  -8.809092247824484e-12
-25   -1.372588335759726e-12  -9.166221370189933e-12
-24   -1.222573928918556e-12  -9.548748027626942e-12
-23   -1.052872258716380e-12  -9.959433097777170e-12
-22   -8.598855062252078e-13  -1.040140973648767e-11
-21   -6.391910836006191e-13  -1.087822437855305e-11
-20   -3.852650247771771e-13  -1.139392584507782e-11
-19   -9.111226464386516e-14  -1.195307515076826e-11
-18   +2.519822619539637e-13  -1.256064254761717e-11
-17   +6.558470172985422e-13  -1.322274216721610e-11
-16   +1.126926846615697e-12  -1.393599474760757e-11
-15   +1.701120873242093e-12  -1.472642809933183e-11
-14   +1.927845559222502e-12  -1.511081331207049e-11
-13   +2.897651361494017e-12  -1.612484059189839e-11
-12   -1.543558772227837e-11  +7.501034532063896e-12
-11   -1.191948799361143e-11  -4.614835141814969e-13
-10   -1.280784043881095e-09  +1.288689720476213e-09
 -9   -5.336319169928314e-10  +7.259382106095923e-10
 -8   -3.694407818798985e-08  +6.624105213924636e-08
 -7   -2.743956364615141e-08  +3.223708017425248e-08
 -6   -3.521231689693916e-06  +4.132400045554146e-06
 -5   -4.152897057757878e-07  +9.640329917454245e-07
 -4   +5.533355807216285e-06  +1.453196239561988e-04
 -3   -1.559488647066657e-05  +3.324153099991903e-05
 -2   -3.699965764058964e-03  +1.473035360367661e-02
 -1   +1.244582693843091e-06  -5.359437065527446e-06
 +0   -1.376387358160805e-01  +0.000000000000000e+00
 +1   +1.244582693843091e-06  +5.359437065527446e-06
 +2   -3.699965764058964e-03  -1.473035360367661e-02
 +3   -1.559488647066657e-05  -3.324153099991903e-05
 +4   +5.533355807216285e-06  -1.453196239561988e-04
 +5   -4.152897057757878e-07  -9.640329917454245e-07
 +6   -3.521231689693916e-06  -4.132400045554146e-06
 +7   -2.743956364615141e-08  -3.223708017425248e-08
 +8   -3.694407818798985e-08  -6.624105213924636e-08
 +9   -5.336319169928314e-10  -7.259382106095923e-10
+10   -1.280784043881095e-09  -1.288689720476213e-09
+11   -1.191948799361143e-11  +4.614835141814969e-13
+12   -1.543558772227837e-11  -7.501034532063896e-12
+13   +2.897651361494017e-12  +1.612484059189839e-11
+14   +1.927845559222502e-12  +1.511081331207049e-11
+15   +1.701120873242093e-12  +1.472642809933183e-11
+16   +1.126926846615697e-12  +1.393599474760757e-11
+17   +6.558470172985422e-13  +1.322274216721610e-11
+18   +2.519822619539637e-13  +1.256064254761717e-11
+19   -9.111226464386516e-14  +1.195307515076826e-11
+20   -3.852650247771771e-13  +1.139392584507782e-11
+21   -6.391910836006191e-13  +1.087822437855305e-11
+22   -8.598855062252078e-13  +1.040140973648767e-11
+23   -1.052872258716380e-12  +9.959433097777170e-12
+24   -1.222573928918556e-12  +9.548748027626942e-12
+25   -1.372588335759726e-12  +9.166221370189933e-12
+26   -1.505831868578860e-12  +8.809092247824484e-12
+27   -1.624706297810113e-12  +8.474928699495426e-12
+28   -1.731193659509145e-12  +8.161578760877651e-12
+29   -1.826947537116909e-12  +7.867146083614841e-12
+30   -1.913358430499347e-12  +7.589941258132663e-12

