-30   -2.074411577744344e-11  -1.026790320541368e-10
-29   -1.926425694815228e-11  -1.064934721810313e-10
-28   -1.762473165797411e-11  -1.105535643588272e-10
-27   -1.580193197455287e-11  -1.148846431730080e-10
-26   -1.376754934721974e-11  -1.195159531258908e-10
-25   -1.148758799143835e-11  -1.244806398155885e-10
-24   -8.921168970437277e-12  -1.298169524460978e-10
-23   -6.018394921690003e-12  -1.355690307899980e-10
-22   -2.717869800806551e-12  -1.417881763564920e-10
-21   +1.056408804833921e-12  -1.485336094193587e-10
-20   +5.398935426624250e-12  -1.558762710213816e-10
-19   +1.044231875442475e-11  -1.638812795632828e-10
-18   +1.631360617280315e-11  -1.726819658655333e-10
-17   +2.379675804041109e-11  -1.816050486220605e-10
-16   +3.188636176592319e-11  -1.924991567803224e-10
-15   +7.057682035963827e-11  -1.655263666270830e-10
-14   +7.017166212323089e-11  -1.955913566067534e-10
-13   +1.330382245621013e-09  +1.470111731630581e-09
-12   +7.672940973167329e-10  +6.681452374865422e-10
-11   +6.824711408088063e-08  +9.168028543342886e-08
-10   +2.043893076193933e-08  +2.709015479617056e-08
 -9   +2.467452967223733e-06  +3.329194374250160e-06
 -8   +7.362135871543410e-07  +9.924856405695204e-07
 -7   +1.622087034897886e-04  +2.188986430521332e-04
 -6   +8.641796021873604e-06  +1.163730088976757e-05
 -5   +3.291899654345272e-03  +4.442213208473465e-03
 -4   +2.291537603146570e-06  +2.620594090627146e-06
 -3   +4.367795297488976e-01  +5.894361995448018e-01
 -2   +2.137110910277212e-05  -3.193786446749955e-05
 -1   -2.594854569087369e-03  -3.941120011774961e-03
 +0   -1.404490151894501e-05  +0.000000000000000e+00
 +1   -2.594854569087369e-03  +3.941120011774961e-03
 +2   +2.137110910277212e-05  +3.193786446749955e-05
 +3   +4.367795297488976e-01  -5.894361995448018e-01
 +4   +2.291537603146570e-06  -2.620594090627146e-06
 +5   +3.291899654345272e-03  -4.442213208473465e-03
 +6   +8.641796021873604e-06  -1.163730088976757e-05
 +7   +1.622087034897886e-04  -2.188986430521332e-04
 +8   +7.362135871543410e-07  -9.924856405695204e-07
 +9   +2.467452967223733e-06  -3.329194374250160e-06
+10   +2.043893076193933e-08  -2.709015479617056e-08
+11   +6.824711408088063e-08  -9.168028543342886e-08
+12   +7.672940973167329e-10  -6.681452374865422e-10
+13   +1.330382245621013e-09  -1.470111731630581e-09
+14   +7.017166212323089e-11  +1.955913566067534e-10
+15   +7.057682035963827e-11  +1.655263666270830e-10
+16   +3.188636176592319e-11  +1.924991567803224e-10
+17   +2.379675804041109e-11  +1.816050486220605e-10
+18   +1.631360617280315e-11  +1.726819658655333e-10
+19   +1.044231875442475e-11  +1.638812795632828e-10
+20   +5.398935426624250e-12  +1.558762710213816e-10
+21   +1.056408804833921e-12  +1.485336094193587e-10
+22   -2.717869800806551e-12  +1.417881763564920e-10
+23   -6.018394921690003e-12  +1.355690307899980e-10
+24   -8.921168970437277e-12  +1.298169524460978e-10
+25   -1.148758799143835e-11  +1.244806398155885e-10
+26   -1.376754934721974e-11  +1.195159531258908e-10
+27   -1.580193197455287e-11  +1.148846431730080e-10
+28   -1.762473165797411e-11  +1.105535643588272e-10
+29   -1.926425694815228e-11  +1.064934721810313e-10
+30   -2.074411577744344e-11  +1.026790320541368e-10

