-30   -1.805083848810690e-11  -3.225187477243695e-11
-29   -1.834421780581038e-11  -3.344991110851231e-11
-28   -1.866900358805385e-11  -3.472493301529905e-11
-27   -1.902979758096752e-11  -3.608490067292191e-11
-26   -1.943208892106932e-11  -3.753883157178865e-11
-25   -1.988240756258190e-11  -3.909707469827414e-11
-24   -2.038866075133422e-11  -4.077146679603415e-11
-23   -2.096040424867587e-11  -4.257565007079246e-11
-22   -2.160930196827645e-11  -4.452535294440997e-11
-21   -2.234974392263857e-11  -4.663886447590029e-11
-20   -2.319953135159540e-11  -4.893745435922969e-11
-19   -2.418101088272178e-11  -5.144600085968552e-11
-18   -2.532222381427259e-11  -5.419345007799970e-11
-17   -2.665961124130105e-11  -5.721440209955281e-11
-16   -2.823124272971364e-11  -6.053950183142596e-11
-15   -3.011409836162419e-11  -6.423536471832894e-11
-14   -3.191159644453222e-11  -6.786736683960757e-11
-13   -3.478607736227894e-11  -7.252908616978421e-11
-12   -1.878784401174737e-11  -5.301936090540361e-11
-11   -2.520024120184112e-11  -6.564534307385622e-11
-10   +1.240028074594542e-09  +1.218208543702214e-09
 -9   +4.882546433452001e-10  +6.494438008080002e-10
 -8   +3.689276864532002e-08  +6.615777241702951e-08
 -7   +2.738051354557881e-08  +3.214638895903114e-08
 -6   +3.521162790406112e-06  +4.132301353622913e-06
 -5   +4.152067337611267e-07  +9.639288027769588e-07
 -4   -5.533453314028893e-06  +1.453195131173677e-04
 -3   +1.559458177055877e-05  +3.324167456490933e-05
 -2   +3.699965618609395e-03  +1.473035350901314e-02
 -1   -1.244759034269705e-06  -5.359497797585987e-06
 +0   +1.376387356224069e-01  +0.000000000000000e+00
 +1   -1.244759034269705e-06  +5.359497797585987e-06
 +2   +3.699965618609395e-03  -1.473035350901314e-02
 +3   +1.559458177055877e-05  -3.324167456490933e-05
 +4   -5.533453314028893e-06  -1.453195131173677e-04
 +5   +4.152067337611267e-07  -9.639288027769588e-07
 +6   +3.521162790406112e-06  -4.132301353622913e-06
 +7   +2.738051354557881e-08  -3.214638895903114e-08
 +8   +3.689276864532002e-08  -6.615777241702951e-08
 +9   +4.882546433452001e-10  -6.494438008080002e-10
+10   +1.240028074594542e-09  -1.218208543702214e-09
+11   -2.520024120184112e-11  +6.564534307385622e-11
+12   -1.878784401174737e-11  +5.301936090540361e-11
+13   -3.478607736227894e-11  +7.252908616978421e-11
+14   -3.191159644453222e-11  +6.786736683960757e-11
+15   -3.011409836162419e-11  +6.423536471832894e-11
+16   -2.823124272971364e-11  +6.053950183142596e-11
+17   -2.665961124130105e-11  +5.721440209955281e-11
+18   -2.532222381427259e-11  +5.419345007799970e-11
+19   -2.418101088272178e-11  +5.144600085968552e-11
+20   -2.319953135159540e-11  +4.893745435922969e-11
+21   -2.234974392263857e-11  +4.663886447590029e-11
+22   -2.160930196827645e-11  +4.452535294440997e-11
+23   -2.096040424867587e-11  +4.257565007079246e-11
+24   -2.038866075133422e-11  +4.077146679603415e-11
+25   -1.988240756258190e-11  +3.909707469827414e-11
+26   -1.943208892106932e-11  +3.753883157178865e-11
+27   -1.902979758096752e-11  +3.608490067292191e-11
+28   -1.866900358805385e-11  +3.472493301529905e-11
+29   -1.834421780581038e-11  +3.344991110851231e-11
+30   -1.805083848810690e-11  +3.225187477243695e-11

