-30   -7.363943825954620e-12  -3.266981808887804e-11
-29   -6.937800439403576e-12  -3.386706582802980e-11
-28   -6.465806378854471e-12  -3.513907075012979e-11
-27   -5.941216633583529e-12  -3.649327873288184e-11
-26   -5.355991866906484e-12  -3.793797077728400e-11
-25   -4.700437264385527e-12  -3.948258006684870e-11
-24   -3.962908740574807e-12  -4.113758008300346e-11
-23   -3.129398042039804e-12  -4.291518073256249e-11
-22   -2.182606699956278e-12  -4.482900361096374e-11
-21   -1.101167303958494e-12  -4.689446919796675e-11
-20   +1.412163966931471e-13  -4.912917041456162e-11
-19   +1.577899908870518e-12  -5.155294030690011e-11
-18   +3.249849281390306e-12  -5.418575968746423e-11
-17   +5.213000890669941e-12  -5.705594243545421e-11
-16   +7.483856404852217e-12  -6.008569005138559e-11
-15   +1.026234776989053e-11  -6.351403820296668e-11
-14   +1.058465042480780e-11  -6.133417249865688e-11
-13   +1.558169329296352e-11  -6.717663792824779e-11
-12   -1.333421069368667e-10  +2.294415373482340e-10
-11   -7.594737341836593e-11  +1.254487402092880e-10
-10   -1.008687955101966e-08  +1.970786201765958e-08
 -9   -4.123938529203696e-09  +8.092989772366930e-09
 -8   -4.731086568413244e-07  +9.250385161398170e-07
 -7   -2.007793751466907e-07  +3.949631503271302e-07
 -6   -4.066489863107280e-05  +7.950133690492316e-05
 -5   -5.606851763410717e-06  +1.104973937053546e-05
 -4   -1.477330559625389e-03  +2.888758004626864e-03
 -3   +4.658578622498449e-06  +1.027644074487255e-05
 -2   -3.428589508068485e-01  +6.700897375195757e-01
 -1   -2.166898510639327e-06  -5.016141680632452e-06
 +0   +7.111358743690559e-04  +0.000000000000000e+00
 +1   -2.166898510639327e-06  +5.016141680632452e-06
 +2   -3.428589508068485e-01  -6.700897375195757e-01
 +3   +4.658578622498449e-06  -1.027644074487255e-05
 +4   -1.477330559625389e-03  -2.888758004626864e-03
 +5   -5.606851763410717e-06  -1.104973937053546e-05
 +6   -4.066489863107280e-05  -7.950133690492316e-05
 +7   -2.007793751466907e-07  -3.949631503271302e-07
 +8   -4.731086568413244e-07  -9.250385161398170e-07
 +9   -4.123938529203696e-09  -8.092989772366930e-09
+10   -1.008687955101966e-08  -1.970786201765958e-08
+11   -7.594737341836593e-11  -1.254487402092880e-10
+12   -1.333421069368667e-10  -2.294415373482340e-10
+13   +1.558169329296352e-11  +6.717663792824779e-11
+14   +1.058465042480780e-11  +6.133417249865688e-11
+15   +1.026234776989053e-11  +6.351403820296668e-11
+16   +7.483856404852217e-12  +6.008569005138559e-11
+17   +5.213000890669941e-12  +5.705594243545421e-11
+18   +3.249849281390306e-12  +5.418575968746423e-11
+19   +1.577899908870518e-12  +5.155294030690011e-11
+20   +1.412163966931471e-13  +4.912917041456162e-11
+21   -1.101167303958494e-12  +4.689446919796675e-11
+22   -2.182606699956278e-12  +4.482900361096374e-11
+23   -3.129398042039804e-12  +4.291518073256249e-11
+24   -3.962908740574807e-12  +4.113758008300346e-11
+25   -4.700437264385527e-12  +3.948258006684870e-11
+26   -5.355991866906484e-12  +3.793797077728400e-11
+27   -5.941216633583529e-12  +3.649327873288184e-11
+28   -6.465806378854471e-12  +3.513907075012979e-11
+29   -6.937800439403576e-12  +3.386706582802980e-11
+30   -7.363943825954620e-12  +3.266981808887804e-11

