-30   +1.291007687995652e-11  +3.552937274117626e-11
-29   +1.279073443648881e-11  +3.690386928957300e-11
-28   +1.265746295185902e-11  +3.837342612057602e-11
-27   +1.250810319022330e-11  +3.994899216512112e-11
-26   +1.233980555014484e-11  +4.164298444561893e-11
-25   +1.214926352554569e-11  +4.347011428122779e-11
-24   +1.193234410902708e-11  +4.544742095476560e-11
-23   +1.168388643188080e-11  +4.759505496537042e-11
-22   +1.139742848089102e-11  +4.993693412995005e-11
-21   +1.106460754958206e-11  +5.250170548562872e-11
-20   +1.067490555547132e-11  +5.532362231496552e-11
-19   +1.021455423109588e-11  +5.844495199676173e-11
-18   +9.663070487338486e-12  +6.191588846602124e-11
-17   +8.999703299566948e-12  +6.580228863492891e-11
-16   +8.086743036129267e-12  +7.013101424049123e-11
-15   +7.089003735983615e-12  +7.511179190162249e-11
-14   -9.360101767411745e-14  +7.779020385322694e-11
-13   +6.421971024077742e-14  +8.529756810545747e-11
-12   -3.031276460260365e-10  -6.093100121533801e-11
-11   -2.061058354973976e-10  -1.015078621943003e-12
-10   -1.980048048894739e-08  -1.000740785947942e-08
 -9   -8.166657947395452e-09  -4.056502577041739e-09
 -8   -9.252253384148212e-07  -4.729868129537610e-07
 -7   -3.927759688874637e-07  -2.018767673946790e-07
 -6   -7.951392116189674e-05  -4.065844925734090e-05
 -5   -1.096363015156932e-05  -5.650887796304982e-06
 -4   -2.888682893906461e-03  -1.477368988624684e-03
 -3   +9.108572750433078e-06  -5.255352351302348e-06
 -2   -6.704055713382983e-01  -3.426974271007766e-01
 -1   -4.237561260000939e-06  +2.565473063218550e-06
 +0   +1.390511385890228e-03  +0.000000000000000e+00
 +1   -4.237561260000939e-06  -2.565473063218550e-06
 +2   -6.704055713382983e-01  +3.426974271007766e-01
 +3   +9.108572750433078e-06  +5.255352351302348e-06
 +4   -2.888682893906461e-03  +1.477368988624684e-03
 +5   -1.096363015156932e-05  +5.650887796304982e-06
 +6   -7.951392116189674e-05  +4.065844925734090e-05
 +7   -3.927759688874637e-07  +2.018767673946790e-07
 +8   -9.252253384148212e-07  +4.729868129537610e-07
 +9   -8.166657947395452e-09  +4.056502577041739e-09
+10   -1.980048048894739e-08  +1.000740785947942e-08
+11   -2.061058354973976e-10  +1.015078621943003e-12
+12   -3.031276460260365e-10  +6.093100121533801e-11
+13   +6.421971024077742e-14  -8.529756810545747e-11
+14   -9.360101767411745e-14  -7.779020385322694e-11
+15   +7.089003735983615e-12  -7.511179190162249e-11
+16   +8.086743036129267e-12  -7.013101424049123e-11
+17   +8.999703299566948e-12  -6.580228863492891e-11
+18   +9.663070487338486e-12  -6.191588846602124e-11
+19   +1.021455423109588e-11  -5.844495199676173e-11
+20   +1.067490555547132e-11  -5.532362231496552e-11
+21   +1.106460754958206e-11  -5.250170548562872e-11
+22   +1.139742848089102e-11  -4.993693412995005e-11
+23   +1.168388643188080e-11  -4.759505496537042e-11
+24   +1.193234410902708e-11  -4.544742095476560e-11
+25   +1.214926352554569e-11  -4.347011428122779e-11
+26   +1.233980555014484e-11  -4.164298444561893e-11
+27   +1.250810319022330e-11  -3.994899216512112e-11
+28   +1.265746295185902e-11  -3.837342612057602e-11
+29   +1.279073443648881e-11  -3.690386928957300e-11
+30   +1.291007687995652e-11  -3.552937274117626e-11

