-30   -4.128061791648381e-12  +1.762509401810895e-11
-29   -4.836529315443566e-12  +1.839896573884252e-11
-28   -5.620653158156527e-12  +1.923760597901290e-11
-27   -6.491496181836604e-12  +2.015004600894656e-11
-26   -7.462145061093200e-12  +2.114698887040726e-11
-25   -8.548261888109917e-12  +2.224135215771931e-11
-24   -9.768600048974807e-12  +2.344883139691148e-11
-23   -1.114589124286262e-11  +2.478853143156631e-11
-22   -1.270773591330513e-11  +2.628409511011381e-11
-21   -1.448755585652826e-11  +2.796481451152648e-11
-20   -1.652775644198437e-11  +2.986841049163853e-11
-19   -1.886357182009652e-11  +3.203020328643493e-11
-18   -2.159348455278554e-11  +3.453675322867993e-11
-17   -2.397928089417774e-11  +3.686152989680451e-11
-16   -2.795174667577840e-11  +4.046662170508336e-11
-15   +3.667580705925406e-12  +1.785096660302320e-11
-14   -1.413010693705240e-11  +3.208364562397235e-11
-13   +1.816070720595925e-09  -1.322729744278350e-09
-12   +7.827144516029111e-10  -5.551575766723995e-10
-11   +7.559601881507919e-08  -5.599087414512844e-08
-10   +3.117652370538492e-08  -2.307612441872452e-08
 -9   +4.091275867102082e-06  -3.031687485882526e-06
 -8   +7.897862621960621e-07  -5.855275718829913e-07
 -7   +1.295303379310325e-04  -9.598629177301880e-05
 -6   +1.917709696084471e-05  -1.422089172846644e-05
 -5   +7.576431477706456e-03  -5.614289579032783e-03
 -4   -2.340863012236097e-06  +1.136056597222533e-06
 -3   +1.004878870851871e-01  -7.446789888207891e-02
 -2   -5.210846371132788e-06  -3.972006692120837e-06
 -1   -1.807174876491745e-03  +1.137991613620181e-03
 +0   +1.074132815022889e-05  +0.000000000000000e+00
 +1   -1.807174876491745e-03  -1.137991613620181e-03
 +2   -5.210846371132788e-06  +3.972006692120837e-06
 +3   +1.004878870851871e-01  +7.446789888207891e-02
 +4   -2.340863012236097e-06  -1.136056597222533e-06
 +5   +7.576431477706456e-03  +5.614289579032783e-03
 +6   +1.917709696084471e-05  +1.422089172846644e-05
 +7   +1.295303379310325e-04  +9.598629177301880e-05
 +8   +7.897862621960621e-07  +5.855275718829913e-07
 +9   +4.091275867102082e-06  +3.031687485882526e-06
+10   +3.117652370538492e-08  +2.307612441872452e-08
+11   +7.559601881507919e-08  +5.599087414512844e-08
+12   +7.827144516029111e-10  +5.551575766723995e-10
+13   +1.816070720595925e-09  +1.322729744278350e-09
+14   -1.413010693705240e-11  -3.208364562397235e-11
+15   +3.667580705925406e-12  -1.785096660302320e-11
+16   -2.795174667577840e-11  -4.046662170508336e-11
+17   -2.397928089417774e-11  -3.686152989680451e-11
+18   -2.159348455278554e-11  -3.453675322867993e-11
+19   -1.886357182009652e-11  -3.203020328643493e-11
+20   -1.652775644198437e-11  -2.986841049163853e-11
+21   -1.448755585652826e-11  -2.796481451152648e-11
+22   -1.270773591330513e-11  -2.628409511011381e-11
+23   -1.114589124286262e-11  -2.478853143156631e-11
+24   -9.768600048974807e-12  -2.344883139691148e-11
+25   -8.548261888109917e-12  -2.224135215771931e-11
+26   -7.462145061093200e-12  -2.114698887040726e-11
+27   -6.491496181836604e-12  -2.015004600894656e-11
+28   -5.620653158156527e-12  -1.923760597901290e-11
+29   -4.836529315443566e-12  -1.839896573884252e-11
+30   -4.128061791648381e-12  -1.762509401810895e-11

