-30   +1.771817921695926e-12  -9.614674429171103e-12
-29   +2.159591166173598e-12  -9.990021058484597e-12
-28   +2.591041265425816e-12  -1.039149665541029e-11
-27   +3.072960465462167e-12  -1.082190128672970e-11
-26   +3.613594431034279e-12  -1.128479270382596e-11
-25   +4.223012393546928e-12  -1.178383526003246e-11
-24   +4.913288799752591e-12  -1.232354016819122e-11
-23   +5.699449147698311e-12  -1.290901812577292e-11
-22   +6.600473071844290e-12  -1.354636771488168e-11
-21   +7.639925320663918e-12  -1.424194354287538e-11
-20   +8.847456744989421e-12  -1.500469923310646e-11
-19   +1.027429421970574e-11  -1.582650974266024e-11
-18   +1.194439600987189e-11  -1.675332486049108e-11
-17   +1.450945390471018e-11  -1.700683713381993e-11
-16   +1.679224552518168e-11  -1.830789747992054e-11
-15   +4.856015995993534e-11  +1.933902278218761e-11
-14   +3.981141210691582e-11  +1.227258407762039e-12
-13   +1.289837648845696e-09  +1.680417936072563e-09
-12   +7.141322040999359e-10  +8.938142164487018e-10
-11   +6.817803761261639e-08  +9.192367062855592e-08
-10   +2.034932607873017e-08  +2.735433543044843e-08
 -9   +2.467336089998747e-06  +3.329483613218075e-06
 -8   +7.360589507763301e-07  +9.928065629318158e-07
 -7   +1.622084931228177e-04  +2.188990055497557e-04
 -6   +8.641496205860737e-06  +1.163773135069665e-05
 -5   +3.291899177224960e-03  +4.442213734001796e-03
 -4   +2.290596719907525e-06  +2.621495918317549e-06
 -3   +4.367795275238862e-01  +5.894361967575958e-01
 -2   +2.137203328083767e-05  -3.193839236370988e-05
 -1   -2.594854103629417e-03  -3.941120115753466e-03
 +0   -1.404494601265008e-05  +0.000000000000000e+00
 +1   -2.594854103629417e-03  +3.941120115753466e-03
 +2   +2.137203328083767e-05  +3.193839236370988e-05
 +3   +4.367795275238862e-01  -5.894361967575958e-01
 +4   +2.290596719907525e-06  -2.621495918317549e-06
 +5   +3.291899177224960e-03  -4.442213734001796e-03
 +6   +8.641496205860737e-06  -1.163773135069665e-05
 +7   +1.622084931228177e-04  -2.188990055497557e-04
 +8   +7.360589507763301e-07  -9.928065629318158e-07
 +9   +2.467336089998747e-06  -3.329483613218075e-06
+10   +2.034932607873017e-08  -2.735433543044843e-08
+11   +6.817803761261639e-08  -9.192367062855592e-08
+12   +7.141322040999359e-10  -8.938142164487018e-10
+13   +1.289837648845696e-09  -1.680417936072563e-09
+14   +3.981141210691582e-11  -1.227258407762039e-12
+15   +4.856015995993534e-11  -1.933902278218761e-11
+16   +1.679224552518168e-11  +1.830789747992054e-11
+17   +1.450945390471018e-11  +1.700683713381993e-11
+18   +1.194439600987189e-11  +1.675332486049108e-11
+19   +1.027429421970574e-11  +1.582650974266024e-11
+20   +8.847456744989421e-12  +1.500469923310646e-11
+21   +7.639925320663918e-12  +1.424194354287538e-11
+22   +6.600473071844290e-12  +1.354636771488168e-11
+23   +5.699449147698311e-12  +1.290901812577292e-11
+24   +4.913288799752591e-12  +1.232354016819122e-11
+25   +4.223012393546928e-12  +1.178383526003246e-11
+26   +3.613594431034279e-12  +1.128479270382596e-11
+27   +3.072960465462167e-12  +1.082190128672970e-11
+28   +2.591041265425816e-12  +1.039149665541029e-11
+29   +2.159591166173598e-12  +9.990021058484597e-12
+30   +1.771817921695926e-12  +9.614674429171103e-12

