-30   +4.329836821757138e-12  +4.603964115692701e-12
-29   +4.474080748415625e-12  +4.745615633673563e-12
-28   +4.633616302724662e-12  +4.892613286148621e-12
-27   +4.810647077571984e-12  +5.044941441069647e-12
-26   +5.007776782186914e-12  +5.202413572922375e-12
-25   +5.228145658349205e-12  +5.364689808805264e-12
-24   +5.475441234235424e-12  +5.531132416992001e-12
-23   +5.754169726314271e-12  +5.700734392852913e-12
-22   +6.069780983200772e-12  +5.871905899394616e-12
-21   +6.428846618679031e-12  +6.042280125380389e-12
-20   +6.839546253964731e-12  +6.208325958215728e-12
-19   +7.311234966716222e-12  +6.363978737244489e-12
-18   +7.857700109248032e-12  +6.503385003685563e-12
-17   +8.457154973477137e-12  +6.564952950694082e-12
-16   +9.211001695721779e-12  +6.642616190842457e-12
-15   +8.247735183415338e-12  +4.153123905798840e-12
-14   +9.827809996266043e-12  +4.767675662739286e-12
-13   -9.806344844272389e-11  -1.427837070337833e-10
-12   -3.866172138171436e-11  -6.514054651664133e-11
-11   -5.079836330649823e-09  -6.871424007550462e-09
-10   -2.381669714603327e-09  -3.233940578875793e-09
 -9   -3.505968807045969e-07  -4.731537358253675e-07
 -8   -7.041599657302884e-08  -9.500736644752643e-08
 -7   -1.178024519593774e-05  -1.589704706435323e-05
 -6   -2.551773619771713e-06  -3.441928919284382e-06
 -5   -1.224766256341318e-03  -1.652823420294791e-03
 -4   +6.415009489071099e-07  +1.043631001359809e-06
 -3   +5.945809279189048e-02  +8.024189666536476e-02
 -2   +1.913713239640944e-06  -5.962273146805616e-06
 -1   +2.837917919810841e-03  +3.753431707190467e-03
 +0   +1.309984892874044e-05  +0.000000000000000e+00
 +1   +2.837917919810841e-03  -3.753431707190467e-03
 +2   +1.913713239640944e-06  +5.962273146805616e-06
 +3   +5.945809279189048e-02  -8.024189666536476e-02
 +4   +6.415009489071099e-07  -1.043631001359809e-06
 +5   -1.224766256341318e-03  +1.652823420294791e-03
 +6   -2.551773619771713e-06  +3.441928919284382e-06
 +7   -1.178024519593774e-05  +1.589704706435323e-05
 +8   -7.041599657302884e-08  +9.500736644752643e-08
 +9   -3.505968807045969e-07  +4.731537358253675e-07
+10   -2.381669714603327e-09  +3.233940578875793e-09
+11   -5.079836330649823e-09  +6.871424007550462e-09
+12   -3.866172138171436e-11  +6.514054651664133e-11
+13   -9.806344844272389e-11  +1.427837070337833e-10
+14   +9.827809996266043e-12  -4.767675662739286e-12
+15   +8.247735183415338e-12  -4.153123905798840e-12
+16   +9.211001695721779e-12  -6.642616190842457e-12
+17   +8.457154973477137e-12  -6.564952950694082e-12
+18   +7.857700109248032e-12  -6.503385003685563e-12
+19   +7.311234966716222e-12  -6.363978737244489e-12
+20   +6.839546253964731e-12  -6.208325958215728e-12
+21   +6.428846618679031e-12  -6.042280125380389e-12
+22   +6.069780983200772e-12  -5.871905899394616e-12
+23   +5.754169726314271e-12  -5.700734392852913e-12
+24   +5.475441234235424e-12  -5.531132416992001e-12
+25   +5.228145658349205e-12  -5.364689808805264e-12
+26   +5.007776782186914e-12  -5.202413572922375e-12
+27   +4.810647077571984e-12  -5.044941441069647e-12
+28   +4.633616302724662e-12  -4.892613286148621e-12
+29   +4.474080748415625e-12  -4.745615633673563e-12
+30   +4.329836821757138e-12  -4.603964115692701e-12

