-30   +6.404019488176132e-13  +4.062083377173369e-12
-29   +5.778745969541315e-13  +4.230431666252811e-12
-28   +5.087578082369140e-13  +4.411772434557469e-12
-27   +4.320577831864519e-13  +4.607770261328840e-12
-26   +3.467063211725635e-13  +4.820337074276803e-12
-25   +2.513493191816418e-13  +5.051785434257534e-12
-24   +1.444344896135106e-13  +5.304968825386000e-12
-23   +2.404559814809404e-14  +5.583130707853200e-12
-22   -1.120972514424710e-13  +5.890294372493318e-12
-21   -2.666094044712357e-13  +6.231479377398901e-12
-20   -4.430616430823607e-13  +6.612803597480455e-12
-19   -6.444076233537433e-13  +7.041102014100695e-12
-18   -8.774330295060864e-13  +7.527369973505653e-12
-17   -1.099838828277626e-12  +8.048111124624140e-12
-16   -1.420779312671977e-12  +8.694883105076045e-12
-15   +9.283234653563395e-13  +7.430434153305788e-12
-14   -5.724904557594803e-13  +9.106453700207824e-12
-13   +1.314681058180093e-10  -8.805737803391791e-11
-12   +7.622817171268075e-11  -4.629035915946591e-11
-11   +8.738269161297455e-09  -6.463959257290571e-09
-10   +2.737271176040123e-09  -2.016388310123125e-09
 -9   +3.624317115857918e-07  -2.685580712081792e-07
 -8   +1.290739165683166e-07  -9.565759593273110e-08
 -7   +3.366200290103468e-05  -2.494406973785391e-05
 -6   +1.605646536124281e-06  -1.192498538558447e-06
 -5   +6.672896174822716e-04  -4.945004940229777e-04
 -4   +1.135669915942305e-06  -8.935433449368323e-07
 -3   +2.874379671986633e-01  -2.129938395199468e-01
 -2   -1.739660465339915e-05  -9.481422723894888e-06
 -1   -4.172913742031462e-05  -2.478181553480974e-04
 +0   +2.860182207764336e-06  +0.000000000000000e+00
 +1   -4.172913742031462e-05  +2.478181553480974e-04
 +2   -1.739660465339915e-05  +9.481422723894888e-06
 +3   +2.874379671986633e-01  +2.129938395199468e-01
 +4   +1.135669915942305e-06  +8.935433449368323e-07
 +5   +6.672896174822716e-04  +4.945004940229777e-04
 +6   +1.605646536124281e-06  +1.192498538558447e-06
 +7   +3.366200290103468e-05  +2.494406973785391e-05
 +8   +1.290739165683166e-07  +9.565759593273110e-08
 +9   +3.624317115857918e-07  +2.685580712081792e-07
+10   +2.737271176040123e-09  +2.016388310123125e-09
+11   +8.738269161297455e-09  +6.463959257290571e-09
+12   +7.622817171268075e-11  +4.629035915946591e-11
+13   +1.314681058180093e-10  +8.805737803391791e-11
+14   -5.724904557594803e-13  -9.106453700207824e-12
+15   +9.283234653563395e-13  -7.430434153305788e-12
+16   -1.420779312671977e-12  -8.694883105076045e-12
+17   -1.099838828277626e-12  -8.048111124624140e-12
+18   -8.774330295060864e-13  -7.527369973505653e-12
+19   -6.444076233537433e-13  -7.041102014100695e-12
+20   -4.430616430823607e-13  -6.612803597480455e-12
+21   -2.666094044712357e-13  -6.231479377398901e-12
+22   -1.120972514424710e-13  -5.890294372493318e-12
+23   +2.404559814809404e-14  -5.583130707853200e-12
+24   +1.444344896135106e-13  -5.304968825386000e-12
+25   +2.513493191816418e-13  -5.051785434257534e-12
+26   +3.467063211725635e-13  -4.820337074276803e-12
+27   +4.320577831864519e-13  -4.607770261328840e-12
+28   +5.087578082369140e-13  -4.411772434557469e-12
+29   +5.778745969541315e-13  -4.230431666252811e-12
+30   +6.404019488176132e-13  -4.062083377173369e-12

