-30   +5.246940042756591e-11  +9.101605560161230e-11
-29   +5.349371328455875e-11  +9.486004767451524e-11
-28   +5.461413402967165e-11  +9.900744092978262e-11
-27   +5.584210952587834e-11  +1.034978475284044e-10
-26   +5.719057556194104e-11  +1.083778004386391e-10
-25   +5.867405152363979e-11  +1.137027263867438e-10
-24   +6.030891519307410e-11  +1.195388358561836e-10
-23   +6.211333150137050e-11  +1.259657708793878e-10
-22   +6.410724690527627e-11  +1.330802124140185e-10
-21   +6.631219197177194e-11  +1.410004723363943e-10
-20   +6.875029326889400e-11  +1.498724729226594e-10
-19   +7.144312084744583e-11  +1.598776805297619e-10
-18   +7.440879582279327e-11  +1.712441394897584e-10
-17   +7.765650254255449e-11  +1.842610252794964e-10
-16   +8.118753881822738e-11  +1.992882933294733e-10
-15   +8.494266779587882e-11  +2.168210489375020e-10
-14   +8.928707647627778e-11  +2.370443878457369e-10
-13   +9.302406357327304e-11  +2.616084129131467e-10
-12   +1.186993152207770e-10  +2.659807584680898e-10
-11   +1.148963892703597e-10  +3.117020775343175e-10
-10   +1.263864772102373e-09  -6.067936155237709e-10
 -9   +7.754265145837602e-10  -3.663187742742972e-10
 -8   +5.780778600823208e-08  -7.497526198424781e-08
 -7   +2.616112927420557e-08  -2.058624243886218e-08
 -6   +2.865123156262677e-06  -1.769009651691937e-06
 -5   +1.078088290603889e-06  -1.246588279697081e-06
 -4   +2.061193037289760e-04  -2.797881921885289e-04
 -3   +1.450853922273140e-05  -1.289200916094054e-05
 -2   +4.129748522525704e-03  -1.955370006628533e-03
 -1   -1.630325097573641e-07  -7.423286068452423e-06
 +0   +1.333579348710251e+00  +0.000000000000000e+00
 +1   -1.630325097573641e-07  +7.423286068452423e-06
 +2   +4.129748522525704e-03  +1.955370006628533e-03
 +3   +1.450853922273140e-05  +1.289200916094054e-05
 +4   +2.061193037289760e-04  +2.797881921885289e-04
 +5   +1.078088290603889e-06  +1.246588279697081e-06
 +6   +2.865123156262677e-06  +1.769009651691937e-06
 +7   +2.616112927420557e-08  +2.058624243886218e-08
 +8   +5.780778600823208e-08  +7.497526198424781e-08
 +9   +7.754265145837602e-10  +3.663187742742972e-10
+10   +1.263864772102373e-09  +6.067936155237709e-10
+11   +1.148963892703597e-10  -3.117020775343175e-10
+12   +1.186993152207770e-10  -2.659807584680898e-10
+13   +9.302406357327304e-11  -2.616084129131467e-10
+14   +8.928707647627778e-11  -2.370443878457369e-10
+15   +8.494266779587882e-11  -2.168210489375020e-10
+16   +8.118753881822738e-11  -1.992882933294733e-10
+17   +7.765650254255449e-11  -1.842610252794964e-10
+18   +7.440879582279327e-11  -1.712441394897584e-10
+19   +7.144312084744583e-11  -1.598776805297619e-10
+20   +6.875029326889400e-11  -1.498724729226594e-10
+21   +6.631219197177194e-11  -1.410004723363943e-10
+22   +6.410724690527627e-11  -1.330802124140185e-10
+23   +6.211333150137050e-11  -1.259657708793878e-10
+24   +6.030891519307410e-11  -1.195388358561836e-10
+25   +5.867405152363979e-11  -1.137027263867438e-10
+26   +5.719057556194104e-11  -1.083778004386391e-10
+27   +5.584210952587834e-11  -1.034978475284044e-10
+28   +5.461413402967165e-11  -9.900744092978262e-11
+29   +5.349371328455875e-11  -9.486004767451524e-11
+30   +5.246940042756591e-11  -9.101605560161230e-11

