-30   +1.370469189904231e-10  +6.279675644217789e-10
-29   +1.284549866519710e-10  +6.512055092828246e-10
-28   +1.189095607605851e-10  +6.759114997363106e-10
-27   +1.082650960056324e-10  +7.022301747711222e-10
-26   +9.634738445783636e-11  +7.303241063756577e-10
-25   +8.294663698422218e-11  +7.603760567724656e-10
-24   +6.780852155871447e-11  +7.925915420339771e-10
-23   +5.062260536263670e-11  +8.272013033038864e-10
-22   +3.100711103468599e-11  +8.644637524205788e-10
-21   +8.488952979273060e-12  +9.046666893348745e-10
-20   -1.752291828352544e-11  +9.481276776680136e-10
-19   -4.777307585280784e-11  +9.951917202838505e-10
-18   -8.320743598662355e-11  +1.046223852548123e-09
-17   -1.250388926155955e-10  +1.101591540651005e-09
-16   -1.748259784458713e-10  +1.161641641889370e-09
-15   -2.346257078934985e-10  +1.226598177280761e-09
-14   -3.066354483440529e-10  +1.296985020464961e-09
-13   -3.954268090651135e-10  +1.371389620827497e-09
-12   -4.855224391982245e-10  +1.473916735709571e-09
-11   -6.240077470953529e-10  +1.545733316201492e-09
-10   +4.758545056894401e-10  +2.910363159036701e-09
 -9   -4.832088844829626e-10  +2.409116984537788e-09
 -8   +3.566345976004854e-08  +6.795448183435836e-08
 -7   +2.583836203901153e-08  +3.392022817253389e-08
 -6   +3.519263427326429e-06  +4.133946023714913e-06
 -5   +4.129555704174063e-07  +9.652774194068717e-07
 -4   -5.535925659450023e-06  +1.453203619908327e-04
 -3   +1.559220276118114e-05  +3.324192025886748e-05
 -2   +3.699963674794005e-03  +1.473035334320489e-02
 -1   -1.246223247158214e-06  -5.359699248902695e-06
 +0   +1.376387343558905e-01  +0.000000000000000e+00
 +1   -1.246223247158214e-06  +5.359699248902695e-06
 +2   +3.699963674794005e-03  -1.473035334320489e-02
 +3   +1.559220276118114e-05  -3.324192025886748e-05
 +4   -5.535925659450023e-06  -1.453203619908327e-04
 +5   +4.129555704174063e-07  -9.652774194068717e-07
 +6   +3.519263427326429e-06  -4.133946023714913e-06
 +7   +2.583836203901153e-08  -3.392022817253389e-08
 +8   +3.566345976004854e-08  -6.795448183435836e-08
 +9   -4.832088844829626e-10  -2.409116984537788e-09
+10   +4.758545056894401e-10  -2.910363159036701e-09
+11   -6.240077470953529e-10  -1.545733316201492e-09
+12   -4.855224391982245e-10  -1.473916735709571e-09
+13   -3.954268090651135e-10  -1.371389620827497e-09
+14   -3.066354483440529e-10  -1.296985020464961e-09
+15   -2.346257078934985e-10  -1.226598177280761e-09
+16   -1.748259784458713e-10  -1.161641641889370e-09
+17   -1.250388926155955e-10  -1.101591540651005e-09
+18   -8.320743598662355e-11  -1.046223852548123e-09
+19   -4.777307585280784e-11  -9.951917202838505e-10
+20   -1.752291828352544e-11  -9.481276776680136e-10
+21   +8.488952979273060e-12  -9.046666893348745e-10
+22   +3.100711103468599e-11  -8.644637524205788e-10
+23   +5.062260536263670e-11  -8.272013033038864e-10
+24   +6.780852155871447e-11  -7.925915420339771e-10
+25   +8.294663698422218e-11  -7.603760567724656e-10
+26   +9.634738445783636e-11  -7.303241063756577e-10
+27   +1.082650960056324e-10  -7.022301747711222e-10
+28   +1.189095607605851e-10  -6.759114997363106e-10
+29   +1.284549866519710e-10  -6.512055092828246e-10
+30   +1.370469189904231e-10  -6.279675644217789e-10

