-30   +1.844631338087334e-11  +9.183054641773475e-11
-29   +1.708858374903113e-11  +9.522270412087353e-11
-28   +1.558142497116258e-11  +9.882872016490591e-11
-27   +1.390224701556661e-11  +1.026696434119782e-10
-26   +1.202406898155165e-11  +1.067691919706484e-10
-25   +9.914392411611576e-12  +1.111540208972847e-10
-24   +7.533940330601101e-12  +1.158541523777225e-10
-23   +4.834831241880191e-12  +1.209033650894986e-10
-22   +1.758302963406968e-12  +1.263395930227058e-10
-21   -1.768356098095365e-12  +1.322052167798175e-10
-20   -5.835797591278792e-12  +1.385473162799564e-10
-19   -1.055803864238242e-11  +1.454174509477520e-10
-18   -1.607972746913179e-11  +1.528709363037098e-10
-17   -2.258605169118212e-11  +1.609649129244602e-10
-16   -3.031665537259686e-11  +1.697536250005897e-10
-15   -3.958220023580517e-11  +1.792834596298128e-10
-14   -5.081449904433604e-11  +1.895374127340418e-10
-13   -6.451206236561992e-11  +2.005630549246874e-10
-12   -8.299680856742767e-11  +2.099648866417693e-10
-11   -1.033577286031385e-10  +2.224309483570797e-10
-10   -1.851873802034116e-10  +1.085819208716227e-10
 -9   -2.214762474079888e-10  +1.535802448469371e-10
 -8   -6.618050650860311e-09  -8.992860549946560e-09
 -7   -1.536130412156477e-09  -3.561535082128935e-09
 -6   -6.525237837228972e-08  -4.093224904195486e-07
 -5   -1.041478867272887e-07  -2.687429495125258e-07
 -4   -2.293361132606033e-05  -7.152949080142003e-05
 -3   -1.429610210201012e-06  -4.020114607888828e-06
 -2   -4.194355514933425e-04  -1.346210504511637e-03
 -1   -2.185109283781960e-07  -1.760907474543862e-06
 +0   +3.936268443440095e-01  +0.000000000000000e+00
 +1   -2.185109283781960e-07  +1.760907474543862e-06
 +2   -4.194355514933425e-04  +1.346210504511637e-03
 +3   -1.429610210201012e-06  +4.020114607888828e-06
 +4   -2.293361132606033e-05  +7.152949080142003e-05
 +5   -1.041478867272887e-07  +2.687429495125258e-07
 +6   -6.525237837228972e-08  +4.093224904195486e-07
 +7   -1.536130412156477e-09  +3.561535082128935e-09
 +8   -6.618050650860311e-09  +8.992860549946560e-09
 +9   -2.214762474079888e-10  -1.535802448469371e-10
+10   -1.851873802034116e-10  -1.085819208716227e-10
+11   -1.033577286031385e-10  -2.224309483570797e-10
+12   -8.299680856742767e-11  -2.099648866417693e-10
+13   -6.451206236561992e-11  -2.005630549246874e-10
+14   -5.081449904433604e-11  -1.895374127340418e-10
+15   -3.958220023580517e-11  -1.792834596298128e-10
+16   -3.031665537259686e-11  -1.697536250005897e-10
+17   -2.258605169118212e-11  -1.609649129244602e-10
+18   -1.607972746913179e-11  -1.528709363037098e-10
+19   -1.055803864238242e-11  -1.454174509477520e-10
+20   -5.835797591278792e-12  -1.385473162799564e-10
+21   -1.768356098095365e-12  -1.322052167798175e-10
+22   +1.758302963406968e-12  -1.263395930227058e-10
+23   +4.834831241880191e-12  -1.209033650894986e-10
+24   +7.533940330601101e-12  -1.158541523777225e-10
+25   +9.914392411611576e-12  -1.111540208972847e-10
+26   +1.202406898155165e-11  -1.067691919706484e-10
+27   +1.390224701556661e-11  -1.026696434119782e-10
+28   +1.558142497116258e-11  -9.882872016490591e-11
+29   +1.708858374903113e-11  -9.522270412087353e-11
+30   +1.844631338087334e-11  -9.183054641773475e-11

