-30   +5.667979854612391e-11  +3.396410080555015e-11
-29   +5.967289578130520e-11  +3.635153653049631e-11
-28   +6.295093295900562e-11  +3.902854852388740e-11
-27   +6.654874678931759e-11  +4.204464512039321e-11
-26   +7.050606640296363e-11  +4.546002205698385e-11
-25   +7.486815120480807e-11  +4.934839553347235e-11
-24   +7.968648604435432e-11  +5.380061205857424e-11
-23   +8.501936915143499e-11  +5.892946068043502e-11
-22   +9.093234315247664e-11  +6.487599495080830e-11
-21   +9.749827098217298e-11  +7.181805738219593e-11
-20   +1.047965461198969e-10  +7.998163993052426e-11
-19   +1.129109722359863e-10  +8.965631749992328e-11
-18   +1.219249403466516e-10  +1.012163013996727e-10
-17   +1.319119152890950e-10  +1.151491963587869e-10
-16   +1.429184790053240e-10  +1.320950086514498e-10
-15   +1.549294216430225e-10  +1.529016367643946e-10
-14   +1.678540245214120e-10  +1.786700214727446e-10
-13   +1.812570107863193e-10  +2.109606664288852e-10
-12   +1.967217844416770e-10  +2.507306042024352e-10
-11   +2.078058124138377e-10  +3.025602547773387e-10
-10   +3.672656297395968e-10  +2.856888237847603e-10
 -9   +2.986988294135236e-10  +4.277079982714938e-10
 -8   +8.262992291248100e-09  -3.720434356846952e-10
 -7   +5.301028236533972e-09  -1.013688990811934e-09
 -6   +7.816653118983934e-07  -2.096741780242785e-07
 -5   +1.375691925736264e-07  +2.078844064324714e-08
 -4   +8.523773396798206e-06  +1.443453129095732e-05
 -3   +7.532485587820772e-06  +2.841039457540357e-06
 -2   +2.866326695014008e-03  +2.760816915803621e-03
 -1   -1.154772050241706e-06  -2.067823827233319e-06
 +0   +1.815185368330666e-01  +0.000000000000000e+00
 +1   -1.154772050241706e-06  +2.067823827233319e-06
 +2   +2.866326695014008e-03  -2.760816915803621e-03
 +3   +7.532485587820772e-06  -2.841039457540357e-06
 +4   +8.523773396798206e-06  -1.443453129095732e-05
 +5   +1.375691925736264e-07  -2.078844064324714e-08
 +6   +7.816653118983934e-07  +2.096741780242785e-07
 +7   +5.301028236533972e-09  +1.013688990811934e-09
 +8   +8.262992291248100e-09  +3.720434356846952e-10
 +9   +2.986988294135236e-10  -4.277079982714938e-10
+10   +3.672656297395968e-10  -2.856888237847603e-10
+11   +2.078058124138377e-10  -3.025602547773387e-10
+12   +1.967217844416770e-10  -2.507306042024352e-10
+13   +1.812570107863193e-10  -2.109606664288852e-10
+14   +1.678540245214120e-10  -1.786700214727446e-10
+15   +1.549294216430225e-10  -1.529016367643946e-10
+16   +1.429184790053240e-10  -1.320950086514498e-10
+17   +1.319119152890950e-10  -1.151491963587869e-10
+18   +1.219249403466516e-10  -1.012163013996727e-10
+19   +1.129109722359863e-10  -8.965631749992328e-11
+20   +1.047965461198969e-10  -7.998163993052426e-11
+21   +9.749827098217298e-11  -7.181805738219593e-11
+22   +9.093234315247664e-11  -6.487599495080830e-11
+23   +8.501936915143499e-11  -5.892946068043502e-11
+24   +7.968648604435432e-11  -5.380061205857424e-11
+25   +7.486815120480807e-11  -4.934839553347235e-11
+26   +7.050606640296363e-11  -4.546002205698385e-11
+27   +6.654874678931759e-11  -4.204464512039321e-11
+28   +6.295093295900562e-11  -3.902854852388740e-11
+29   +5.967289578130520e-11  -3.635153653049631e-11
+30   +5.667979854612391e-11  -3.396410080555015e-11

