-30   +1.291008664512210e-11  +3.552936534339489e-11
-29   +1.279075006095561e-11  +3.690387912709628e-11
-28   +1.265747354422715e-11  +3.837345261063278e-11
-27   +1.250810791720303e-11  +3.994900394670059e-11
-26   +1.233980128669693e-11  +4.164299689340318e-11
-25   +1.214925507856160e-11  +4.347012074347553e-11
-24   +1.193235143980517e-11  +4.544742668760051e-11
-23   +1.168389573116649e-11  +4.759508051996383e-11
-22   +1.139744380345825e-11  +4.993696693159686e-11
-21   +1.106460466902290e-11  +5.250171794795576e-11
-20   +1.067490693124246e-11  +5.532364387879664e-11
-19   +1.021455388056286e-11  +5.844495811348764e-11
-18   +9.663081095320937e-12  +6.191592218075724e-11
-17   +8.999683719907814e-12  +6.580227142581183e-11
-16   +8.086746170775381e-12  +7.013102746265814e-11
-15   +7.089006080848557e-12  +7.511179806087811e-11
-14   -9.359135438361777e-14  +7.779021534016392e-11
-13   +6.420404015848985e-14  +8.529757123592507e-11
-12   -3.031276298348754e-10  -6.093096344216437e-11
-11   -2.061058157827361e-10  -1.015066201380190e-12
-10   -1.980048048646599e-08  -1.000740783035020e-08
 -9   -8.166657968712686e-09  -4.056502561804541e-09
 -8   -9.252253384040534e-07  -4.729868129303967e-07
 -7   -3.927759688516109e-07  -2.018767673948450e-07
 -6   -7.951392116192965e-05  -4.065844925727460e-05
 -5   -1.096363015161321e-05  -5.650887796287429e-06
 -4   -2.888682893906468e-03  -1.477368988624602e-03
 -3   +9.108572750255125e-06  -5.255352351133438e-06
 -2   -6.704055713382983e-01  -3.426974271007765e-01
 -1   -4.237561260001633e-06  +2.565473063002871e-06
 +0   +1.390511385890314e-03  +0.000000000000000e+00
 +1   -4.237561260001633e-06  -2.565473063002871e-06
 +2   -6.704055713382983e-01  +3.426974271007765e-01
 +3   +9.108572750255125e-06  +5.255352351133438e-06
 +4   -2.888682893906468e-03  +1.477368988624602e-03
 +5   -1.096363015161321e-05  +5.650887796287429e-06
 +6   -7.951392116192965e-05  +4.065844925727460e-05
 +7   -3.927759688516109e-07  +2.018767673948450e-07
 +8   -9.252253384040534e-07  +4.729868129303967e-07
 +9   -8.166657968712686e-09  +4.056502561804541e-09
+10   -1.980048048646599e-08  +1.000740783035020e-08
+11   -2.061058157827361e-10  +1.015066201380190e-12
+12   -3.031276298348754e-10  +6.093096344216437e-11
+13   +6.420404015848985e-14  -8.529757123592507e-11
+14   -9.359135438361777e-14  -7.779021534016392e-11
+15   +7.089006080848557e-12  -7.511179806087811e-11
+16   +8.086746170775381e-12  -7.013102746265814e-11
+17   +8.999683719907814e-12  -6.580227142581183e-11
+18   +9.663081095320937e-12  -6.191592218075724e-11
+19   +1.021455388056286e-11  -5.844495811348764e-11
+20   +1.067490693124246e-11  -5.532364387879664e-11
+21   +1.106460466902290e-11  -5.250171794795576e-11
+22   +1.139744380345825e-11  -4.993696693159686e-11
+23   +1.168389573116649e-11  -4.759508051996383e-11
+24   +1.193235143980517e-11  -4.544742668760051e-11
+25   +1.214925507856160e-11  -4.347012074347553e-11
+26   +1.233980128669693e-11  -4.164299689340318e-11
+27   +1.250810791720303e-11  -3.994900394670059e-11
+28   +1.265747354422715e-11  -3.837345261063278e-11
+29   +1.279075006095561e-11  -3.690387912709628e-11
+30   +1.291008664512210e-11  -3.552936534339489e-11

