-30   -3.963381275504639e-12  -1.296957033080322e-11
-29   -3.867191099467002e-12  -1.346018018096612e-11
-28   -3.760453502115008e-12  -1.398337235395323e-11
-27   -3.641543663668118e-12  -1.454269400722948e-11
-26   -3.508556786187543e-12  -1.514220298183857e-11
-25   -3.359139879342689e-12  -1.578652607542029e-11
-24   -3.190508325527363e-12  -1.648103097282673e-11
-23   -2.999242415126964e-12  -1.723204645455290e-11
-22   -2.781121718405044e-12  -1.804686110496740e-11
-21   -2.530770124911741e-12  -1.893412239848868e-11
-20   -2.241652963549249e-12  -1.990406312579608e-11
-19   -1.905244868280119e-12  -2.096885547644824e-11
-18   -1.510755236804672e-12  -2.214292399086125e-11
-17   -1.043893345749541e-12  -2.344397109100190e-11
-16   -4.894206144029306e-13  -2.488650627027173e-11
-15   +1.847360306267508e-13  -2.651004231753070e-11
-14   +7.830801527311876e-13  -2.789634020237698e-11
-13   +1.862574300555758e-12  -3.008006747689948e-11
-12   -1.022526801034826e-11  -6.281955425724952e-12
-11   -4.958915946486401e-12  -1.611171388513877e-11
-10   -1.039807535976055e-09  +2.008839737116011e-09
 -9   -4.686645195652682e-10  +8.904789729456428e-10
 -8   -6.050288216754699e-08  +1.182954302300725e-07
 -7   -2.930346949929743e-08  +5.690383069439207e-08
 -6   -6.812962122092040e-06  +1.332407354810909e-05
 -5   -1.121512233059360e-06  +2.172458130235667e-06
 -4   -3.588172555454737e-04  +7.015865884988001e-04
 -3   -2.194753343582268e-06  -3.925892895532652e-06
 -2   -1.511503453986367e-01  +2.957704785253899e-01
 -1   +4.800554518580123e-06  +8.805945477787910e-06
 +0   +1.707165033243764e-03  +0.000000000000000e+00
 +1   +4.800554518580123e-06  -8.805945477787910e-06
 +2   -1.511503453986367e-01  -2.957704785253899e-01
 +3   -2.194753343582268e-06  +3.925892895532652e-06
 +4   -3.588172555454737e-04  -7.015865884988001e-04
 +5   -1.121512233059360e-06  -2.172458130235667e-06
 +6   -6.812962122092040e-06  -1.332407354810909e-05
 +7   -2.930346949929743e-08  -5.690383069439207e-08
 +8   -6.050288216754699e-08  -1.182954302300725e-07
 +9   -4.686645195652682e-10  -8.904789729456428e-10
+10   -1.039807535976055e-09  -2.008839737116011e-09
+11   -4.958915946486401e-12  +1.611171388513877e-11
+12   -1.022526801034826e-11  +6.281955425724952e-12
+13   +1.862574300555758e-12  +3.008006747689948e-11
+14   +7.830801527311876e-13  +2.789634020237698e-11
+15   +1.847360306267508e-13  +2.651004231753070e-11
+16   -4.894206144029306e-13  +2.488650627027173e-11
+17   -1.043893345749541e-12  +2.344397109100190e-11
+18   -1.510755236804672e-12  +2.214292399086125e-11
+19   -1.905244868280119e-12  +2.096885547644824e-11
+20   -2.241652963549249e-12  +1.990406312579608e-11
+21   -2.530770124911741e-12  +1.893412239848868e-11
+22   -2.781121718405044e-12  +1.804686110496740e-11
+23   -2.999242415126964e-12  +1.723204645455290e-11
+24   -3.190508325527363e-12  +1.648103097282673e-11
+25   -3.359139879342689e-12  +1.578652607542029e-11
+26   -3.508556786187543e-12  +1.514220298183857e-11
+27   -3.641543663668118e-12  +1.454269400722948e-11
+28   -3.760453502115008e-12  +1.398337235395323e-11
+29   -3.867191099467002e-12  +1.346018018096612e-11
+30   -3.963381275504639e-12  +1.296957033080322e-11

