-30   -4.097978982772859e-11  -7.180185903498654e-11
-29   -4.174748948987906e-11  -7.457578765978903e-11
-28   -4.260008733344421e-11  -7.754099096911240e-11
-27   -4.355059332281038e-11  -8.071913805754898e-11
-26   -4.461459681026106e-11  -8.413524111218931e-11
-25   -4.581087864375191e-11  -8.781835694870542e-11
-24   -4.716233840445312e-11  -9.180242374316157e-11
-23   -4.869704307875363e-11  -9.612736205138810e-11
-22   -5.044966069730389e-11  -1.008403445297901e-10
-21   -5.246327966369989e-11  -1.059972189996609e-10
-20   -5.479303604041945e-11  -1.116660004462161e-10
-19   -5.749632408694367e-11  -1.179114217336737e-10
-18   -6.068815126965139e-11  -1.248661379619373e-10
-17   -6.387867736602336e-11  -1.318315221379466e-10
-16   -6.857832673925263e-11  -1.407844228559600e-10
-15   -4.735087171783710e-11  -1.145995902683849e-10
-14   -6.335327533496264e-11  -1.383476374301459e-10
-13   +1.289161515610251e-09  +1.685349677018854e-09
-12   +5.185257431408831e-10  +6.449404422695665e-10
-11   +5.594879323653215e-08  +7.545239612897559e-08
-10   +2.302411037098151e-08  +3.103048280591242e-08
 -9   +3.031563732128201e-06  +4.091207260846832e-06
 -8   +5.851218710143242e-07  +7.900742205343777e-07
 -7   +9.598247626476473e-05  +1.295351952400322e-04
 -6   +1.421012218123632e-05  +1.919130826494616e-05
 -5   +5.614173120892284e-03  +7.576588235562870e-03
 -4   -1.734737637697602e-06  -1.532638168830673e-06
 -3   +7.446202370669083e-02  +1.004958150626647e-01
 -2   -3.857724022549670e-06  +5.365330471585758e-06
 -1   -1.339125731246118e-03  -1.535740700520409e-03
 +0   +7.959604642760662e-06  +0.000000000000000e+00
 +1   -1.339125731246118e-03  +1.535740700520409e-03
 +2   -3.857724022549670e-06  -5.365330471585758e-06
 +3   +7.446202370669083e-02  -1.004958150626647e-01
 +4   -1.734737637697602e-06  +1.532638168830673e-06
 +5   +5.614173120892284e-03  -7.576588235562870e-03
 +6   +1.421012218123632e-05  -1.919130826494616e-05
 +7   +9.598247626476473e-05  -1.295351952400322e-04
 +8   +5.851218710143242e-07  -7.900742205343777e-07
 +9   +3.031563732128201e-06  -4.091207260846832e-06
+10   +2.302411037098151e-08  -3.103048280591242e-08
+11   +5.594879323653215e-08  -7.545239612897559e-08
+12   +5.185257431408831e-10  -6.449404422695665e-10
+13   +1.289161515610251e-09  -1.685349677018854e-09
+14   -6.335327533496264e-11  +1.383476374301459e-10
+15   -4.735087171783710e-11  +1.145995902683849e-10
+16   -6.857832673925263e-11  +1.407844228559600e-10
+17   -6.387867736602336e-11  +1.318315221379466e-10
+18   -6.068815126965139e-11  +1.248661379619373e-10
+19   -5.749632408694367e-11  +1.179114217336737e-10
+20   -5.479303604041945e-11  +1.116660004462161e-10
+21   -5.246327966369989e-11  +1.059972189996609e-10
+22   -5.044966069730389e-11  +1.008403445297901e-10
+23   -4.869704307875363e-11  +9.612736205138810e-11
+24   -4.716233840445312e-11  +9.180242374316157e-11
+25   -4.581087864375191e-11  +8.781835694870542e-11
+26   -4.461459681026106e-11  +8.413524111218931e-11
+27   -4.355059332281038e-11  +8.071913805754898e-11
+28   -4.260008733344421e-11  +7.754099096911240e-11
+29   -4.174748948987906e-11  +7.457578765978903e-11
+30   -4.097978982772859e-11  +7.180185903498654e-11

