-30   -2.645415759452866e-11  -7.687146872183112e-11
-29   -2.608581523300615e-11  -7.976598829200938e-11
-28   -2.567844588239151e-11  -8.285146358014013e-11
-27   -2.522631431289129e-11  -8.614830968946116e-11
-26   -2.472285903750596e-11  -8.967984299093714e-11
-25   -2.416007304271142e-11  -9.347308437948158e-11
-24   -2.352855099849057e-11  -9.755923075481706e-11
-23   -2.281676963538356e-11  -1.019744674363813e-10
-22   -2.201089219127588e-11  -1.067610897019921e-10
-21   -2.109459780383171e-11  -1.119687770189484e-10
-20   -2.004631604219756e-11  -1.176568900558312e-10
-19   -1.885781895658307e-11  -1.238829090881776e-10
-18   -1.746224037334232e-11  -1.307571846069236e-10
-17   -1.661021403677868e-11  -1.377964560115297e-10
-16   -1.454399458923439e-11  -1.463917679017910e-10
-15   -5.121044458107025e-11  -1.270512028078494e-10
-14   -3.183701521595777e-11  -1.501400178005338e-10
-13   -1.709429194879306e-09  +1.083120209846479e-09
-12   -9.208185979793824e-10  +4.875103581162223e-10
-11   -9.194980136617597e-08  +6.792614238537533e-08
-10   -2.738506999947221e-08  +2.006197502934427e-08
 -9   -3.329614694347577e-06  +2.466933724594533e-06
 -8   -9.931927963615340e-07  +7.354144934670398e-07
 -7   -2.189032082454884e-04  +1.622049473720246e-04
 -6   -1.166166282323855e-05  +8.623241993008343e-06
 -5   -4.442478969821694e-03  +3.291701927393808e-03
 -4   -3.091460816605057e-06  +1.941669476157254e-06
 -3   -5.894420978918383e-01  +4.367751528454012e-01
 -2   -2.887047750303377e-05  -2.364377965974187e-05
 -1   +3.501803529459827e-03  -2.920388783933569e-03
 +0   +1.895420029320519e-05  +0.000000000000000e+00
 +1   +3.501803529459827e-03  +2.920388783933569e-03
 +2   -2.887047750303377e-05  +2.364377965974187e-05
 +3   -5.894420978918383e-01  -4.367751528454012e-01
 +4   -3.091460816605057e-06  -1.941669476157254e-06
 +5   -4.442478969821694e-03  -3.291701927393808e-03
 +6   -1.166166282323855e-05  -8.623241993008343e-06
 +7   -2.189032082454884e-04  -1.622049473720246e-04
 +8   -9.931927963615340e-07  -7.354144934670398e-07
 +9   -3.329614694347577e-06  -2.466933724594533e-06
+10   -2.738506999947221e-08  -2.006197502934427e-08
+11   -9.194980136617597e-08  -6.792614238537533e-08
+12   -9.208185979793824e-10  -4.875103581162223e-10
+13   -1.709429194879306e-09  -1.083120209846479e-09
+14   -3.183701521595777e-11  +1.501400178005338e-10
+15   -5.121044458107025e-11  +1.270512028078494e-10
+16   -1.454399458923439e-11  +1.463917679017910e-10
+17   -1.661021403677868e-11  +1.377964560115297e-10
+18   -1.746224037334232e-11  +1.307571846069236e-10
+19   -1.885781895658307e-11  +1.238829090881776e-10
+20   -2.004631604219756e-11  +1.176568900558312e-10
+21   -2.109459780383171e-11  +1.119687770189484e-10
+22   -2.201089219127588e-11  +1.067610897019921e-10
+23   -2.281676963538356e-11  +1.019744674363813e-10
+24   -2.352855099849057e-11  +9.755923075481706e-11
+25   -2.416007304271142e-11  +9.347308437948158e-11
+26   -2.472285903750596e-11  +8.967984299093714e-11
+27   -2.522631431289129e-11  +8.614830968946116e-11
+28   -2.567844588239151e-11  +8.285146358014013e-11
+29   -2.608581523300615e-11  +7.976598829200938e-11
+30   -2.645415759452866e-11  +7.687146872183112e-11

