-30   +4.825260759679876e-12  +5.758813162354726e-12
-29   +4.991112733039224e-12  +5.977336065445960e-12
-28   +5.175642364337912e-12  +6.210364210987535e-12
-27   +5.381785772305777e-12  +6.459440175408132e-12
-26   +5.613035847901599e-12  +6.726342458776940e-12
-25   +5.873688786099891e-12  +7.013061023200328e-12
-24   +6.168942245723798e-12  +7.321911220462718e-12
-23   +6.505263495168959e-12  +7.655544113562294e-12
-22   +6.890647570001004e-12  +8.017022664874016e-12
-21   +7.335183736217151e-12  +8.409808272436958e-12
-20   +7.851689654445474e-12  +8.837945903132756e-12
-19   +8.457514540840899e-12  +9.305371003324275e-12
-18   +9.172320336982716e-12  +9.818596455877072e-12
-17   +1.007479459092622e-11  +1.034601804899252e-11
-16   +1.109239160811449e-11  +1.097553541913037e-11
-15   +1.483543602757479e-11  +9.817121181320580e-12
-14   +1.566744265612288e-11  +1.110492071567900e-11
-13   +1.649062688911049e-10  -9.721135019909876e-11
-12   +8.925911895569823e-11  -3.841671805913452e-11
-11   +6.898091023617301e-09  -5.080342654537015e-09
-10   +3.264059932994211e-09  -2.383023242455667e-09
 -9   +4.731961262265566e-07  -3.505936361907556e-07
 -8   +9.509839174431379e-08  -7.038286033995228e-08
 -7   +1.589774468535419e-05  -1.177977115652031e-05
 -6   +3.443766421219208e-06  -2.550468959068322e-06
 -5   +1.652844953721453e-03  -1.224750376023560e-03
 -4   -8.655692990251983e-07  +7.731977317379160e-07
 -3   -8.023980227828190e-02  +5.945964449002504e-02
 -2   -2.586452868153805e-06  -4.414960009242161e-06
 -1   -3.829823079093862e-03  +2.781311676805196e-03
 +0   -1.767871529199348e-05  +0.000000000000000e+00
 +1   -3.829823079093862e-03  -2.781311676805196e-03
 +2   -2.586452868153805e-06  +4.414960009242161e-06
 +3   -8.023980227828190e-02  -5.945964449002504e-02
 +4   -8.655692990251983e-07  -7.731977317379160e-07
 +5   +1.652844953721453e-03  +1.224750376023560e-03
 +6   +3.443766421219208e-06  +2.550468959068322e-06
 +7   +1.589774468535419e-05  +1.177977115652031e-05
 +8   +9.509839174431379e-08  +7.038286033995228e-08
 +9   +4.731961262265566e-07  +3.505936361907556e-07
+10   +3.264059932994211e-09  +2.383023242455667e-09
+11   +6.898091023617301e-09  +5.080342654537015e-09
+12   +8.925911895569823e-11  +3.841671805913452e-11
+13   +1.649062688911049e-10  +9.721135019909876e-11
+14   +1.566744265612288e-11  -1.110492071567900e-11
+15   +1.483543602757479e-11  -9.817121181320580e-12
+16   +1.109239160811449e-11  -1.097553541913037e-11
+17   +1.007479459092622e-11  -1.034601804899252e-11
+18   +9.172320336982716e-12  -9.818596455877072e-12
+19   +8.457514540840899e-12  -9.305371003324275e-12
+20   +7.851689654445474e-12  -8.837945903132756e-12
+21   +7.335183736217151e-12  -8.409808272436958e-12
+22   +6.890647570001004e-12  -8.017022664874016e-12
+23   +6.505263495168959e-12  -7.655544113562294e-12
+24   +6.168942245723798e-12  -7.321911220462718e-12
+25   +5.873688786099891e-12  -7.013061023200328e-12
+26   +5.613035847901599e-12  -6.726342458776940e-12
+27   +5.381785772305777e-12  -6.459440175408132e-12
+28   +5.175642364337912e-12  -6.210364210987535e-12
+29   +4.991112733039224e-12  -5.977336065445960e-12
+30   +4.825260759679876e-12  -5.758813162354726e-12

