-30   -5.730717767933797e-12  -7.818476452534367e-13
-29   -6.095290646895239e-12  -8.224974173920186e-13
-28   -6.499749741994385e-12  -8.671702297035447e-13
-27   -6.950099901349749e-12  -9.164191588647300e-13
-26   -7.453578383062803e-12  -9.710591275492551e-13
-25   -8.018767174895181e-12  -1.031905728460964e-12
-24   -8.656250863592080e-12  -1.100018927004982e-12
-23   -9.378882606265065e-12  -1.176721178486146e-12
-22   -1.020238628433910e-11  -1.263627326161832e-12
-21   -1.114654169798709e-11  -1.362650105185527e-12
-20   -1.223600585702374e-11  -1.476415147697129e-12
-19   -1.350137947765447e-11  -1.606927431953953e-12
-18   -1.498438374455208e-11  -1.760018467536668e-12
-17   -1.670158179921993e-11  -1.892324362503758e-12
-16   -1.879773696232416e-11  -2.111917977906101e-12
-15   -1.930801425068793e-11  +3.503092579498437e-13
-14   -2.318316639909914e-11  -1.025568605181148e-12
-13   +7.121476702389471e-11  +1.311533315248095e-10
-12   +2.590854465444393e-11  +7.606577823211665e-11
-11   +6.438851548062955e-09  +8.738412511208305e-09
-10   +1.984531120972620e-09  +2.738348671828914e-09
 -9   +2.685095187144563e-07  +3.624439662078546e-07
 -8   +9.557535483451814e-08  +1.291152739438108e-07
 -7   +2.494361992454873e-05  +3.366251530631372e-05
 -6   +1.189663767892602e-06  +1.609340253314896e-06
 -5   +4.944647216245991e-04  +6.673376833853502e-04
 -4   +8.411389116761314e-07  +1.206090466934174e-06
 -3   +2.129929631643371e-01  +2.874391489606764e-01
 -2   -1.287963072825974e-05  +1.280937368203964e-05
 -1   -3.092067388062613e-05  +3.344354160970129e-04
 +0   +2.120171361945034e-06  +0.000000000000000e+00
 +1   -3.092067388062613e-05  -3.344354160970129e-04
 +2   -1.287963072825974e-05  -1.280937368203964e-05
 +3   +2.129929631643371e-01  -2.874391489606764e-01
 +4   +8.411389116761314e-07  -1.206090466934174e-06
 +5   +4.944647216245991e-04  -6.673376833853502e-04
 +6   +1.189663767892602e-06  -1.609340253314896e-06
 +7   +2.494361992454873e-05  -3.366251530631372e-05
 +8   +9.557535483451814e-08  -1.291152739438108e-07
 +9   +2.685095187144563e-07  -3.624439662078546e-07
+10   +1.984531120972620e-09  -2.738348671828914e-09
+11   +6.438851548062955e-09  -8.738412511208305e-09
+12   +2.590854465444393e-11  -7.606577823211665e-11
+13   +7.121476702389471e-11  -1.311533315248095e-10
+14   -2.318316639909914e-11  +1.025568605181148e-12
+15   -1.930801425068793e-11  -3.503092579498437e-13
+16   -1.879773696232416e-11  +2.111917977906101e-12
+17   -1.670158179921993e-11  +1.892324362503758e-12
+18   -1.498438374455208e-11  +1.760018467536668e-12
+19   -1.350137947765447e-11  +1.606927431953953e-12
+20   -1.223600585702374e-11  +1.476415147697129e-12
+21   -1.114654169798709e-11  +1.362650105185527e-12
+22   -1.020238628433910e-11  +1.263627326161832e-12
+23   -9.378882606265065e-12  +1.176721178486146e-12
+24   -8.656250863592080e-12  +1.100018927004982e-12
+25   -8.018767174895181e-12  +1.031905728460964e-12
+26   -7.453578383062803e-12  +9.710591275492551e-13
+27   -6.950099901349749e-12  +9.164191588647300e-13
+28   -6.499749741994385e-12  +8.671702297035447e-13
+29   -6.095290646895239e-12  +8.224974173920186e-13
+30   -5.730717767933797e-12  +7.818476452534367e-13

