-30   +9.091461302232733e-11  +1.726465321919359e-10
-29   +9.213685984733811e-11  +1.791143484113339e-10
-28   +9.349057308649456e-11  +1.860046810301219e-10
-27   +9.499513690354552e-11  +1.933621794643133e-10
-26   +9.667369154223065e-11  +2.012378960107252e-10
-25   +9.855388333206449e-11  +2.096903810662863e-10
-24   +1.006691363900788e-10  +2.187872533755609e-10
-23   +1.030599964915479e-10  +2.286067782296071e-10
-22   +1.057760789099606e-10  +2.392401133005336e-10
-21   +1.088786388764476e-10  +2.507938007170593e-10
-20   +1.124439086320894e-10  +2.633934237786269e-10
-19   +1.165677126679343e-10  +2.771873670448925e-10
-18   +1.213715268755323e-10  +2.923521077605428e-10
-17   +1.270119494616048e-10  +3.090993141855347e-10
-16   +1.336830779986829e-10  +3.276739514513539e-10
-15   +1.416708026508384e-10  +3.484031547936051e-10
-14   +1.508668685103447e-10  +3.712291986126259e-10
-13   +1.627451205957637e-10  +3.974556883819638e-10
-12   +1.550326551573201e-10  +4.020657862332265e-10
-11   +1.793603915028007e-10  +4.459415496310796e-10
-10   -9.464675651067209e-10  -4.773268144104131e-10
 -9   -4.325664631411163e-10  -2.455274431826611e-10
 -8   -5.743798843659220e-08  -7.486780694650323e-08
 -7   -2.576485494924750e-08  -2.049697408875815e-08
 -6   -2.864702012599252e-06  -1.768939357692583e-06
 -5   -1.077659573896867e-06  -1.246551316452366e-06
 -4   -2.061188258690813e-04  -2.797881231028708e-04
 -3   -1.450819191151323e-05  -1.289217600494870e-05
 -2   -4.129747793393181e-03  -1.955369836589863e-03
 -1   +1.640004914400050e-07  -7.423138640525862e-06
 +0   -1.333579347625606e+00  +0.000000000000000e+00
 +1   +1.640004914400050e-07  +7.423138640525862e-06
 +2   -4.129747793393181e-03  +1.955369836589863e-03
 +3   -1.450819191151323e-05  +1.289217600494870e-05
 +4   -2.061188258690813e-04  +2.797881231028708e-04
 +5   -1.077659573896867e-06  +1.246551316452366e-06
 +6   -2.864702012599252e-06  +1.768939357692583e-06
 +7   -2.576485494924750e-08  +2.049697408875815e-08
 +8   -5.743798843659220e-08  +7.486780694650323e-08
 +9   -4.325664631411163e-10  +2.455274431826611e-10
+10   -9.464675651067209e-10  +4.773268144104131e-10
+11   +1.793603915028007e-10  -4.459415496310796e-10
+12   +1.550326551573201e-10  -4.020657862332265e-10
+13   +1.627451205957637e-10  -3.974556883819638e-10
+14   +1.508668685103447e-10  -3.712291986126259e-10
+15   +1.416708026508384e-10  -3.484031547936051e-10
+16   +1.336830779986829e-10  -3.276739514513539e-10
+17   +1.270119494616048e-10  -3.090993141855347e-10
+18   +1.213715268755323e-10  -2.923521077605428e-10
+19   +1.165677126679343e-10  -2.771873670448925e-10
+20   +1.124439086320894e-10  -2.633934237786269e-10
+21   +1.088786388764476e-10  -2.507938007170593e-10
+22   +1.057760789099606e-10  -2.392401133005336e-10
+23   +1.030599964915479e-10  -2.286067782296071e-10
+24   +1.006691363900788e-10  -2.187872533755609e-10
+25   +9.855388333206449e-11  -2.096903810662863e-10
+26   +9.667369154223065e-11  -2.012378960107252e-10
+27   +9.499513690354552e-11  -1.933621794643133e-10
+28   +9.349057308649456e-11  -1.860046810301219e-10
+29   +9.213685984733811e-11  -1.791143484113339e-10
+30   +9.091461302232733e-11  -1.726465321919359e-10

