-30   -6.306439412888789e-12  -5.004743443051093e-12
-29   -6.584283738621935e-12  -5.194463773174561e-12
-28   -6.892033459134936e-12  -5.396839576048481e-12
-27   -7.234123755991232e-12  -5.613264226505487e-12
-26   -7.615809405745540e-12  -5.845305479550877e-12
-25   -8.043396295672553e-12  -6.094789942595954e-12
-24   -8.524502662230431e-12  -6.363853625918893e-12
-23   -9.068378258382482e-12  -6.654956415778070e-12
-22   -9.686335772257390e-12  -6.970990225353930e-12
-21   -1.039236683777489e-11  -7.315373050432199e-12
-20   -1.120385129394370e-11  -7.692163357045082e-12
-19   -1.214269219990869e-11  -8.106222640141058e-12
-18   -1.323651041596864e-11  -8.563583269112258e-12
-17   -1.452138343441703e-11  -9.070972461500560e-12
-16   -1.603526638364284e-11  -9.646749586415660e-12
-15   -1.785544285450656e-11  -1.028234107753879e-11
-14   -1.958661684429550e-11  -1.148103940796523e-11
-13   -2.239414826655699e-11  -1.222991475755157e-11
-12   -6.335015758426488e-12  -3.782330254207694e-11
-11   -1.270581394878543e-11  -3.205819815577830e-11
-10   +1.252516723442326e-09  -1.323657053060956e-09
 -9   +5.006447530187214e-10  -7.636192471793044e-10
 -8   +3.690482959018318e-08  -6.628166271091817e-08
 -7   +2.739241965716151e-08  -3.228129985210099e-08
 -6   +3.521172434233533e-06  -4.132446681516956e-06
 -5   +4.152253770324085e-07  -9.640930403887809e-07
 -4   -5.533453683079628e-06  -1.453196736490635e-04
 -3   +1.559622960960612e-05  -3.324305765132678e-05
 -2   +3.699965597239964e-03  -1.473035364478988e-02
 -1   -1.244797329477396e-06  +5.359420943751934e-06
 +0   +1.376387355915726e-01  +0.000000000000000e+00
 +1   -1.244797329477396e-06  -5.359420943751934e-06
 +2   +3.699965597239964e-03  +1.473035364478988e-02
 +3   +1.559622960960612e-05  +3.324305765132678e-05
 +4   -5.533453683079628e-06  +1.453196736490635e-04
 +5   +4.152253770324085e-07  +9.640930403887809e-07
 +6   +3.521172434233533e-06  +4.132446681516956e-06
 +7   +2.739241965716151e-08  +3.228129985210099e-08
 +8   +3.690482959018318e-08  +6.628166271091817e-08
 +9   +5.006447530187214e-10  +7.636192471793044e-10
+10   +1.252516723442326e-09  +1.323657053060956e-09
+11   -1.270581394878543e-11  +3.205819815577830e-11
+12   -6.335015758426488e-12  +3.782330254207694e-11
+13   -2.239414826655699e-11  +1.222991475755157e-11
+14   -1.958661684429550e-11  +1.148103940796523e-11
+15   -1.785544285450656e-11  +1.028234107753879e-11
+16   -1.603526638364284e-11  +9.646749586415660e-12
+17   -1.452138343441703e-11  +9.070972461500560e-12
+18   -1.323651041596864e-11  +8.563583269112258e-12
+19   -1.214269219990869e-11  +8.106222640141058e-12
+20   -1.120385129394370e-11  +7.692163357045082e-12
+21   -1.039236683777489e-11  +7.315373050432199e-12
+22   -9.686335772257390e-12  +6.970990225353930e-12
+23   -9.068378258382482e-12  +6.654956415778070e-12
+24   -8.524502662230431e-12  +6.363853625918893e-12
+25   -8.043396295672553e-12  +6.094789942595954e-12
+26   -7.615809405745540e-12  +5.845305479550877e-12
+27   -7.234123755991232e-12  +5.613264226505487e-12
+28   -6.892033459134936e-12  +5.396839576048481e-12
+29   -6.584283738621935e-12  +5.194463773174561e-12
+30   -6.306439412888789e-12  +5.004743443051093e-12

