-30   -2.470308558926293e-11  -4.410219229084468e-11
-29   -2.511276360310030e-11  -4.575479248255642e-11
-28   -2.556651732740486e-11  -4.751537727117369e-11
-27   -2.607085013819284e-11  -4.939539503568529e-11
-26   -2.663351888948278e-11  -5.140788947723327e-11
-25   -2.726380742526839e-11  -5.356785902083371e-11
-24   -2.797291782987235e-11  -5.589259442589216e-11
-23   -2.877444623717538e-11  -5.840212757220768e-11
-22   -2.968505253281557e-11  -6.111979240559948e-11
-21   -3.072529204543700e-11  -6.407286844762475e-11
-20   -3.192075166744888e-11  -6.729349826863489e-11
-19   -3.330355983024317e-11  -7.081972644582169e-11
-18   -3.491462561098836e-11  -7.469677665295370e-11
-17   -3.680639041810389e-11  -7.897885360455785e-11
-16   -3.904761279077010e-11  -8.373054231872751e-11
-15   -4.172733932447054e-11  -8.903214846664055e-11
-14   -4.498870809703951e-11  -9.494185177634722e-11
-13   -4.895367602686805e-11  -1.016535287615452e-10
-12   -5.545529564603745e-11  -1.070401427878941e-10
-11   -6.095787186298813e-11  -1.162670394654691e-10
-10   -1.242854182965267e-10  -7.884403688005661e-13
 -9   -1.375637029432839e-10  -4.720052574678344e-11
 -8   -6.505849632449743e-09  +9.092351724942803e-09
 -7   -1.390329066725642e-09  +3.644704107578353e-09
 -6   -6.506966565573358e-08  +4.093736489532494e-07
 -5   -1.039376358625623e-07  +2.687420779582973e-07
 -4   -2.293338860823064e-05  +7.152940426973055e-05
 -3   -1.429207505332091e-06  +4.019772774828708e-06
 -2   -4.194354791021727e-04  +1.346210292360066e-03
 -1   -2.185407971782811e-07  +1.760751005536537e-06
 +0   +3.936268442539497e-01  +0.000000000000000e+00
 +1   -2.185407971782811e-07  -1.760751005536537e-06
 +2   -4.194354791021727e-04  -1.346210292360066e-03
 +3   -1.429207505332091e-06  -4.019772774828708e-06
 +4   -2.293338860823064e-05  -7.152940426973055e-05
 +5   -1.039376358625623e-07  -2.687420779582973e-07
 +6   -6.506966565573358e-08  -4.093736489532494e-07
 +7   -1.390329066725642e-09  -3.644704107578353e-09
 +8   -6.505849632449743e-09  -9.092351724942803e-09
 +9   -1.375637029432839e-10  +4.720052574678344e-11
+10   -1.242854182965267e-10  +7.884403688005661e-13
+11   -6.095787186298813e-11  +1.162670394654691e-10
+12   -5.545529564603745e-11  +1.070401427878941e-10
+13   -4.895367602686805e-11  +1.016535287615452e-10
+14   -4.498870809703951e-11  +9.494185177634722e-11
+15   -4.172733932447054e-11  +8.903214846664055e-11
+16   -3.904761279077010e-11  +8.373054231872751e-11
+17   -3.680639041810389e-11  +7.897885360455785e-11
+18   -3.491462561098836e-11  +7.469677665295370e-11
+19   -3.330355983024317e-11  +7.081972644582169e-11
+20   -3.192075166744888e-11  +6.729349826863489e-11
+21   -3.072529204543700e-11  +6.407286844762475e-11
+22   -2.968505253281557e-11  +6.111979240559948e-11
+23   -2.877444623717538e-11  +5.840212757220768e-11
+24   -2.797291782987235e-11  +5.589259442589216e-11
+25   -2.726380742526839e-11  +5.356785902083371e-11
+26   -2.663351888948278e-11  +5.140788947723327e-11
+27   -2.607085013819284e-11  +4.939539503568529e-11
+28   -2.556651732740486e-11  +4.751537727117369e-11
+29   -2.511276360310030e-11  +4.575479248255642e-11
+30   -2.470308558926293e-11  +4.410219229084468e-11

