-30   +9.725621670184450e-12  +1.525996617711977e-11
-29   +9.944648903042509e-12  +1.583178055330844e-11
-28   +1.018722402578970e-11  +1.644097186915441e-11
-27   +1.045680761953329e-11  +1.709148836454979e-11
-26   +1.075753330309415e-11  +1.778786124158431e-11
-25   +1.109435667678333e-11  +1.853525931805217e-11
-24   +1.147324391552474e-11  +1.933969888525044e-11
-23   +1.190144465058160e-11  +2.020809659770399e-11
-22   +1.238782282557947e-11  +2.114854933096689e-11
-21   +1.294332760469297e-11  +2.217051429256676e-11
-20   +1.358155960174763e-11  +2.328513434125965e-11
-19   +1.431962745471074e-11  +2.450561116063432e-11
-18   +1.517922618958812e-11  +2.584764398046920e-11
-17   +1.618823205616396e-11  +2.733009150364973e-11
-16   +1.738218503287636e-11  +2.897527728562072e-11
-15   +1.881009581930956e-11  +3.081146690477593e-11
-14   +2.049510237061064e-11  +3.284646934609844e-11
-13   +2.260788282983161e-11  +3.517923278097674e-11
-12   +2.293257793267919e-11  +3.681865481606064e-11
-11   +2.660902311880538e-11  +3.977931688187682e-11
-10   -1.216211512134563e-10  -3.997947579739576e-11
 -9   -4.996220629695086e-11  +2.121112776016533e-11
 -8   -8.027488884782463e-09  -8.812781398470608e-10
 -7   -5.109117099783570e-09  -1.649727166531896e-09
 -6   -7.815692483156532e-07  -2.104557258746845e-07
 -5   -1.376519821409761e-07  +1.986463795192708e-08
 -4   -8.524132041781765e-06  +1.443353591034327e-05
 -3   -7.533772137510806e-06  +2.839321599654177e-06
 -2   -2.866327628395506e-03  +2.760816274593250e-03
 -1   +1.153754026899061e-06  -2.068132921318663e-06
 +0   -1.815185378572398e-01  +0.000000000000000e+00
 +1   +1.153754026899061e-06  +2.068132921318663e-06
 +2   -2.866327628395506e-03  -2.760816274593250e-03
 +3   -7.533772137510806e-06  -2.839321599654177e-06
 +4   -8.524132041781765e-06  -1.443353591034327e-05
 +5   -1.376519821409761e-07  -1.986463795192708e-08
 +6   -7.815692483156532e-07  +2.104557258746845e-07
 +7   -5.109117099783570e-09  +1.649727166531896e-09
 +8   -8.027488884782463e-09  +8.812781398470608e-10
 +9   -4.996220629695086e-11  -2.121112776016533e-11
+10   -1.216211512134563e-10  +3.997947579739576e-11
+11   +2.660902311880538e-11  -3.977931688187682e-11
+12   +2.293257793267919e-11  -3.681865481606064e-11
+13   +2.260788282983161e-11  -3.517923278097674e-11
+14   +2.049510237061064e-11  -3.284646934609844e-11
+15   +1.881009581930956e-11  -3.081146690477593e-11
+16   +1.738218503287636e-11  -2.897527728562072e-11
+17   +1.618823205616396e-11  -2.733009150364973e-11
+18   +1.517922618958812e-11  -2.584764398046920e-11
+19   +1.431962745471074e-11  -2.450561116063432e-11
+20   +1.358155960174763e-11  -2.328513434125965e-11
+21   +1.294332760469297e-11  -2.217051429256676e-11
+22   +1.238782282557947e-11  -2.114854933096689e-11
+23   +1.190144465058160e-11  -2.020809659770399e-11
+24   +1.147324391552474e-11  -1.933969888525044e-11
+25   +1.109435667678333e-11  -1.853525931805217e-11
+26   +1.075753330309415e-11  -1.778786124158431e-11
+27   +1.045680761953329e-11  -1.709148836454979e-11
+28   +1.018722402578970e-11  -1.644097186915441e-11
+29   +9.944648903042509e-12  -1.583178055330844e-11
+30   +9.725621670184450e-12  -1.525996617711977e-11

