-30   +7.363938052466991e-12  +3.266980236371021e-11
-29   +6.937801073317032e-12  +3.386707023105053e-11
-28   +6.465801740722254e-12  +3.513907055120694e-11
-27   +5.941220098845591e-12  +3.649326329264328e-11
-26   +5.355975322829910e-12  +3.793796425085364e-11
-25   +4.700428784784841e-12  +3.948256351568287e-11
-24   +3.962889847943502e-12  +4.113756741221243e-11
-23   +3.129394975390844e-12  +4.291518586820103e-11
-22   +2.182620961837759e-12  +4.482898444864398e-11
-21   +1.101179163934291e-12  +4.689446953489588e-11
-20   -1.412254821210577e-13  +4.912915056847506e-11
-19   -1.577894105977748e-12  +5.155291814269192e-11
-18   -3.249847040066425e-12  +5.418577056495520e-11
-17   -5.212996916832972e-12  +5.705592959849273e-11
-16   -7.483826836158627e-12  +6.008568093141321e-11
-15   -1.026233735503013e-11  +6.351404230585930e-11
-14   -1.058466408496126e-11  +6.133415957451054e-11
-13   -1.558167056158611e-11  +6.717663021905296e-11
-12   +1.333420833990763e-10  -2.294415200055416e-10
-11   +7.594736084520570e-11  -1.254487295271357e-10
-10   +1.008687953137476e-08  -1.970786202971823e-08
 -9   +4.123938516652552e-09  -8.092989772856116e-09
 -8   +4.731086568179405e-07  -9.250385161721143e-07
 -7   +2.007793751383503e-07  -3.949631503301462e-07
 -6   +4.066489863103887e-05  -7.950133690497836e-05
 -5   +5.606851763429619e-06  -1.104973937060036e-05
 -4   +1.477330559625355e-03  -2.888758004626882e-03
 -3   -4.658578622680875e-06  -1.027644074508172e-05
 -2   +3.428589508068486e-01  -6.700897375195758e-01
 -1   +2.166898510936846e-06  +5.016141680695613e-06
 +0   -7.111358743689682e-04  +0.000000000000000e+00
 +1   +2.166898510936846e-06  -5.016141680695613e-06
 +2   +3.428589508068486e-01  +6.700897375195758e-01
 +3   -4.658578622680875e-06  +1.027644074508172e-05
 +4   +1.477330559625355e-03  +2.888758004626882e-03
 +5   +5.606851763429619e-06  +1.104973937060036e-05
 +6   +4.066489863103887e-05  +7.950133690497836e-05
 +7   +2.007793751383503e-07  +3.949631503301462e-07
 +8   +4.731086568179405e-07  +9.250385161721143e-07
 +9   +4.123938516652552e-09  +8.092989772856116e-09
+10   +1.008687953137476e-08  +1.970786202971823e-08
+11   +7.594736084520570e-11  +1.254487295271357e-10
+12   +1.333420833990763e-10  +2.294415200055416e-10
+13   -1.558167056158611e-11  -6.717663021905296e-11
+14   -1.058466408496126e-11  -6.133415957451054e-11
+15   -1.026233735503013e-11  -6.351404230585930e-11
+16   -7.483826836158627e-12  -6.008568093141321e-11
+17   -5.212996916832972e-12  -5.705592959849273e-11
+18   -3.249847040066425e-12  -5.418577056495520e-11
+19   -1.577894105977748e-12  -5.155291814269192e-11
+20   -1.412254821210577e-13  -4.912915056847506e-11
+21   +1.101179163934291e-12  -4.689446953489588e-11
+22   +2.182620961837759e-12  -4.482898444864398e-11
+23   +3.129394975390844e-12  -4.291518586820103e-11
+24   +3.962889847943502e-12  -4.113756741221243e-11
+25   +4.700428784784841e-12  -3.948256351568287e-11
+26   +5.355975322829910e-12  -3.793796425085364e-11
+27   +5.941220098845591e-12  -3.649326329264328e-11
+28   +6.465801740722254e-12  -3.513907055120694e-11
+29   +6.937801073317032e-12  -3.386707023105053e-11
+30   +7.363938052466991e-12  -3.266980236371021e-11

