-30   +5.572882810777040e-13  -1.094990806610038e-12
-29   +6.280169066465077e-13  -1.123156899148829e-12
-28   +7.061619696864168e-13  -1.151590149703999e-12
-27   +7.928152299645578e-13  -1.180024411913216e-12
-26   +8.892130566550994e-13  -1.208198965279755e-12
-25   +9.968476144362684e-13  -1.235677352708612e-12
-24   +1.117507870596477e-12  -1.261904898749194e-12
-23   +1.253320437666039e-12  -1.286150121707095e-12
-22   +1.406896730288258e-12  -1.307368043433657e-12
-21   +1.581342766574771e-12  -1.324119432250567e-12
-20   +1.780540641729314e-12  -1.334537348266684e-12
-19   +2.009282502434523e-12  -1.335819959185764e-12
-18   +2.273232297827546e-12  -1.324293501061528e-12
-17   +2.580000800542413e-12  -1.294573115976871e-12
-16   +2.931933122479186e-12  -1.242466935600697e-12
-15   +3.354030019723252e-12  -1.150144698769709e-12
-14   +3.411160929343314e-12  -1.231491643175977e-12
-13   +4.116460905428023e-12  -9.529707571457665e-13
-12   -2.132876945107420e-11  -1.399744892000134e-11
-11   -1.341305061594311e-11  -9.850764119256851e-12
-10   -2.040109652595785e-09  -1.046281417808974e-09
 -9   -9.278046103140218e-10  -4.749947021299665e-10
 -8   -1.183214968584303e-07  -6.051854222339137e-08
 -7   -5.732562792829415e-08  -2.912112905809707e-08
 -6   -1.332169449256169e-05  -6.814217661624409e-06
 -5   -2.193001999528032e-06  -1.111051458051508e-06
 -4   -7.016095708152726e-04  -3.588055566256984e-04
 -3   -4.291634846465175e-06  +2.007789880138496e-06
 -2   -2.955502063096384e-01  -1.512629971404084e-01
 -1   +9.386488752056970e-06  -4.503523463408555e-06
 +0   +3.338086598538334e-03  +0.000000000000000e+00
 +1   +9.386488752056970e-06  +4.503523463408555e-06
 +2   -2.955502063096384e-01  +1.512629971404084e-01
 +3   -4.291634846465175e-06  -2.007789880138496e-06
 +4   -7.016095708152726e-04  +3.588055566256984e-04
 +5   -2.193001999528032e-06  +1.111051458051508e-06
 +6   -1.332169449256169e-05  +6.814217661624409e-06
 +7   -5.732562792829415e-08  +2.912112905809707e-08
 +8   -1.183214968584303e-07  +6.051854222339137e-08
 +9   -9.278046103140218e-10  +4.749947021299665e-10
+10   -2.040109652595785e-09  +1.046281417808974e-09
+11   -1.341305061594311e-11  +9.850764119256851e-12
+12   -2.132876945107420e-11  +1.399744892000134e-11
+13   +4.116460905428023e-12  +9.529707571457665e-13
+14   +3.411160929343314e-12  +1.231491643175977e-12
+15   +3.354030019723252e-12  +1.150144698769709e-12
+16   +2.931933122479186e-12  +1.242466935600697e-12
+17   +2.580000800542413e-12  +1.294573115976871e-12
+18   +2.273232297827546e-12  +1.324293501061528e-12
+19   +2.009282502434523e-12  +1.335819959185764e-12
+20   +1.780540641729314e-12  +1.334537348266684e-12
+21   +1.581342766574771e-12  +1.324119432250567e-12
+22   +1.406896730288258e-12  +1.307368043433657e-12
+23   +1.253320437666039e-12  +1.286150121707095e-12
+24   +1.117507870596477e-12  +1.261904898749194e-12
+25   +9.968476144362684e-13  +1.235677352708612e-12
+26   +8.892130566550994e-13  +1.208198965279755e-12
+27   +7.928152299645578e-13  +1.180024411913216e-12
+28   +7.061619696864168e-13  +1.151590149703999e-12
+29   +6.280169066465077e-13  +1.123156899148829e-12
+30   +5.572882810777040e-13  +1.094990806610038e-12

