-30   +1.197117333932244e-15  -8.663723358639684e-16
-29   -1.220301336245580e-15  +8.589051381346604e-16
-28   +1.288893603475924e-15  -8.724703260560244e-16
-27   -1.348093103668913e-15  +9.357751925051399e-16
-26   +1.431623172265704e-15  -9.567425398646030e-16
-25   -1.516586896626425e-15  +1.061321830635002e-15
-24   +1.606314898752228e-15  -1.076676832668577e-15
-23   -1.691613876778653e-15  +1.094617162201408e-15
-22   +1.819799074250626e-15  -1.176477660857502e-15
-21   -1.959893443766469e-15  +1.214644997317011e-15
-20   +2.123125761750504e-15  -1.325890795402841e-15
-19   -2.324362716254852e-15  +1.338832191748577e-15
-18   +2.533438825213073e-15  -1.410818728811558e-15
-17   -2.768931232952644e-15  +1.497303122567902e-15
-16   +3.424109570812994e-15  -1.587601443557710e-15
-15   -3.047148703212801e-15  +1.649220403457130e-15
-14   +2.458644936734188e-14  -1.781228314593057e-15
-13   +1.679812957604013e-14  +1.920311559599705e-15
-12   +1.499865471341830e-12  -2.065374621773613e-15
-11   +1.003727678271738e-12  +2.251667885766174e-15
-10   +7.712019835670917e-11  -2.378090866092144e-15
 -9   +6.542859376740871e-11  +2.627293777711514e-15
 -8   +7.463199792742115e-09  -2.882102205357959e-15
 -7   +2.562107797102634e-09  +3.170752925364836e-15
 -6   +2.342655506800363e-07  -3.460612017673367e-15
 -5   +2.291654459898092e-07  +3.825800053258039e-15
 -4   +5.797967025546252e-05  -4.113851178410611e-15
 -3   -1.554460121026010e-05  +4.227734474949349e-15
 -2   -2.896253723808673e-03  -3.843973492701580e-15
 -1   -2.749989906386984e-06  +2.419772274887662e-15
 +0   -5.624267525292399e+00  +0.000000000000000e+00
 +1   -2.749989906386984e-06  -2.419772274887662e-15
 +2   -2.896253723808673e-03  +3.843973492701580e-15
 +3   -1.554460121026010e-05  -4.227734474949349e-15
 +4   +5.797967025546252e-05  +4.113851178410611e-15
 +5   +2.291654459898092e-07  -3.825800053258039e-15
 +6   +2.342655506800363e-07  +3.460612017673367e-15
 +7   +2.562107797102634e-09  -3.170752925364836e-15
 +8   +7.463199792742115e-09  +2.882102205357959e-15
 +9   +6.542859376740871e-11  -2.627293777711514e-15
+10   +7.712019835670917e-11  +2.378090866092144e-15
+11   +1.003727678271738e-12  -2.251667885766174e-15
+12   +1.499865471341830e-12  +2.065374621773613e-15
+13   +1.679812957604013e-14  -1.920311559599705e-15
+14   +2.458644936734188e-14  +1.781228314593057e-15
+15   -3.047148703212801e-15  -1.649220403457130e-15
+16   +3.424109570812994e-15  +1.587601443557710e-15
+17   -2.768931232952644e-15  -1.497303122567902e-15
+18   +2.533438825213073e-15  +1.410818728811558e-15
+19   -2.324362716254852e-15  -1.338832191748577e-15
+20   +2.123125761750504e-15  +1.325890795402841e-15
+21   -1.959893443766469e-15  -1.214644997317011e-15
+22   +1.819799074250626e-15  +1.176477660857502e-15
+23   -1.691613876778653e-15  -1.094617162201408e-15
+24   +1.606314898752228e-15  +1.076676832668577e-15
+25   -1.516586896626425e-15  -1.061321830635002e-15
+26   +1.431623172265704e-15  +9.567425398646030e-16
+27   -1.348093103668913e-15  -9.357751925051399e-16
+28   +1.288893603475924e-15  +8.724703260560244e-16
+29   -1.220301336245580e-15  -8.589051381346604e-16
+30   +1.197117333932244e-15  +8.663723358639684e-16

