-30   +3.887706386468547e-17  -2.653217417027383e-17
-29   -3.911568335949294e-17  +2.792846083975715e-17
-28   +4.063900656254586e-17  -2.814770097266039e-17
-27   -4.304532835849639e-17  +2.920367794481577e-17
-26   +4.527835433443971e-17  -3.067173631598301e-17
-25   -4.827751546095494e-17  +3.417301413219114e-17
-24   +4.945515732684811e-17  -3.501863602389732e-17
-23   -5.341482539732307e-17  +3.570196633285991e-17
-22   +5.781492953013434e-17  -3.649320434771766e-17
-21   -6.135788143527869e-17  +3.841768593233481e-17
-20   +6.634768005470325e-17  -4.143408735633877e-17
-19   -7.414549645365857e-17  +4.226948581692037e-17
-18   +8.038905858638189e-17  -4.470393264817521e-17
-17   -8.774107587020622e-17  +4.602199243889291e-17
-16   +1.142706330923674e-16  -5.048944403923723e-17
-15   -9.310176247144674e-17  +5.581810259596592e-17
-14   +1.005453795386838e-15  -5.813902484624785e-17
-13   +8.148750786057627e-16  +6.087716909214019e-17
-12   +7.076613378057189e-14  -6.501857857963092e-17
-11   +3.730239080378786e-14  +7.057616341637457e-17
-10   +2.867741733627692e-12  -7.608634287451619e-17
 -9   +3.027215939343827e-12  +8.264752175404445e-17
 -8   +3.624410662671221e-10  -9.131953849579842e-17
 -7   +6.090817579557867e-11  +1.000053185499549e-16
 -6   +5.500630107479353e-09  -1.086855442687151e-16
 -5   +1.191692980696172e-08  +1.193509431753177e-16
 -4   +2.768794658127944e-06  -1.298526787591122e-16
 -3   -4.918612657396897e-07  +1.340908245750032e-16
 -2   -9.156172405905170e-05  -1.200390032602635e-16
 -1   -8.999111028189244e-08  +7.572568270609910e-17
 +0   +1.777992472560867e-01  +0.000000000000000e+00
 +1   -8.999111028189244e-08  -7.572568270609910e-17
 +2   -9.156172405905170e-05  +1.200390032602635e-16
 +3   -4.918612657396897e-07  -1.340908245750032e-16
 +4   +2.768794658127944e-06  +1.298526787591122e-16
 +5   +1.191692980696172e-08  -1.193509431753177e-16
 +6   +5.500630107479353e-09  +1.086855442687151e-16
 +7   +6.090817579557867e-11  -1.000053185499549e-16
 +8   +3.624410662671221e-10  +9.131953849579842e-17
 +9   +3.027215939343827e-12  -8.264752175404445e-17
+10   +2.867741733627692e-12  +7.608634287451619e-17
+11   +3.730239080378786e-14  -7.057616341637457e-17
+12   +7.076613378057189e-14  +6.501857857963092e-17
+13   +8.148750786057627e-16  -6.087716909214019e-17
+14   +1.005453795386838e-15  +5.813902484624785e-17
+15   -9.310176247144674e-17  -5.581810259596592e-17
+16   +1.142706330923674e-16  +5.048944403923723e-17
+17   -8.774107587020622e-17  -4.602199243889291e-17
+18   +8.038905858638189e-17  +4.470393264817521e-17
+19   -7.414549645365857e-17  -4.226948581692037e-17
+20   +6.634768005470325e-17  +4.143408735633877e-17
+21   -6.135788143527869e-17  -3.841768593233481e-17
+22   +5.781492953013434e-17  +3.649320434771766e-17
+23   -5.341482539732307e-17  -3.570196633285991e-17
+24   +4.945515732684811e-17  +3.501863602389732e-17
+25   -4.827751546095494e-17  -3.417301413219114e-17
+26   +4.527835433443971e-17  +3.067173631598301e-17
+27   -4.304532835849639e-17  -2.920367794481577e-17
+28   +4.063900656254586e-17  +2.814770097266039e-17
+29   -3.911568335949294e-17  -2.792846083975715e-17
+30   +3.887706386468547e-17  +2.653217417027383e-17

