-30   +1.179620507495699e-15  -8.197955695768502e-16
-29   -1.235214293806522e-15  +8.639291815841713e-16
-28   +1.286240243945986e-15  -9.011126443285593e-16
-27   -1.357696205930387e-15  +9.404135377526676e-16
-26   +1.432627250069810e-15  -9.761426180697278e-16
-25   -1.510346928075158e-15  +1.016404345318195e-15
-24   +1.608194447896654e-15  -1.064170810198064e-15
-23   -1.714554057704340e-15  +1.113131645003787e-15
-22   +1.834937291877081e-15  -1.156472430369271e-15
-21   -1.966707885995207e-15  +1.216860831291521e-15
-20   +2.128544026162227e-15  -1.280030054844335e-15
-19   -2.308473908974772e-15  +1.342036102614984e-15
-18   +2.530933356795512e-15  -1.416552002211300e-15
-17   -2.764669526882007e-15  +1.500090369299369e-15
-16   +3.438287357765558e-15  -1.589660601704071e-15
-15   -3.048993868640195e-15  +1.685859429100384e-15
-14   +2.459449180797669e-14  -1.803348308852012e-15
-13   +1.680059902439817e-14  +1.927004419994193e-15
-12   +1.499878709666137e-12  -2.071624762373766e-15
-11   +1.003740100368502e-12  +2.228387205682492e-15
-10   +7.712021141785577e-11  -2.429863595966934e-15
 -9   +6.542857998751837e-11  +2.642975823182276e-15
 -8   +7.463199762352206e-09  -2.886536230356301e-15
 -7   +2.562107776425254e-09  +3.170607617952804e-15
 -6   +2.342655506668100e-07  -3.488850240320131e-15
 -5   +2.291654459918692e-07  +3.814967130961085e-15
 -4   +5.797967025546424e-05  -4.110250728390923e-15
 -3   -1.554460121028345e-05  +4.221616547845266e-15
 -2   -2.896253723808680e-03  -3.823566345652769e-15
 -1   -2.749989906443151e-06  +2.425637721573681e-15
 +0   +1.001132923456761e+00  +0.000000000000000e+00
 +1   -2.749989906443151e-06  -2.425637721573681e-15
 +2   -2.896253723808680e-03  +3.823566345652769e-15
 +3   -1.554460121028345e-05  -4.221616547845266e-15
 +4   +5.797967025546424e-05  +4.110250728390923e-15
 +5   +2.291654459918692e-07  -3.814967130961085e-15
 +6   +2.342655506668100e-07  +3.488850240320131e-15
 +7   +2.562107776425254e-09  -3.170607617952804e-15
 +8   +7.463199762352206e-09  +2.886536230356301e-15
 +9   +6.542857998751837e-11  -2.642975823182276e-15
+10   +7.712021141785577e-11  +2.429863595966934e-15
+11   +1.003740100368502e-12  -2.228387205682492e-15
+12   +1.499878709666137e-12  +2.071624762373766e-15
+13   +1.680059902439817e-14  -1.927004419994193e-15
+14   +2.459449180797669e-14  +1.803348308852012e-15
+15   -3.048993868640195e-15  -1.685859429100384e-15
+16   +3.438287357765558e-15  +1.589660601704071e-15
+17   -2.764669526882007e-15  -1.500090369299369e-15
+18   +2.530933356795512e-15  +1.416552002211300e-15
+19   -2.308473908974772e-15  -1.342036102614984e-15
+20   +2.128544026162227e-15  +1.280030054844335e-15
+21   -1.966707885995207e-15  -1.216860831291521e-15
+22   +1.834937291877081e-15  +1.156472430369271e-15
+23   -1.714554057704340e-15  -1.113131645003787e-15
+24   +1.608194447896654e-15  +1.064170810198064e-15
+25   -1.510346928075158e-15  -1.016404345318195e-15
+26   +1.432627250069810e-15  +9.761426180697278e-16
+27   -1.357696205930387e-15  -9.404135377526676e-16
+28   +1.286240243945986e-15  +9.011126443285593e-16
+29   -1.235214293806522e-15  -8.639291815841713e-16
+30   +1.179620507495699e-15  +8.197955695768502e-16

