-30   -1.441426485476820e-15  +3.331179008764652e-15
-29   +1.444693360680220e-15  -3.456764341072515e-15
-28   -1.446487919764429e-15  +3.589222589777329e-15
-27   +1.451819437277409e-15  -3.730096980907404e-15
-26   -1.455473717756464e-15  +3.883487339235654e-15
-25   +1.460359793384109e-15  -4.046378370692738e-15
-24   -1.464859039329730e-15  +4.221993102244081e-15
-23   +1.471602495419968e-15  -4.411240031438012e-15
-22   -1.478997297594949e-15  +4.617318687529262e-15
-21   +1.485594434788315e-15  -4.838891617015027e-15
-20   -1.493858352319202e-15  +5.084744132521807e-15
-19   +1.503386571561578e-15  -5.348164742074031e-15
-18   -1.516909285807538e-15  +5.646523599728127e-15
-17   +1.530912335017287e-15  -5.956432039469549e-15
-16   -1.547806334828374e-15  +6.671505542337083e-15
-15   +1.567374359926728e-15  -6.334017681188975e-15
-14   -1.594091208006200e-15  +3.075208846838235e-14
-13   +1.623189878030394e-15  +1.168901310055154e-14
-12   -1.656283872162297e-15  +1.298953979206059e-12
-11   +1.703578149383280e-15  +1.198127444924781e-12
-10   -1.764098109022030e-15  +1.096816420033264e-10
 -9   +1.841931633600405e-15  +5.246821084154733e-11
 -8   -1.943432490230694e-15  +5.040605281325880e-09
 -7   +2.083536930111306e-15  +4.268509294472507e-09
 -6   -2.278362221052989e-15  +7.991205650065843e-07
 -5   +2.554478999920018e-15  +8.548891841217808e-08
 -4   -2.983218889930294e-15  +1.375257093763918e-05
 -3   +3.573725410361435e-15  +4.171435664724551e-05
 -2   -4.344469701271999e-15  +1.778435916476832e-02
 -1   +5.092433110326805e-15  -5.308820529874057e-06
 +0   -5.398669973161648e-15  +0.000000000000000e+00
 +1   +5.092433110326805e-15  +5.308820529874057e-06
 +2   -4.344469701271999e-15  -1.778435916476832e-02
 +3   +3.573725410361435e-15  -4.171435664724551e-05
 +4   -2.983218889930294e-15  -1.375257093763918e-05
 +5   +2.554478999920018e-15  -8.548891841217808e-08
 +6   -2.278362221052989e-15  -7.991205650065843e-07
 +7   +2.083536930111306e-15  -4.268509294472507e-09
 +8   -1.943432490230694e-15  -5.040605281325880e-09
 +9   +1.841931633600405e-15  -5.246821084154733e-11
+10   -1.764098109022030e-15  -1.096816420033264e-10
+11   +1.703578149383280e-15  -1.198127444924781e-12
+12   -1.656283872162297e-15  -1.298953979206059e-12
+13   +1.623189878030394e-15  -1.168901310055154e-14
+14   -1.594091208006200e-15  -3.075208846838235e-14
+15   +1.567374359926728e-15  +6.334017681188975e-15
+16   -1.547806334828374e-15  -6.671505542337083e-15
+17   +1.530912335017287e-15  +5.956432039469549e-15
+18   -1.516909285807538e-15  -5.646523599728127e-15
+19   +1.503386571561578e-15  +5.348164742074031e-15
+20   -1.493858352319202e-15  -5.084744132521807e-15
+21   +1.485594434788315e-15  +4.838891617015027e-15
+22   -1.478997297594949e-15  -4.617318687529262e-15
+23   +1.471602495419968e-15  +4.411240031438012e-15
+24   -1.464859039329730e-15  -4.221993102244081e-15
+25   +1.460359793384109e-15  +4.046378370692738e-15
+26   -1.455473717756464e-15  -3.883487339235654e-15
+27   +1.451819437277409e-15  +3.730096980907404e-15
+28   -1.446487919764429e-15  -3.589222589777329e-15
+29   +1.444693360680220e-15  +3.456764341072515e-15
+30   -1.441426485476820e-15  -3.331179008764652e-15

