-30   -1.171321069728092e-15  +8.398321847771094e-16
-29   +1.229206448609989e-15  -8.700139027224151e-16
-28   -1.296159506548418e-15  +9.084895235571164e-16
-27   +1.358802038574272e-15  -9.494329218329000e-16
-26   -1.424613326740515e-15  +9.830983109244482e-16
-25   +1.510288243878339e-15  -1.025412722021080e-15
-24   -1.615456442792300e-15  +1.075040078973708e-15
-23   +1.720223186801729e-15  -1.123508077718270e-15
-22   -1.832856768479355e-15  +1.172466170748955e-15
-21   +1.974246746351392e-15  -1.225202791521812e-15
-20   -2.123125761750504e-15  +1.296284848079503e-15
-19   +2.312431265052116e-15  -1.357574688631282e-15
-18   -2.474116466298771e-15  +1.430132687436800e-15
-17   +2.829462191617591e-15  -1.521575650685552e-15
-16   -3.480177152753567e-16  +1.607527930272395e-15
-15   +6.091829362171768e-15  -1.712132011614172e-15
-14   +1.328206452762961e-13  +1.824140628975245e-15
-13   +1.376460304745817e-13  -1.952596711513079e-15
-12   +8.250874896612888e-12  +2.093699905565513e-15
-11   +5.629508225293364e-12  -2.257561019825958e-15
-10   +3.850307721729491e-10  +2.449526360129567e-15
 -9   +2.935176625664191e-10  -2.675943814523300e-15
 -8   +2.737058156704291e-08  +2.923936294010224e-15
 -7   +1.051646931167019e-08  -3.213899234274342e-15
 -6   +1.066980200145185e-06  +3.537912659941246e-15
 -5   +5.997749470870514e-07  -3.883249648212348e-15
 -4   +1.080041241821542e-04  +4.175570600792831e-15
 -3   +1.541630052200344e-05  -4.289484959120517e-15
 -2   +2.887829964138884e-03  +3.872764569642367e-15
 -1   +2.201154850589126e-06  -2.454803116705346e-15
 +0   +9.985700190229753e-01  +0.000000000000000e+00
 +1   +2.201154850589126e-06  +2.454803116705346e-15
 +2   +2.887829964138884e-03  -3.872764569642367e-15
 +3   +1.541630052200344e-05  +4.289484959120517e-15
 +4   +1.080041241821542e-04  -4.175570600792831e-15
 +5   +5.997749470870514e-07  +3.883249648212348e-15
 +6   +1.066980200145185e-06  -3.537912659941246e-15
 +7   +1.051646931167019e-08  +3.213899234274342e-15
 +8   +2.737058156704291e-08  -2.923936294010224e-15
 +9   +2.935176625664191e-10  +2.675943814523300e-15
+10   +3.850307721729491e-10  -2.449526360129567e-15
+11   +5.629508225293364e-12  +2.257561019825958e-15
+12   +8.250874896612888e-12  -2.093699905565513e-15
+13   +1.376460304745817e-13  +1.952596711513079e-15
+14   +1.328206452762961e-13  -1.824140628975245e-15
+15   +6.091829362171768e-15  +1.712132011614172e-15
+16   -3.480177152753567e-16  -1.607527930272395e-15
+17   +2.829462191617591e-15  +1.521575650685552e-15
+18   -2.474116466298771e-15  -1.430132687436800e-15
+19   +2.312431265052116e-15  +1.357574688631282e-15
+20   -2.123125761750504e-15  -1.296284848079503e-15
+21   +1.974246746351392e-15  +1.225202791521812e-15
+22   -1.832856768479355e-15  -1.172466170748955e-15
+23   +1.720223186801729e-15  +1.123508077718270e-15
+24   -1.615456442792300e-15  -1.075040078973708e-15
+25   +1.510288243878339e-15  +1.025412722021080e-15
+26   -1.424613326740515e-15  -9.830983109244482e-16
+27   +1.358802038574272e-15  +9.494329218329000e-16
+28   -1.296159506548418e-15  -9.084895235571164e-16
+29   +1.229206448609989e-15  +8.700139027224151e-16
+30   -1.171321069728092e-15  -8.398321847771094e-16

