-30   -3.482525791925037e-14  -2.014887641902367e-14
-29   -2.849890362563657e-14  -3.848777404248834e-14
-28   +1.168575790126805e-14  -5.256095125237500e-15
-27   +2.061472846496500e-14  +1.170385339139424e-14
-26   -2.462824227835038e-14  -2.417529421163524e-14
-25   +1.444504689517525e-14  -2.088707087848237e-14
-24   +9.543445672596931e-15  +7.727646981715695e-15
-23   -3.361029995948611e-14  -7.318110043751739e-15
-22   +3.636656470677668e-14  -2.693157183530563e-14
-21   +5.147478540952831e-14  -3.322594363547451e-14
-20   -1.636282336412110e-14  +7.668703416899163e-15
-19   +1.780040426116344e-14  +7.337842315282062e-15
-18   -1.954945419393816e-15  -5.290186000537731e-15
-17   +7.516177834715473e-14  -2.782835443067530e-14
-16   -6.530022163267277e-15  +5.993643347395026e-14
-15   -8.832732600516689e-14  -1.459921539453665e-14
-14   +6.386590954199930e-14  -5.941790108431610e-14
-13   +3.446266820682947e-14  -7.436073756046623e-15
-12   +1.553499696882587e-12  +1.687437989853624e-14
-11   +1.022398489375948e-12  +6.570696520459614e-14
-10   +7.700205588389866e-11  -1.412525474987720e-15
 -9   +6.546437906719829e-11  -9.723411293878634e-14
 -8   +7.463274255305698e-09  -6.190036838812973e-15
 -7   +2.562107452131273e-09  +2.527169700397735e-14
 -6   +2.342655929057514e-07  +1.415054135661949e-14
 -5   +2.291654391813102e-07  +1.388617284106921e-14
 -4   +5.797967023116994e-05  +1.495543595031177e-14
 -3   -1.554460118871809e-05  +1.550495646479652e-14
 -2   -2.896253723863363e-03  -1.849229637537755e-14
 -1   -1.288014753467326e+03  +6.805385635161185e-14
 +0   -5.543765056352052e+00  +0.000000000000000e+00
 +1   -1.288014753467326e+03  -6.805385635161185e-14
 +2   -2.896253723863363e-03  +1.849229637537755e-14
 +3   -1.554460118871809e-05  -1.550495646479652e-14
 +4   +5.797967023116994e-05  -1.495543595031177e-14
 +5   +2.291654391813102e-07  -1.388617284106921e-14
 +6   +2.342655929057514e-07  -1.415054135661949e-14
 +7   +2.562107452131273e-09  -2.527169700397735e-14
 +8   +7.463274255305698e-09  +6.190036838812973e-15
 +9   +6.546437906719829e-11  +9.723411293878634e-14
+10   +7.700205588389866e-11  +1.412525474987720e-15
+11   +1.022398489375948e-12  -6.570696520459614e-14
+12   +1.553499696882587e-12  -1.687437989853624e-14
+13   +3.446266820682947e-14  +7.436073756046623e-15
+14   +6.386590954199930e-14  +5.941790108431610e-14
+15   -8.832732600516689e-14  +1.459921539453665e-14
+16   -6.530022163267277e-15  -5.993643347395026e-14
+17   +7.516177834715473e-14  +2.782835443067530e-14
+18   -1.954945419393816e-15  +5.290186000537731e-15
+19   +1.780040426116344e-14  -7.337842315282062e-15
+20   -1.636282336412110e-14  -7.668703416899163e-15
+21   +5.147478540952831e-14  +3.322594363547451e-14
+22   +3.636656470677668e-14  +2.693157183530563e-14
+23   -3.361029995948611e-14  +7.318110043751739e-15
+24   +9.543445672596931e-15  -7.727646981715695e-15
+25   +1.444504689517525e-14  +2.088707087848237e-14
+26   -2.462824227835038e-14  +2.417529421163524e-14
+27   +2.061472846496500e-14  -1.170385339139424e-14
+28   +1.168575790126805e-14  +5.256095125237500e-15
+29   -2.849890362563657e-14  +3.848777404248834e-14
+30   -3.482525791925037e-14  +2.014887641902367e-14

