-30   +9.749345249074485e-15  -1.118437500408225e-14
-29   +2.139525688090019e-14  -1.574576063548336e-14
-28   -6.747638662788173e-16  -1.269278969860038e-14
-27   +3.637965085874251e-14  -1.518867311923014e-15
-26   +2.880010363243734e-16  -8.862649975295337e-15
-25   +2.859363917329142e-14  -3.201575116274175e-14
-24   +2.046797932674885e-14  +3.194818301434285e-14
-23   -7.635252574080547e-16  +1.988026812362023e-14
-22   +6.791336117555613e-15  +2.467096173279804e-15
-21   -7.658439780107244e-14  +4.534071616102000e-15
-20   -1.783659128410968e-14  -8.984870870524609e-15
-19   +5.869027245512839e-14  -1.725359264943325e-14
-18   -1.588162263222459e-14  -5.736173435237142e-15
-17   +1.574422625404318e-14  -7.128731925598308e-14
-16   +4.084614403048820e-14  +4.906798993007326e-14
-15   -4.996819009294616e-14  -5.736740482324995e-14
-14   +4.660967399319983e-14  +7.243543274190919e-14
-13   -5.558391807658779e-14  +1.673500326136321e-14
-12   +3.646570070644712e-14  +1.231678375938997e-12
-11   -5.355231357366580e-15  +1.199787925399252e-12
-10   +3.929568076133873e-14  +1.096644363962573e-10
 -9   -5.191080866448197e-15  +5.246137167691714e-11
 -8   +3.518481080466705e-14  +5.040672732468398e-09
 -7   -3.573492585682671e-14  +4.268476568434312e-09
 -6   +3.826771293842729e-14  +7.991205623621259e-07
 -5   -1.715188028741899e-14  +8.548889536629106e-08
 -4   -2.164622187081442e-14  +1.375257090714877e-05
 -3   +4.017359369820516e-14  +4.171435662831913e-05
 -2   -1.591266489568222e-14  +1.778435916473285e-02
 -1   +1.216705442015352e-13  +1.288014745408516e+03
 +0   -3.552713678800501e-15  +0.000000000000000e+00
 +1   +1.216705442015352e-13  -1.288014745408516e+03
 +2   -1.591266489568222e-14  -1.778435916473285e-02
 +3   +4.017359369820516e-14  -4.171435662831913e-05
 +4   -2.164622187081442e-14  -1.375257090714877e-05
 +5   -1.715188028741899e-14  -8.548889536629106e-08
 +6   +3.826771293842729e-14  -7.991205623621259e-07
 +7   -3.573492585682671e-14  -4.268476568434312e-09
 +8   +3.518481080466705e-14  -5.040672732468398e-09
 +9   -5.191080866448197e-15  -5.246137167691714e-11
+10   +3.929568076133873e-14  -1.096644363962573e-10
+11   -5.355231357366580e-15  -1.199787925399252e-12
+12   +3.646570070644712e-14  -1.231678375938997e-12
+13   -5.558391807658779e-14  -1.673500326136321e-14
+14   +4.660967399319983e-14  -7.243543274190919e-14
+15   -4.996819009294616e-14  +5.736740482324995e-14
+16   +4.084614403048820e-14  -4.906798993007326e-14
+17   +1.574422625404318e-14  +7.128731925598308e-14
+18   -1.588162263222459e-14  +5.736173435237142e-15
+19   +5.869027245512839e-14  +1.725359264943325e-14
+20   -1.783659128410968e-14  +8.984870870524609e-15
+21   -7.658439780107244e-14  -4.534071616102000e-15
+22   +6.791336117555613e-15  -2.467096173279804e-15
+23   -7.635252574080547e-16  -1.988026812362023e-14
+24   +2.046797932674885e-14  -3.194818301434285e-14
+25   +2.859363917329142e-14  +3.201575116274175e-14
+26   +2.880010363243734e-16  +8.862649975295337e-15
+27   +3.637965085874251e-14  +1.518867311923014e-15
+28   -6.747638662788173e-16  +1.269278969860038e-14
+29   +2.139525688090019e-14  +1.574576063548336e-14
+30   +9.749345249074485e-15  +1.118437500408225e-14

