-30   -3.100328068161459e-22  +1.428398042087200e-34
-29   -3.492660858351875e-21  +5.071642756011200e-22
-28   +1.643306301319189e-21  -1.575200223067532e-21
-27   +3.226365833575887e-21  +9.355145115867803e-22
-26   +1.270237065774554e-21  +9.434180373196302e-22
-25   -3.051612619704061e-21  -5.976538295988578e-23
-24   +3.986665923999456e-21  +1.730519957105374e-21
-23   +5.215862407976465e-21  -2.109187851755310e-22
-22   +7.651733357325707e-22  -1.552960104163056e-21
-21   +4.831130433343556e-22  +3.613511507802220e-21
-20   -9.035018104045870e-21  -4.841851609159330e-22
-19   -1.852046900075751e-21  +6.717260665840503e-22
-18   -9.479984125127215e-22  -1.719896536129142e-21
-17   +1.813898519618229e-21  -9.701440765341180e-22
-16   -2.517596677309116e-21  +1.610810779252203e-21
-15   +4.640802575668603e-21  -4.932590013159222e-21
-14   +2.754722693517040e-21  -8.558864048002577e-22
-13   +2.103088674278738e-19  -1.494802835988916e-21
-12   +1.341739099933227e-19  +3.725735321606766e-21
-11   +1.407079622619020e-17  +1.372797723397076e-21
-10   +6.604159413729321e-18  -3.778029457523633e-21
 -9   +9.387417844532770e-16  -1.373033867648520e-21
 -8   +3.096589533420840e-16  -2.270713754586376e-21
 -7   +7.800647659040009e-14  +1.692687594421006e-21
 -6   +1.093673350490824e-14  +1.133747184338160e-21
 -5   +5.365621360482837e-12  -1.452913503822270e-21
 -4   -1.650161863754530e-12  -2.411342240821717e-21
 -3   +1.123909278267263e-09  -9.347989643623551e-22
 -2   +6.697340180834440e-10  -6.232568962807426e-22
 -1   -4.192673087818006e-07  -1.568334441400540e-21
 +0   +3.881947719223526e-04  +0.000000000000000e+00
 +1   -4.192673087818006e-07  +1.568334441400540e-21
 +2   +6.697340180834440e-10  +6.232568962807426e-22
 +3   +1.123909278267263e-09  +9.347989643623551e-22
 +4   -1.650161863754530e-12  +2.411342240821717e-21
 +5   +5.365621360482837e-12  +1.452913503822270e-21
 +6   +1.093673350490824e-14  -1.133747184338160e-21
 +7   +7.800647659040009e-14  -1.692687594421006e-21
 +8   +3.096589533420840e-16  +2.270713754586376e-21
 +9   +9.387417844532770e-16  +1.373033867648520e-21
+10   +6.604159413729321e-18  +3.778029457523633e-21
+11   +1.407079622619020e-17  -1.372797723397076e-21
+12   +1.341739099933227e-19  -3.725735321606766e-21
+13   +2.103088674278738e-19  +1.494802835988916e-21
+14   +2.754722693517040e-21  +8.558864048002577e-22
+15   +4.640802575668603e-21  +4.932590013159222e-21
+16   -2.517596677309116e-21  -1.610810779252203e-21
+17   +1.813898519618229e-21  +9.701440765341180e-22
+18   -9.479984125127215e-22  +1.719896536129142e-21
+19   -1.852046900075751e-21  -6.717260665840503e-22
+20   -9.035018104045870e-21  +4.841851609159330e-22
+21   +4.831130433343556e-22  -3.613511507802220e-21
+22   +7.651733357325707e-22  +1.552960104163056e-21
+23   +5.215862407976465e-21  +2.109187851755310e-22
+24   +3.986665923999456e-21  -1.730519957105374e-21
+25   -3.051612619704061e-21  +5.976538295988578e-23
+26   +1.270237065774554e-21  -9.434180373196302e-22
+27   +3.226365833575887e-21  -9.355145115867803e-22
+28   +1.643306301319189e-21  +1.575200223067532e-21
+29   -3.492660858351875e-21  -5.071642756011200e-22
+30   -3.100328068161459e-22  -1.428398042087200e-34

