-30   -3.414549170613424e-14  -1.301964468052506e-14
-29   -8.089983536157148e-15  -6.191919805993113e-14
-28   +2.206387882870288e-14  -1.488399092894645e-15
-27   +2.290993276124597e-14  +4.834461039372905e-15
-26   -2.177629576373941e-14  +1.833636043860330e-14
-25   +1.655038217301721e-14  -6.932649213403468e-15
-24   -1.033690743988925e-14  +2.969624844711014e-14
-23   -2.866784674408394e-14  -2.927311506728086e-15
-22   +2.225030280342539e-14  -2.937911303720438e-14
-21   +7.521466953657735e-15  -9.621820146474697e-15
-20   -8.695340843469531e-15  -7.727849569240795e-16
-19   -2.235470859300323e-14  +6.174625384869739e-15
-18   -6.125800374186197e-16  -6.870199722720544e-15
-17   +6.803919505231076e-14  -3.582358922488745e-14
-16   -4.455253953589293e-15  +6.024010635767456e-14
-15   -7.391152470336301e-14  -1.783106865902948e-14
-14   +5.709625340766492e-14  -6.176279497341909e-14
-13   +1.691291056437596e-14  +2.333093353405458e-15
-12   +6.309845882532625e-14  +1.225264522006942e-14
-11   -2.496379296348998e-14  +6.523311107620311e-14
-10   -1.229786412208519e-13  -1.152493468824008e-15
 -9   +8.199369915148290e-15  -1.159830527246414e-13
 -8   +5.602203719513911e-14  -6.809256809407802e-15
 -7   -8.634214245985129e-15  +2.085071171771080e-14
 -6   +1.559737758601437e-14  +1.952626110262092e-14
 -5   -1.260338275671437e-14  +1.318605663938375e-14
 -4   -2.994087687064653e-14  +1.449292062345574e-14
 -3   +1.940379132586151e-14  +1.330414137946158e-14
 -2   -4.927987394810260e-14  -1.114263354315833e-14
 -1   -1.288014750717336e+03  +4.152692754990144e-14
 +0   -5.544897979808792e+00  +0.000000000000000e+00
 +1   -1.288014750717336e+03  -4.152692754990144e-14
 +2   -4.927987394810260e-14  +1.114263354315833e-14
 +3   +1.940379132586151e-14  -1.330414137946158e-14
 +4   -2.994087687064653e-14  -1.449292062345574e-14
 +5   -1.260338275671437e-14  -1.318605663938375e-14
 +6   +1.559737758601437e-14  -1.952626110262092e-14
 +7   -8.634214245985129e-15  -2.085071171771080e-14
 +8   +5.602203719513911e-14  +6.809256809407802e-15
 +9   +8.199369915148290e-15  +1.159830527246414e-13
+10   -1.229786412208519e-13  +1.152493468824008e-15
+11   -2.496379296348998e-14  -6.523311107620311e-14
+12   +6.309845882532625e-14  -1.225264522006942e-14
+13   +1.691291056437596e-14  -2.333093353405458e-15
+14   +5.709625340766492e-14  +6.176279497341909e-14
+15   -7.391152470336301e-14  +1.783106865902948e-14
+16   -4.455253953589293e-15  -6.024010635767456e-14
+17   +6.803919505231076e-14  +3.582358922488745e-14
+18   -6.125800374186197e-16  +6.870199722720544e-15
+19   -2.235470859300323e-14  -6.174625384869739e-15
+20   -8.695340843469531e-15  +7.727849569240795e-16
+21   +7.521466953657735e-15  +9.621820146474697e-15
+22   +2.225030280342539e-14  +2.937911303720438e-14
+23   -2.866784674408394e-14  +2.927311506728086e-15
+24   -1.033690743988925e-14  -2.969624844711014e-14
+25   +1.655038217301721e-14  +6.932649213403468e-15
+26   -2.177629576373941e-14  -1.833636043860330e-14
+27   +2.290993276124597e-14  -4.834461039372905e-15
+28   +2.206387882870288e-14  +1.488399092894645e-15
+29   -8.089983536157148e-15  +6.191919805993113e-14
+30   -3.414549170613424e-14  +1.301964468052506e-14

