-30   +1.586674567227164e-14  -1.331948928223156e-14
-29   +4.419579614351024e-14  +2.507217657626520e-14
-28   +1.006397467744476e-14  -3.350565604246189e-14
-27   +2.656047776920591e-14  +3.081806766704975e-15
-26   +1.644456850377020e-14  -4.810658646411759e-15
-25   +2.948251566177168e-14  -2.704024063190247e-14
-24   +2.846574746144395e-14  +1.335796388538771e-14
-23   -7.372523880219106e-15  +2.115581365873729e-14
-22   +1.587778033661902e-14  +4.761829093292059e-15
-21   -2.594896697724834e-14  +4.185589274710544e-14
-20   -1.597779343688676e-14  -1.790347173664135e-14
-19   +2.024627410104202e-14  -1.491097719632481e-14
-18   -2.373313243441454e-14  -4.757347029521925e-15
-17   +1.004004936277339e-14  -6.021212009150973e-14
-16   +3.400534824187920e-14  +3.213625879253676e-14
-15   -5.416895565038488e-14  -4.667571031238900e-14
-14   +8.017000862883906e-14  +3.904138032480793e-14
-13   -7.015038661932508e-14  -5.312182586166534e-15
-12   +4.899027884745957e-14  -6.522725142643450e-14
-11   -4.268529078242802e-14  +1.433089515325618e-14
-10   +4.296320841085163e-14  -8.822397421173167e-15
 -9   +1.744329317194845e-14  -1.757441586152311e-14
 -8   +3.229957812134506e-14  +7.264892676745096e-14
 -7   -2.703813205359791e-14  -5.073446383450709e-14
 -6   +4.057256809734010e-14  +7.720623693034834e-15
 -5   -1.878039556983129e-14  -2.059960390294175e-14
 -4   -1.564970704841490e-14  -1.141833427810562e-14
 -3   +3.950864023856268e-14  -6.414049418873017e-15
 -2   -2.292215305241879e-14  -2.817984301816794e-14
 -1   +1.074596894863332e-13  +1.288014750717336e+03
 +0   -9.829174511348052e-15  +0.000000000000000e+00
 +1   +1.074596894863332e-13  -1.288014750717336e+03
 +2   -2.292215305241879e-14  +2.817984301816794e-14
 +3   +3.950864023856268e-14  +6.414049418873017e-15
 +4   -1.564970704841490e-14  +1.141833427810562e-14
 +5   -1.878039556983129e-14  +2.059960390294175e-14
 +6   +4.057256809734010e-14  -7.720623693034834e-15
 +7   -2.703813205359791e-14  +5.073446383450709e-14
 +8   +3.229957812134506e-14  -7.264892676745096e-14
 +9   +1.744329317194845e-14  +1.757441586152311e-14
+10   +4.296320841085163e-14  +8.822397421173167e-15
+11   -4.268529078242802e-14  -1.433089515325618e-14
+12   +4.899027884745957e-14  +6.522725142643450e-14
+13   -7.015038661932508e-14  +5.312182586166534e-15
+14   +8.017000862883906e-14  -3.904138032480793e-14
+15   -5.416895565038488e-14  +4.667571031238900e-14
+16   +3.400534824187920e-14  -3.213625879253676e-14
+17   +1.004004936277339e-14  +6.021212009150973e-14
+18   -2.373313243441454e-14  +4.757347029521925e-15
+19   +2.024627410104202e-14  +1.491097719632481e-14
+20   -1.597779343688676e-14  +1.790347173664135e-14
+21   -2.594896697724834e-14  -4.185589274710544e-14
+22   +1.587778033661902e-14  -4.761829093292059e-15
+23   -7.372523880219106e-15  -2.115581365873729e-14
+24   +2.846574746144395e-14  -1.335796388538771e-14
+25   +2.948251566177168e-14  +2.704024063190247e-14
+26   +1.644456850377020e-14  +4.810658646411759e-15
+27   +2.656047776920591e-14  -3.081806766704975e-15
+28   +1.006397467744476e-14  +3.350565604246189e-14
+29   +4.419579614351024e-14  -2.507217657626520e-14
+30   +1.586674567227164e-14  +1.331948928223156e-14

