-30   -4.362492648614797e-21  +2.006177025403371e-37
-29   -2.218016079796245e-21  -8.675907740674462e-22
-28   +1.702475333056909e-21  -3.309833203613534e-21
-27   +5.795578707218109e-22  +8.228748471010349e-22
-26   -2.104795915907480e-21  +1.005994731409153e-21
-25   +1.912525760110028e-21  +2.555478478235103e-21
-24   +1.325237708758158e-21  +1.027224207789270e-21
-23   -2.174358304765040e-21  +4.096716906677406e-22
-22   -1.199012445737283e-21  -7.604863308033898e-22
-21   -1.422598984820070e-21  -3.121229852514780e-22
-20   +0.000000000000000e+00  +0.000000000000000e+00
-19   -1.403977807670610e-21  +2.148723274402598e-22
-18   -1.038401779177636e-21  +4.528978629188792e-25
-17   +1.468844575727428e-21  +2.075317257654580e-21
-16   -6.875937684331832e-22  +2.563222140986670e-21
-15   -1.653316771210565e-21  -3.769574364246315e-21
-14   +1.614173519575252e-21  +8.589291997919712e-22
-13   +8.371382293072762e-23  -1.623314886451710e-21
-12   +1.742669651853514e-21  +3.568302767722633e-21
-11   -2.457128456432430e-21  +3.227927817737175e-22
-10   +4.358148587699588e-22  -7.548534780830243e-22
 -9   +3.755016980887119e-21  -2.030697416805896e-21
 -8   -2.041373613414225e-21  -3.931476737350976e-21
 -7   +4.029206725534558e-21  +2.329841680984895e-21
 -6   +9.673204360381737e-21  -1.794670380104696e-21
 -5   -4.413094239915792e-18  +3.271660182121446e-22
 -4   +2.278657589187289e-15  -9.613828109785245e-22
 -3   -1.209840877300959e-12  +7.280457127664267e-22
 -2   +6.744763545615761e-10  -9.821777259406787e-23
 -1   -4.177944381240620e-07  -2.204002712618619e-21
 +0   +3.881947616507659e-04  +0.000000000000000e+00
 +1   -4.177944381240620e-07  +2.204002712618619e-21
 +2   +6.744763545615761e-10  +9.821777259406787e-23
 +3   -1.209840877300959e-12  -7.280457127664267e-22
 +4   +2.278657589187289e-15  +9.613828109785245e-22
 +5   -4.413094239915792e-18  -3.271660182121446e-22
 +6   +9.673204360381737e-21  +1.794670380104696e-21
 +7   +4.029206725534558e-21  -2.329841680984895e-21
 +8   -2.041373613414225e-21  +3.931476737350976e-21
 +9   +3.755016980887119e-21  +2.030697416805896e-21
+10   +4.358148587699588e-22  +7.548534780830243e-22
+11   -2.457128456432430e-21  -3.227927817737175e-22
+12   +1.742669651853514e-21  -3.568302767722633e-21
+13   +8.371382293072762e-23  +1.623314886451710e-21
+14   +1.614173519575252e-21  -8.589291997919712e-22
+15   -1.653316771210565e-21  +3.769574364246315e-21
+16   -6.875937684331832e-22  -2.563222140986670e-21
+17   +1.468844575727428e-21  -2.075317257654580e-21
+18   -1.038401779177636e-21  -4.528978629188792e-25
+19   -1.403977807670610e-21  -2.148723274402598e-22
+20   +0.000000000000000e+00  -0.000000000000000e+00
+21   -1.422598984820070e-21  +3.121229852514780e-22
+22   -1.199012445737283e-21  +7.604863308033898e-22
+23   -2.174358304765040e-21  -4.096716906677406e-22
+24   +1.325237708758158e-21  -1.027224207789270e-21
+25   +1.912525760110028e-21  -2.555478478235103e-21
+26   -2.104795915907480e-21  -1.005994731409153e-21
+27   +5.795578707218109e-22  -8.228748471010349e-22
+28   +1.702475333056909e-21  +3.309833203613534e-21
+29   -2.218016079796245e-21  +8.675907740674462e-22
+30   -4.362492648614797e-21  -2.006177025403371e-37

