-30   -4.103704636127512e-08  -1.349742774984123e-06
-29   -4.173262035662090e-08  -1.396401076140127e-06
-28   -4.250304662124766e-08  -1.446402788519060e-06
-27   -4.335940921294098e-08  -1.500121166387245e-06
-26   -4.431490842644831e-08  -1.557987247519813e-06
-25   -4.538536220067123e-08  -1.620501503133293e-06
-24   -4.658984677780033e-08  -1.688248426024150e-06
-23   -4.795152788307645e-08  -1.761914967429224e-06
-22   -4.949874614594410e-08  -1.842314059345968e-06
-21   -5.126644472740969e-08  -1.930414942406025e-06
-20   -5.329807077675194e-08  -2.027382716069117e-06
-19   -5.564812399226659e-08  -2.134630570659418e-06
-18   -5.838560808623953e-08  -2.253889717884358e-06
-17   -6.159874414168523e-08  -2.387304458700752e-06
-16   -6.540141622816311e-08  -2.537563687350773e-06
-15   -6.994212601806169e-08  -2.708085916626317e-06
-14   -7.541449064407360e-08  -2.903290575740631e-06
-13   -8.208010344278600e-08  -3.128970849759482e-06
-12   -9.014582363922318e-08  -3.393305358174722e-06
-11   -1.004132345780566e-07  -3.705931278454541e-06
-10   -1.021715440486881e-07  -4.114952752055114e-06
 -9   -1.276015704444871e-07  -4.549416200518435e-06
 -8   +7.030396357171434e-07  -7.628286595587696e-06
 -7   -1.331714301361462e-07  -5.986060613698043e-06
 -6   +5.715158144058853e-05  -1.758573123953959e-04
 -5   -4.570092102281171e-07  -7.571651806418593e-06
 -4   +2.772239224548902e-03  -8.246390242430282e-03
 -3   -6.927340152429862e-05  +2.096463549424987e-04
 -2   -9.725620479081858e-03  -8.333275131392092e-05
 -1   +2.171228720478790e-04  +1.331911733658599e-04
 +0   -5.977199219824854e-01  +0.000000000000000e+00
 +1   +2.171228720478790e-04  -1.331911733658599e-04
 +2   -9.725620479081858e-03  +8.333275131392092e-05
 +3   -6.927340152429862e-05  -2.096463549424987e-04
 +4   +2.772239224548902e-03  +8.246390242430282e-03
 +5   -4.570092102281171e-07  +7.571651806418593e-06
 +6   +5.715158144058853e-05  +1.758573123953959e-04
 +7   -1.331714301361462e-07  +5.986060613698043e-06
 +8   +7.030396357171434e-07  +7.628286595587696e-06
 +9   -1.276015704444871e-07  +4.549416200518435e-06
+10   -1.021715440486881e-07  +4.114952752055114e-06
+11   -1.004132345780566e-07  +3.705931278454541e-06
+12   -9.014582363922318e-08  +3.393305358174722e-06
+13   -8.208010344278600e-08  +3.128970849759482e-06
+14   -7.541449064407360e-08  +2.903290575740631e-06
+15   -6.994212601806169e-08  +2.708085916626317e-06
+16   -6.540141622816311e-08  +2.537563687350773e-06
+17   -6.159874414168523e-08  +2.387304458700752e-06
+18   -5.838560808623953e-08  +2.253889717884358e-06
+19   -5.564812399226659e-08  +2.134630570659418e-06
+20   -5.329807077675194e-08  +2.027382716069117e-06
+21   -5.126644472740969e-08  +1.930414942406025e-06
+22   -4.949874614594410e-08  +1.842314059345968e-06
+23   -4.795152788307645e-08  +1.761914967429224e-06
+24   -4.658984677780033e-08  +1.688248426024150e-06
+25   -4.538536220067123e-08  +1.620501503133293e-06
+26   -4.431490842644831e-08  +1.557987247519813e-06
+27   -4.335940921294098e-08  +1.500121166387245e-06
+28   -4.250304662124766e-08  +1.446402788519060e-06
+29   -4.173262035662090e-08  +1.396401076140127e-06
+30   -4.103704636127512e-08  +1.349742774984123e-06

