-30   -4.175045873165259e-08  +4.554045031526956e-06
-29   -5.206063789443794e-08  +4.711264636667189e-06
-28   -6.350024531091986e-08  +4.879726806780605e-06
-27   -7.624070474707720e-08  +5.060682970615953e-06
-26   -9.048729276699439e-08  +5.255577537603918e-06
-25   -1.064875001710737e-07  +5.466086611758761e-06
-24   -1.245419173982615e-07  +5.694166412429764e-06
-23   -1.450185414487763e-07  +5.942114379452519e-06
-22   -1.683718052248450e-07  +6.212647013575914e-06
-21   -1.951681990311353e-07  +6.509000056217627e-06
-20   -2.261212338560085e-07  +6.835058871602173e-06
-19   -2.621398713455015e-07  +7.195530226776744e-06
-18   -3.043967153892445e-07  +7.596171663523396e-06
-17   -3.544257793152740e-07  +8.044102345454050e-06
-16   -4.142655493285247e-07  +8.548231303336710e-06
-15   -4.866732770927500e-07  +9.119858168264114e-06
-14   -5.754535737785854e-07  +9.773534240202315e-06
-13   -6.859900273868352e-07  +1.052831286591798e-05
-12   -8.260525136125997e-07  +1.140969646941307e-05
-11   -1.008181394251437e-06  +1.245160087109328e-05
-10   -1.248191222148114e-06  +1.370546501785043e-05
 -9   -1.645708220950658e-06  +1.516548380508557e-05
 -8   -2.056006876332833e-06  +1.715470076809040e-05
 -7   -7.662548234030122e-06  +1.393374029713217e-05
 -6   -4.136171946690853e-06  +2.272580801572659e-05
 -5   -2.929864670173094e-04  -3.493534344835017e-04
 -4   -9.223427470575259e-06  +3.639174504499294e-05
 -3   -9.737152573748371e-03  -1.854395920506291e-02
 -2   +3.324355100141379e-04  +8.342756824112700e-04
 -1   -5.328335751589298e-01  -5.811837882986495e-01
 +0   +5.873004877921992e-04  +0.000000000000000e+00
 +1   -5.328335751589298e-01  +5.811837882986495e-01
 +2   +3.324355100141379e-04  -8.342756824112700e-04
 +3   -9.737152573748371e-03  +1.854395920506291e-02
 +4   -9.223427470575259e-06  -3.639174504499294e-05
 +5   -2.929864670173094e-04  +3.493534344835017e-04
 +6   -4.136171946690853e-06  -2.272580801572659e-05
 +7   -7.662548234030122e-06  -1.393374029713217e-05
 +8   -2.056006876332833e-06  -1.715470076809040e-05
 +9   -1.645708220950658e-06  -1.516548380508557e-05
+10   -1.248191222148114e-06  -1.370546501785043e-05
+11   -1.008181394251437e-06  -1.245160087109328e-05
+12   -8.260525136125997e-07  -1.140969646941307e-05
+13   -6.859900273868352e-07  -1.052831286591798e-05
+14   -5.754535737785854e-07  -9.773534240202315e-06
+15   -4.866732770927500e-07  -9.119858168264114e-06
+16   -4.142655493285247e-07  -8.548231303336710e-06
+17   -3.544257793152740e-07  -8.044102345454050e-06
+18   -3.043967153892445e-07  -7.596171663523396e-06
+19   -2.621398713455015e-07  -7.195530226776744e-06
+20   -2.261212338560085e-07  -6.835058871602173e-06
+21   -1.951681990311353e-07  -6.509000056217627e-06
+22   -1.683718052248450e-07  -6.212647013575914e-06
+23   -1.450185414487763e-07  -5.942114379452519e-06
+24   -1.245419173982615e-07  -5.694166412429764e-06
+25   -1.064875001710737e-07  -5.466086611758761e-06
+26   -9.048729276699439e-08  -5.255577537603918e-06
+27   -7.624070474707720e-08  -5.060682970615953e-06
+28   -6.350024531091986e-08  -4.879726806780605e-06
+29   -5.206063789443794e-08  -4.711264636667189e-06
+30   -4.175045873165259e-08  -4.554045031526956e-06

