-30   +4.229907242461253e-09  -3.544293121722531e-09
-29   +4.533758131081188e-09  -3.670459520249808e-09
-28   +4.870977807823170e-09  -3.806081544984582e-09
-27   +5.246647783051553e-09  -3.952280249632516e-09
-26   +5.666857058373177e-09  -4.110363745314286e-09
-25   +6.138952636663643e-09  -4.281868311701347e-09
-24   +6.671865465465155e-09  -4.468611113563921e-09
-23   +7.276539783782860e-09  -4.672758236647126e-09
-22   +7.966505454985361e-09  -4.896913835825586e-09
-21   +8.758649488544453e-09  -5.144238408432627e-09
-20   +9.674272103756287e-09  -5.418607738150454e-09
-19   +1.074055294939276e-08  -5.724830468317530e-09
-18   +1.199262182350779e-08  -6.068950861754865e-09
-17   +1.347653848548666e-08  -6.458679086404672e-09
-16   +1.525367084940165e-08  -6.904014482546383e-09
-15   +1.740728037622418e-08  -7.418183689241613e-09
-14   +2.005270873070843e-08  -8.018911588526329e-09
-13   +2.335356296627454e-08  -8.731395527445121e-09
-12   +2.754935291260066e-08  -9.575959399898994e-09
-11   +3.299798621571881e-08  -1.064685995028331e-08
-10   +4.033878692694919e-08  -1.054509858488864e-08
 -9   +5.029180043308343e-08  -1.356538993057310e-08
 -8   +7.104205383494975e-08  +1.171970388801636e-07
 -7   +8.641602638953432e-08  -1.132510526023974e-08
 -6   +5.996990552243942e-07  +1.106134187495167e-05
 -5   +1.412992416383258e-07  +7.292487944102358e-08
 -4   +2.059388417026618e-05  +7.049838719924235e-04
 -3   -2.424831567422095e-06  -1.237565518004048e-05
 -2   -2.954898458224336e-03  -1.751899480555489e-05
 -1   +8.509340089489208e-05  +2.942103979148054e-05
 +0   -5.010494723666927e-01  +0.000000000000000e+00
 +1   +8.509340089489208e-05  -2.942103979148054e-05
 +2   -2.954898458224336e-03  +1.751899480555489e-05
 +3   -2.424831567422095e-06  +1.237565518004048e-05
 +4   +2.059388417026618e-05  -7.049838719924235e-04
 +5   +1.412992416383258e-07  -7.292487944102358e-08
 +6   +5.996990552243942e-07  -1.106134187495167e-05
 +7   +8.641602638953432e-08  +1.132510526023974e-08
 +8   +7.104205383494975e-08  -1.171970388801636e-07
 +9   +5.029180043308343e-08  +1.356538993057310e-08
+10   +4.033878692694919e-08  +1.054509858488864e-08
+11   +3.299798621571881e-08  +1.064685995028331e-08
+12   +2.754935291260066e-08  +9.575959399898994e-09
+13   +2.335356296627454e-08  +8.731395527445121e-09
+14   +2.005270873070843e-08  +8.018911588526329e-09
+15   +1.740728037622418e-08  +7.418183689241613e-09
+16   +1.525367084940165e-08  +6.904014482546383e-09
+17   +1.347653848548666e-08  +6.458679086404672e-09
+18   +1.199262182350779e-08  +6.068950861754865e-09
+19   +1.074055294939276e-08  +5.724830468317530e-09
+20   +9.674272103756287e-09  +5.418607738150454e-09
+21   +8.758649488544453e-09  +5.144238408432627e-09
+22   +7.966505454985361e-09  +4.896913835825586e-09
+23   +7.276539783782860e-09  +4.672758236647126e-09
+24   +6.671865465465155e-09  +4.468611113563921e-09
+25   +6.138952636663643e-09  +4.281868311701347e-09
+26   +5.666857058373177e-09  +4.110363745314286e-09
+27   +5.246647783051553e-09  +3.952280249632516e-09
+28   +4.870977807823170e-09  +3.806081544984582e-09
+29   +4.533758131081188e-09  +3.670459520249808e-09
+30   +4.229907242461253e-09  +3.544293121722531e-09

