-30   +2.582118300204323e-08  -2.993040799915174e-06
-29   +3.246035643709009e-08  -3.096431202270900e-06
-28   +3.982343257730328e-08  -3.207222006293855e-06
-27   +4.801959423174928e-08  -3.326238105056930e-06
-26   +5.717941315833610e-08  -3.454431835397462e-06
-25   +6.746007122744015e-08  -3.592908612249433e-06
-24   +7.905215061484901e-08  -3.742959005035589e-06
-23   +9.218851588595003e-08  -3.906099248126200e-06
-22   +1.071560886316085e-07  -4.084122895398151e-06
-21   +1.243116277774156e-07  -4.279167356367990e-06
-20   +1.441031469350132e-07  -4.493800595886465e-06
-19   +1.670993999042685e-07  -4.731135517501369e-06
-18   +1.940310981762168e-07  -4.994982935448472e-06
-17   +2.258494683981742e-07  -5.290059292159243e-06
-16   +2.638110596775287e-07  -5.622273486002438e-06
-15   +3.096028715122115e-07  -5.999130617335015e-06
-14   +3.655321251522875e-07  -6.430311713152583e-06
-13   +4.348087139066609e-07  -6.928539371524922e-06
-12   +5.220588419162774e-07  -7.510823693110742e-06
-11   +6.331563357524510e-07  -8.201469776687630e-06
-10   +7.806683215094869e-07  -9.030996369560710e-06
 -9   +9.094728328866422e-07  -1.012450035470328e-05
 -8   +1.243830507346557e-06  -1.133984235011829e-05
 -7   -3.399060599397608e-06  -1.870378285268395e-05
 -6   +1.907689218501097e-06  -1.554365074474254e-05
 -5   -3.023248636634878e-04  -3.934604776583196e-04
 -4   -4.677841926618670e-06  -2.942413903936951e-05
 -3   -1.205904319363075e-02  -1.744909437296446e-02
 -2   +2.399650387071467e-04  +2.494842096714817e-04
 -1   +5.079468901371023e-01  +6.389077991113525e-01
 +0   +4.962755379671498e-04  +0.000000000000000e+00
 +1   +5.079468901371023e-01  -6.389077991113525e-01
 +2   +2.399650387071467e-04  -2.494842096714817e-04
 +3   -1.205904319363075e-02  +1.744909437296446e-02
 +4   -4.677841926618670e-06  +2.942413903936951e-05
 +5   -3.023248636634878e-04  +3.934604776583196e-04
 +6   +1.907689218501097e-06  +1.554365074474254e-05
 +7   -3.399060599397608e-06  +1.870378285268395e-05
 +8   +1.243830507346557e-06  +1.133984235011829e-05
 +9   +9.094728328866422e-07  +1.012450035470328e-05
+10   +7.806683215094869e-07  +9.030996369560710e-06
+11   +6.331563357524510e-07  +8.201469776687630e-06
+12   +5.220588419162774e-07  +7.510823693110742e-06
+13   +4.348087139066609e-07  +6.928539371524922e-06
+14   +3.655321251522875e-07  +6.430311713152583e-06
+15   +3.096028715122115e-07  +5.999130617335015e-06
+16   +2.638110596775287e-07  +5.622273486002438e-06
+17   +2.258494683981742e-07  +5.290059292159243e-06
+18   +1.940310981762168e-07  +4.994982935448472e-06
+19   +1.670993999042685e-07  +4.731135517501369e-06
+20   +1.441031469350132e-07  +4.493800595886465e-06
+21   +1.243116277774156e-07  +4.279167356367990e-06
+22   +1.071560886316085e-07  +4.084122895398151e-06
+23   +9.218851588595003e-08  +3.906099248126200e-06
+24   +7.905215061484901e-08  +3.742959005035589e-06
+25   +6.746007122744015e-08  +3.592908612249433e-06
+26   +5.717941315833610e-08  +3.454431835397462e-06
+27   +4.801959423174928e-08  +3.326238105056930e-06
+28   +3.982343257730328e-08  +3.207222006293855e-06
+29   +3.246035643709009e-08  +3.096431202270900e-06
+30   +2.582118300204323e-08  +2.993040799915174e-06

