-30   +2.977496309890640e-09  +1.027375292414091e-06
-29   +1.516350391466103e-09  +1.063200594745018e-06
-28   -1.072481191784044e-10  +1.101628487047021e-06
-27   -1.918439011853075e-09  +1.142955132183218e-06
-26   -3.947448831072116e-09  +1.187523702327054e-06
-25   -6.230884782396787e-09  +1.235734156477556e-06
-24   -8.813433378141865e-09  +1.288055581798837e-06
-23   -1.175011383869121e-08  +1.345041924739294e-06
-22   -1.510930629136716e-08  +1.407352259436186e-06
-21   -1.897687606251727e-08  +1.475777208969773e-06
-20   -2.346187793156100e-08  +1.551273836754718e-06
-19   -2.870457668737367e-08  +1.635012386529816e-06
-18   -3.488793676197127e-08  +1.728439898850793e-06
-17   -4.225442679073947e-08  +1.833368357013577e-06
-16   -5.113119219727150e-08  +1.952099305203027e-06
-15   -6.196874404219602e-08  +2.087604109340964e-06
-14   -7.540288601532808e-08  +2.243791857747490e-06
-13   -9.235355823722382e-08  +2.425918762416557e-06
-12   -1.142441998181248e-07  +2.641253023274500e-06
-11   -1.431135291935782e-07  +2.900096740358057e-06
-10   -1.862141774841848e-07  +3.218757119064751e-06
 -9   -2.395233535540905e-07  +3.618365019111792e-06
 -8   -6.167671220198753e-07  +4.208109352166750e-06
 -7   -4.973664340048129e-07  +4.867969365708361e-06
 -6   -2.208716413169229e-05  +9.493072175238165e-06
 -5   -2.618965446002730e-06  +8.054801428199548e-06
 -4   -1.316100290010302e-03  +9.208640068600522e-05
 -3   -7.930058094694751e-05  +6.178582620544461e-05
 -2   -6.415837072152002e-02  +5.031052411841149e-04
 -1   +1.491887290269754e-03  +1.230649529847975e-04
 +0   -2.049387974094269e-03  +0.000000000000000e+00
 +1   +1.491887290269754e-03  -1.230649529847975e-04
 +2   -6.415837072152002e-02  -5.031052411841149e-04
 +3   -7.930058094694751e-05  -6.178582620544461e-05
 +4   -1.316100290010302e-03  -9.208640068600522e-05
 +5   -2.618965446002730e-06  -8.054801428199548e-06
 +6   -2.208716413169229e-05  -9.493072175238165e-06
 +7   -4.973664340048129e-07  -4.867969365708361e-06
 +8   -6.167671220198753e-07  -4.208109352166750e-06
 +9   -2.395233535540905e-07  -3.618365019111792e-06
+10   -1.862141774841848e-07  -3.218757119064751e-06
+11   -1.431135291935782e-07  -2.900096740358057e-06
+12   -1.142441998181248e-07  -2.641253023274500e-06
+13   -9.235355823722382e-08  -2.425918762416557e-06
+14   -7.540288601532808e-08  -2.243791857747490e-06
+15   -6.196874404219602e-08  -2.087604109340964e-06
+16   -5.113119219727150e-08  -1.952099305203027e-06
+17   -4.225442679073947e-08  -1.833368357013577e-06
+18   -3.488793676197127e-08  -1.728439898850793e-06
+19   -2.870457668737367e-08  -1.635012386529816e-06
+20   -2.346187793156100e-08  -1.551273836754718e-06
+21   -1.897687606251727e-08  -1.475777208969773e-06
+22   -1.510930629136716e-08  -1.407352259436186e-06
+23   -1.175011383869121e-08  -1.345041924739294e-06
+24   -8.813433378141865e-09  -1.288055581798837e-06
+25   -6.230884782396787e-09  -1.235734156477556e-06
+26   -3.947448831072116e-09  -1.187523702327054e-06
+27   -1.918439011853075e-09  -1.142955132183218e-06
+28   -1.072481191784044e-10  -1.101628487047021e-06
+29   +1.516350391466103e-09  -1.063200594745018e-06
+30   +2.977496309890640e-09  -1.027375292414091e-06

