-30   +2.244910052604416e-07  +1.178089967372450e-06
-29   +2.383664314568158e-07  +1.219334716394561e-06
-28   +2.537575848648758e-07  +1.263593965629274e-06
-27   +2.708936631081760e-07  +1.311213525726718e-06
-26   +2.900489083098711e-07  +1.362594641646662e-06
-25   +3.115536674096904e-07  +1.418205653485036e-06
-24   +3.358087619791885e-07  +1.478596755304008e-06
-23   +3.633043437923476e-07  +1.544418858540367e-06
-22   +3.946449161410604e-07  +1.616447971904826e-06
-21   +4.305829339649340e-07  +1.695617089289045e-06
-20   +4.720645310146403e-07  +1.783058448701192e-06
-19   +5.202926385029971e-07  +1.880160368514671e-06
-18   +5.768155077660760e-07  +1.988644923921266e-06
-17   +6.436530466613356e-07  +2.110676067383591e-06
-16   +7.234805962942796e-07  +2.249013210408855e-06
-15   +8.199025106964711e-07  +2.407234499567719e-06
-14   +9.378637931495225e-07  +2.590070133960120e-06
-13   +1.084324248178088e-06  +2.803915222975085e-06
-12   +1.268874508859711e-06  +3.057649797195181e-06
-11   +1.507472852243457e-06  +3.363990462793220e-06
-10   +1.788020479941807e-06  +3.742036432675276e-06
 -9   +2.245312101538579e-06  +4.220875800341769e-06
 -8   +2.075975397136221e-07  +4.862490976887214e-06
 -7   +3.625919357049405e-06  +5.711778236478590e-06
 -6   -1.734507769529457e-04  +8.033373157468598e-06
 -5   +8.101223932495755e-06  +8.737304320811655e-06
 -4   -8.685933590352225e-03  +1.128408968461968e-04
 -3   +2.478415446334901e-04  +2.345119915933348e-05
 -2   +3.484404721876405e-03  +1.732983710972208e-02
 -1   -3.466123892240892e-04  +6.846878478148706e-04
 +0   +1.258057901342857e-01  +0.000000000000000e+00
 +1   -3.466123892240892e-04  -6.846878478148706e-04
 +2   +3.484404721876405e-03  -1.732983710972208e-02
 +3   +2.478415446334901e-04  -2.345119915933348e-05
 +4   -8.685933590352225e-03  -1.128408968461968e-04
 +5   +8.101223932495755e-06  -8.737304320811655e-06
 +6   -1.734507769529457e-04  -8.033373157468598e-06
 +7   +3.625919357049405e-06  -5.711778236478590e-06
 +8   +2.075975397136221e-07  -4.862490976887214e-06
 +9   +2.245312101538579e-06  -4.220875800341769e-06
+10   +1.788020479941807e-06  -3.742036432675276e-06
+11   +1.507472852243457e-06  -3.363990462793220e-06
+12   +1.268874508859711e-06  -3.057649797195181e-06
+13   +1.084324248178088e-06  -2.803915222975085e-06
+14   +9.378637931495225e-07  -2.590070133960120e-06
+15   +8.199025106964711e-07  -2.407234499567719e-06
+16   +7.234805962942796e-07  -2.249013210408855e-06
+17   +6.436530466613356e-07  -2.110676067383591e-06
+18   +5.768155077660760e-07  -1.988644923921266e-06
+19   +5.202926385029971e-07  -1.880160368514671e-06
+20   +4.720645310146403e-07  -1.783058448701192e-06
+21   +4.305829339649340e-07  -1.695617089289045e-06
+22   +3.946449161410604e-07  -1.616447971904826e-06
+23   +3.633043437923476e-07  -1.544418858540367e-06
+24   +3.358087619791885e-07  -1.478596755304008e-06
+25   +3.115536674096904e-07  -1.418205653485036e-06
+26   +2.900489083098711e-07  -1.362594641646662e-06
+27   +2.708936631081760e-07  -1.311213525726718e-06
+28   +2.537575848648758e-07  -1.263593965629274e-06
+29   +2.383664314568158e-07  -1.219334716394561e-06
+30   +2.244910052604416e-07  -1.178089967372450e-06

