-30   +1.201408921661496e-07  -4.899618743054260e-06
-29   +1.364933774690597e-07  -5.069334619821266e-06
-28   +1.546339673817863e-07  -5.251251221098163e-06
-27   +1.748334111085436e-07  -5.446736858397566e-06
-26   +1.974157579370577e-07  -5.657372966171245e-06
-25   +2.227714792207743e-07  -5.884997399364666e-06
-24   +2.513745167303429e-07  -6.131758774029620e-06
-23   +2.838046777777166e-07  -6.400185284368567e-06
-22   +3.207773706556907e-07  -6.693272727000173e-06
-21   +3.631835785134248e-07  -7.014598321941092e-06
-20   +4.121443139480447e-07  -7.368469639628629e-06
-19   +4.690858853164800e-07  -7.760122025598107e-06
-18   +5.358456083559100e-07  -8.195984117969445e-06
-17   +6.148229443994621e-07  -8.684040720579261e-06
-16   +7.091998845391317e-07  -9.234337712559005e-06
-15   +8.232694517689140e-07  -9.859699170763137e-06
-14   +9.629383201168020e-07  -1.057676862402398e-05
-13   +1.136509971046494e-06  -1.140757763570363e-05
-12   +1.356000511113826e-06  -1.238187991156472e-05
-11   +1.638679814999400e-06  -1.354216811928169e-05
-10   +2.013737742044317e-06  -1.494475126909177e-05
 -9   +2.475460815238894e-06  -1.676919365271785e-05
 -8   +3.241268308239272e-06  -1.889894701808390e-05
 -7   +4.820518715585628e-07  -2.828486222091110e-05
 -6   +5.856844891189022e-06  -2.612247774827637e-05
 -5   -2.575043985447567e-04  -4.245759572249794e-04
 -4   +1.501161332068564e-05  -3.923470029239637e-05
 -3   -1.476041394159991e-02  -1.517878940269238e-02
 -2   +4.484117918219523e-04  +5.737031209991957e-04
 -1   -4.657332491872409e-01  -6.455164351679964e-01
 +0   +3.294047901448946e-04  +0.000000000000000e+00
 +1   -4.657332491872409e-01  +6.455164351679964e-01
 +2   +4.484117918219523e-04  -5.737031209991957e-04
 +3   -1.476041394159991e-02  +1.517878940269238e-02
 +4   +1.501161332068564e-05  +3.923470029239637e-05
 +5   -2.575043985447567e-04  +4.245759572249794e-04
 +6   +5.856844891189022e-06  +2.612247774827637e-05
 +7   +4.820518715585628e-07  +2.828486222091110e-05
 +8   +3.241268308239272e-06  +1.889894701808390e-05
 +9   +2.475460815238894e-06  +1.676919365271785e-05
+10   +2.013737742044317e-06  +1.494475126909177e-05
+11   +1.638679814999400e-06  +1.354216811928169e-05
+12   +1.356000511113826e-06  +1.238187991156472e-05
+13   +1.136509971046494e-06  +1.140757763570363e-05
+14   +9.629383201168020e-07  +1.057676862402398e-05
+15   +8.232694517689140e-07  +9.859699170763137e-06
+16   +7.091998845391317e-07  +9.234337712559005e-06
+17   +6.148229443994621e-07  +8.684040720579261e-06
+18   +5.358456083559100e-07  +8.195984117969445e-06
+19   +4.690858853164800e-07  +7.760122025598107e-06
+20   +4.121443139480447e-07  +7.368469639628629e-06
+21   +3.631835785134248e-07  +7.014598321941092e-06
+22   +3.207773706556907e-07  +6.693272727000173e-06
+23   +2.838046777777166e-07  +6.400185284368567e-06
+24   +2.513745167303429e-07  +6.131758774029620e-06
+25   +2.227714792207743e-07  +5.884997399364666e-06
+26   +1.974157579370577e-07  +5.657372966171245e-06
+27   +1.748334111085436e-07  +5.446736858397566e-06
+28   +1.546339673817863e-07  +5.251251221098163e-06
+29   +1.364933774690597e-07  +5.069334619821266e-06
+30   +1.201408921661496e-07  +4.899618743054260e-06

