-30   -2.610542029774712e-07  -4.511250908004096e-06
-29   -2.720844952931049e-07  -4.667229937396165e-06
-28   -2.843165540904595e-07  -4.834389362999602e-06
-27   -2.979314665517799e-07  -5.013977799602982e-06
-26   -3.131457405486938e-07  -5.207437232504308e-06
-25   -3.302199655179281e-07  -5.416442013804954e-06
-24   -3.494700221868955e-07  -5.642947697411504e-06
-23   -3.712817788667026e-07  -5.889252762956154e-06
-22   -3.961305467923408e-07  -6.158077352535436e-06
-21   -4.246071437248275e-07  -6.452664793152265e-06
-20   -4.574532618036515e-07  -6.776913983562792e-06
-19   -4.956101325840804e-07  -7.135554189827064e-06
-18   -5.402865093198346e-07  -7.534379033929161e-06
-17   -5.930552555877920e-07  -7.980564463737150e-06
-16   -6.559930972968774e-07  -8.483108194926945e-06
-15   -7.318871428144625e-07  -9.053448279559702e-06
-14   -8.245464920305467e-07  -9.706353360403094e-06
-13   -9.392926923497990e-07  -1.046121852007964e-05
-12   -1.083700286455825e-06  -1.134410539297914e-05
-11   -1.269489367447669e-06  -1.238962210641369e-05
-10   -1.511911458709292e-06  -1.365125250939576e-05
 -9   -1.886796545531139e-06  -1.511011765343671e-05
 -8   -2.298300313407548e-06  -1.713565599897120e-05
 -7   -6.697826152681841e-06  -1.302694998711028e-05
 -6   -4.136225561054400e-06  -2.265032337448817e-05
 -5   -2.594823653044945e-04  +3.840765055523003e-04
 -4   -1.119311966662306e-05  -2.418759663940390e-05
 -3   -1.224500216695070e-02  +1.714808137622641e-02
 -2   +1.364576669871020e-04  -3.458986353946644e-04
 -1   +4.170543525958366e-01  -6.879159302988811e-01
 +0   +5.561458509626211e-04  +0.000000000000000e+00
 +1   +4.170543525958366e-01  +6.879159302988811e-01
 +2   +1.364576669871020e-04  +3.458986353946644e-04
 +3   -1.224500216695070e-02  -1.714808137622641e-02
 +4   -1.119311966662306e-05  +2.418759663940390e-05
 +5   -2.594823653044945e-04  -3.840765055523003e-04
 +6   -4.136225561054400e-06  +2.265032337448817e-05
 +7   -6.697826152681841e-06  +1.302694998711028e-05
 +8   -2.298300313407548e-06  +1.713565599897120e-05
 +9   -1.886796545531139e-06  +1.511011765343671e-05
+10   -1.511911458709292e-06  +1.365125250939576e-05
+11   -1.269489367447669e-06  +1.238962210641369e-05
+12   -1.083700286455825e-06  +1.134410539297914e-05
+13   -9.392926923497990e-07  +1.046121852007964e-05
+14   -8.245464920305467e-07  +9.706353360403094e-06
+15   -7.318871428144625e-07  +9.053448279559702e-06
+16   -6.559930972968774e-07  +8.483108194926945e-06
+17   -5.930552555877920e-07  +7.980564463737150e-06
+18   -5.402865093198346e-07  +7.534379033929161e-06
+19   -4.956101325840804e-07  +7.135554189827064e-06
+20   -4.574532618036515e-07  +6.776913983562792e-06
+21   -4.246071437248275e-07  +6.452664793152265e-06
+22   -3.961305467923408e-07  +6.158077352535436e-06
+23   -3.712817788667026e-07  +5.889252762956154e-06
+24   -3.494700221868955e-07  +5.642947697411504e-06
+25   -3.302199655179281e-07  +5.416442013804954e-06
+26   -3.131457405486938e-07  +5.207437232504308e-06
+27   -2.979314665517799e-07  +5.013977799602982e-06
+28   -2.843165540904595e-07  +4.834389362999602e-06
+29   -2.720844952931049e-07  +4.667229937396165e-06
+30   -2.610542029774712e-07  +4.511250908004096e-06

