-30   -2.637754280556497e-09  +1.591723104110923e-06
-29   -5.408911393238084e-09  +1.646866250830498e-06
-28   -8.485655679527086e-09  +1.705974371903544e-06
-27   -1.191477052479742e-08  +1.769492235885864e-06
-26   -1.575238887537181e-08  +1.837933893797949e-06
-25   -2.006631565227938e-08  +1.911896764919010e-06
-24   -2.493909784934657e-08  +1.992079293841238e-06
-23   -3.047204786087197e-08  +2.079303328234548e-06
-22   -3.679063809269184e-08  +2.174542728966364e-06
-21   -4.405179548062421e-08  +2.278960357657019e-06
-20   -5.245392125052601e-08  +2.393956473056872e-06
-19   -6.225085493872557e-08  +2.521232855385227e-06
-18   -7.377171252878478e-08  +2.662879023922167e-06
-17   -8.744956896915019e-08  +2.821489976927662e-06
-16   -1.038639114644989e-07  +3.000329912427799e-06
-15   -1.238049477947576e-07  +3.203564395287884e-06
-14   -1.483744907735025e-07  +3.436597167204563e-06
-13   -1.791454055424030e-07  +3.706571488755152e-06
-12   -2.184802586316846e-07  +4.023139161078479e-06
-11   -2.697970142128994e-07  +4.399680456178189e-06
-10   -3.425681603210344e-07  +4.855347327044246e-06
 -9   -4.357897402930732e-07  +5.418475605613428e-06
 -8   -8.739733900772558e-07  +6.136220131105357e-06
 -7   -8.305337966871585e-07  +7.074095586267892e-06
 -6   -2.251265009142383e-05  +8.795254396854229e-06
 -5   -3.227130226484761e-06  +1.045493131716952e-05
 -4   -1.284146299906524e-03  +8.406159629554500e-05
 -3   -8.919253743852742e-05  +4.327982043553517e-05
 -2   -6.751009805321828e-02  +1.724925444562916e-02
 -1   +1.418170556267794e-03  +2.384168555153407e-04
 +0   -1.547660213086145e-03  +0.000000000000000e+00
 +1   +1.418170556267794e-03  -2.384168555153407e-04
 +2   -6.751009805321828e-02  -1.724925444562916e-02
 +3   -8.919253743852742e-05  -4.327982043553517e-05
 +4   -1.284146299906524e-03  -8.406159629554500e-05
 +5   -3.227130226484761e-06  -1.045493131716952e-05
 +6   -2.251265009142383e-05  -8.795254396854229e-06
 +7   -8.305337966871585e-07  -7.074095586267892e-06
 +8   -8.739733900772558e-07  -6.136220131105357e-06
 +9   -4.357897402930732e-07  -5.418475605613428e-06
+10   -3.425681603210344e-07  -4.855347327044246e-06
+11   -2.697970142128994e-07  -4.399680456178189e-06
+12   -2.184802586316846e-07  -4.023139161078479e-06
+13   -1.791454055424030e-07  -3.706571488755152e-06
+14   -1.483744907735025e-07  -3.436597167204563e-06
+15   -1.238049477947576e-07  -3.203564395287884e-06
+16   -1.038639114644989e-07  -3.000329912427799e-06
+17   -8.744956896915019e-08  -2.821489976927662e-06
+18   -7.377171252878478e-08  -2.662879023922167e-06
+19   -6.225085493872557e-08  -2.521232855385227e-06
+20   -5.245392125052601e-08  -2.393956473056872e-06
+21   -4.405179548062421e-08  -2.278960357657019e-06
+22   -3.679063809269184e-08  -2.174542728966364e-06
+23   -3.047204786087197e-08  -2.079303328234548e-06
+24   -2.493909784934657e-08  -1.992079293841238e-06
+25   -2.006631565227938e-08  -1.911896764919010e-06
+26   -1.575238887537181e-08  -1.837933893797949e-06
+27   -1.191477052479742e-08  -1.769492235885864e-06
+28   -8.485655679527086e-09  -1.705974371903544e-06
+29   -5.408911393238084e-09  -1.646866250830498e-06
+30   -2.637754280556497e-09  -1.591723104110923e-06

