-30   +2.292329743582746e-09  +7.534207898892613e-08
-29   +2.332190746582844e-09  +7.796041379345836e-08
-28   +2.376438989920813e-09  +8.076795749296502e-08
-27   +2.425744428358627e-09  +8.378608461131734e-08
-26   +2.480910503061384e-09  +8.703953076238437e-08
-25   +2.542907045231204e-09  +9.055708372663139e-08
-24   +2.612914052427819e-09  +9.437245337628571e-08
-23   +2.692378590331458e-09  +9.852537689735474e-08
-22   +2.783091317820626e-09  +1.030630382209594e-07
-21   +2.887289427911594e-09  +1.080419106723373e-07
-20   +3.007798221508642e-09  +1.135301801921798e-07
-19   +3.148227678596339e-09  +1.196109751770618e-07
-18   +3.313250773762757e-09  +1.263867380758483e-07
-17   +3.509005435976557e-09  +1.339852440249497e-07
-16   +3.743684693735118e-09  +1.425680479543921e-07
-15   +4.028436984901811e-09  +1.523426010299426e-07
-14   +4.378592671423931e-09  +1.635800719977234e-07
-13   +4.816589028312293e-09  +1.766423303755146e-07
-12   +5.359540024736536e-09  +1.920242416327606e-07
-11   +6.098048908795772e-09  +2.104226344359595e-07
-10   +5.626888306610598e-09  +2.328557785449482e-07
 -9   +8.240711488350352e-09  +2.608739492587775e-07
 -8   -1.231258458314500e-07  +2.970604379868735e-07
 -7   +5.047833980388482e-09  +3.454621037609752e-07
 -6   -1.107776365370553e-05  +4.187627492590123e-07
 -5   -7.837012788100104e-08  +5.087438403538396e-07
 -4   -7.050445196977585e-04  +8.637079920597504e-07
 -3   +1.242660078649115e-05  +1.873643105529812e-07
 -2   +1.819245513412560e-04  +6.745880475267014e-07
 -1   -4.531223047375082e-05  +1.825064140009480e-06
 +0   +3.243822739139283e-02  +0.000000000000000e+00
 +1   -4.531223047375082e-05  -1.825064140009480e-06
 +2   +1.819245513412560e-04  -6.745880475267014e-07
 +3   +1.242660078649115e-05  -1.873643105529812e-07
 +4   -7.050445196977585e-04  -8.637079920597504e-07
 +5   -7.837012788100104e-08  -5.087438403538396e-07
 +6   -1.107776365370553e-05  -4.187627492590123e-07
 +7   +5.047833980388482e-09  -3.454621037609752e-07
 +8   -1.231258458314500e-07  -2.970604379868735e-07
 +9   +8.240711488350352e-09  -2.608739492587775e-07
+10   +5.626888306610598e-09  -2.328557785449482e-07
+11   +6.098048908795772e-09  -2.104226344359595e-07
+12   +5.359540024736536e-09  -1.920242416327606e-07
+13   +4.816589028312293e-09  -1.766423303755146e-07
+14   +4.378592671423931e-09  -1.635800719977234e-07
+15   +4.028436984901811e-09  -1.523426010299426e-07
+16   +3.743684693735118e-09  -1.425680479543921e-07
+17   +3.509005435976557e-09  -1.339852440249497e-07
+18   +3.313250773762757e-09  -1.263867380758483e-07
+19   +3.148227678596339e-09  -1.196109751770618e-07
+20   +3.007798221508642e-09  -1.135301801921798e-07
+21   +2.887289427911594e-09  -1.080419106723373e-07
+22   +2.783091317820626e-09  -1.030630382209594e-07
+23   +2.692378590331458e-09  -9.852537689735474e-08
+24   +2.612914052427819e-09  -9.437245337628571e-08
+25   +2.542907045231204e-09  -9.055708372663139e-08
+26   +2.480910503061384e-09  -8.703953076238437e-08
+27   +2.425744428358627e-09  -8.378608461131734e-08
+28   +2.376438989920813e-09  -8.076795749296502e-08
+29   +2.332190746582844e-09  -7.796041379345836e-08
+30   +2.292329743582746e-09  -7.534207898892613e-08

