-30   -1.324641801333976e-07  +3.127143447047169e-06
-29   -1.467918282811939e-07  +3.235219401629121e-06
-28   -1.626807186050271e-07  +3.351036681891957e-06
-27   -1.803661455133617e-07  +3.475458950559315e-06
-26   -2.001294437237414e-07  +3.609483437435569e-06
-25   -2.223092355310837e-07  +3.754267822408342e-06
-24   -2.473160123247032e-07  +3.911163892533476e-06
-23   -2.756512384841636e-07  +4.081760048012455e-06
-22   -3.079326493613307e-07  +4.267935496219742e-06
-21   -3.449281408166560e-07  +4.471930075328456e-06
-20   -3.876017668635814e-07  +4.696435223620901e-06
-19   -4.371770274518266e-07  +4.944713966150256e-06
-18   -4.952252964721271e-07  +5.220761341735132e-06
-17   -5.637914591356791e-07  +5.529522078394231e-06
-16   -6.455757175783745e-07  +5.877190885901852e-06
-15   -7.442022431954951e-07  +6.271634151463761e-06
-14   -8.646246621612480e-07  +6.722995367368041e-06
-13   -1.013762012967732e-06  +7.244568417456726e-06
-12   -1.201470729733264e-06  +7.854191946819141e-06
-11   -1.442821733037482e-06  +8.575112098060916e-06
-10   -1.758109398558453e-06  +9.444623712854628e-06
 -9   -2.231356647792327e-06  +1.042019713009042e-05
 -8   -2.778447839335145e-06  +1.183405754034522e-05
 -7   -7.393479425727848e-06  +6.943540865562640e-06
 -6   -5.096316760196444e-06  +1.548204555824840e-05
 -5   -2.621083779552773e-04  -3.916570418281324e-04
 -4   -1.327091019316638e-05  +1.420283861731911e-05
 -3   -1.229774383675919e-02  -1.710974807231746e-02
 -2   +1.652000980208361e-04  +3.231550681850769e-04
 -1   +4.187342901716389e-01  +6.861454065853190e-01
 +0   +7.434751024277287e-04  +0.000000000000000e+00
 +1   +4.187342901716389e-01  -6.861454065853190e-01
 +2   +1.652000980208361e-04  -3.231550681850769e-04
 +3   -1.229774383675919e-02  +1.710974807231746e-02
 +4   -1.327091019316638e-05  -1.420283861731911e-05
 +5   -2.621083779552773e-04  +3.916570418281324e-04
 +6   -5.096316760196444e-06  -1.548204555824840e-05
 +7   -7.393479425727848e-06  -6.943540865562640e-06
 +8   -2.778447839335145e-06  -1.183405754034522e-05
 +9   -2.231356647792327e-06  -1.042019713009042e-05
+10   -1.758109398558453e-06  -9.444623712854628e-06
+11   -1.442821733037482e-06  -8.575112098060916e-06
+12   -1.201470729733264e-06  -7.854191946819141e-06
+13   -1.013762012967732e-06  -7.244568417456726e-06
+14   -8.646246621612480e-07  -6.722995367368041e-06
+15   -7.442022431954951e-07  -6.271634151463761e-06
+16   -6.455757175783745e-07  -5.877190885901852e-06
+17   -5.637914591356791e-07  -5.529522078394231e-06
+18   -4.952252964721271e-07  -5.220761341735132e-06
+19   -4.371770274518266e-07  -4.944713966150256e-06
+20   -3.876017668635814e-07  -4.696435223620901e-06
+21   -3.449281408166560e-07  -4.471930075328456e-06
+22   -3.079326493613307e-07  -4.267935496219742e-06
+23   -2.756512384841636e-07  -4.081760048012455e-06
+24   -2.473160123247032e-07  -3.911163892533476e-06
+25   -2.223092355310837e-07  -3.754267822408342e-06
+26   -2.001294437237414e-07  -3.609483437435569e-06
+27   -1.803661455133617e-07  -3.475458950559315e-06
+28   -1.626807186050271e-07  -3.351036681891957e-06
+29   -1.467918282811939e-07  -3.235219401629121e-06
+30   -1.324641801333976e-07  -3.127143447047169e-06

