-30   +3.123483650426211e-07  +4.039850001860162e-06
-29   +3.277855518907331e-07  +4.179957452985713e-06
-28   +3.449111786561338e-07  +4.330156650012909e-06
-27   +3.639809869430605e-07  +4.491582443257932e-06
-26   +3.853010828345408e-07  +4.665547064617258e-06
-25   +4.092403447402724e-07  +4.853576325766874e-06
-24   +4.362465419922592e-07  +5.057455090566200e-06
-23   +4.668675124898842e-07  +5.279284938421267e-06
-22   +5.017792878328663e-07  +5.521558017100238e-06
-21   +5.418239066950950e-07  +5.787252684367537e-06
-20   +5.880609388050350e-07  +6.079958868833278e-06
-19   +6.418387136746726e-07  +6.404044576329322e-06
-18   +7.048943875668004e-07  +6.764880331879196e-06
-17   +7.794970485032009e-07  +7.169146707505707e-06
-16   +8.686564499183704e-07  +7.625263514777713e-06
-15   +9.764342428584480e-07  +8.144001546122309e-06
-14   +1.108420351461502e-06  +8.739374390473910e-06
-13   +1.272475163594962e-06  +9.429990633038132e-06
-12   +1.479978718041991e-06  +1.024106704910303e-05
-11   +1.747264485407806e-06  +1.120896089278060e-05
-10   +2.102063326981847e-06  +1.238147367536472e-05
 -9   +2.536654010387450e-06  +1.392633587648402e-05
 -8   +3.263304391274065e-06  +1.570890656853286e-05
 -7   +4.680840366108321e-07  +2.467277217466745e-05
 -6   +5.716726191116454e-06  +2.193886373888671e-05
 -5   -2.565489243557449e-04  +4.208631734040235e-04
 -4   +1.381031271971711e-05  +3.420760487103066e-05
 -3   -1.471501663298955e-02  +1.523257996611412e-02
 -2   +3.813439612462555e-04  -6.025773567699911e-04
 -1   -4.638203747150681e-01  +6.473426036081212e-01
 +0   +1.917002581309985e-04  +0.000000000000000e+00
 +1   -4.638203747150681e-01  -6.473426036081212e-01
 +2   +3.813439612462555e-04  +6.025773567699911e-04
 +3   -1.471501663298955e-02  -1.523257996611412e-02
 +4   +1.381031271971711e-05  -3.420760487103066e-05
 +5   -2.565489243557449e-04  -4.208631734040235e-04
 +6   +5.716726191116454e-06  -2.193886373888671e-05
 +7   +4.680840366108321e-07  -2.467277217466745e-05
 +8   +3.263304391274065e-06  -1.570890656853286e-05
 +9   +2.536654010387450e-06  -1.392633587648402e-05
+10   +2.102063326981847e-06  -1.238147367536472e-05
+11   +1.747264485407806e-06  -1.120896089278060e-05
+12   +1.479978718041991e-06  -1.024106704910303e-05
+13   +1.272475163594962e-06  -9.429990633038132e-06
+14   +1.108420351461502e-06  -8.739374390473910e-06
+15   +9.764342428584480e-07  -8.144001546122309e-06
+16   +8.686564499183704e-07  -7.625263514777713e-06
+17   +7.794970485032009e-07  -7.169146707505707e-06
+18   +7.048943875668004e-07  -6.764880331879196e-06
+19   +6.418387136746726e-07  -6.404044576329322e-06
+20   +5.880609388050350e-07  -6.079958868833278e-06
+21   +5.418239066950950e-07  -5.787252684367537e-06
+22   +5.017792878328663e-07  -5.521558017100238e-06
+23   +4.668675124898842e-07  -5.279284938421267e-06
+24   +4.362465419922592e-07  -5.057455090566200e-06
+25   +4.092403447402724e-07  -4.853576325766874e-06
+26   +3.853010828345408e-07  -4.665547064617258e-06
+27   +3.639809869430605e-07  -4.491582443257932e-06
+28   +3.449111786561338e-07  -4.330156650012909e-06
+29   +3.277855518907331e-07  -4.179957452985713e-06
+30   +3.123483650426211e-07  -4.039850001860162e-06

