-30   +2.292329743561015e-09  +7.534207898899452e-08
-29   +2.332190746436568e-09  +7.796041379341940e-08
-28   +2.376438989717121e-09  +8.076795749274147e-08
-27   +2.425744428432626e-09  +8.378608461124856e-08
-26   +2.480910503057052e-09  +8.703953076235991e-08
-25   +2.542907045400529e-09  +9.055708372677667e-08
-24   +2.612914052441896e-09  +9.437245337642574e-08
-23   +2.692378590394894e-09  +9.852537689691819e-08
-22   +2.783091318124657e-09  +1.030630382208587e-07
-21   +2.887289427899492e-09  +1.080419106728076e-07
-20   +3.007798221658621e-09  +1.135301801922500e-07
-19   +3.148227678764159e-09  +1.196109751766492e-07
-18   +3.313250773971916e-09  +1.263867380757163e-07
-17   +3.509005436107603e-09  +1.339852440253707e-07
-16   +3.743684693691710e-09  +1.425680479542812e-07
-15   +4.028436984921454e-09  +1.523426010299260e-07
-14   +4.378592671348113e-09  +1.635800719977086e-07
-13   +4.816589028630283e-09  +1.766423303754487e-07
-12   +5.359540024969084e-09  +1.920242416324339e-07
-11   +6.098048908605306e-09  +2.104226344360900e-07
-10   +5.626888306391748e-09  +2.328557785448137e-07
 -9   +8.240711488525200e-09  +2.608739492586265e-07
 -8   -1.231258458315878e-07  +2.970604379864706e-07
 -7   +5.047833980119758e-09  +3.454621037611329e-07
 -6   -1.107776365370548e-05  +4.187627492590244e-07
 -5   -7.837012788091068e-08  +5.087438403537706e-07
 -4   -7.050445196977589e-04  +8.637079920595027e-07
 -3   +1.242660078649098e-05  +1.873643105531137e-07
 -2   +1.819245513412559e-04  +6.745880475269919e-07
 -1   -4.531223047375086e-05  +1.825064140009354e-06
 +0   +3.243822739139283e-02  +0.000000000000000e+00
 +1   -4.531223047375086e-05  -1.825064140009354e-06
 +2   +1.819245513412559e-04  -6.745880475269919e-07
 +3   +1.242660078649098e-05  -1.873643105531137e-07
 +4   -7.050445196977589e-04  -8.637079920595027e-07
 +5   -7.837012788091068e-08  -5.087438403537706e-07
 +6   -1.107776365370548e-05  -4.187627492590244e-07
 +7   +5.047833980119758e-09  -3.454621037611329e-07
 +8   -1.231258458315878e-07  -2.970604379864706e-07
 +9   +8.240711488525200e-09  -2.608739492586265e-07
+10   +5.626888306391748e-09  -2.328557785448137e-07
+11   +6.098048908605306e-09  -2.104226344360900e-07
+12   +5.359540024969084e-09  -1.920242416324339e-07
+13   +4.816589028630283e-09  -1.766423303754487e-07
+14   +4.378592671348113e-09  -1.635800719977086e-07
+15   +4.028436984921454e-09  -1.523426010299260e-07
+16   +3.743684693691710e-09  -1.425680479542812e-07
+17   +3.509005436107603e-09  -1.339852440253707e-07
+18   +3.313250773971916e-09  -1.263867380757163e-07
+19   +3.148227678764159e-09  -1.196109751766492e-07
+20   +3.007798221658621e-09  -1.135301801922500e-07
+21   +2.887289427899492e-09  -1.080419106728076e-07
+22   +2.783091318124657e-09  -1.030630382208587e-07
+23   +2.692378590394894e-09  -9.852537689691819e-08
+24   +2.612914052441896e-09  -9.437245337642574e-08
+25   +2.542907045400529e-09  -9.055708372677667e-08
+26   +2.480910503057052e-09  -8.703953076235991e-08
+27   +2.425744428432626e-09  -8.378608461124856e-08
+28   +2.376438989717121e-09  -8.076795749274147e-08
+29   +2.332190746436568e-09  -7.796041379341940e-08
+30   +2.292329743561015e-09  -7.534207898899452e-08

