-30   -1.932207439044623e-07  -6.440574215835188e-07
-29   -2.057503684874889e-07  -6.666374387689657e-07
-28   -2.196475497068846e-07  -6.908711195886878e-07
-27   -2.351188466426950e-07  -7.169486348854231e-07
-26   -2.524113519236905e-07  -7.450907213831081e-07
-25   -2.718226298693396e-07  -7.755551285723895e-07
-24   -2.937136146052570e-07  -8.086447812727877e-07
-23   -3.185255297064316e-07  -8.447182153002722e-07
-22   -3.468023193003537e-07  -8.842030727765359e-07
-21   -3.792207532130686e-07  -9.276137538729911e-07
-20   -4.166313527358189e-07  -9.755748205542297e-07
-19   -4.601148292383584e-07  -1.028852468578251e-06
-18   -5.110611335963020e-07  -1.088397537661624e-06
-17   -5.712821077586039e-07  -1.155405344350990e-06
-16   -6.431751601831697e-07  -1.231400593001423e-06
-15   -7.299658223028674e-07  -1.318360611868904e-06
-14   -8.360815791720146e-07  -1.418898797015245e-06
-13   -9.677062384317268e-07  -1.536545849509967e-06
-12   -1.134146467437353e-06  -1.676193652778726e-06
-11   -1.347412054720167e-06  -1.844836440512668e-06
-10   -1.662429544868742e-06  -2.052714315826686e-06
 -9   -2.012712001185483e-06  -2.316231708623868e-06
 -8   -5.184483163643641e-06  -2.654547923081273e-06
 -7   -3.430755938265620e-06  -3.140965499955531e-06
 -6   -1.830956754615909e-04  -3.629762763373570e-06
 -5   -5.899487083392330e-06  -5.498475569929688e-06
 -4   -8.708120199138502e-03  -4.753083640016324e-05
 -3   +2.072758418985413e-04  -5.066461081367424e-05
 -2   +3.381074886262654e-03  -1.711806621138059e-02
 -1   +2.184233492427803e-04  -6.486523105028886e-04
 +0   +1.261281609710759e-01  +0.000000000000000e+00
 +1   +2.184233492427803e-04  +6.486523105028886e-04
 +2   +3.381074886262654e-03  +1.711806621138059e-02
 +3   +2.072758418985413e-04  +5.066461081367424e-05
 +4   -8.708120199138502e-03  +4.753083640016324e-05
 +5   -5.899487083392330e-06  +5.498475569929688e-06
 +6   -1.830956754615909e-04  +3.629762763373570e-06
 +7   -3.430755938265620e-06  +3.140965499955531e-06
 +8   -5.184483163643641e-06  +2.654547923081273e-06
 +9   -2.012712001185483e-06  +2.316231708623868e-06
+10   -1.662429544868742e-06  +2.052714315826686e-06
+11   -1.347412054720167e-06  +1.844836440512668e-06
+12   -1.134146467437353e-06  +1.676193652778726e-06
+13   -9.677062384317268e-07  +1.536545849509967e-06
+14   -8.360815791720146e-07  +1.418898797015245e-06
+15   -7.299658223028674e-07  +1.318360611868904e-06
+16   -6.431751601831697e-07  +1.231400593001423e-06
+17   -5.712821077586039e-07  +1.155405344350990e-06
+18   -5.110611335963020e-07  +1.088397537661624e-06
+19   -4.601148292383584e-07  +1.028852468578251e-06
+20   -4.166313527358189e-07  +9.755748205542297e-07
+21   -3.792207532130686e-07  +9.276137538729911e-07
+22   -3.468023193003537e-07  +8.842030727765359e-07
+23   -3.185255297064316e-07  +8.447182153002722e-07
+24   -2.937136146052570e-07  +8.086447812727877e-07
+25   -2.718226298693396e-07  +7.755551285723895e-07
+26   -2.524113519236905e-07  +7.450907213831081e-07
+27   -2.351188466426950e-07  +7.169486348854231e-07
+28   -2.196475497068846e-07  +6.908711195886878e-07
+29   -2.057503684874889e-07  +6.666374387689657e-07
+30   -1.932207439044623e-07  +6.440574215835188e-07

