-30   +2.748246215726510e-08  -9.558392315861696e-07
-29   +3.093739618733892e-08  -9.891071627876656e-07
-28   +3.476764884781561e-08  -1.024784627849883e-06
-27   +3.902954505534277e-08  -1.063144653295794e-06
-26   +4.379037974888514e-08  -1.104503352163852e-06
-25   +4.913106071470432e-08  -1.149228830392649e-06
-24   +5.514956368320887e-08  -1.197752387062687e-06
-23   +6.196541950270767e-08  -1.250582779774117e-06
-22   +6.972565684181665e-08  -1.308324548668751e-06
-21   +7.861273435593221e-08  -1.371701837178297e-06
-20   +8.885526899915705e-08  -1.441589759727662e-06
-19   +1.007427279217286e-07  -1.519056254520403e-06
-18   +1.146458697047879e-07  -1.605418817576983e-06
-17   +1.310455885978882e-07  -1.702322694993080e-06
-16   +1.505743700658284e-07  -1.811850789993181e-06
-15   +1.740769721492012e-07  -1.936681465552027e-06
-14   +2.027005086401921e-07  -2.080320845044684e-06
-13   +2.380350178043026e-07  -2.247454630050478e-06
-12   +2.822817236671490e-07  -2.444499124733383e-06
-11   +3.388077091020829e-07  -2.680497419405919e-06
-10   +4.085914219429691e-07  -2.968673074801631e-06
 -9   +5.094350451678654e-07  -3.329090161986764e-06
 -8   +3.452818310329761e-07  -3.797120522698177e-06
 -7   +7.941858326351862e-07  -4.420170551829588e-06
 -6   -2.024930024563149e-05  -5.733645693624844e-06
 -5   +1.298968643771672e-07  -6.743396882844807e-06
 -4   -1.278628193926226e-03  -7.924957254747548e-05
 -3   -7.899677164449761e-05  -3.069367990562845e-05
 -2   -6.747772680227507e-02  -1.721954270082391e-02
 -1   +1.602148884660373e-03  -2.625997292408270e-04
 +0   -1.582698922036892e-03  +0.000000000000000e+00
 +1   +1.602148884660373e-03  +2.625997292408270e-04
 +2   -6.747772680227507e-02  +1.721954270082391e-02
 +3   -7.899677164449761e-05  +3.069367990562845e-05
 +4   -1.278628193926226e-03  +7.924957254747548e-05
 +5   +1.298968643771672e-07  +6.743396882844807e-06
 +6   -2.024930024563149e-05  +5.733645693624844e-06
 +7   +7.941858326351862e-07  +4.420170551829588e-06
 +8   +3.452818310329761e-07  +3.797120522698177e-06
 +9   +5.094350451678654e-07  +3.329090161986764e-06
+10   +4.085914219429691e-07  +2.968673074801631e-06
+11   +3.388077091020829e-07  +2.680497419405919e-06
+12   +2.822817236671490e-07  +2.444499124733383e-06
+13   +2.380350178043026e-07  +2.247454630050478e-06
+14   +2.027005086401921e-07  +2.080320845044684e-06
+15   +1.740769721492012e-07  +1.936681465552027e-06
+16   +1.505743700658284e-07  +1.811850789993181e-06
+17   +1.310455885978882e-07  +1.702322694993080e-06
+18   +1.146458697047879e-07  +1.605418817576983e-06
+19   +1.007427279217286e-07  +1.519056254520403e-06
+20   +8.885526899915705e-08  +1.441589759727662e-06
+21   +7.861273435593221e-08  +1.371701837178297e-06
+22   +6.972565684181665e-08  +1.308324548668751e-06
+23   +6.196541950270767e-08  +1.250582779774117e-06
+24   +5.514956368320887e-08  +1.197752387062687e-06
+25   +4.913106071470432e-08  +1.149228830392649e-06
+26   +4.379037974888514e-08  +1.104503352163852e-06
+27   +3.902954505534277e-08  +1.063144653295794e-06
+28   +3.476764884781561e-08  +1.024784627849883e-06
+29   +3.093739618733892e-08  +9.891071627876656e-07
+30   +2.748246215726510e-08  +9.558392315861696e-07

