-30   +4.467521013333064e-08  +7.164591557247585e-07
-29   +4.667302537967698e-08  +7.409871081284173e-07
-28   +4.889256101840508e-08  +7.672453503869655e-07
-27   +5.136805250337092e-08  +7.954227078277747e-07
-26   +5.414064500125018e-08  +8.257363368066837e-07
-25   +5.726014563010050e-08  +8.584372010464782e-07
-24   +6.078732306290769e-08  +8.938168555029738e-07
-23   +6.479695622817325e-08  +9.322159110979714e-07
-22   +6.938192559781363e-08  +9.740346812884675e-07
-21   +7.465878590138769e-08  +1.019746676461708e-06
-20   +8.077546289571621e-08  +1.069915862151078e-06
-19   +8.792206917212892e-08  +1.125218919019459e-06
-18   +9.634638765630776e-08  +1.186474223318175e-06
-17   +1.063765010396502e-07  +1.254679911123896e-06
-16   +1.184546867287536e-07  +1.331064364533445e-06
-15   +1.331894476716665e-07  +1.417153313044320e-06
-14   +1.514398489062479e-07  +1.514864691107501e-06
-13   +1.744446299020602e-07  +1.626608935665441e-06
-12   +2.042020223704608e-07  +1.755862777812586e-06
-11   +2.432454490375579e-07  +1.905510982168977e-06
-10   +3.078520983073953e-07  +2.113513659684522e-06
 -9   +3.738020795912891e-07  +2.293183432695120e-06
 -8   +1.356813976099494e-06  +5.034386256444700e-06
 -7   +6.952387489837185e-07  +2.938849256880943e-06
 -6   +5.959324545621882e-05  +1.720011839872688e-04
 -5   +6.190745886593538e-07  +3.380575271002725e-06
 -4   +2.836430503686920e-03  +8.234771895654741e-03
 -3   -9.211607142900003e-05  -1.911953988455425e-04
 -2   -9.541899014174043e-03  +1.585904241538702e-05
 -1   +1.939954318446650e-04  -1.692456543404600e-04
 +0   -5.984252661676739e-01  +0.000000000000000e+00
 +1   +1.939954318446650e-04  +1.692456543404600e-04
 +2   -9.541899014174043e-03  -1.585904241538702e-05
 +3   -9.211607142900003e-05  +1.911953988455425e-04
 +4   +2.836430503686920e-03  -8.234771895654741e-03
 +5   +6.190745886593538e-07  -3.380575271002725e-06
 +6   +5.959324545621882e-05  -1.720011839872688e-04
 +7   +6.952387489837185e-07  -2.938849256880943e-06
 +8   +1.356813976099494e-06  -5.034386256444700e-06
 +9   +3.738020795912891e-07  -2.293183432695120e-06
+10   +3.078520983073953e-07  -2.113513659684522e-06
+11   +2.432454490375579e-07  -1.905510982168977e-06
+12   +2.042020223704608e-07  -1.755862777812586e-06
+13   +1.744446299020602e-07  -1.626608935665441e-06
+14   +1.514398489062479e-07  -1.514864691107501e-06
+15   +1.331894476716665e-07  -1.417153313044320e-06
+16   +1.184546867287536e-07  -1.331064364533445e-06
+17   +1.063765010396502e-07  -1.254679911123896e-06
+18   +9.634638765630776e-08  -1.186474223318175e-06
+19   +8.792206917212892e-08  -1.125218919019459e-06
+20   +8.077546289571621e-08  -1.069915862151078e-06
+21   +7.465878590138769e-08  -1.019746676461708e-06
+22   +6.938192559781363e-08  -9.740346812884675e-07
+23   +6.479695622817325e-08  -9.322159110979714e-07
+24   +6.078732306290769e-08  -8.938168555029738e-07
+25   +5.726014563010050e-08  -8.584372010464782e-07
+26   +5.414064500125018e-08  -8.257363368066837e-07
+27   +5.136805250337092e-08  -7.954227078277747e-07
+28   +4.889256101840508e-08  -7.672453503869655e-07
+29   +4.667302537967698e-08  -7.409871081284173e-07
+30   +4.467521013333064e-08  -7.164591557247585e-07

