-30   +2.180474358341610e-07  +2.248985067682756e-06
-29   +2.297176455492203e-07  +2.326538899557321e-06
-28   +2.426614473968369e-07  +2.409628487940806e-06
-27   +2.570711676757724e-07  +2.498868446373636e-06
-26   +2.731768641322479e-07  +2.594967841259922e-06
-25   +2.912555680498584e-07  +2.698749057202631e-06
-24   +3.116432854797345e-07  +2.811171364035689e-06
-23   +3.347507307458466e-07  +2.933360620821115e-06
-22   +3.610841862473035e-07  +3.066647061821708e-06
-21   +3.912734859598032e-07  +3.212613844267232e-06
-20   +4.261100451854193e-07  +3.373160118212804e-06
-19   +4.665992825430597e-07  +3.550583935772842e-06
-18   +5.140340060579866e-07  +3.747692683075740e-06
-17   +5.700989082775173e-07  +3.967952287971575e-06
-16   +6.370222171747969e-07  +4.215692045145351e-06
-15   +7.178002869314315e-07  +4.496390903275863e-06
-14   +8.165389775337687e-07  +4.817084660325532e-06
-13   +9.389738056461834e-07  +5.186970799750358e-06
-12   +1.093368113358155e-06  +5.618245828870452e-06
-11   +1.290993379467851e-06  +6.128450841361052e-06
-10   +1.552697315448952e-06  +6.738222125036650e-06
 -9   +1.836848902993559e-06  +7.557911430148314e-06
 -8   +2.389637250290883e-06  +8.419843793976648e-06
 -7   -1.915625713011774e-06  +1.533153120407281e-05
 -6   +3.891880505361010e-06  +1.146555943078835e-05
 -5   -2.985012718182596e-04  +3.897155445742046e-04
 -4   +2.685942889523713e-07  +2.273705727882974e-05
 -3   -1.200589165691573e-02  +1.749818627838917e-02
 -2   +2.094447189061923e-04  -2.639670296798570e-04
 -1   +5.067517150231859e-01  -6.411053961704797e-01
 +0   +4.151536390510353e-04  +0.000000000000000e+00
 +1   +5.067517150231859e-01  +6.411053961704797e-01
 +2   +2.094447189061923e-04  +2.639670296798570e-04
 +3   -1.200589165691573e-02  -1.749818627838917e-02
 +4   +2.685942889523713e-07  -2.273705727882974e-05
 +5   -2.985012718182596e-04  -3.897155445742046e-04
 +6   +3.891880505361010e-06  -1.146555943078835e-05
 +7   -1.915625713011774e-06  -1.533153120407281e-05
 +8   +2.389637250290883e-06  -8.419843793976648e-06
 +9   +1.836848902993559e-06  -7.557911430148314e-06
+10   +1.552697315448952e-06  -6.738222125036650e-06
+11   +1.290993379467851e-06  -6.128450841361052e-06
+12   +1.093368113358155e-06  -5.618245828870452e-06
+13   +9.389738056461834e-07  -5.186970799750358e-06
+14   +8.165389775337687e-07  -4.817084660325532e-06
+15   +7.178002869314315e-07  -4.496390903275863e-06
+16   +6.370222171747969e-07  -4.215692045145351e-06
+17   +5.700989082775173e-07  -3.967952287971575e-06
+18   +5.140340060579866e-07  -3.747692683075740e-06
+19   +4.665992825430597e-07  -3.550583935772842e-06
+20   +4.261100451854193e-07  -3.373160118212804e-06
+21   +3.912734859598032e-07  -3.212613844267232e-06
+22   +3.610841862473035e-07  -3.066647061821708e-06
+23   +3.347507307458466e-07  -2.933360620821115e-06
+24   +3.116432854797345e-07  -2.811171364035689e-06
+25   +2.912555680498584e-07  -2.698749057202631e-06
+26   +2.731768641322479e-07  -2.594967841259922e-06
+27   +2.570711676757724e-07  -2.498868446373636e-06
+28   +2.426614473968369e-07  -2.409628487940806e-06
+29   +2.297176455492203e-07  -2.326538899557321e-06
+30   +2.180474358341610e-07  -2.248985067682756e-06

