-30   -1.347025010802020e-08  -5.712803215798334e-07
-29   -1.351497750403118e-08  -5.914405781405869e-07
-28   -1.356645159082680e-08  -6.130924538775227e-07
-27   -1.362606823129443e-08  -6.364099086791492e-07
-26   -1.369559256710385e-08  -6.615953689177565e-07
-25   -1.377727955069007e-08  -6.888858642413322e-07
-24   -1.387404006295375e-08  -7.185608394744231e-07
-23   -1.398967691355024e-08  -7.509522051328703e-07
-22   -1.412922031819484e-08  -7.864574222851014e-07
-21   -1.429941698500768e-08  -8.255567530072744e-07
-20   -1.450945427246182e-08  -8.688363305159272e-07
-19   -1.477205285032582e-08  -9.170194981073781e-07
-18   -1.510515268406264e-08  -9.710101328258605e-07
-17   -1.553457871277133e-08  -1.031953723966441e-06
-16   -1.609837534602116e-08  -1.101325420857157e-06
-15   -1.685403100580672e-08  -1.181060195676361e-06
-14   -1.789154564397475e-08  -1.273751142826643e-06
-13   -1.935389165954873e-08  -1.382960801086024e-06
-12   -2.152572532515766e-08  -1.513746020213424e-06
-11   -2.471662028442002e-08  -1.673478234602029e-06
-10   -3.343881743731272e-08  -1.874524595450050e-06
 -9   -3.905280312312362e-08  -2.132648514706612e-06
 -8   -3.470779328772798e-07  -2.549725743070842e-06
 -7   -1.190128421046538e-07  -2.994567961178222e-06
 -6   -2.153084928573422e-05  -7.348929171668125e-06
 -5   -1.636287138125818e-06  -5.453829003747135e-06
 -4   -1.314733124141888e-03  -8.877112596259720e-05
 -3   -7.254814110313793e-05  -5.173511818787367e-05
 -2   -6.417434411892242e-02  -4.756293320708013e-04
 -1   +1.493749339577802e-03  -1.457836957061276e-04
 +0   -1.846590264854930e-03  +0.000000000000000e+00
 +1   +1.493749339577802e-03  +1.457836957061276e-04
 +2   -6.417434411892242e-02  +4.756293320708013e-04
 +3   -7.254814110313793e-05  +5.173511818787367e-05
 +4   -1.314733124141888e-03  +8.877112596259720e-05
 +5   -1.636287138125818e-06  +5.453829003747135e-06
 +6   -2.153084928573422e-05  +7.348929171668125e-06
 +7   -1.190128421046538e-07  +2.994567961178222e-06
 +8   -3.470779328772798e-07  +2.549725743070842e-06
 +9   -3.905280312312362e-08  +2.132648514706612e-06
+10   -3.343881743731272e-08  +1.874524595450050e-06
+11   -2.471662028442002e-08  +1.673478234602029e-06
+12   -2.152572532515766e-08  +1.513746020213424e-06
+13   -1.935389165954873e-08  +1.382960801086024e-06
+14   -1.789154564397475e-08  +1.273751142826643e-06
+15   -1.685403100580672e-08  +1.181060195676361e-06
+16   -1.609837534602116e-08  +1.101325420857157e-06
+17   -1.553457871277133e-08  +1.031953723966441e-06
+18   -1.510515268406264e-08  +9.710101328258605e-07
+19   -1.477205285032582e-08  +9.170194981073781e-07
+20   -1.450945427246182e-08  +8.688363305159272e-07
+21   -1.429941698500768e-08  +8.255567530072744e-07
+22   -1.412922031819484e-08  +7.864574222851014e-07
+23   -1.398967691355024e-08  +7.509522051328703e-07
+24   -1.387404006295375e-08  +7.185608394744231e-07
+25   -1.377727955069007e-08  +6.888858642413322e-07
+26   -1.369559256710385e-08  +6.615953689177565e-07
+27   -1.362606823129443e-08  +6.364099086791492e-07
+28   -1.356645159082680e-08  +6.130924538775227e-07
+29   -1.351497750403118e-08  +5.914405781405869e-07
+30   -1.347025010802020e-08  +5.712803215798334e-07

