-30   -2.451672956341390e-07  -4.801945727831490e-06
-29   -2.546424407176253e-07  -4.967839230520758e-06
-28   -2.651545940239475e-07  -5.145608779183689e-06
-27   -2.768609617431809e-07  -5.336578417429011e-06
-26   -2.899497490806415e-07  -5.542276805446556e-06
-25   -3.046477995636562e-07  -5.764478378781404e-06
-24   -3.212305401066210e-07  -6.005254869795122e-06
-23   -3.400350405409703e-07  -6.267040373753798e-06
-22   -3.614773752025479e-07  -6.552714310479315e-06
-21   -3.860759776841751e-07  -6.865708308833914e-06
-20   -4.144834863579800e-07  -7.210145482408069e-06
-19   -4.475308093961106e-07  -7.591024178167727e-06
-18   -4.862890993843175e-07  -8.014463740532471e-06
-17   -5.321584889223788e-07  -8.488038217245729e-06
-16   -5.869977286770593e-07  -9.021237166326424e-06
-15   -6.533180201237971e-07  -9.626113926245085e-06
-14   -7.345795006363378e-07  -1.031821802751222e-05
-13   -8.356706921191890e-07  -1.111795618847088e-05
-12   -9.636279024678029e-07  -1.205271815056233e-05
-11   -1.129860192217329e-06  -1.315913832763970e-05
-10   -1.348372818668881e-06  -1.449277160382412e-05
 -9   -1.715459261410942e-06  -1.605399907602027e-05
 -8   -2.081281043641002e-06  -1.817819356131420e-05
 -7   -7.600381599827051e-06  -1.512222698920097e-05
 -6   -3.961764115910481e-06  -2.423090711068414e-05
 -5   -2.914690962112898e-04  +3.487864938011909e-04
 -4   -8.159162126786750e-06  -3.927172343760302e-05
 -3   -9.677855598146646e-03  +1.859589265417346e-02
 -2   +2.690316846264359e-04  -8.386520423662672e-04
 -1   -5.311920839558031e-01  +5.833240044291436e-01
 +0   +5.810583690702336e-04  +0.000000000000000e+00
 +1   -5.311920839558031e-01  -5.833240044291436e-01
 +2   +2.690316846264359e-04  +8.386520423662672e-04
 +3   -9.677855598146646e-03  -1.859589265417346e-02
 +4   -8.159162126786750e-06  +3.927172343760302e-05
 +5   -2.914690962112898e-04  -3.487864938011909e-04
 +6   -3.961764115910481e-06  +2.423090711068414e-05
 +7   -7.600381599827051e-06  +1.512222698920097e-05
 +8   -2.081281043641002e-06  +1.817819356131420e-05
 +9   -1.715459261410942e-06  +1.605399907602027e-05
+10   -1.348372818668881e-06  +1.449277160382412e-05
+11   -1.129860192217329e-06  +1.315913832763970e-05
+12   -9.636279024678029e-07  +1.205271815056233e-05
+13   -8.356706921191890e-07  +1.111795618847088e-05
+14   -7.345795006363378e-07  +1.031821802751222e-05
+15   -6.533180201237971e-07  +9.626113926245085e-06
+16   -5.869977286770593e-07  +9.021237166326424e-06
+17   -5.321584889223788e-07  +8.488038217245729e-06
+18   -4.862890993843175e-07  +8.014463740532471e-06
+19   -4.475308093961106e-07  +7.591024178167727e-06
+20   -4.144834863579800e-07  +7.210145482408069e-06
+21   -3.860759776841751e-07  +6.865708308833914e-06
+22   -3.614773752025479e-07  +6.552714310479315e-06
+23   -3.400350405409703e-07  +6.267040373753798e-06
+24   -3.212305401066210e-07  +6.005254869795122e-06
+25   -3.046477995636562e-07  +5.764478378781404e-06
+26   -2.899497490806415e-07  +5.542276805446556e-06
+27   -2.768609617431809e-07  +5.336578417429011e-06
+28   -2.651545940239475e-07  +5.145608779183689e-06
+29   -2.546424407176253e-07  +4.967839230520758e-06
+30   -2.451672956341390e-07  +4.801945727831490e-06

