-30   -1.725074078443415e-09  +4.965180855344149e-08
-29   -1.927707153222848e-09  +5.136802799664804e-08
-28   -2.152677893652098e-09  +5.320721133284392e-08
-27   -2.403404789972984e-09  +5.518308406346924e-08
-26   -2.683988577455719e-09  +5.731149629636107e-08
-25   -2.999382792897041e-09  +5.961085087635489e-08
-24   -3.355616684654085e-09  +6.210263992550885e-08
-23   -3.760089482232931e-09  +6.481212260291790e-08
-22   -4.221963569894847e-09  +6.776918987868247e-08
-21   -4.752696186554218e-09  +7.100947983211735e-08
-20   -5.366769613158340e-09  +7.457583193126372e-08
-19   -6.082709134696124e-09  +7.852020818030591e-08
-18   -6.924526822594479e-09  +8.290626551437537e-08
-17   -7.923810315971322e-09  +8.781285457601239e-08
-16   -9.122809730999894e-09  +9.333885796065382e-08
-15   -1.057911536124104e-08  +9.961002227050940e-08
-14   -1.237293812393091e-08  +1.067886362494594e-07
-13   -1.461888098667225e-08  +1.150887700298206e-07
-12   -1.748476913637614e-08  +1.247822793651440e-07
-11   -2.122965936037701e-08  +1.363058915099411e-07
-10   -2.619043997388934e-08  +1.487389452358268e-07
 -9   -3.325936019141146e-08  +1.670657088134597e-07
 -8   -3.725757115160996e-08  +5.540352718500139e-08
 -7   -5.918506037488792e-08  +2.084713641996754e-07
 -6   +3.841029303200925e-07  -1.083201490652890e-05
 -5   -1.516882771962013e-07  +2.038660250972933e-07
 -4   +1.973690355590803e-05  -7.046578620116436e-04
 -3   -1.703519452036848e-06  +1.288928679834146e-05
 -2   -2.954791954871131e-03  +1.868771435115644e-05
 -1   +8.410999170545478e-05  -3.038604481094935e-05
 +0   -5.010492473086536e-01  +0.000000000000000e+00
 +1   +8.410999170545478e-05  +3.038604481094935e-05
 +2   -2.954791954871131e-03  -1.868771435115644e-05
 +3   -1.703519452036848e-06  -1.288928679834146e-05
 +4   +1.973690355590803e-05  +7.046578620116436e-04
 +5   -1.516882771962013e-07  -2.038660250972933e-07
 +6   +3.841029303200925e-07  +1.083201490652890e-05
 +7   -5.918506037488792e-08  -2.084713641996754e-07
 +8   -3.725757115160996e-08  -5.540352718500139e-08
 +9   -3.325936019141146e-08  -1.670657088134597e-07
+10   -2.619043997388934e-08  -1.487389452358268e-07
+11   -2.122965936037701e-08  -1.363058915099411e-07
+12   -1.748476913637614e-08  -1.247822793651440e-07
+13   -1.461888098667225e-08  -1.150887700298206e-07
+14   -1.237293812393091e-08  -1.067886362494594e-07
+15   -1.057911536124104e-08  -9.961002227050940e-08
+16   -9.122809730999894e-09  -9.333885796065382e-08
+17   -7.923810315971322e-09  -8.781285457601239e-08
+18   -6.924526822594479e-09  -8.290626551437537e-08
+19   -6.082709134696124e-09  -7.852020818030591e-08
+20   -5.366769613158340e-09  -7.457583193126372e-08
+21   -4.752696186554218e-09  -7.100947983211735e-08
+22   -4.221963569894847e-09  -6.776918987868247e-08
+23   -3.760089482232931e-09  -6.481212260291790e-08
+24   -3.355616684654085e-09  -6.210263992550885e-08
+25   -2.999382792897041e-09  -5.961085087635489e-08
+26   -2.683988577455719e-09  -5.731149629636107e-08
+27   -2.403404789972984e-09  -5.518308406346924e-08
+28   -2.152677893652098e-09  -5.320721133284392e-08
+29   -1.927707153222848e-09  -5.136802799664804e-08
+30   -1.725074078443415e-09  -4.965180855344149e-08

