-30   -0.000000000000000e+00  -3.708586148250682e-07
-29   +0.000000000000000e+00  +3.836569903557854e-07
-28   -0.000000000000000e+00  -3.973700268567097e-07
-27   +0.000000000000000e+00  +4.120994550714629e-07
-26   -0.000000000000000e+00  -4.279626774593814e-07
-25   +0.000000000000000e+00  +4.450959078813156e-07
-24   -0.000000000000000e+00  -4.636580978806439e-07
-23   +0.000000000000000e+00  +4.838358895761970e-07
-22   -0.000000000000000e+00  -5.058499227627144e-07
-21   +0.000000000000000e+00  +5.299629490194712e-07
-20   -0.000000000000000e+00  -5.564903874610651e-07
-19   +0.000000000000000e+00  +5.858142251107909e-07
-18   -0.000000000000000e+00  -6.184015680691031e-07
-17   +0.000000000000000e+00  +6.548297675991233e-07
-16   -0.000000000000000e+00  -6.958210129832585e-07
-15   +0.000000000000000e+00  +7.422908357873477e-07
-14   -0.000000000000000e+00  -7.954175296445440e-07
-13   +0.000000000000000e+00  +8.567438384098650e-07
-12   -0.000000000000000e+00  -9.283299189163492e-07
-11   +0.000000000000000e+00  +1.012990545082226e-06
-10   -0.000000000000000e+00  -1.114677000509068e-06
 -9   +0.000000000000000e+00  +1.239113413053632e-06
 -8   -0.000000000000000e+00  -1.395017563369603e-06
 -7   +0.000000000000000e+00  +1.595763301246919e-06
 -6   -0.000000000000000e+00  -1.879087250731924e-06
 -5   +0.000000000000000e+00  +2.239805236419026e-06
 -4   -0.000000000000000e+00  -5.774124625534089e-06
 -3   -0.000000000000000e+00  -9.047140119013903e-08
 -2   -0.000000000000000e+00  -5.178260269754356e-03
 -1   +0.000000000000000e+00  +2.402026112526091e-04
 +0   +0.000000000000000e+00  +0.000000000000000e+00
 +1   -0.000000000000000e+00  -2.402026112526091e-04
 +2   +0.000000000000000e+00  +5.178260269754356e-03
 +3   +0.000000000000000e+00  +9.047140119013903e-08
 +4   +0.000000000000000e+00  +5.774124625534089e-06
 +5   -0.000000000000000e+00  -2.239805236419026e-06
 +6   +0.000000000000000e+00  +1.879087250731924e-06
 +7   -0.000000000000000e+00  -1.595763301246919e-06
 +8   +0.000000000000000e+00  +1.395017563369603e-06
 +9   -0.000000000000000e+00  -1.239113413053632e-06
+10   +0.000000000000000e+00  +1.114677000509068e-06
+11   -0.000000000000000e+00  -1.012990545082226e-06
+12   +0.000000000000000e+00  +9.283299189163492e-07
+13   -0.000000000000000e+00  -8.567438384098650e-07
+14   +0.000000000000000e+00  +7.954175296445440e-07
+15   -0.000000000000000e+00  -7.422908357873477e-07
+16   +0.000000000000000e+00  +6.958210129832585e-07
+17   -0.000000000000000e+00  -6.548297675991233e-07
+18   +0.000000000000000e+00  +6.184015680691031e-07
+19   -0.000000000000000e+00  -5.858142251107909e-07
+20   +0.000000000000000e+00  +5.564903874610651e-07
+21   -0.000000000000000e+00  -5.299629490194712e-07
+22   +0.000000000000000e+00  +5.058499227627144e-07
+23   -0.000000000000000e+00  -4.838358895761970e-07
+24   +0.000000000000000e+00  +4.636580978806439e-07
+25   -0.000000000000000e+00  -4.450959078813156e-07
+26   +0.000000000000000e+00  +4.279626774593814e-07
+27   -0.000000000000000e+00  -4.120994550714629e-07
+28   +0.000000000000000e+00  +3.973700268567097e-07
+29   -0.000000000000000e+00  -3.836569903557854e-07
+30   +0.000000000000000e+00  +3.708586148250682e-07

