-30   +8.073641476019331e-10  +0.000000000000000e+00
-29   -8.641162828460511e-10  +0.000000000000000e+00
-28   +9.270756815076053e-10  +0.000000000000000e+00
-27   -9.971825063575458e-10  +0.000000000000000e+00
-26   +1.075562069645994e-09  +0.000000000000000e+00
-25   -1.163570417107791e-09  +0.000000000000000e+00
-24   +1.262853583590171e-09  +0.000000000000000e+00
-23   -1.375425409875231e-09  +0.000000000000000e+00
-22   +1.503770891695740e-09  +0.000000000000000e+00
-21   -1.650985113585892e-09  +0.000000000000000e+00
-20   +1.820962516207776e-09  +0.000000000000000e+00
-19   -2.018658501304786e-09  +0.000000000000000e+00
-18   +2.250456850652434e-09  +0.000000000000000e+00
-17   -2.524694962133839e-09  +0.000000000000000e+00
-16   +2.852429592867566e-09  +0.000000000000000e+00
-15   -3.248578076552688e-09  +0.000000000000000e+00
-14   +3.733661792847345e-09  +0.000000000000000e+00
-13   -4.336546088049964e-09  +0.000000000000000e+00
-12   +5.098882441485145e-09  +0.000000000000000e+00
-11   -6.082623743811095e-09  +0.000000000000000e+00
-10   +7.382540881814760e-09  +0.000000000000000e+00
 -9   -9.154037305837706e-09  +0.000000000000000e+00
 -8   +1.155527718956863e-08  +0.000000000000000e+00
 -7   -1.536762336353872e-08  +0.000000000000000e+00
 -6   +4.197701317026712e-09  +0.000000000000000e+00
 -5   -3.034355107863504e-08  +0.000000000000000e+00
 -4   -3.069958889289189e-06  +0.000000000000000e+00
 -3   +3.696253991183226e-06  +0.000000000000000e+00
 -2   +3.624010092915336e-03  +0.000000000000000e+00
 -1   -1.072314812618816e-04  +0.000000000000000e+00
 +0   +9.052119461990112e-04  +0.000000000000000e+00
 +1   -1.072314812618816e-04  +0.000000000000000e+00
 +2   +3.624010092915336e-03  +0.000000000000000e+00
 +3   +3.696253991183226e-06  +0.000000000000000e+00
 +4   -3.069958889289189e-06  +0.000000000000000e+00
 +5   -3.034355107863504e-08  +0.000000000000000e+00
 +6   +4.197701317026712e-09  +0.000000000000000e+00
 +7   -1.536762336353872e-08  +0.000000000000000e+00
 +8   +1.155527718956863e-08  +0.000000000000000e+00
 +9   -9.154037305837706e-09  +0.000000000000000e+00
+10   +7.382540881814760e-09  +0.000000000000000e+00
+11   -6.082623743811095e-09  +0.000000000000000e+00
+12   +5.098882441485145e-09  +0.000000000000000e+00
+13   -4.336546088049964e-09  +0.000000000000000e+00
+14   +3.733661792847345e-09  +0.000000000000000e+00
+15   -3.248578076552688e-09  +0.000000000000000e+00
+16   +2.852429592867566e-09  +0.000000000000000e+00
+17   -2.524694962133839e-09  +0.000000000000000e+00
+18   +2.250456850652434e-09  +0.000000000000000e+00
+19   -2.018658501304786e-09  +0.000000000000000e+00
+20   +1.820962516207776e-09  +0.000000000000000e+00
+21   -1.650985113585892e-09  +0.000000000000000e+00
+22   +1.503770891695740e-09  +0.000000000000000e+00
+23   -1.375425409875231e-09  +0.000000000000000e+00
+24   +1.262853583590171e-09  +0.000000000000000e+00
+25   -1.163570417107791e-09  +0.000000000000000e+00
+26   +1.075562069645994e-09  +0.000000000000000e+00
+27   -9.971825063575458e-10  +0.000000000000000e+00
+28   +9.270756815076053e-10  +0.000000000000000e+00
+29   -8.641162828460511e-10  +0.000000000000000e+00
+30   +8.073641476019331e-10  +0.000000000000000e+00

