-30   +0.000000000000000e+00  +3.484574056898004e-07
-29   -0.000000000000000e+00  -3.604797895708738e-07
-28   +0.000000000000000e+00  +3.733610459401567e-07
-27   -0.000000000000000e+00  -3.871966487961534e-07
-26   +0.000000000000000e+00  +4.020967694281755e-07
-25   -0.000000000000000e+00  -4.181892181945334e-07
-24   +0.000000000000000e+00  +4.356231224653982e-07
-23   -0.000000000000000e+00  -4.545735650729835e-07
-22   +0.000000000000000e+00  +4.752474892803537e-07
-21   -0.000000000000000e+00  -4.978912930719925e-07
-20   +0.000000000000000e+00  +5.228007049967095e-07
-19   -0.000000000000000e+00  -5.503337836521267e-07
-18   +0.000000000000000e+00  +5.809282580105843e-07
-17   -0.000000000000000e+00  -6.151250000905620e-07
-16   +0.000000000000000e+00  +6.536003197896138e-07
-15   -0.000000000000000e+00  -6.972112111073277e-07
-14   +0.000000000000000e+00  +7.470600481671966e-07
-13   -0.000000000000000e+00  -8.045892430603330e-07
-12   +0.000000000000000e+00  +8.717234891054438e-07
-11   -0.000000000000000e+00  -9.510896292095162e-07
-10   +0.000000000000000e+00  +1.046376659441279e-06
 -9   -0.000000000000000e+00  -1.162892273674875e-06
 -8   +0.000000000000000e+00  +1.309492499466019e-06
 -7   -0.000000000000000e+00  -1.496238698702315e-06
 -6   +0.000000000000000e+00  +1.855786650764891e-06
 -5   -0.000000000000000e+00  -2.099437893591342e-06
 -4   +0.000000000000000e+00  +1.713538023818371e-05
 -3   -0.000000000000000e+00  -1.016880745036663e-05
 -2   -0.000000000000000e+00  -1.527578908620463e-03
 -1   -0.000000000000000e+00  -1.409924755307899e-04
 +0   +0.000000000000000e+00  +0.000000000000000e+00
 +1   +0.000000000000000e+00  +1.409924755307899e-04
 +2   +0.000000000000000e+00  +1.527578908620463e-03
 +3   +0.000000000000000e+00  +1.016880745036663e-05
 +4   -0.000000000000000e+00  -1.713538023818371e-05
 +5   +0.000000000000000e+00  +2.099437893591342e-06
 +6   -0.000000000000000e+00  -1.855786650764891e-06
 +7   +0.000000000000000e+00  +1.496238698702315e-06
 +8   -0.000000000000000e+00  -1.309492499466019e-06
 +9   +0.000000000000000e+00  +1.162892273674875e-06
+10   -0.000000000000000e+00  -1.046376659441279e-06
+11   +0.000000000000000e+00  +9.510896292095162e-07
+12   -0.000000000000000e+00  -8.717234891054438e-07
+13   +0.000000000000000e+00  +8.045892430603330e-07
+14   -0.000000000000000e+00  -7.470600481671966e-07
+15   +0.000000000000000e+00  +6.972112111073277e-07
+16   -0.000000000000000e+00  -6.536003197896138e-07
+17   +0.000000000000000e+00  +6.151250000905620e-07
+18   -0.000000000000000e+00  -5.809282580105843e-07
+19   +0.000000000000000e+00  +5.503337836521267e-07
+20   -0.000000000000000e+00  -5.228007049967095e-07
+21   +0.000000000000000e+00  +4.978912930719925e-07
+22   -0.000000000000000e+00  -4.752474892803537e-07
+23   +0.000000000000000e+00  +4.545735650729835e-07
+24   -0.000000000000000e+00  -4.356231224653982e-07
+25   +0.000000000000000e+00  +4.181892181945334e-07
+26   -0.000000000000000e+00  -4.020967694281755e-07
+27   +0.000000000000000e+00  +3.871966487961534e-07
+28   -0.000000000000000e+00  -3.733610459401567e-07
+29   +0.000000000000000e+00  +3.604797895708738e-07
+30   -0.000000000000000e+00  -3.484574056898004e-07

