-30   -1.370554479991037e-09  +0.000000000000000e+00
-29   +1.466971315353614e-09  +0.000000000000000e+00
-28   -1.573945579404300e-09  +0.000000000000000e+00
-27   +1.693078713685162e-09  +0.000000000000000e+00
-26   -1.826288142775924e-09  +0.000000000000000e+00
-25   +1.975885262652944e-09  +0.000000000000000e+00
-24   -2.144676877200005e-09  +0.000000000000000e+00
-23   +2.336098522685442e-09  +0.000000000000000e+00
-22   -2.554391690763717e-09  +0.000000000000000e+00
-21   +2.804842314122808e-09  +0.000000000000000e+00
-20   -3.094106018333163e-09  +0.000000000000000e+00
-19   +3.430658306292446e-09  +0.000000000000000e+00
-18   -3.825427819189116e-09  +0.000000000000000e+00
-17   +4.292703270983745e-09  +0.000000000000000e+00
-16   -4.851458641086952e-09  +0.000000000000000e+00
-15   +5.527333386516872e-09  +0.000000000000000e+00
-14   -6.355668134083776e-09  +0.000000000000000e+00
-13   +7.386291879467138e-09  +0.000000000000000e+00
-12   -8.691386692599906e-09  +0.000000000000000e+00
-11   +1.037849360505303e-08  +0.000000000000000e+00
-10   -1.262040749178147e-08  +0.000000000000000e+00
 -9   +1.566849926317527e-08  +0.000000000000000e+00
 -8   -2.074534304382316e-08  +0.000000000000000e+00
 -7   +2.634212697868881e-08  +0.000000000000000e+00
 -6   -1.338730936023010e-07  +0.000000000000000e+00
 -5   +3.785522190346141e-08  +0.000000000000000e+00
 -4   -1.414563312500380e-05  +0.000000000000000e+00
 -3   -6.847984927210707e-06  +0.000000000000000e+00
 -2   -5.947507996518313e-03  +0.000000000000000e+00
 -1   +1.047098666465147e-04  +0.000000000000000e+00
 +0   +9.155050919514244e-04  +0.000000000000000e+00
 +1   +1.047098666465147e-04  +0.000000000000000e+00
 +2   -5.947507996518313e-03  +0.000000000000000e+00
 +3   -6.847984927210707e-06  +0.000000000000000e+00
 +4   -1.414563312500380e-05  +0.000000000000000e+00
 +5   +3.785522190346141e-08  +0.000000000000000e+00
 +6   -1.338730936023010e-07  +0.000000000000000e+00
 +7   +2.634212697868881e-08  +0.000000000000000e+00
 +8   -2.074534304382316e-08  +0.000000000000000e+00
 +9   +1.566849926317527e-08  +0.000000000000000e+00
+10   -1.262040749178147e-08  +0.000000000000000e+00
+11   +1.037849360505303e-08  +0.000000000000000e+00
+12   -8.691386692599906e-09  +0.000000000000000e+00
+13   +7.386291879467138e-09  +0.000000000000000e+00
+14   -6.355668134083776e-09  +0.000000000000000e+00
+15   +5.527333386516872e-09  +0.000000000000000e+00
+16   -4.851458641086952e-09  +0.000000000000000e+00
+17   +4.292703270983745e-09  +0.000000000000000e+00
+18   -3.825427819189116e-09  +0.000000000000000e+00
+19   +3.430658306292446e-09  +0.000000000000000e+00
+20   -3.094106018333163e-09  +0.000000000000000e+00
+21   +2.804842314122808e-09  +0.000000000000000e+00
+22   -2.554391690763717e-09  +0.000000000000000e+00
+23   +2.336098522685442e-09  +0.000000000000000e+00
+24   -2.144676877200005e-09  +0.000000000000000e+00
+25   +1.975885262652944e-09  +0.000000000000000e+00
+26   -1.826288142775924e-09  +0.000000000000000e+00
+27   +1.693078713685162e-09  +0.000000000000000e+00
+28   -1.573945579404300e-09  +0.000000000000000e+00
+29   +1.466971315353614e-09  +0.000000000000000e+00
+30   -1.370554479991037e-09  +0.000000000000000e+00

