-30   -6.700080018190543e-08  -3.237989855723704e-06
-29   -6.647660051629983e-08  -3.349789266259981e-06
-28   -6.589535435745037e-08  -3.469584952599696e-06
-27   -6.524847844880003e-08  -3.598267263371039e-06
-26   -6.452571367969292e-08  -3.736863906202703e-06
-25   -6.371471665817247e-08  -3.886567516042855e-06
-24   -6.280053042164950e-08  -4.048770147179683e-06
-23   -6.176489178958746e-08  -4.225106804677736e-06
-22   -6.058531448269706e-08  -4.417510910985001e-06
-21   -5.923386278478985e-08  -4.628285708145426e-06
-20   -5.767548777034709e-08  -4.860197213050263e-06
-19   -5.586574094572558e-08  -5.116596728605669e-06
-18   -5.374758333707110e-08  -5.401584496680540e-06
-17   -5.124685886818563e-08  -5.720231597030754e-06
-16   -4.826575109566720e-08  -6.078885834914288e-06
-15   -4.467313276329749e-08  -6.485601276121830e-06
-14   -4.029000579937967e-08  -6.950754070077535e-06
-13   -3.486693021089817e-08  -7.487946415175509e-06
-12   -2.804826592778724e-08  -8.115369512450341e-06
-11   -1.930872076756218e-08  -8.857926922507970e-06
-10   -7.871969624590362e-09  -9.750640866543955e-06
 -9   +8.023723011502417e-09  -1.084480474039843e-05
 -8   +2.889948872672343e-08  -1.221638675553478e-05
 -7   +1.272855516937072e-07  -1.403670676846421e-05
 -6   +1.066150132327256e-07  -1.637019254112281e-05
 -5   +9.305066940227531e-06  -2.619239826200702e-05
 -4   -1.104394584205858e-06  -2.404159577791004e-05
 -3   +1.119658622382476e-03  -8.483986276178225e-04
 -2   -6.439985601689699e-05  +2.888479707188848e-05
 -1   -4.031073435271769e-01  +2.952532966291190e-01
 +0   +3.906812079274055e-04  +0.000000000000000e+00
 +1   -4.031073435271769e-01  -2.952532966291190e-01
 +2   -6.439985601689699e-05  -2.888479707188848e-05
 +3   +1.119658622382476e-03  +8.483986276178225e-04
 +4   -1.104394584205858e-06  +2.404159577791004e-05
 +5   +9.305066940227531e-06  +2.619239826200702e-05
 +6   +1.066150132327256e-07  +1.637019254112281e-05
 +7   +1.272855516937072e-07  +1.403670676846421e-05
 +8   +2.889948872672343e-08  +1.221638675553478e-05
 +9   +8.023723011502417e-09  +1.084480474039843e-05
+10   -7.871969624590362e-09  +9.750640866543955e-06
+11   -1.930872076756218e-08  +8.857926922507970e-06
+12   -2.804826592778724e-08  +8.115369512450341e-06
+13   -3.486693021089817e-08  +7.487946415175509e-06
+14   -4.029000579937967e-08  +6.950754070077535e-06
+15   -4.467313276329749e-08  +6.485601276121830e-06
+16   -4.826575109566720e-08  +6.078885834914288e-06
+17   -5.124685886818563e-08  +5.720231597030754e-06
+18   -5.374758333707110e-08  +5.401584496680540e-06
+19   -5.586574094572558e-08  +5.116596728605669e-06
+20   -5.767548777034709e-08  +4.860197213050263e-06
+21   -5.923386278478985e-08  +4.628285708145426e-06
+22   -6.058531448269706e-08  +4.417510910985001e-06
+23   -6.176489178958746e-08  +4.225106804677736e-06
+24   -6.280053042164950e-08  +4.048770147179683e-06
+25   -6.371471665817247e-08  +3.886567516042855e-06
+26   -6.452571367969292e-08  +3.736863906202703e-06
+27   -6.524847844880003e-08  +3.598267263371039e-06
+28   -6.589535435745037e-08  +3.469584952599696e-06
+29   -6.647660051629983e-08  +3.349789266259981e-06
+30   -6.700080018190543e-08  +3.237989855723704e-06

