-30   +9.775711090463481e-08  +3.380447385631416e-06
-29   +9.916328928423988e-08  +3.497190370825936e-06
-28   +1.007232829562973e-07  +3.622286020647206e-06
-27   +1.024603923304505e-07  +3.756664804640729e-06
-26   +1.044025070912594e-07  +3.901400829421446e-06
-25   +1.065832363231355e-07  +4.057740690333582e-06
-24   +1.090433779297484e-07  +4.227139574898470e-06
-23   +1.118328482139605e-07  +4.411306838928489e-06
-22   +1.150132449615795e-07  +4.612264090347134e-06
-21   +1.186612929526962e-07  +4.832419983432142e-06
-20   +1.228735385005857e-07  +5.074667619940616e-06
-19   +1.277728396989070e-07  +5.342512961915677e-06
-18   +1.335174828527998e-07  +5.640246443003138e-06
-17   +1.403142165141751e-07  +5.973175761813861e-06
-16   +1.484372603944467e-07  +6.347946968305509e-06
-15   +1.582566422014320e-07  +6.772995624105228e-06
-14   +1.702815061432527e-07  +7.259194120375742e-06
-13   +1.852282020814110e-07  +7.820802711253508e-06
-12   +2.041308369762029e-07  +8.476904986620254e-06
-11   +2.285278851781140e-07  +9.253644667480603e-06
-10   +2.607871998428069e-07  +1.018781950433491e-05
 -9   +3.047335648161268e-07  +1.133306533542731e-05
 -8   +3.663811787616352e-07  +1.276823237953378e-05
 -7   +4.587153483322261e-07  +1.462935762768158e-05
 -6   +5.448499016976499e-07  +1.682545988691050e-05
 -5   +8.516179040575052e-07  +2.068238003297508e-05
 -4   -6.233506819593687e-06  -1.428273983828686e-05
 -3   +8.861552322579822e-06  +5.586687372601454e-05
 -2   +5.040083164793346e-03  +4.492432720836810e-03
 -1   +7.796473720880961e-05  +3.614821162802815e-04
 +0   -3.378622866952135e-01  +0.000000000000000e+00
 +1   +7.796473720880961e-05  -3.614821162802815e-04
 +2   +5.040083164793346e-03  -4.492432720836810e-03
 +3   +8.861552322579822e-06  -5.586687372601454e-05
 +4   -6.233506819593687e-06  +1.428273983828686e-05
 +5   +8.516179040575052e-07  -2.068238003297508e-05
 +6   +5.448499016976499e-07  -1.682545988691050e-05
 +7   +4.587153483322261e-07  -1.462935762768158e-05
 +8   +3.663811787616352e-07  -1.276823237953378e-05
 +9   +3.047335648161268e-07  -1.133306533542731e-05
+10   +2.607871998428069e-07  -1.018781950433491e-05
+11   +2.285278851781140e-07  -9.253644667480603e-06
+12   +2.041308369762029e-07  -8.476904986620254e-06
+13   +1.852282020814110e-07  -7.820802711253508e-06
+14   +1.702815061432527e-07  -7.259194120375742e-06
+15   +1.582566422014320e-07  -6.772995624105228e-06
+16   +1.484372603944467e-07  -6.347946968305509e-06
+17   +1.403142165141751e-07  -5.973175761813861e-06
+18   +1.335174828527998e-07  -5.640246443003138e-06
+19   +1.277728396989070e-07  -5.342512961915677e-06
+20   +1.228735385005857e-07  -5.074667619940616e-06
+21   +1.186612929526962e-07  -4.832419983432142e-06
+22   +1.150132449615795e-07  -4.612264090347134e-06
+23   +1.118328482139605e-07  -4.411306838928489e-06
+24   +1.090433779297484e-07  -4.227139574898470e-06
+25   +1.065832363231355e-07  -4.057740690333582e-06
+26   +1.044025070912594e-07  -3.901400829421446e-06
+27   +1.024603923304505e-07  -3.756664804640729e-06
+28   +1.007232829562973e-07  -3.622286020647206e-06
+29   +9.916328928423988e-08  -3.497190370825936e-06
+30   +9.775711090463481e-08  -3.380447385631416e-06

