-30   -3.002562771923672e-08  -2.072366084802823e-06
-29   -2.878635116442348e-08  -2.143935295264782e-06
-28   -2.741164456358930e-08  -2.220625169605239e-06
-27   -2.588101863721581e-08  -2.303006152234262e-06
-26   -2.416995478004507e-08  -2.391736749990010e-06
-25   -2.224891467107562e-08  -2.487581222766652e-06
-24   -2.008205387331586e-08  -2.591431719112104e-06
-23   -1.762553284172807e-08  -2.704336221866924e-06
-22   -1.482527575517578e-08  -2.827534162658887e-06
-21   -1.161395880916235e-08  -2.962502284255776e-06
-20   -7.906911958575752e-09  -3.111014367563271e-06
-19   -3.596458171078055e-09  -3.275219977745730e-06
-18   +1.456027713569180e-09  -3.457749706935642e-06
-17   +7.431458429388195e-09  -3.661857947180162e-06
-16   +1.456954236018185e-08  -3.891619830100383e-06
-15   +2.319334517159901e-08  -4.152207981143845e-06
-14   +3.374674251070708e-08  -4.450289658761446e-06
-13   +4.685310247346286e-08  -4.794610370711502e-06
-12   +6.341046365643712e-08  -5.196874974446489e-06
-11   +8.474676424334643e-08  -5.673123873054429e-06
-10   +1.129193538688376e-07  -6.245939074901633e-06
 -9   +1.506762820984599e-07  -6.948585699072524e-06
 -8   +2.050409791727661e-07  -7.829881510260924e-06
 -7   +2.167118719378734e-07  -9.018133780320220e-06
 -6   +4.083457008064707e-07  -1.050619361467965e-05
 -5   -8.528526676007863e-06  -1.912104123915816e-05
 -4   +2.419980469485321e-06  -1.519823355187204e-05
 -3   -1.120415051550023e-03  -8.340935609463453e-04
 -2   +6.926995019769245e-05  +5.332266128727437e-05
 -1   +4.043731162463100e-01  +2.942897442229570e-01
 +0   -2.538442920724110e-04  +0.000000000000000e+00
 +1   +4.043731162463100e-01  -2.942897442229570e-01
 +2   +6.926995019769245e-05  -5.332266128727437e-05
 +3   -1.120415051550023e-03  +8.340935609463453e-04
 +4   +2.419980469485321e-06  +1.519823355187204e-05
 +5   -8.528526676007863e-06  +1.912104123915816e-05
 +6   +4.083457008064707e-07  +1.050619361467965e-05
 +7   +2.167118719378734e-07  +9.018133780320220e-06
 +8   +2.050409791727661e-07  +7.829881510260924e-06
 +9   +1.506762820984599e-07  +6.948585699072524e-06
+10   +1.129193538688376e-07  +6.245939074901633e-06
+11   +8.474676424334643e-08  +5.673123873054429e-06
+12   +6.341046365643712e-08  +5.196874974446489e-06
+13   +4.685310247346286e-08  +4.794610370711502e-06
+14   +3.374674251070708e-08  +4.450289658761446e-06
+15   +2.319334517159901e-08  +4.152207981143845e-06
+16   +1.456954236018185e-08  +3.891619830100383e-06
+17   +7.431458429388195e-09  +3.661857947180162e-06
+18   +1.456027713569180e-09  +3.457749706935642e-06
+19   -3.596458171078055e-09  +3.275219977745730e-06
+20   -7.906911958575752e-09  +3.111014367563271e-06
+21   -1.161395880916235e-08  +2.962502284255776e-06
+22   -1.482527575517578e-08  +2.827534162658887e-06
+23   -1.762553284172807e-08  +2.704336221866924e-06
+24   -2.008205387331586e-08  +2.591431719112104e-06
+25   -2.224891467107562e-08  +2.487581222766652e-06
+26   -2.416995478004507e-08  +2.391736749990010e-06
+27   -2.588101863721581e-08  +2.303006152234262e-06
+28   -2.741164456358930e-08  +2.220625169605239e-06
+29   -2.878635116442348e-08  +2.143935295264782e-06
+30   -3.002562771923672e-08  +2.072366084802823e-06

