-30   +6.721420686629424e-09  +2.593639144014968e-06
-29   +3.001652790667399e-09  +2.683152141914650e-06
-28   -1.124583405245762e-09  +2.779063031261925e-06
-27   -5.718776377137537e-09  +2.882083498968331e-06
-26   -1.085450458627965e-08  +2.993034886220698e-06
-25   -1.662040811515999e-08  +3.112870161093531e-06
-24   -2.312404777835964e-08  +3.242701396799113e-06
-23   -3.049697162924674e-08  +3.383834436135007e-06
-22   -3.890143831850928e-08  +3.537813035887204e-06
-21   -4.853944868386166e-08  +3.706475660978782e-06
-20   -5.966503930674351e-08  +3.892029372824805e-06
-19   -7.260125754952938e-08  +4.097147133020311e-06
-18   -8.776397507856177e-08  +4.325097668319556e-06
-17   -1.056958860069348e-07  +4.579921369453004e-06
-16   -1.271159973462797e-07  +4.866672467039539e-06
-15   -1.529932533679347e-07  +5.191758599210809e-06
-14   -1.846587761219627e-07  +5.563426782818381e-06
-13   -2.239817930363892e-07  +5.992475213593837e-06
-12   -2.736542589187062e-07  +6.493323562976810e-06
-11   -3.376688022930368e-07  +7.085673155923422e-06
-10   -4.221523537042354e-07  +7.797153205564154e-06
 -9   -5.369273652376058e-07  +8.667870789560725e-06
 -8   -6.980630562089766e-07  +9.755798316899603e-06
 -7   -9.364957877984517e-07  +1.116286928856559e-05
 -6   -1.249873862131327e-06  +1.273799242378484e-05
 -5   -1.941849326531561e-06  +1.569029517135305e-05
 -4   +4.423598106077509e-06  -2.073787111585302e-05
 -3   -1.266263173092528e-05  +4.664461022004436e-05
 -2   -5.050310993154757e-03  +4.474631073916800e-03
 -1   +1.426606783300660e-05  +2.987208243903521e-04
 +0   +3.379713631276557e-01  +0.000000000000000e+00
 +1   +1.426606783300660e-05  -2.987208243903521e-04
 +2   -5.050310993154757e-03  -4.474631073916800e-03
 +3   -1.266263173092528e-05  -4.664461022004436e-05
 +4   +4.423598106077509e-06  +2.073787111585302e-05
 +5   -1.941849326531561e-06  -1.569029517135305e-05
 +6   -1.249873862131327e-06  -1.273799242378484e-05
 +7   -9.364957877984517e-07  -1.116286928856559e-05
 +8   -6.980630562089766e-07  -9.755798316899603e-06
 +9   -5.369273652376058e-07  -8.667870789560725e-06
+10   -4.221523537042354e-07  -7.797153205564154e-06
+11   -3.376688022930368e-07  -7.085673155923422e-06
+12   -2.736542589187062e-07  -6.493323562976810e-06
+13   -2.239817930363892e-07  -5.992475213593837e-06
+14   -1.846587761219627e-07  -5.563426782818381e-06
+15   -1.529932533679347e-07  -5.191758599210809e-06
+16   -1.271159973462797e-07  -4.866672467039539e-06
+17   -1.056958860069348e-07  -4.579921369453004e-06
+18   -8.776397507856177e-08  -4.325097668319556e-06
+19   -7.260125754952938e-08  -4.097147133020311e-06
+20   -5.966503930674351e-08  -3.892029372824805e-06
+21   -4.853944868386166e-08  -3.706475660978782e-06
+22   -3.890143831850928e-08  -3.537813035887204e-06
+23   -3.049697162924674e-08  -3.383834436135007e-06
+24   -2.312404777835964e-08  -3.242701396799113e-06
+25   -1.662040811515999e-08  -3.112870161093531e-06
+26   -1.085450458627965e-08  -2.993034886220698e-06
+27   -5.718776377137537e-09  -2.882083498968331e-06
+28   -1.124583405245762e-09  -2.779063031261925e-06
+29   +3.001652790667399e-09  -2.683152141914650e-06
+30   +6.721420686629424e-09  -2.593639144014968e-06

