-30   +3.216925699175261e-08  +8.907856759734989e-06
-29   +2.003958197711153e-08  +9.215233843784735e-06
-28   +6.585841026911450e-09  +9.544574371240570e-06
-27   -8.391991071365299e-09  +9.898320562414593e-06
-26   -2.513320089478467e-08  +1.027929074095231e-05
-25   -4.392596565989377e-08  +1.069075465028254e-05
-24   -6.511985211691763e-08  +1.113652763090483e-05
-23   -8.914221391916953e-08  +1.162108940857744e-05
-22   -1.165199352759149e-07  +1.214973533960467e-05
-21   -1.479086166579826e-07  +1.272877096233153e-05
-20   -1.841322599075124e-07  +1.336576504577237e-05
-19   -2.262380095650497e-07  +1.406988275421565e-05
-18   -2.755728495427628e-07  +1.485233018198972e-05
-17   -3.338929456565663e-07  +1.572695628240856e-05
-16   -4.035225393116873e-07  +1.671108133185523e-05
-15   -4.875898649757780e-07  +1.782665813722202e-05
-14   -5.903859635744893e-07  +1.910193324249577e-05
-13   -7.179254947372932e-07  +2.057387907731733e-05
-12   -8.788512220411953e-07  +2.229184982902182e-05
-11   -1.085943098599820e-06  +2.432325100137828e-05
-10   -1.358767171587579e-06  +2.676261857655247e-05
 -9   -1.728155785442068e-06  +2.974734987172103e-05
 -8   -2.247233519940564e-06  +3.348225278801136e-05
 -7   -2.965980393973925e-06  +3.835378766762685e-05
 -6   -4.185898652016135e-06  +4.473601676682220e-05
 -5   -5.535984858804962e-07  +6.178931412494493e-05
 -4   -9.152926510039017e-06  +6.866283329315991e-05
 -3   +8.945860486013205e-04  +1.437641752822939e-03
 -2   -6.095721842157743e-05  +4.077629191291418e-05
 -1   +5.825144346974565e-01  +8.227483876306807e-01
 +0   -2.034325375885494e-03  +0.000000000000000e+00
 +1   +5.825144346974565e-01  -8.227483876306807e-01
 +2   -6.095721842157743e-05  -4.077629191291418e-05
 +3   +8.945860486013205e-04  -1.437641752822939e-03
 +4   -9.152926510039017e-06  -6.866283329315991e-05
 +5   -5.535984858804962e-07  -6.178931412494493e-05
 +6   -4.185898652016135e-06  -4.473601676682220e-05
 +7   -2.965980393973925e-06  -3.835378766762685e-05
 +8   -2.247233519940564e-06  -3.348225278801136e-05
 +9   -1.728155785442068e-06  -2.974734987172103e-05
+10   -1.358767171587579e-06  -2.676261857655247e-05
+11   -1.085943098599820e-06  -2.432325100137828e-05
+12   -8.788512220411953e-07  -2.229184982902182e-05
+13   -7.179254947372932e-07  -2.057387907731733e-05
+14   -5.903859635744893e-07  -1.910193324249577e-05
+15   -4.875898649757780e-07  -1.782665813722202e-05
+16   -4.035225393116873e-07  -1.671108133185523e-05
+17   -3.338929456565663e-07  -1.572695628240856e-05
+18   -2.755728495427628e-07  -1.485233018198972e-05
+19   -2.262380095650497e-07  -1.406988275421565e-05
+20   -1.841322599075124e-07  -1.336576504577237e-05
+21   -1.479086166579826e-07  -1.272877096233153e-05
+22   -1.165199352759149e-07  -1.214973533960467e-05
+23   -8.914221391916953e-08  -1.162108940857744e-05
+24   -6.511985211691763e-08  -1.113652763090483e-05
+25   -4.392596565989377e-08  -1.069075465028254e-05
+26   -2.513320089478467e-08  -1.027929074095231e-05
+27   -8.391991071365299e-09  -9.898320562414593e-06
+28   +6.585841026911450e-09  -9.544574371240570e-06
+29   +2.003958197711153e-08  -9.215233843784735e-06
+30   +3.216925699175261e-08  -8.907856759734989e-06

