-30   -6.344152759981248e-08  -1.121887732455459e-05
-29   -4.977614253897201e-08  -1.160606007356810e-05
-28   -3.461913317028574e-08  -1.202091562321657e-05
-27   -1.774517926264024e-08  -1.246652212523862e-05
-26   +1.115265273028738e-09  -1.294643198740547e-05
-25   +2.228681071392918e-08  -1.346476690382209e-05
-24   +4.616321376416265e-08  -1.402633669757403e-05
-23   +7.322583827265119e-08  -1.463678924329629e-05
-22   +1.040681443617915e-07  -1.530280139589059e-05
-21   +1.394285510583978e-07  -1.603232462880006e-05
-20   +1.802351228886068e-07  -1.683490461843814e-05
-19   +2.276671995459062e-07  -1.772210211842404e-05
-18   +2.832417494488917e-07  -1.870805470249269e-05
-17   +3.489364494352519e-07  -1.981023768559812e-05
-16   +4.273685433556977e-07  -2.105051186443843e-05
-15   +5.220603453339089e-07  -2.245659282431857e-05
-14   +6.378430026641385e-07  -2.406415419782958e-05
-13   +7.814874383040373e-07  -2.591990923810385e-05
-12   +9.627216740569278e-07  -2.808624733868788e-05
-11   +1.195930072399083e-06  -3.064842702406632e-05
-10   +1.503133363294330e-06  -3.372614543963619e-05
 -9   +1.919337029554921e-06  -3.749292764032932e-05
 -8   +2.505309015498430e-06  -4.221080659907885e-05
 -7   +3.359582376204004e-06  -4.829291930256325e-05
 -6   +4.960975840317816e-06  -5.648838093243321e-05
 -5   +6.969180565591416e-06  -6.794276923483805e-05
 -4   +5.062531122480360e-05  -9.254827035321851e-05
 -3   +4.136190873363055e-05  -1.230151990362720e-04
 -2   +1.676907732821314e-02  -7.337583064589080e-03
 -1   -4.067932017416558e-04  -4.868216338995269e-04
 +0   +2.830102793060073e+00  +0.000000000000000e+00
 +1   -4.067932017416558e-04  +4.868216338995269e-04
 +2   +1.676907732821314e-02  +7.337583064589080e-03
 +3   +4.136190873363055e-05  +1.230151990362720e-04
 +4   +5.062531122480360e-05  +9.254827035321851e-05
 +5   +6.969180565591416e-06  +6.794276923483805e-05
 +6   +4.960975840317816e-06  +5.648838093243321e-05
 +7   +3.359582376204004e-06  +4.829291930256325e-05
 +8   +2.505309015498430e-06  +4.221080659907885e-05
 +9   +1.919337029554921e-06  +3.749292764032932e-05
+10   +1.503133363294330e-06  +3.372614543963619e-05
+11   +1.195930072399083e-06  +3.064842702406632e-05
+12   +9.627216740569278e-07  +2.808624733868788e-05
+13   +7.814874383040373e-07  +2.591990923810385e-05
+14   +6.378430026641385e-07  +2.406415419782958e-05
+15   +5.220603453339089e-07  +2.245659282431857e-05
+16   +4.273685433556977e-07  +2.105051186443843e-05
+17   +3.489364494352519e-07  +1.981023768559812e-05
+18   +2.832417494488917e-07  +1.870805470249269e-05
+19   +2.276671995459062e-07  +1.772210211842404e-05
+20   +1.802351228886068e-07  +1.683490461843814e-05
+21   +1.394285510583978e-07  +1.603232462880006e-05
+22   +1.040681443617915e-07  +1.530280139589059e-05
+23   +7.322583827265119e-08  +1.463678924329629e-05
+24   +4.616321376416265e-08  +1.402633669757403e-05
+25   +2.228681071392918e-08  +1.346476690382209e-05
+26   +1.115265273028738e-09  +1.294643198740547e-05
+27   -1.774517926264024e-08  +1.246652212523862e-05
+28   -3.461913317028574e-08  +1.202091562321657e-05
+29   -4.977614253897201e-08  +1.160606007356810e-05
+30   -6.344152759981248e-08  +1.121887732455459e-05

