-30   -6.892131547113531e-08  +2.751305640215192e-06
-29   -7.820557280027656e-08  +2.846038337886949e-06
-28   -8.850298246902054e-08  +2.947516948393960e-06
-27   -9.996653874673190e-08  +3.056487953230137e-06
-26   -1.127792500362135e-07  +3.173812052365835e-06
-25   -1.271614963206348e-07  +3.300486848519697e-06
-24   -1.433805762426905e-07  +3.437675152589495e-06
-23   -1.617632300575685e-07  +3.586740603558805e-06
-22   -1.827122415128989e-07  +3.749292900643908e-06
-21   -2.067287167556463e-07  +3.927245814692714e-06
-20   -2.344423687322520e-07  +4.122892381884551e-06
-19   -2.666532781958519e-07  +4.339003516409974e-06
-18   -3.043903804115381e-07  +4.578958986611227e-06
-17   -3.489948100243192e-07  +4.846923819458212e-06
-16   -4.022409532173598e-07  +5.148089570039217e-06
-15   -4.665160686858913e-07  +5.489009962215131e-06
-14   -5.450932745852500e-07  +5.878076719415528e-06
-13   -6.425578355636896e-07  +6.326208500106452e-06
-12   -7.654939576280697e-07  +6.847872540085887e-06
-11   -9.236283944668024e-07  +7.462636288225299e-06
-10   -1.131838565374253e-06  +8.197627214631908e-06
 -9   -1.413450644857893e-06  +9.091001751243869e-06
 -8   -1.808936948333649e-06  +1.020093654755610e-05
 -7   -2.345646654963775e-06  +1.155336510146620e-05
 -6   -3.280330653426864e-06  +1.346057436193519e-05
 -5   +8.221654696327304e-07  +7.972134582873967e-06
 -4   -6.821103950177781e-06  +1.843794558183429e-05
 -3   +8.964056425063472e-04  -1.325510238096956e-03
 -2   -3.922183325166276e-05  +1.276249795997445e-04
 -1   +5.806401850639145e-01  -8.249160359336517e-01
 +0   -5.343380166099899e-04  +0.000000000000000e+00
 +1   +5.806401850639145e-01  +8.249160359336517e-01
 +2   -3.922183325166276e-05  -1.276249795997445e-04
 +3   +8.964056425063472e-04  +1.325510238096956e-03
 +4   -6.821103950177781e-06  -1.843794558183429e-05
 +5   +8.221654696327304e-07  -7.972134582873967e-06
 +6   -3.280330653426864e-06  -1.346057436193519e-05
 +7   -2.345646654963775e-06  -1.155336510146620e-05
 +8   -1.808936948333649e-06  -1.020093654755610e-05
 +9   -1.413450644857893e-06  -9.091001751243869e-06
+10   -1.131838565374253e-06  -8.197627214631908e-06
+11   -9.236283944668024e-07  -7.462636288225299e-06
+12   -7.654939576280697e-07  -6.847872540085887e-06
+13   -6.425578355636896e-07  -6.326208500106452e-06
+14   -5.450932745852500e-07  -5.878076719415528e-06
+15   -4.665160686858913e-07  -5.489009962215131e-06
+16   -4.022409532173598e-07  -5.148089570039217e-06
+17   -3.489948100243192e-07  -4.846923819458212e-06
+18   -3.043903804115381e-07  -4.578958986611227e-06
+19   -2.666532781958519e-07  -4.339003516409974e-06
+20   -2.344423687322520e-07  -4.122892381884551e-06
+21   -2.067287167556463e-07  -3.927245814692714e-06
+22   -1.827122415128989e-07  -3.749292900643908e-06
+23   -1.617632300575685e-07  -3.586740603558805e-06
+24   -1.433805762426905e-07  -3.437675152589495e-06
+25   -1.271614963206348e-07  -3.300486848519697e-06
+26   -1.127792500362135e-07  -3.173812052365835e-06
+27   -9.996653874673190e-08  -3.056487953230137e-06
+28   -8.850298246902054e-08  -2.947516948393960e-06
+29   -7.820557280027656e-08  -2.846038337886949e-06
+30   -6.892131547113531e-08  -2.751305640215192e-06

