-30   +4.533681863575168e-07  +1.453802479762896e-05
-29   +4.617096341751134e-07  +1.503985152192407e-05
-28   +4.709608975022557e-07  +1.557755558110963e-05
-27   +4.812592756027769e-07  +1.615512941883326e-05
-26   +4.927689794144369e-07  +1.677718094160230e-05
-25   +5.056877235755082e-07  +1.744905693047777e-05
-24   +5.202552729563967e-07  +1.817699740114747e-05
-23   +5.367646552391942e-07  +1.896833037697992e-05
-22   +5.555770138471971e-07  +1.983171998024868e-05
-21   +5.771415378762868e-07  +2.077748570227742e-05
-20   +6.020225336625826e-07  +2.181801789384379e-05
-19   +6.309367391180632e-07  +2.296832512342514e-05
-18   +6.648055483860143e-07  +2.424676501231109e-05
-17   +7.048293711117126e-07  +2.567603461979074e-05
-16   +7.525955457982356e-07  +2.728453484368425e-05
-15   +8.102382821165000e-07  +2.910828491962583e-05
-14   +8.806814342490333e-07  +3.119366489531963e-05
-13   +9.680170142082515e-07  +3.360143716629877e-05
-12   +1.078113841779651e-06  +3.641280350056547e-05
-11   +1.219630260163628e-06  +3.973881382554883e-05
-10   +1.405789686599013e-06  +4.373552287362397e-05
 -9   +1.657503430700712e-06  +4.862944940343852e-05
 -8   +2.011768964578730e-06  +5.476309606947341e-05
 -7   +2.524341295066516e-06  +6.267822353320602e-05
 -6   +3.590307075063499e-06  +7.334388877359453e-05
 -5   +4.684484758168100e-06  +8.831513536149982e-05
 -4   +4.657234626742629e-05  +1.183718247037071e-04
 -3   +3.297286344986119e-05  +1.581515650523571e-04
 -2   +1.674737514396589e-02  +7.396602217230578e-03
 -1   -5.190774111673256e-04  +3.653862202028023e-04
 +0   +2.830596744671289e+00  +0.000000000000000e+00
 +1   -5.190774111673256e-04  -3.653862202028023e-04
 +2   +1.674737514396589e-02  -7.396602217230578e-03
 +3   +3.297286344986119e-05  -1.581515650523571e-04
 +4   +4.657234626742629e-05  -1.183718247037071e-04
 +5   +4.684484758168100e-06  -8.831513536149982e-05
 +6   +3.590307075063499e-06  -7.334388877359453e-05
 +7   +2.524341295066516e-06  -6.267822353320602e-05
 +8   +2.011768964578730e-06  -5.476309606947341e-05
 +9   +1.657503430700712e-06  -4.862944940343852e-05
+10   +1.405789686599013e-06  -4.373552287362397e-05
+11   +1.219630260163628e-06  -3.973881382554883e-05
+12   +1.078113841779651e-06  -3.641280350056547e-05
+13   +9.680170142082515e-07  -3.360143716629877e-05
+14   +8.806814342490333e-07  -3.119366489531963e-05
+15   +8.102382821165000e-07  -2.910828491962583e-05
+16   +7.525955457982356e-07  -2.728453484368425e-05
+17   +7.048293711117126e-07  -2.567603461979074e-05
+18   +6.648055483860143e-07  -2.424676501231109e-05
+19   +6.309367391180632e-07  -2.296832512342514e-05
+20   +6.020225336625826e-07  -2.181801789384379e-05
+21   +5.771415378762868e-07  -2.077748570227742e-05
+22   +5.555770138471971e-07  -1.983171998024868e-05
+23   +5.367646552391942e-07  -1.896833037697992e-05
+24   +5.202552729563967e-07  -1.817699740114747e-05
+25   +5.056877235755082e-07  -1.744905693047777e-05
+26   +4.927689794144369e-07  -1.677718094160230e-05
+27   +4.812592756027769e-07  -1.615512941883326e-05
+28   +4.709608975022557e-07  -1.557755558110963e-05
+29   +4.617096341751134e-07  -1.503985152192407e-05
+30   +4.533681863575168e-07  -1.453802479762896e-05

