-30   -7.856242657892402e-11  -5.516877722546979e-10
-29   +8.519522840959787e-11  +5.708095831796302e-10
-28   -9.258750646136178e-11  -5.913049306817733e-10
-27   +1.008611299958187e-10  +6.133271488322219e-10
-26   -1.101636464566646e-10  -6.370531516312748e-10
-25   +1.206752450396134e-10  +6.626881767828733e-10
-24   -1.326177173272254e-10  -6.904715743425917e-10
-23   +1.462668828487663e-10  +7.206840604307489e-10
-22   -1.619691194988252e-10  -7.536570004103817e-10
-21   +1.801645181590743e-10  +7.897839630331042e-10
-20   -2.014193838857347e-10  -8.295358322200643e-10
-19   +2.264728636903070e-10  +8.734798799881699e-10
-18   -2.563047156802995e-10  -9.223047369234072e-10
-17   +2.922373032922470e-10  +9.768526092135302e-10
-16   -3.360913512271898e-10  -1.038160713295524e-09
-15   +3.904320633070898e-10  +1.107514361440535e-09
-14   -4.589705201137963e-10  -1.186511644730063e-09
-13   +5.472459406977143e-10  +1.277132159809165e-09
-12   -6.638140455715786e-10  -1.381808769870084e-09
-11   +8.229258127052519e-10  +1.502930884292137e-09
-10   -1.046812931148318e-09  -1.644759030086623e-09
 -9   +1.443145460842820e-09  +1.740138453191139e-09
 -8   -1.894502559051648e-09  -1.996791361713699e-09
 -7   +1.352533437506992e-08  -9.181780011944174e-09
 -6   -3.486388136134791e-09  -3.251354123435216e-09
 -5   +2.078381686824638e-06  -2.188396814573411e-06
 -4   +2.492911345487488e-08  -3.519398903315019e-08
 -3   +5.261060543011709e-04  -5.575644351458215e-04
 -2   -3.635008648234403e-05  +4.194480380205563e-05
 -1   +3.396517087467122e-01  -3.645449934593136e-01
 +0   +2.058514260386636e-04  +0.000000000000000e+00
 +1   +3.396517087467122e-01  +3.645449934593136e-01
 +2   -3.635008648234403e-05  -4.194480380205563e-05
 +3   +5.261060543011709e-04  +5.575644351458215e-04
 +4   +2.492911345487488e-08  +3.519398903315019e-08
 +5   +2.078381686824638e-06  +2.188396814573411e-06
 +6   -3.486388136134791e-09  +3.251354123435216e-09
 +7   +1.352533437506992e-08  +9.181780011944174e-09
 +8   -1.894502559051648e-09  +1.996791361713699e-09
 +9   +1.443145460842820e-09  -1.740138453191139e-09
+10   -1.046812931148318e-09  +1.644759030086623e-09
+11   +8.229258127052519e-10  -1.502930884292137e-09
+12   -6.638140455715786e-10  +1.381808769870084e-09
+13   +5.472459406977143e-10  -1.277132159809165e-09
+14   -4.589705201137963e-10  +1.186511644730063e-09
+15   +3.904320633070898e-10  -1.107514361440535e-09
+16   -3.360913512271898e-10  +1.038160713295524e-09
+17   +2.922373032922470e-10  -9.768526092135302e-10
+18   -2.563047156802995e-10  +9.223047369234072e-10
+19   +2.264728636903070e-10  -8.734798799881699e-10
+20   -2.014193838857347e-10  +8.295358322200643e-10
+21   +1.801645181590743e-10  -7.897839630331042e-10
+22   -1.619691194988252e-10  +7.536570004103817e-10
+23   +1.462668828487663e-10  -7.206840604307489e-10
+24   -1.326177173272254e-10  +6.904715743425917e-10
+25   +1.206752450396134e-10  -6.626881767828733e-10
+26   -1.101636464566646e-10  +6.370531516312748e-10
+27   +1.008611299958187e-10  -6.133271488322219e-10
+28   -9.258750646136178e-11  +5.913049306817733e-10
+29   +8.519522840959787e-11  -5.708095831796302e-10
+30   -7.856242657892402e-11  +5.516877722546979e-10

