-30   -1.329847410292084e-10  -9.797608639160563e-10
-29   +1.441342630783242e-10  +1.013643848198264e-09
-28   -1.565369842415206e-10  -1.049958900275485e-09
-27   +1.703894158331273e-10  +1.088978631285781e-09
-26   -1.859285778103406e-10  -1.131018330595648e-09
-25   +2.034423796922683e-10  +1.176444548546565e-09
-24   -2.232833190615252e-10  -1.225686080210336e-09
-23   +2.458871277442719e-10  +1.279248040403745e-09
-22   -2.717973967855558e-10  -1.337729732974993e-09
-21   +3.016999067550328e-10  +1.401848065322567e-09
-20   -3.364698760338903e-10  -1.472468498095249e-09
-19   +3.772393212924140e-10  +1.550646334359296e-09
-18   -4.254940288877519e-10  -1.637683391368968e-09
-17   +4.832167334366432e-10  +1.735206633476456e-09
-16   -5.531034911581473e-10  -1.845280602838615e-09
-15   +6.388994917383081e-10  +1.970572266840556e-09
-14   -7.459375041066464e-10  -2.114601033440074e-09
-13   +8.820356363640295e-10  +2.282137552526871e-09
-12   -1.059033826094474e-09  -2.479845076466276e-09
-11   +1.296058525392222e-09  +2.717904372686484e-09
-10   -1.622837335896724e-09  -3.009953803204887e-09
 -9   +2.159059582795392e-09  +3.449580879742060e-09
 -8   -2.807600985079936e-09  -3.869903756402698e-09
 -7   +1.472942484984183e-08  +1.593434337409913e-08
 -6   -5.147257962329769e-09  -4.714104900354609e-09
 -5   +2.080811527781419e-06  +2.198145635459279e-06
 -4   +2.096427779879559e-08  +2.257591802303812e-08
 -3   +5.261107016377778e-04  +5.575852211025150e-04
 -2   -3.637181164156318e-05  -4.198045514239019e-05
 -1   +3.396498336343886e-01  +3.645467337999980e-01
 +0   +2.058925713279135e-04  +0.000000000000000e+00
 +1   +3.396498336343886e-01  -3.645467337999980e-01
 +2   -3.637181164156318e-05  +4.198045514239019e-05
 +3   +5.261107016377778e-04  -5.575852211025150e-04
 +4   +2.096427779879559e-08  -2.257591802303812e-08
 +5   +2.080811527781419e-06  -2.198145635459279e-06
 +6   -5.147257962329769e-09  +4.714104900354609e-09
 +7   +1.472942484984183e-08  -1.593434337409913e-08
 +8   -2.807600985079936e-09  +3.869903756402698e-09
 +9   +2.159059582795392e-09  -3.449580879742060e-09
+10   -1.622837335896724e-09  +3.009953803204887e-09
+11   +1.296058525392222e-09  -2.717904372686484e-09
+12   -1.059033826094474e-09  +2.479845076466276e-09
+13   +8.820356363640295e-10  -2.282137552526871e-09
+14   -7.459375041066464e-10  +2.114601033440074e-09
+15   +6.388994917383081e-10  -1.970572266840556e-09
+16   -5.531034911581473e-10  +1.845280602838615e-09
+17   +4.832167334366432e-10  -1.735206633476456e-09
+18   -4.254940288877519e-10  +1.637683391368968e-09
+19   +3.772393212924140e-10  -1.550646334359296e-09
+20   -3.364698760338903e-10  +1.472468498095249e-09
+21   +3.016999067550328e-10  -1.401848065322567e-09
+22   -2.717973967855558e-10  +1.337729732974993e-09
+23   +2.458871277442719e-10  -1.279248040403745e-09
+24   -2.232833190615252e-10  +1.225686080210336e-09
+25   +2.034423796922683e-10  -1.176444548546565e-09
+26   -1.859285778103406e-10  +1.131018330595648e-09
+27   +1.703894158331273e-10  -1.088978631285781e-09
+28   -1.565369842415206e-10  +1.049958900275485e-09
+29   +1.441342630783242e-10  -1.013643848198264e-09
+30   -1.329847410292084e-10  +9.797608639160563e-10

