-30   -7.975160816024379e-08  -9.276673177911676e-06
-29   -7.036538575674364e-08  -9.596758965353620e-06
-28   -5.995449742898406e-08  -9.939714267856884e-06
-27   -4.836413310798077e-08  -1.030808173785642e-05
-26   -3.540909141490228e-08  -1.070479553145428e-05
-25   -2.086632620104064e-08  -1.113325969396019e-05
-24   -4.465268067748355e-09  -1.159744616586308e-05
-23   +1.412487087440414e-08  -1.210201839491818e-05
-22   +3.531193414292987e-08  -1.265248871275097e-05
-21   +5.960342280816925e-08  -1.325542075567858e-05
-20   +8.763723048013225e-08  -1.391869272705808e-05
-19   +1.202240441767097e-07  -1.465184397306954e-05
-18   +1.584067607811258e-07  -1.546653735622067e-05
-17   +2.035452054344809e-07  -1.637718525123339e-05
-16   +2.574392742117472e-07  -1.740181099418651e-05
-15   +3.225118112336890e-07  -1.856325608719919e-05
-14   +4.020868719297868e-07  -1.989090678286700e-05
-13   +5.008245155700260e-07  -2.142322166985697e-05
-12   +6.254243440577911e-07  -2.321152716663826e-05
-11   +7.857655470912648e-07  -2.532594861208297e-05
-10   +9.971154017177059e-07  -2.786462910975317e-05
 -9   +1.280184635108617e-06  -3.097473616346025e-05
 -8   +1.685502146057982e-06  -3.485635515574767e-05
 -7   +1.918903531385817e-06  -4.036183473220456e-05
 -6   +3.187068588622968e-06  -4.655836710704697e-05
 -5   -3.143173251960125e-05  -1.066659294198126e-04
 -4   +1.021195700522892e-05  -6.603328957069888e-05
 -3   -3.246680038453138e-03  -4.610425444173298e-03
 -2   +2.096362116935836e-04  +8.239767184261419e-05
 -1   -2.778100485205940e-01  -4.269087709245014e-01
 +0   +2.104428223483362e-03  +0.000000000000000e+00
 +1   -2.778100485205940e-01  +4.269087709245014e-01
 +2   +2.096362116935836e-04  -8.239767184261419e-05
 +3   -3.246680038453138e-03  +4.610425444173298e-03
 +4   +1.021195700522892e-05  +6.603328957069888e-05
 +5   -3.143173251960125e-05  +1.066659294198126e-04
 +6   +3.187068588622968e-06  +4.655836710704697e-05
 +7   +1.918903531385817e-06  +4.036183473220456e-05
 +8   +1.685502146057982e-06  +3.485635515574767e-05
 +9   +1.280184635108617e-06  +3.097473616346025e-05
+10   +9.971154017177059e-07  +2.786462910975317e-05
+11   +7.857655470912648e-07  +2.532594861208297e-05
+12   +6.254243440577911e-07  +2.321152716663826e-05
+13   +5.008245155700260e-07  +2.142322166985697e-05
+14   +4.020868719297868e-07  +1.989090678286700e-05
+15   +3.225118112336890e-07  +1.856325608719919e-05
+16   +2.574392742117472e-07  +1.740181099418651e-05
+17   +2.035452054344809e-07  +1.637718525123339e-05
+18   +1.584067607811258e-07  +1.546653735622067e-05
+19   +1.202240441767097e-07  +1.465184397306954e-05
+20   +8.763723048013225e-08  +1.391869272705808e-05
+21   +5.960342280816925e-08  +1.325542075567858e-05
+22   +3.531193414292987e-08  +1.265248871275097e-05
+23   +1.412487087440414e-08  +1.210201839491818e-05
+24   -4.465268067748355e-09  +1.159744616586308e-05
+25   -2.086632620104064e-08  +1.113325969396019e-05
+26   -3.540909141490228e-08  +1.070479553145428e-05
+27   -4.836413310798077e-08  +1.030808173785642e-05
+28   -5.995449742898406e-08  +9.939714267856884e-06
+29   -7.036538575674364e-08  +9.596758965353620e-06
+30   -7.975160816024379e-08  +9.276673177911676e-06

