-30   +1.199441884661250e-07  +1.126846399483229e-05
-29   +1.101628524064864e-07  +1.165729797039593e-05
-28   +9.931376259665551e-08  +1.207391594692928e-05
-27   +8.723560742642937e-08  +1.252140737299345e-05
-26   +7.373541161943062e-08  +1.300333747569659e-05
-25   +5.858076779601966e-08  +1.352384253633612e-05
-24   +4.148975633745464e-08  +1.408774902964476e-05
-23   +2.211771899120674e-08  +1.470072388900647e-05
-22   +3.971674924251157e-11  +1.536946583843700e-05
-21   -2.527300978584090e-08  +1.610195149890098e-05
-20   -5.448506024808150e-08  +1.690775550012474e-05
-19   -8.844103591496188e-08  +1.779847193299498e-05
-18   -1.282274257864561e-07  +1.878827668222041e-05
-17   -1.752608399990881e-07  +1.989468885782994e-05
-16   -2.314162447579884e-07  +2.113961876788055e-05
-15   -2.992173992662875e-07  +2.255083677722195e-05
-14   -3.821265738183707e-07  +2.416407457969115e-05
-13   -4.849974422017908e-07  +2.602610146492278e-05
-12   -6.148076972472401e-07  +2.819934873392420e-05
-11   -7.818733566838055e-07  +3.076907350507832e-05
-10   -1.002180073608212e-06  +3.385489718943003e-05
 -9   -1.300411428687055e-06  +3.762991201347941e-05
 -8   -1.738490582555942e-06  +4.235817733605460e-05
 -7   -2.336303833796898e-06  +4.844219420903727e-05
 -6   -5.266604115183327e-06  +5.690474059038147e-05
 -5   -4.944958112021433e-06  +6.806198956896899e-05
 -4   -1.984020459524566e-04  +1.133504248049635e-04
 -3   +2.148175222419726e-05  +1.086268667661606e-04
 -2   -7.648696101072971e-03  -1.184925824807713e-03
 -1   +6.613742788240837e-04  +4.794123991484215e-04
 +0   -2.890623647783341e+00  +0.000000000000000e+00
 +1   +6.613742788240837e-04  -4.794123991484215e-04
 +2   -7.648696101072971e-03  +1.184925824807713e-03
 +3   +2.148175222419726e-05  -1.086268667661606e-04
 +4   -1.984020459524566e-04  -1.133504248049635e-04
 +5   -4.944958112021433e-06  -6.806198956896899e-05
 +6   -5.266604115183327e-06  -5.690474059038147e-05
 +7   -2.336303833796898e-06  -4.844219420903727e-05
 +8   -1.738490582555942e-06  -4.235817733605460e-05
 +9   -1.300411428687055e-06  -3.762991201347941e-05
+10   -1.002180073608212e-06  -3.385489718943003e-05
+11   -7.818733566838055e-07  -3.076907350507832e-05
+12   -6.148076972472401e-07  -2.819934873392420e-05
+13   -4.849974422017908e-07  -2.602610146492278e-05
+14   -3.821265738183707e-07  -2.416407457969115e-05
+15   -2.992173992662875e-07  -2.255083677722195e-05
+16   -2.314162447579884e-07  -2.113961876788055e-05
+17   -1.752608399990881e-07  -1.989468885782994e-05
+18   -1.282274257864561e-07  -1.878827668222041e-05
+19   -8.844103591496188e-08  -1.779847193299498e-05
+20   -5.448506024808150e-08  -1.690775550012474e-05
+21   -2.527300978584090e-08  -1.610195149890098e-05
+22   +3.971674924251157e-11  -1.536946583843700e-05
+23   +2.211771899120674e-08  -1.470072388900647e-05
+24   +4.148975633745464e-08  -1.408774902964476e-05
+25   +5.858076779601966e-08  -1.352384253633612e-05
+26   +7.373541161943062e-08  -1.300333747569659e-05
+27   +8.723560742642937e-08  -1.252140737299345e-05
+28   +9.931376259665551e-08  -1.207391594692928e-05
+29   +1.101628524064864e-07  -1.165729797039593e-05
+30   +1.199441884661250e-07  -1.126846399483229e-05

