-30   +3.097563364754074e-08  -2.988958627594445e-06
-29   +3.797833781811622e-08  -3.091932000892177e-06
-28   +4.574499781909225e-08  -3.202244661934365e-06
-27   +5.439093285853722e-08  -3.320709784408483e-06
-26   +6.405407556371580e-08  -3.448265176087843e-06
-25   +7.490050963476658e-08  -3.585998086055390e-06
-24   +8.713165888442141e-08  -3.735176175806958e-06
-23   +1.009937117847225e-07  -3.897286518425274e-06
-22   +1.167901153770577e-07  -4.074085156350902e-06
-21   +1.348983370178931e-07  -4.267660710165116e-06
-20   +1.557926423781329e-07  -4.480516904634999e-06
-19   +1.800754965246371e-07  -4.715680910482566e-06
-18   +2.085215272405178e-07  -4.976847418932950e-06
-17   +2.421401453451343e-07  -5.268572967235156e-06
-16   +2.822664584719258e-07  -5.596542171783294e-06
-15   +3.306960894619619e-07  -5.967938845788960e-06
-14   +3.898899618444204e-07  -6.391973450354166e-06
-13   +4.632935110579867e-07  -6.880648643493963e-06
-12   +5.558523432208983e-07  -7.449901337552396e-06
-11   +6.748350534465304e-07  -8.121298355425580e-06
-10   +8.314807660645143e-07  -8.925013694677208e-06
 -9   +1.040016124496325e-06  -9.899122434622570e-06
 -8   +1.339903455890300e-06  -1.112127552900079e-05
 -7   +1.417742307464051e-06  -1.217392787091260e-05
 -6   +2.437239654812204e-06  -1.471886312502394e-05
 -5   -3.251230371486705e-05  +3.329711926076662e-05
 -4   +8.148766767693737e-06  -2.570047878214260e-05
 -3   -3.241092309669465e-03  +4.501166927535591e-03
 -2   +2.003852097537469e-04  -2.581360487685243e-04
 -1   -2.769580671216834e-01  +4.278302846276602e-01
 +0   +5.614427694666811e-04  +0.000000000000000e+00
 +1   -2.769580671216834e-01  -4.278302846276602e-01
 +2   +2.003852097537469e-04  +2.581360487685243e-04
 +3   -3.241092309669465e-03  -4.501166927535591e-03
 +4   +8.148766767693737e-06  +2.570047878214260e-05
 +5   -3.251230371486705e-05  -3.329711926076662e-05
 +6   +2.437239654812204e-06  +1.471886312502394e-05
 +7   +1.417742307464051e-06  +1.217392787091260e-05
 +8   +1.339903455890300e-06  +1.112127552900079e-05
 +9   +1.040016124496325e-06  +9.899122434622570e-06
+10   +8.314807660645143e-07  +8.925013694677208e-06
+11   +6.748350534465304e-07  +8.121298355425580e-06
+12   +5.558523432208983e-07  +7.449901337552396e-06
+13   +4.632935110579867e-07  +6.880648643493963e-06
+14   +3.898899618444204e-07  +6.391973450354166e-06
+15   +3.306960894619619e-07  +5.967938845788960e-06
+16   +2.822664584719258e-07  +5.596542171783294e-06
+17   +2.421401453451343e-07  +5.268572967235156e-06
+18   +2.085215272405178e-07  +4.976847418932950e-06
+19   +1.800754965246371e-07  +4.715680910482566e-06
+20   +1.557926423781329e-07  +4.480516904634999e-06
+21   +1.348983370178931e-07  +4.267660710165116e-06
+22   +1.167901153770577e-07  +4.074085156350902e-06
+23   +1.009937117847225e-07  +3.897286518425274e-06
+24   +8.713165888442141e-08  +3.735176175806958e-06
+25   +7.490050963476658e-08  +3.585998086055390e-06
+26   +6.405407556371580e-08  +3.448265176087843e-06
+27   +5.439093285853722e-08  +3.320709784408483e-06
+28   +4.574499781909225e-08  +3.202244661934365e-06
+29   +3.797833781811622e-08  +3.091932000892177e-06
+30   +3.097563364754074e-08  +2.988958627594445e-06

