-30   -4.031288429806327e-07  -1.353265126899765e-05
-29   -4.095674710967334e-07  -1.399965853375138e-05
-28   -4.167086177401805e-07  -1.450004067537820e-05
-27   -4.246583485900246e-07  -1.503750961107504e-05
-26   -4.335435326826297e-07  -1.561634905902682e-05
-25   -4.435169399077873e-07  -1.624152908597305e-05
-24   -4.547638552511096e-07  -1.691884935218907e-05
-23   -4.675107558444829e-07  -1.765511980788267e-05
-22   -4.820368104496667e-07  -1.845839079054956e-05
-21   -4.986893111489822e-07  -1.933824904036415e-05
-20   -5.179046486566113e-07  -2.030620277883410e-05
-19   -5.402372283286977e-07  -2.137618879071905e-05
-18   -5.663999676429738e-07  -2.256524913628514e-05
-17   -5.973219899032183e-07  -2.389444767467972e-05
-16   -6.342324074826824e-07  -2.539013183971980e-05
-15   -6.787846157312401e-07  -2.708570173658596e-05
-14   -7.332451601937882e-07  -2.902414191720612e-05
-13   -8.007885059970296e-07  -3.126172966683433e-05
-12   -8.859736717566090e-07  -3.387361274659779e-05
-11   -9.955284482372159e-07  -3.696245689322301e-05
-10   -1.139925824372311e-06  -4.067237993529566e-05
 -9   -1.335015246516794e-06  -4.521209812041609e-05
 -8   -1.627811255080453e-06  -5.089962172805561e-05
 -7   -2.011261894372705e-06  -5.822326510499224e-05
 -6   -4.605419398295263e-06  -6.835266180695170e-05
 -5   -3.703837965618807e-06  -8.186243832533795e-05
 -4   -1.960596648852384e-04  -1.308128395993097e-04
 -3   +2.680820932915105e-05  -1.311821771324160e-04
 -2   -7.636249873357231e-03  +1.148270283697190e-03
 -1   +7.209512319784076e-04  -4.319564906489740e-04
 +0   -2.891115253010651e+00  +0.000000000000000e+00
 +1   +7.209512319784076e-04  +4.319564906489740e-04
 +2   -7.636249873357231e-03  -1.148270283697190e-03
 +3   +2.680820932915105e-05  +1.311821771324160e-04
 +4   -1.960596648852384e-04  +1.308128395993097e-04
 +5   -3.703837965618807e-06  +8.186243832533795e-05
 +6   -4.605419398295263e-06  +6.835266180695170e-05
 +7   -2.011261894372705e-06  +5.822326510499224e-05
 +8   -1.627811255080453e-06  +5.089962172805561e-05
 +9   -1.335015246516794e-06  +4.521209812041609e-05
+10   -1.139925824372311e-06  +4.067237993529566e-05
+11   -9.955284482372159e-07  +3.696245689322301e-05
+12   -8.859736717566090e-07  +3.387361274659779e-05
+13   -8.007885059970296e-07  +3.126172966683433e-05
+14   -7.332451601937882e-07  +2.902414191720612e-05
+15   -6.787846157312401e-07  +2.708570173658596e-05
+16   -6.342324074826824e-07  +2.539013183971980e-05
+17   -5.973219899032183e-07  +2.389444767467972e-05
+18   -5.663999676429738e-07  +2.256524913628514e-05
+19   -5.402372283286977e-07  +2.137618879071905e-05
+20   -5.179046486566113e-07  +2.030620277883410e-05
+21   -4.986893111489822e-07  +1.933824904036415e-05
+22   -4.820368104496667e-07  +1.845839079054956e-05
+23   -4.675107558444829e-07  +1.765511980788267e-05
+24   -4.547638552511096e-07  +1.691884935218907e-05
+25   -4.435169399077873e-07  +1.624152908597305e-05
+26   -4.335435326826297e-07  +1.561634905902682e-05
+27   -4.246583485900246e-07  +1.503750961107504e-05
+28   -4.167086177401805e-07  +1.450004067537820e-05
+29   -4.095674710967334e-07  +1.399965853375138e-05
+30   -4.031288429806327e-07  +1.353265126899765e-05

