-30   +7.717973987518292e-08  +1.770542600238236e-06
-29   +7.974516231090883e-08  +1.831738917073412e-06
-28   +8.259144789284669e-08  +1.897319499901925e-06
-27   +8.576119140844980e-08  +1.967773670064955e-06
-26   +8.930539009418041e-08  +2.043666476963322e-06
-25   +9.328551661772220e-08  +2.125653958217988e-06
-24   +9.777621513597727e-08  +2.214502252478915e-06
-23   +1.028688455371491e-07  +2.311111747920571e-06
-22   +1.086761919921742e-07  +2.416547892120217e-06
-21   +1.153388014300020e-07  +2.532080911991853e-06
-20   +1.230336240035583e-07  +2.659237612091554e-06
-19   +1.319859731668947e-07  +2.799869773989465e-06
-18   +1.424863451160362e-07  +2.956245735909264e-06
-17   +1.549145040218029e-07  +3.131174896558928e-06
-16   +1.697746664021764e-07  +3.328179887767872e-06
-15   +1.877480701170757e-07  +3.551739257378907e-06
-14   +2.097735087195341e-07  +3.807637022809611e-06
-13   +2.371748170777482e-07  +4.103478363080412e-06
-12   +2.718662364408021e-07  +4.449474593103711e-06
-11   +3.167491504969742e-07  +4.859641128729376e-06
-10   +3.761322973221947e-07  +5.353951485021934e-06
 -9   +4.616917665838746e-07  +5.958367775400624e-06
 -8   +5.729958368687861e-07  +6.726627890856358e-06
 -7   +1.201141414747030e-06  +7.397642653612152e-06
 -6   +1.051257945505706e-06  +9.050763033264556e-06
 -5   +4.806684853165778e-05  -2.206357498550292e-05
 -4   +5.332731180695082e-06  +1.202362114817512e-05
 -3   +4.932532569449881e-03  -3.433914716942990e-03
 -2   -2.391372468117122e-04  +1.519838757725688e-04
 -1   +4.030043761639819e-01  -3.078387822648303e-01
 +0   +1.019871956270848e-04  +0.000000000000000e+00
 +1   +4.030043761639819e-01  +3.078387822648303e-01
 +2   -2.391372468117122e-04  -1.519838757725688e-04
 +3   +4.932532569449881e-03  +3.433914716942990e-03
 +4   +5.332731180695082e-06  -1.202362114817512e-05
 +5   +4.806684853165778e-05  +2.206357498550292e-05
 +6   +1.051257945505706e-06  -9.050763033264556e-06
 +7   +1.201141414747030e-06  -7.397642653612152e-06
 +8   +5.729958368687861e-07  -6.726627890856358e-06
 +9   +4.616917665838746e-07  -5.958367775400624e-06
+10   +3.761322973221947e-07  -5.353951485021934e-06
+11   +3.167491504969742e-07  -4.859641128729376e-06
+12   +2.718662364408021e-07  -4.449474593103711e-06
+13   +2.371748170777482e-07  -4.103478363080412e-06
+14   +2.097735087195341e-07  -3.807637022809611e-06
+15   +1.877480701170757e-07  -3.551739257378907e-06
+16   +1.697746664021764e-07  -3.328179887767872e-06
+17   +1.549145040218029e-07  -3.131174896558928e-06
+18   +1.424863451160362e-07  -2.956245735909264e-06
+19   +1.319859731668947e-07  -2.799869773989465e-06
+20   +1.230336240035583e-07  -2.659237612091554e-06
+21   +1.153388014300020e-07  -2.532080911991853e-06
+22   +1.086761919921742e-07  -2.416547892120217e-06
+23   +1.028688455371491e-07  -2.311111747920571e-06
+24   +9.777621513597727e-08  -2.214502252478915e-06
+25   +9.328551661772220e-08  -2.125653958217988e-06
+26   +8.930539009418041e-08  -2.043666476963322e-06
+27   +8.576119140844980e-08  -1.967773670064955e-06
+28   +8.259144789284669e-08  -1.897319499901925e-06
+29   +7.974516231090883e-08  -1.831738917073412e-06
+30   +7.717973987518292e-08  -1.770542600238236e-06

