-30   -1.105669472390504e-07  -4.027860875597004e-06
-29   -1.118316261251759e-07  -4.166957616687633e-06
-28   -1.132354014943439e-07  -4.316005924248414e-06
-27   -1.147994961534843e-07  -4.476114323431407e-06
-26   -1.165493512091373e-07  -4.648562454284197e-06
-25   -1.185156767082029e-07  -4.834835441903756e-06
-24   -1.207358214959959e-07  -5.036666904434518e-06
-23   -1.232555782880221e-07  -5.256093246313281e-06
-22   -1.261315919406333e-07  -5.495522853142921e-06
-21   -1.294346098183536e-07  -5.757825192397678e-06
-20   -1.332539343394952e-07  -6.046446850036559e-06
-19   -1.377036130077988e-07  -6.365564518512612e-06
-18   -1.429311921078390e-07  -6.720289460325682e-06
-17   -1.491303304257979e-07  -7.116944891635700e-06
-16   -1.565593596296211e-07  -7.563448615302388e-06
-15   -1.655692521419621e-07  -8.069850761752991e-06
-14   -1.766469143975605e-07  -8.649105554607398e-06
-13   -1.904842912292284e-07  -9.318205540037481e-06
-12   -2.080930533274187e-07  -1.009989664629322e-05
-11   -2.310007467730859e-07  -1.102534184279964e-05
-10   -2.616411456006249e-07  -1.213862738448235e-05
 -9   -3.039077552204081e-07  -1.350325564988753e-05
 -8   -3.678156510881610e-07  -1.523447925462373e-05
 -7   -4.585328580426977e-07  -1.743708100991768e-05
 -6   -8.992276582919431e-07  -2.224933514798429e-05
 -5   -9.575654501891202e-07  -2.490232921665769e-05
 -4   -2.843345868875921e-05  -2.191434642315335e-04
 -3   -1.393309422120468e-05  -8.165441619022645e-05
 -2   -5.226905748177611e-03  -2.784974582285654e-02
 -1   -1.339483827596515e-04  +6.505382009880326e-04
 +0   +1.686160280500070e-01  +0.000000000000000e+00
 +1   -1.339483827596515e-04  -6.505382009880326e-04
 +2   -5.226905748177611e-03  +2.784974582285654e-02
 +3   -1.393309422120468e-05  +8.165441619022645e-05
 +4   -2.843345868875921e-05  +2.191434642315335e-04
 +5   -9.575654501891202e-07  +2.490232921665769e-05
 +6   -8.992276582919431e-07  +2.224933514798429e-05
 +7   -4.585328580426977e-07  +1.743708100991768e-05
 +8   -3.678156510881610e-07  +1.523447925462373e-05
 +9   -3.039077552204081e-07  +1.350325564988753e-05
+10   -2.616411456006249e-07  +1.213862738448235e-05
+11   -2.310007467730859e-07  +1.102534184279964e-05
+12   -2.080930533274187e-07  +1.009989664629322e-05
+13   -1.904842912292284e-07  +9.318205540037481e-06
+14   -1.766469143975605e-07  +8.649105554607398e-06
+15   -1.655692521419621e-07  +8.069850761752991e-06
+16   -1.565593596296211e-07  +7.563448615302388e-06
+17   -1.491303304257979e-07  +7.116944891635700e-06
+18   -1.429311921078390e-07  +6.720289460325682e-06
+19   -1.377036130077988e-07  +6.365564518512612e-06
+20   -1.332539343394952e-07  +6.046446850036559e-06
+21   -1.294346098183536e-07  +5.757825192397678e-06
+22   -1.261315919406333e-07  +5.495522853142921e-06
+23   -1.232555782880221e-07  +5.256093246313281e-06
+24   -1.207358214959959e-07  +5.036666904434518e-06
+25   -1.185156767082029e-07  +4.834835441903756e-06
+26   -1.165493512091373e-07  +4.648562454284197e-06
+27   -1.147994961534843e-07  +4.476114323431407e-06
+28   -1.132354014943439e-07  +4.316005924248414e-06
+29   -1.118316261251759e-07  +4.166957616687633e-06
+30   -1.105669472390504e-07  +4.027860875597004e-06

