-30   -1.415761554290888e-08  +9.055270028769450e-07
-29   -1.661340596814678e-08  +9.368018894067618e-07
-28   -1.933727658454818e-08  +9.703147494570080e-07
-27   -2.236972738801308e-08  +1.006314946900454e-06
-26   -2.575920851772251e-08  +1.045090353218451e-06
-25   -2.956406975235087e-08  +1.086975086529650e-06
-24   -3.385509156458610e-08  +1.132359196521848e-06
-23   -3.871880612983588e-08  +1.181700893418386e-06
-22   -4.426189989165127e-08  +1.235542134754827e-06
-21   -5.061712503335774e-08  +1.294528702834038e-06
-20   -5.795133573951536e-08  +1.359436355904304e-06
-19   -6.647657554095821e-08  +1.431205319992715e-06
-18   -7.646561107299620e-08  +1.510986400657865e-06
-17   -8.827407932570668e-08  +1.600203568695513e-06
-16   -1.023726733642323e-07  +1.700640339398950e-06
-15   -1.193949378653963e-07  +1.814561244976338e-06
-14   -1.402099470264470e-07  +1.944886330129168e-06
-13   -1.660363674026514e-07  +2.095447583090578e-06
-12   -1.986238579707102e-07  +2.271378615288538e-06
-11   -2.406048788250919e-07  +2.479689148478428e-06
-10   -2.958246303714825e-07  +2.730394545428796e-06
 -9   -3.751187982730681e-07  +3.034786486991062e-06
 -8   -4.763417648145416e-07  +3.423944797646327e-06
 -7   -1.088035321526350e-06  +3.600563402077068e-06
 -6   -9.035983941128083e-07  +4.575992411410680e-06
 -5   -4.796619479527828e-05  -2.743666225585813e-05
 -4   -4.993149754003789e-06  +4.939768018857581e-06
 -3   -4.945415564479191e-03  -3.433773340021903e-03
 -2   +2.338067522996912e-04  +1.228445049476831e-04
 -1   -4.042133594731732e-01  -3.068998432763121e-01
 +0   -1.719984579462785e-04  +0.000000000000000e+00
 +1   -4.042133594731732e-01  +3.068998432763121e-01
 +2   +2.338067522996912e-04  -1.228445049476831e-04
 +3   -4.945415564479191e-03  +3.433773340021903e-03
 +4   -4.993149754003789e-06  -4.939768018857581e-06
 +5   -4.796619479527828e-05  +2.743666225585813e-05
 +6   -9.035983941128083e-07  -4.575992411410680e-06
 +7   -1.088035321526350e-06  -3.600563402077068e-06
 +8   -4.763417648145416e-07  -3.423944797646327e-06
 +9   -3.751187982730681e-07  -3.034786486991062e-06
+10   -2.958246303714825e-07  -2.730394545428796e-06
+11   -2.406048788250919e-07  -2.479689148478428e-06
+12   -1.986238579707102e-07  -2.271378615288538e-06
+13   -1.660363674026514e-07  -2.095447583090578e-06
+14   -1.402099470264470e-07  -1.944886330129168e-06
+15   -1.193949378653963e-07  -1.814561244976338e-06
+16   -1.023726733642323e-07  -1.700640339398950e-06
+17   -8.827407932570668e-08  -1.600203568695513e-06
+18   -7.646561107299620e-08  -1.510986400657865e-06
+19   -6.647657554095821e-08  -1.431205319992715e-06
+20   -5.795133573951536e-08  -1.359436355904304e-06
+21   -5.061712503335774e-08  -1.294528702834038e-06
+22   -4.426189989165127e-08  -1.235542134754827e-06
+23   -3.871880612983588e-08  -1.181700893418386e-06
+24   -3.385509156458610e-08  -1.132359196521848e-06
+25   -2.956406975235087e-08  -1.086975086529650e-06
+26   -2.575920851772251e-08  -1.045090353218451e-06
+27   -2.236972738801308e-08  -1.006314946900454e-06
+28   -1.933727658454818e-08  -9.703147494570080e-07
+29   -1.661340596814678e-08  -9.368018894067618e-07
+30   -1.415761554290888e-08  -9.055270028769450e-07

