-30   -1.987993256057795e-08  -3.305553410661008e-06
-29   -1.592777459951319e-08  -3.419631088784837e-06
-28   -1.154283063416739e-08  -3.541861848824919e-06
-27   -6.659445242113026e-09  -3.673152542428172e-06
-26   -1.199006613887689e-09  -3.814549731697382e-06
-25   +4.933251429888463e-09  -3.967267682120762e-06
-24   +1.185240992121449e-08  -4.132723368027265e-06
-23   +1.969933247866557e-08  -4.312580632575739e-06
-22   +2.864793466731799e-08  -4.508806424317523e-06
-21   +3.891496616078171e-08  -4.723743146188188e-06
-20   +5.077335361519287e-08  -4.960202780108573e-06
-19   +6.457066913519775e-08  -5.221590840019174e-06
-18   +8.075511360547021e-08  -5.512071805089521e-06
-17   +9.991273245234056e-08  -5.836793198632269e-06
-16   +1.228218016563984e-07  -6.202194115463724e-06
-15   +1.505341126058941e-07  -6.616437856064836e-06
-14   +1.844995908640702e-07  -7.090031199298504e-06
-13   +2.267629635137967e-07  -7.636731557734257e-06
-12   +2.802850566990077e-07  -8.274913574178458e-06
-11   +3.494862743234991e-07  -9.029678790984410e-06
-10   +4.412471300292920e-07  -9.936443239857928e-06
 -9   +5.665900748936084e-07  -1.104582592879069e-05
 -8   +7.475794486860842e-07  -1.245299895742201e-05
 -7   +1.010998303304382e-06  -1.422937197954562e-05
 -6   +1.723285745714970e-06  -1.845315426508463e-05
 -5   +2.233959864558076e-06  -2.022786818854457e-05
 -4   +3.063150870312353e-05  -2.130250519888628e-04
 -3   +1.687203907678713e-05  -7.223159948756250e-05
 -2   +5.237483415502809e-03  -2.783684908029530e-02
 -1   +4.162520293733304e-05  +7.139289110923055e-04
 +0   -1.686875800214628e-01  +0.000000000000000e+00
 +1   +4.162520293733304e-05  -7.139289110923055e-04
 +2   +5.237483415502809e-03  +2.783684908029530e-02
 +3   +1.687203907678713e-05  +7.223159948756250e-05
 +4   +3.063150870312353e-05  +2.130250519888628e-04
 +5   +2.233959864558076e-06  +2.022786818854457e-05
 +6   +1.723285745714970e-06  +1.845315426508463e-05
 +7   +1.010998303304382e-06  +1.422937197954562e-05
 +8   +7.475794486860842e-07  +1.245299895742201e-05
 +9   +5.665900748936084e-07  +1.104582592879069e-05
+10   +4.412471300292920e-07  +9.936443239857928e-06
+11   +3.494862743234991e-07  +9.029678790984410e-06
+12   +2.802850566990077e-07  +8.274913574178458e-06
+13   +2.267629635137967e-07  +7.636731557734257e-06
+14   +1.844995908640702e-07  +7.090031199298504e-06
+15   +1.505341126058941e-07  +6.616437856064836e-06
+16   +1.228218016563984e-07  +6.202194115463724e-06
+17   +9.991273245234056e-08  +5.836793198632269e-06
+18   +8.075511360547021e-08  +5.512071805089521e-06
+19   +6.457066913519775e-08  +5.221590840019174e-06
+20   +5.077335361519287e-08  +4.960202780108573e-06
+21   +3.891496616078171e-08  +4.723743146188188e-06
+22   +2.864793466731799e-08  +4.508806424317523e-06
+23   +1.969933247866557e-08  +4.312580632575739e-06
+24   +1.185240992121449e-08  +4.132723368027265e-06
+25   +4.933251429888463e-09  +3.967267682120762e-06
+26   -1.199006613887689e-09  +3.814549731697382e-06
+27   -6.659445242113026e-09  +3.673152542428172e-06
+28   -1.154283063416739e-08  +3.541861848824919e-06
+29   -1.592777459951319e-08  +3.419631088784837e-06
+30   -1.987993256057795e-08  +3.305553410661008e-06

