-30   -8.588915650852231e-11  +2.613594997369215e-09
-29   +8.740682315109676e-11  -2.710036241704932e-09
-28   -8.902384635281637e-11  +2.814083229919378e-09
-27   +9.074179608791228e-11  -2.926695098782059e-09
-26   -9.255918871979857e-11  +3.049002169201138e-09
-25   +9.446972859956939e-11  -3.182346377702694e-09
-24   -9.645942282588696e-11  +3.328333751322737e-09
-23   +9.850252240897671e-11  -3.488903396269031e-09
-22   -1.005551477496385e-10  +3.666419214162771e-09
-21   +1.025453472574263e-10  -3.863794047204535e-09
-20   -1.043575831223564e-10  +4.084659963732622e-09
-19   +1.058078305035483e-10  -4.333605796023598e-09
-18   -1.066034412238426e-10  +4.616515739580302e-09
-17   +1.062763837155481e-10  -4.941061559523802e-09
-16   -1.040701652445915e-10  +5.317436155274023e-09
-15   +9.874285351039786e-11  -5.759477591628632e-09
-14   -8.821475097629569e-11  +6.286442581971228e-09
-13   +6.887054556179994e-11  -6.925950180899927e-09
-12   -3.446393309545883e-11  +7.718767066788612e-09
-11   -3.131132251039984e-11  -8.732255991401571e-09
-10   +1.371835248930821e-10  +1.005516649766961e-08
 -9   -9.098760599597680e-10  -1.241212632025265e-08
 -8   +6.748242899200439e-10  +1.444135954080893e-08
 -7   -7.592186836452917e-08  -8.901746779192878e-08
 -6   -2.397707055429554e-09  +1.982027416167064e-08
 -5   -1.031375781737222e-05  -9.799541745753010e-06
 -4   -1.167909373549984e-07  -9.410984247111939e-08
 -3   -1.591846367085912e-03  -1.507163651698960e-03
 -2   +8.068952930703365e-05  +7.079377312198799e-05
 -1   -3.658505296329979e-01  -3.449139389058209e-01
 +0   -1.730665077758030e-05  +0.000000000000000e+00
 +1   -3.658505296329979e-01  +3.449139389058209e-01
 +2   +8.068952930703365e-05  -7.079377312198799e-05
 +3   -1.591846367085912e-03  +1.507163651698960e-03
 +4   -1.167909373549984e-07  +9.410984247111939e-08
 +5   -1.031375781737222e-05  +9.799541745753010e-06
 +6   -2.397707055429554e-09  -1.982027416167064e-08
 +7   -7.592186836452917e-08  +8.901746779192878e-08
 +8   +6.748242899200439e-10  -1.444135954080893e-08
 +9   -9.098760599597680e-10  +1.241212632025265e-08
+10   +1.371835248930821e-10  -1.005516649766961e-08
+11   -3.131132251039984e-11  +8.732255991401571e-09
+12   -3.446393309545883e-11  -7.718767066788612e-09
+13   +6.887054556179994e-11  +6.925950180899927e-09
+14   -8.821475097629569e-11  -6.286442581971228e-09
+15   +9.874285351039786e-11  +5.759477591628632e-09
+16   -1.040701652445915e-10  -5.317436155274023e-09
+17   +1.062763837155481e-10  +4.941061559523802e-09
+18   -1.066034412238426e-10  -4.616515739580302e-09
+19   +1.058078305035483e-10  +4.333605796023598e-09
+20   -1.043575831223564e-10  -4.084659963732622e-09
+21   +1.025453472574263e-10  +3.863794047204535e-09
+22   -1.005551477496385e-10  -3.666419214162771e-09
+23   +9.850252240897671e-11  +3.488903396269031e-09
+24   -9.645942282588696e-11  -3.328333751322737e-09
+25   +9.446972859956939e-11  +3.182346377702694e-09
+26   -9.255918871979857e-11  -3.049002169201138e-09
+27   +9.074179608791228e-11  +2.926695098782059e-09
+28   -8.902384635281637e-11  -2.814083229919378e-09
+29   +8.740682315109676e-11  +2.710036241704932e-09
+30   -8.588915650852231e-11  -2.613594997369215e-09

