-30   -1.310125294580506e-10  +4.268417493288460e-09
-29   +1.338892021239168e-10  -4.422130619393649e-09
-28   -1.371469605979796e-10  +4.587561088357888e-09
-27   +1.408568899548655e-10  -4.766128235172404e-09
-26   -1.451074868949575e-10  +4.959494076477751e-09
-25   +1.500099933015183e-10  -5.169618227072033e-09
-24   -1.557056364985162e-10  +5.398828465858745e-09
-23   +1.623757741815725e-10  -5.649912758033223e-09
-22   -1.702563670865137e-10  +5.926240262284842e-09
-21   +1.796585325647918e-10  -6.231923348440813e-09
-20   -1.909986467639702e-10  +6.572037366344807e-09
-19   +2.048434015429983e-10  -6.952923706178195e-09
-18   -2.219782691571113e-10  +7.382616243145411e-09
-17   +2.435147341228132e-10  -7.871453227442407e-09
-16   -2.710620808774242e-10  +8.432977306457476e-09
-15   +3.070123500567509e-10  -9.085294084730290e-09
-14   -3.550264037642040e-10  +9.853185982049604e-09
-13   +4.209420331435401e-10  -1.077155991336717e-08
-12   -5.142101769932293e-10  +1.189100255158865e-08
-11   +6.558973082039742e-10  -1.329244551308355e-08
-10   -8.620565308842009e-10  +1.508395882382690e-08
 -9   +1.771172990292426e-09  -1.801869732149785e-08
 -8   -1.728565198248270e-09  +2.077898431941285e-08
 -7   +7.726037247080568e-08  -9.631123733165095e-08
 -6   +6.121877129805515e-10  +2.842454052140415e-08
 -5   +1.031635873665011e-05  -9.810007487694475e-06
 -4   +1.127203279272198e-07  -8.046199165659095e-08
 -3   +1.591861376714169e-03  -1.507174829367251e-03
 -2   -8.071137782914597e-05  +7.083099202115479e-05
 -1   +3.658522552508622e-01  -3.449120576525969e-01
 +0   +1.734548191323576e-05  +0.000000000000000e+00
 +1   +3.658522552508622e-01  +3.449120576525969e-01
 +2   -8.071137782914597e-05  -7.083099202115479e-05
 +3   +1.591861376714169e-03  +1.507174829367251e-03
 +4   +1.127203279272198e-07  +8.046199165659095e-08
 +5   +1.031635873665011e-05  +9.810007487694475e-06
 +6   +6.121877129805515e-10  -2.842454052140415e-08
 +7   +7.726037247080568e-08  +9.631123733165095e-08
 +8   -1.728565198248270e-09  -2.077898431941285e-08
 +9   +1.771172990292426e-09  +1.801869732149785e-08
+10   -8.620565308842009e-10  -1.508395882382690e-08
+11   +6.558973082039742e-10  +1.329244551308355e-08
+12   -5.142101769932293e-10  -1.189100255158865e-08
+13   +4.209420331435401e-10  +1.077155991336717e-08
+14   -3.550264037642040e-10  -9.853185982049604e-09
+15   +3.070123500567509e-10  +9.085294084730290e-09
+16   -2.710620808774242e-10  -8.432977306457476e-09
+17   +2.435147341228132e-10  +7.871453227442407e-09
+18   -2.219782691571113e-10  -7.382616243145411e-09
+19   +2.048434015429983e-10  +6.952923706178195e-09
+20   -1.909986467639702e-10  -6.572037366344807e-09
+21   +1.796585325647918e-10  +6.231923348440813e-09
+22   -1.702563670865137e-10  -5.926240262284842e-09
+23   +1.623757741815725e-10  +5.649912758033223e-09
+24   -1.557056364985162e-10  -5.398828465858745e-09
+25   +1.500099933015183e-10  +5.169618227072033e-09
+26   -1.451074868949575e-10  -4.959494076477751e-09
+27   +1.408568899548655e-10  +4.766128235172404e-09
+28   -1.371469605979796e-10  -4.587561088357888e-09
+29   +1.338892021239168e-10  +4.422130619393649e-09
+30   -1.310125294580506e-10  -4.268417493288460e-09

