-30   -7.173069511307522e-08  -4.462314674309592e-06
-29   -6.955474509879609e-08  -4.616833056189108e-06
-28   -6.713886579714341e-08  -4.782453826560125e-06
-27   -6.444632198005062e-08  -4.960421172253884e-06
-26   -6.143305798199350e-08  -5.152172876088608e-06
-25   -5.804584106697446e-08  -5.359379580953567e-06
-24   -5.421988375314507e-08  -5.583994073630698e-06
-23   -4.987566606953987e-08  -5.828313654753311e-06
-22   -4.491471826192341e-08  -6.095059885216813e-06
-21   -3.921389656866010e-08  -6.387481651008832e-06
-20   -3.261753670926706e-08  -6.709489923650576e-06
-19   -2.492650196888477e-08  -7.065836277732023e-06
-18   -1.588267392211977e-08  -7.462352743147757e-06
-17   -5.146478653288460e-09  -7.906279280569964e-06
-16   +7.736275324306200e-09  -8.406718799915558e-06
-15   +2.338466158161231e-08  -8.975282246448183e-06
-14   +4.266087845201289e-08  -9.627024021964144e-06
-13   +6.679650412761544e-08  -1.038183474210729e-05
-12   +9.760131605757085e-08  -1.126657484855881e-05
-11   +1.378669841816323e-07  -1.231852000806187e-05
-10   +1.918809623203998e-07  -1.359076086683510e-05
 -9   +2.705659027864682e-07  -1.516738513341514e-05
 -8   +3.767904074827491e-07  -1.715714447206827e-05
 -7   +9.075292252419143e-07  -2.028711705903691e-05
 -6   +8.271807222594897e-07  -2.338856979550158e-05
 -5   +3.770984502731265e-05  -7.992582626103903e-05
 -4   -8.077958437369841e-07  -3.241696426871207e-05
 -3   +3.268347911420786e-03  -4.599185687627065e-03
 -2   -1.971465391708970e-04  +1.826771042134392e-04
 -1   +2.774338620137060e-01  -4.286816291741934e-01
 +0   -1.709491450136186e-04  +0.000000000000000e+00
 +1   +2.774338620137060e-01  +4.286816291741934e-01
 +2   -1.971465391708970e-04  -1.826771042134392e-04
 +3   +3.268347911420786e-03  +4.599185687627065e-03
 +4   -8.077958437369841e-07  +3.241696426871207e-05
 +5   +3.770984502731265e-05  +7.992582626103903e-05
 +6   +8.271807222594897e-07  +2.338856979550158e-05
 +7   +9.075292252419143e-07  +2.028711705903691e-05
 +8   +3.767904074827491e-07  +1.715714447206827e-05
 +9   +2.705659027864682e-07  +1.516738513341514e-05
+10   +1.918809623203998e-07  +1.359076086683510e-05
+11   +1.378669841816323e-07  +1.231852000806187e-05
+12   +9.760131605757085e-08  +1.126657484855881e-05
+13   +6.679650412761544e-08  +1.038183474210729e-05
+14   +4.266087845201289e-08  +9.627024021964144e-06
+15   +2.338466158161231e-08  +8.975282246448183e-06
+16   +7.736275324306200e-09  +8.406718799915558e-06
+17   -5.146478653288460e-09  +7.906279280569964e-06
+18   -1.588267392211977e-08  +7.462352743147757e-06
+19   -2.492650196888477e-08  +7.065836277732023e-06
+20   -3.261753670926706e-08  +6.709489923650576e-06
+21   -3.921389656866010e-08  +6.387481651008832e-06
+22   -4.491471826192341e-08  +6.095059885216813e-06
+23   -4.987566606953987e-08  +5.828313654753311e-06
+24   -5.421988375314507e-08  +5.583994073630698e-06
+25   -5.804584106697446e-08  +5.359379580953567e-06
+26   -6.143305798199350e-08  +5.152172876088608e-06
+27   -6.444632198005062e-08  +4.960421172253884e-06
+28   -6.713886579714341e-08  +4.782453826560125e-06
+29   -6.955474509879609e-08  +4.616833056189108e-06
+30   -7.173069511307522e-08  +4.462314674309592e-06

