-30   +2.607362215143716e-08  -4.988343777961647e-07
-29   +2.871435958888851e-08  -5.160403380321968e-07
-28   +3.164408260977454e-08  -5.344749234223028e-07
-27   +3.490659574106576e-08  -5.542746161315601e-07
-26   +3.855433772253330e-08  -5.755968886711313e-07
-25   +4.265051347410042e-08  -5.986243977246683e-07
-24   +4.727186023940317e-08  -6.235702277503206e-07
-23   +5.251228810231370e-08  -6.506845013710405e-07
-22   +5.848771425127644e-08  -6.802627877625334e-07
-21   +6.534256703355698e-08  -7.126569127889616e-07
-20   +7.325865495616930e-08  -7.482890041495747e-07
-19   +8.246743917526197e-08  -7.876699628416156e-07
-18   +9.326728789323462e-08  -8.314240766851913e-07
-17   +1.060481910595126e-07  -8.803222897049310e-07
-16   +1.213278525947335e-07  -9.353278973350468e-07
-15   +1.398056433899841e-07  -9.976604177150162e-07
-14   +1.624452800412383e-07  -1.068886654045029e-06
-13   +1.906058531247256e-07  -1.151053044998242e-06
-12   +2.262532139654470e-07  -1.246885140464755e-06
-11   +2.723698625720125e-07  -1.360058362544311e-06
-10   +3.333906838663427e-07  -1.495829063815799e-06
 -9   +4.213292343235697e-07  -1.658355063328391e-06
 -8   +5.358159239180049e-07  -1.867902347046072e-06
 -7   +1.175268276639648e-06  -1.805573165968569e-06
 -6   +1.019796787879372e-06  -2.463641405997174e-06
 -5   +4.838811119197904e-05  +3.015459732900490e-05
 -4   +4.946790980502869e-06  -1.749132113948495e-06
 -3   +4.952498822754970e-03  +3.442316210935410e-03
 -2   -2.339682671606440e-04  -1.149758582430879e-04
 -1   +4.041774317966677e-01  +3.069552393095201e-01
 +0   +1.481849141696786e-04  +0.000000000000000e+00
 +1   +4.041774317966677e-01  -3.069552393095201e-01
 +2   -2.339682671606440e-04  +1.149758582430879e-04
 +3   +4.952498822754970e-03  -3.442316210935410e-03
 +4   +4.946790980502869e-06  +1.749132113948495e-06
 +5   +4.838811119197904e-05  -3.015459732900490e-05
 +6   +1.019796787879372e-06  +2.463641405997174e-06
 +7   +1.175268276639648e-06  +1.805573165968569e-06
 +8   +5.358159239180049e-07  +1.867902347046072e-06
 +9   +4.213292343235697e-07  +1.658355063328391e-06
+10   +3.333906838663427e-07  +1.495829063815799e-06
+11   +2.723698625720125e-07  +1.360058362544311e-06
+12   +2.262532139654470e-07  +1.246885140464755e-06
+13   +1.906058531247256e-07  +1.151053044998242e-06
+14   +1.624452800412383e-07  +1.068886654045029e-06
+15   +1.398056433899841e-07  +9.976604177150162e-07
+16   +1.213278525947335e-07  +9.353278973350468e-07
+17   +1.060481910595126e-07  +8.803222897049310e-07
+18   +9.326728789323462e-08  +8.314240766851913e-07
+19   +8.246743917526197e-08  +7.876699628416156e-07
+20   +7.325865495616930e-08  +7.482890041495747e-07
+21   +6.534256703355698e-08  +7.126569127889616e-07
+22   +5.848771425127644e-08  +6.802627877625334e-07
+23   +5.251228810231370e-08  +6.506845013710405e-07
+24   +4.727186023940317e-08  +6.235702277503206e-07
+25   +4.265051347410042e-08  +5.986243977246683e-07
+26   +3.855433772253330e-08  +5.755968886711313e-07
+27   +3.490659574106576e-08  +5.542746161315601e-07
+28   +3.164408260977454e-08  +5.344749234223028e-07
+29   +2.871435958888851e-08  +5.160403380321968e-07
+30   +2.607362215143716e-08  +4.988343777961647e-07

