-30   -2.375221003813410e-08  -1.231058467233104e-06
-29   -2.343077242708077e-08  -1.273560747891435e-06
-28   -2.307411760876263e-08  -1.319102582541556e-06
-27   -2.267689837484911e-08  -1.368022352127824e-06
-26   -2.223271332624776e-08  -1.420710629280721e-06
-25   -2.173384249555526e-08  -1.477620648279814e-06
-24   -2.117091104681663e-08  -1.539281405254604e-06
-23   -2.053244074048812e-08  -1.606314190573195e-06
-22   -1.980425656394033e-08  -1.679453647599608e-06
-21   -1.896868863763715e-08  -1.759574882078652e-06
-20   -1.800348065312032e-08  -1.847728745631626e-06
-19   -1.688027892693496e-08  -1.945188327668678e-06
-18   -1.556250928417203e-08  -2.053511048256065e-06
-17   -1.400232345697386e-08  -2.174622818013537e-06
-16   -1.213615022348477e-08  -2.310934012799435e-06
-15   -9.878018256378323e-09  -2.465502245807177e-06
-14   -7.109326512089530e-09  -2.642265579261898e-06
-13   -3.662701328890163e-09  -2.846384590304273e-06
-12   +7.046125353619638e-10  -3.084757421289471e-06
-11   +6.351357579108511e-09  -3.366822920232707e-06
-10   +1.385253168434661e-08  -3.705834032517518e-06
 -9   +2.359459998809571e-08  -4.121409679140301e-06
 -8   +3.865910168899247e-08  -4.641536066425141e-06
 -7   -7.200988223418506e-09  -5.360783273690282e-06
 -6   +9.467626150467263e-08  -6.214870302692545e-06
 -5   -8.983803690119845e-06  -1.390233189103221e-05
 -4   +1.649320402405357e-06  -8.633496266496813e-06
 -3   -1.121311166337906e-03  -8.237255261912184e-04
 -2   +6.968185552481569e-05  +6.269411938390448e-05
 -1   +4.043170003108529e-01  +2.943915674282314e-01
 +0   -2.999022020052814e-04  +0.000000000000000e+00
 +1   +4.043170003108529e-01  -2.943915674282314e-01
 +2   +6.968185552481569e-05  -6.269411938390448e-05
 +3   -1.121311166337906e-03  +8.237255261912184e-04
 +4   +1.649320402405357e-06  +8.633496266496813e-06
 +5   -8.983803690119845e-06  +1.390233189103221e-05
 +6   +9.467626150467263e-08  +6.214870302692545e-06
 +7   -7.200988223418506e-09  +5.360783273690282e-06
 +8   +3.865910168899247e-08  +4.641536066425141e-06
 +9   +2.359459998809571e-08  +4.121409679140301e-06
+10   +1.385253168434661e-08  +3.705834032517518e-06
+11   +6.351357579108511e-09  +3.366822920232707e-06
+12   +7.046125353619638e-10  +3.084757421289471e-06
+13   -3.662701328890163e-09  +2.846384590304273e-06
+14   -7.109326512089530e-09  +2.642265579261898e-06
+15   -9.878018256378323e-09  +2.465502245807177e-06
+16   -1.213615022348477e-08  +2.310934012799435e-06
+17   -1.400232345697386e-08  +2.174622818013537e-06
+18   -1.556250928417203e-08  +2.053511048256065e-06
+19   -1.688027892693496e-08  +1.945188327668678e-06
+20   -1.800348065312032e-08  +1.847728745631626e-06
+21   -1.896868863763715e-08  +1.759574882078652e-06
+22   -1.980425656394033e-08  +1.679453647599608e-06
+23   -2.053244074048812e-08  +1.606314190573195e-06
+24   -2.117091104681663e-08  +1.539281405254604e-06
+25   -2.173384249555526e-08  +1.477620648279814e-06
+26   -2.223271332624776e-08  +1.420710629280721e-06
+27   -2.267689837484911e-08  +1.368022352127824e-06
+28   -2.307411760876263e-08  +1.319102582541556e-06
+29   -2.343077242708077e-08  +1.273560747891435e-06
+30   -2.375221003813410e-08  +1.231058467233104e-06

