-30   -1.119720892932823e-07  -4.592801873935718e-06
-29   -1.124130538356177e-07  -4.751880059996904e-06
-28   -1.129000097517323e-07  -4.922392951286768e-06
-27   -1.134394677867448e-07  -5.105622711540156e-06
-26   -1.140391193014248e-07  -5.303051159450860e-06
-25   -1.147080694569632e-07  -5.516400300002752e-06
-24   -1.154571713880316e-07  -5.747683211743862e-06
-23   -1.162994113539507e-07  -5.999268460218050e-06
-22   -1.172504158038915e-07  -6.273962485028458e-06
-21   -1.183290758004952e-07  -6.575116109239009e-06
-20   -1.195583395211288e-07  -6.906763858877660e-06
-19   -1.209661897318768e-07  -7.273808598967755e-06
-18   -1.225868658667916e-07  -7.682269728227968e-06
-17   -1.244622792059791e-07  -8.139622240102913e-06
-16   -1.266436175457980e-07  -8.655268153976047e-06
-15   -1.291928039134066e-07  -9.241205389037412e-06
-14   -1.321830856453947e-07  -9.912998607759807e-06
-13   -1.356966674986064e-07  -1.069122585185605e-05
-12   -1.398145067004643e-07  -1.160370039479413e-05
-11   -1.445808025523534e-07  -1.268901391040122e-05
-10   -1.499311514886653e-07  -1.400239183285680e-05
 -9   -1.550201263582359e-07  -1.562659897379314e-05
 -8   -1.595426378229786e-07  -1.768829122456191e-05
 -7   -1.113664788733742e-07  -2.046899578091940e-05
 -6   -1.412530430496829e-07  -2.414646124477759e-05
 -5   +5.796225137183154e-06  -3.812403880923988e-05
 -4   +2.624793603881405e-07  -3.885398152756109e-05
 -3   +9.222387685185240e-04  -1.425798436709947e-03
 -2   -3.455212413614101e-05  +5.236505731098277e-05
 -1   +5.811104479769129e-01  -8.257484550506289e-01
 +0   -1.514699583257203e-04  +0.000000000000000e+00
 +1   +5.811104479769129e-01  +8.257484550506289e-01
 +2   -3.455212413614101e-05  -5.236505731098277e-05
 +3   +9.222387685185240e-04  +1.425798436709947e-03
 +4   +2.624793603881405e-07  +3.885398152756109e-05
 +5   +5.796225137183154e-06  +3.812403880923988e-05
 +6   -1.412530430496829e-07  +2.414646124477759e-05
 +7   -1.113664788733742e-07  +2.046899578091940e-05
 +8   -1.595426378229786e-07  +1.768829122456191e-05
 +9   -1.550201263582359e-07  +1.562659897379314e-05
+10   -1.499311514886653e-07  +1.400239183285680e-05
+11   -1.445808025523534e-07  +1.268901391040122e-05
+12   -1.398145067004643e-07  +1.160370039479413e-05
+13   -1.356966674986064e-07  +1.069122585185605e-05
+14   -1.321830856453947e-07  +9.912998607759807e-06
+15   -1.291928039134066e-07  +9.241205389037412e-06
+16   -1.266436175457980e-07  +8.655268153976047e-06
+17   -1.244622792059791e-07  +8.139622240102913e-06
+18   -1.225868658667916e-07  +7.682269728227968e-06
+19   -1.209661897318768e-07  +7.273808598967755e-06
+20   -1.195583395211288e-07  +6.906763858877660e-06
+21   -1.183290758004952e-07  +6.575116109239009e-06
+22   -1.172504158038915e-07  +6.273962485028458e-06
+23   -1.162994113539507e-07  +5.999268460218050e-06
+24   -1.154571713880316e-07  +5.747683211743862e-06
+25   -1.147080694569632e-07  +5.516400300002752e-06
+26   -1.140391193014248e-07  +5.303051159450860e-06
+27   -1.134394677867448e-07  +5.105622711540156e-06
+28   -1.129000097517323e-07  +4.922392951286768e-06
+29   -1.124130538356177e-07  +4.751880059996904e-06
+30   -1.119720892932823e-07  +4.592801873935718e-06

