-30   -7.415699253369233e-07  -1.355806737593320e-05
-29   -7.717384954714119e-07  -1.402613549765132e-05
-28   -8.052015229654135e-07  -1.452767516402623e-05
-27   -8.424569565202730e-07  -1.506641232714048e-05
-26   -8.841005515999032e-07  -1.564664757328632e-05
-25   -9.308498736699557e-07  -1.627337141016801e-05
-24   -9.835754705406820e-07  -1.695240849716878e-05
-23   -1.043341783266398e-06  -1.769059965068789e-05
-22   -1.111461392244364e-06  -1.849603372575806e-05
-21   -1.189567879266448e-06  -1.937834608968840e-05
-20   -1.279714929898018e-06  -2.034910713716619e-05
-19   -1.384513112273654e-06  -2.142233425491438e-05
-18   -1.507321614287351e-06  -2.261517563388091e-05
-17   -1.652521770322397e-06  -2.394883728125482e-05
-16   -1.825914914423139e-06  -2.544986072768331e-05
-15   -2.035313631949577e-06  -2.715191685292634e-05
-14   -2.291442208066312e-06  -2.909837730598523e-05
-13   -2.609346123652961e-06  -3.134608840820736e-05
-12   -3.010671762339607e-06  -3.397106181125315e-05
-11   -3.527476105841848e-06  -3.707732505235421e-05
-10   -4.209114135224561e-06  -4.081124203971829e-05
 -9   -5.133628881334936e-06  -4.538543461872529e-05
 -8   -6.453271003438449e-06  -5.112525489678797e-05
 -7   -8.347457161669098e-06  -5.853372211072884e-05
 -6   -1.332935914052872e-05  -6.881775894579589e-05
 -5   -1.634641230186081e-05  -8.264618548025359e-05
 -4   -2.175268642530608e-04  -1.325058000106522e-04
 -3   -4.636113134877739e-06  -1.368890879255607e-04
 -2   -7.770510843648927e-03  +1.126218145831994e-03
 -1   +9.247344505748886e-04  -7.054637003951400e-04
 +0   -2.890686134273600e+00  +0.000000000000000e+00
 +1   +9.247344505748886e-04  +7.054637003951400e-04
 +2   -7.770510843648927e-03  -1.126218145831994e-03
 +3   -4.636113134877739e-06  +1.368890879255607e-04
 +4   -2.175268642530608e-04  +1.325058000106522e-04
 +5   -1.634641230186081e-05  +8.264618548025359e-05
 +6   -1.332935914052872e-05  +6.881775894579589e-05
 +7   -8.347457161669098e-06  +5.853372211072884e-05
 +8   -6.453271003438449e-06  +5.112525489678797e-05
 +9   -5.133628881334936e-06  +4.538543461872529e-05
+10   -4.209114135224561e-06  +4.081124203971829e-05
+11   -3.527476105841848e-06  +3.707732505235421e-05
+12   -3.010671762339607e-06  +3.397106181125315e-05
+13   -2.609346123652961e-06  +3.134608840820736e-05
+14   -2.291442208066312e-06  +2.909837730598523e-05
+15   -2.035313631949577e-06  +2.715191685292634e-05
+16   -1.825914914423139e-06  +2.544986072768331e-05
+17   -1.652521770322397e-06  +2.394883728125482e-05
+18   -1.507321614287351e-06  +2.261517563388091e-05
+19   -1.384513112273654e-06  +2.142233425491438e-05
+20   -1.279714929898018e-06  +2.034910713716619e-05
+21   -1.189567879266448e-06  +1.937834608968840e-05
+22   -1.111461392244364e-06  +1.849603372575806e-05
+23   -1.043341783266398e-06  +1.769059965068789e-05
+24   -9.835754705406820e-07  +1.695240849716878e-05
+25   -9.308498736699557e-07  +1.627337141016801e-05
+26   -8.841005515999032e-07  +1.564664757328632e-05
+27   -8.424569565202730e-07  +1.506641232714048e-05
+28   -8.052015229654135e-07  +1.452767516402623e-05
+29   -7.717384954714119e-07  +1.402613549765132e-05
+30   -7.415699253369233e-07  +1.355806737593320e-05

