-30   -5.814840164620490e-08  -7.522773983006842e-06
-29   -5.007246324005722e-08  -7.782752749953398e-06
-28   -4.111252925237145e-08  -8.061353013583686e-06
-27   -3.113456829654973e-08  -8.360652438626247e-06
-26   -1.997811812129917e-08  -8.683050095574246e-06
-25   -7.449766882599055e-09  -9.031331192775714e-06
-24   +6.685323326842728e-09  -9.408748135738978e-06
-23   +2.271455647128916e-08  -9.819122933510463e-06
-22   +4.099270688149358e-08  -1.026697782169108e-05
-21   +6.196183004054002e-08  -1.075770363282307e-05
-20   +8.617841856249670e-08  -1.129777930498578e-05
-19   +1.143509661320071e-07  -1.189506166350746e-05
-18   +1.473927845614749e-07  -1.255917327721765e-05
-17   +1.864976160789751e-07  -1.330202953953570e-05
-16   +2.332500346347775e-07  -1.413856720764008e-05
-15   +2.897903151416763e-07  -1.508777070946734e-05
-14   +3.590669156342793e-07  -1.617414930092613e-05
-13   +4.452344258851692e-07  -1.742991557933362e-05
-12   +5.543023175489264e-07  -1.889829208357549e-05
-11   +6.952319208860722e-07  -2.063868353353291e-05
-10   +8.819164112837095e-07  -2.273530647566784e-05
 -9   +1.136692204208431e-06  -2.531074924093519e-05
 -8   +1.500911127273223e-06  -2.857164640136123e-05
 -7   +2.036757550940306e-06  -3.276994978834650e-05
 -6   +3.181507097221580e-06  -4.032290007454164e-05
 -5   +4.471790191437948e-06  -4.687115602337894e-05
 -4   +3.439622518941388e-05  -2.480753876146549e-04
 -3   +2.711731974698219e-05  -1.174350291347753e-04
 -2   +5.255774489916329e-03  -2.791596621099629e-02
 -1   +2.887790445984281e-04  +7.935580204681873e-04
 +0   -1.681308056703714e-01  +0.000000000000000e+00
 +1   +2.887790445984281e-04  -7.935580204681873e-04
 +2   +5.255774489916329e-03  +2.791596621099629e-02
 +3   +2.711731974698219e-05  +1.174350291347753e-04
 +4   +3.439622518941388e-05  +2.480753876146549e-04
 +5   +4.471790191437948e-06  +4.687115602337894e-05
 +6   +3.181507097221580e-06  +4.032290007454164e-05
 +7   +2.036757550940306e-06  +3.276994978834650e-05
 +8   +1.500911127273223e-06  +2.857164640136123e-05
 +9   +1.136692204208431e-06  +2.531074924093519e-05
+10   +8.819164112837095e-07  +2.273530647566784e-05
+11   +6.952319208860722e-07  +2.063868353353291e-05
+12   +5.543023175489264e-07  +1.889829208357549e-05
+13   +4.452344258851692e-07  +1.742991557933362e-05
+14   +3.590669156342793e-07  +1.617414930092613e-05
+15   +2.897903151416763e-07  +1.508777070946734e-05
+16   +2.332500346347775e-07  +1.413856720764008e-05
+17   +1.864976160789751e-07  +1.330202953953570e-05
+18   +1.473927845614749e-07  +1.255917327721765e-05
+19   +1.143509661320071e-07  +1.189506166350746e-05
+20   +8.617841856249670e-08  +1.129777930498578e-05
+21   +6.196183004054002e-08  +1.075770363282307e-05
+22   +4.099270688149358e-08  +1.026697782169108e-05
+23   +2.271455647128916e-08  +9.819122933510463e-06
+24   +6.685323326842728e-09  +9.408748135738978e-06
+25   -7.449766882599055e-09  +9.031331192775714e-06
+26   -1.997811812129917e-08  +8.683050095574246e-06
+27   -3.113456829654973e-08  +8.360652438626247e-06
+28   -4.111252925237145e-08  +8.061353013583686e-06
+29   -5.007246324005722e-08  +7.782752749953398e-06
+30   -5.814840164620490e-08  +7.522773983006842e-06

