-30   -5.531583226213560e-08  -6.749250090667921e-06
-29   -4.829588115855495e-08  -6.982462023435804e-06
-28   -4.050830360356173e-08  -7.232374156599011e-06
-27   -3.183686952333234e-08  -7.500849122015781e-06
-26   -2.214246854175177e-08  -7.790037549075081e-06
-25   -1.125747818290131e-08  -8.102436028408385e-06
-24   +1.021552506839181e-09  -8.440959684096304e-06
-23   +1.494351345148783e-08  -8.809033837734694e-06
-22   +3.081549462171097e-08  -9.210710900431289e-06
-21   +4.901993197658223e-08  -9.650821004276659e-06
-20   +7.003797078295494e-08  -1.013516831829790e-05
-19   +9.448174207894904e-08  -1.067079011123126e-05
-18   +1.231396809702215e-07  -1.126630333140676e-05
-17   +1.570412988731872e-07  -1.193237532634704e-05
-16   +1.975515656702480e-07  -1.268237402244147e-05
-15   +2.465115236629210e-07  -1.353328304201201e-05
-14   +3.064529880114987e-07  -1.450701732890988e-05
-13   +3.809357276562726e-07  -1.563236067997739e-05
-12   +4.750942779913992e-07  -1.694789890778881e-05
-11   +5.965586653932472e-07  -1.850660584419587e-05
-10   +7.570698457785596e-07  -2.038326602359380e-05
 -9   +9.754963459742456e-07  -2.268719325119269e-05
 -8   +1.283280022947346e-06  -2.558239128813139e-05
 -7   +1.739224005974061e-06  -2.934236039921656e-05
 -6   +2.396528745498819e-06  -3.411435371506301e-05
 -5   +3.675955689612236e-06  -4.167941429906668e-05
 -4   -1.504889541871772e-06  -1.260210804624429e-05
 -3   +1.789840009808399e-05  -9.388955744613486e-05
 -2   +5.064728888553811e-03  -4.557112457431669e-03
 -1   +2.377601756607407e-04  -2.242646597783286e-04
 +0   -3.374095586662196e-01  +0.000000000000000e+00
 +1   +2.377601756607407e-04  +2.242646597783286e-04
 +2   +5.064728888553811e-03  +4.557112457431669e-03
 +3   +1.789840009808399e-05  +9.388955744613486e-05
 +4   -1.504889541871772e-06  +1.260210804624429e-05
 +5   +3.675955689612236e-06  +4.167941429906668e-05
 +6   +2.396528745498819e-06  +3.411435371506301e-05
 +7   +1.739224005974061e-06  +2.934236039921656e-05
 +8   +1.283280022947346e-06  +2.558239128813139e-05
 +9   +9.754963459742456e-07  +2.268719325119269e-05
+10   +7.570698457785596e-07  +2.038326602359380e-05
+11   +5.965586653932472e-07  +1.850660584419587e-05
+12   +4.750942779913992e-07  +1.694789890778881e-05
+13   +3.809357276562726e-07  +1.563236067997739e-05
+14   +3.064529880114987e-07  +1.450701732890988e-05
+15   +2.465115236629210e-07  +1.353328304201201e-05
+16   +1.975515656702480e-07  +1.268237402244147e-05
+17   +1.570412988731872e-07  +1.193237532634704e-05
+18   +1.231396809702215e-07  +1.126630333140676e-05
+19   +9.448174207894904e-08  +1.067079011123126e-05
+20   +7.003797078295494e-08  +1.013516831829790e-05
+21   +4.901993197658223e-08  +9.650821004276659e-06
+22   +3.081549462171097e-08  +9.210710900431289e-06
+23   +1.494351345148783e-08  +8.809033837734694e-06
+24   +1.021552506839181e-09  +8.440959684096304e-06
+25   -1.125747818290131e-08  +8.102436028408385e-06
+26   -2.214246854175177e-08  +7.790037549075081e-06
+27   -3.183686952333234e-08  +7.500849122015781e-06
+28   -4.050830360356173e-08  +7.232374156599011e-06
+29   -4.829588115855495e-08  +6.982462023435804e-06
+30   -5.531583226213560e-08  +6.749250090667921e-06

