-30   -9.267038308904013e-07  -1.458041611184930e-05
-29   -9.682226888429058e-07  -1.508402711801585e-05
-28   -1.014275035120963e-06  -1.562367938841449e-05
-27   -1.065546003461646e-06  -1.620338931876148e-05
-26   -1.122855277307110e-06  -1.682779362532176e-05
-25   -1.187190103158182e-06  -1.750227402720302e-05
-24   -1.259748159813792e-06  -1.823311329774237e-05
-23   -1.341993815867986e-06  -1.902769228866813e-05
-22   -1.435732721297668e-06  -1.989474108925693e-05
-21   -1.543211982489575e-06  -2.084466251807436e-05
-20   -1.667256398942212e-06  -2.188995351944600e-05
-19   -1.811456463051404e-06  -2.304576091217572e-05
-18   -1.980431857417421e-06  -2.433062440327771e-05
-17   -2.180207271150683e-06  -2.576748497305688e-05
-16   -2.418758879973903e-06  -2.738507654094351e-05
-15   -2.706826218104695e-06  -2.921988276154227e-05
-14   -3.059148054256460e-06  -3.131894711572861e-05
-13   -3.496396001677598e-06  -3.374400601413655e-05
-12   -4.048296944327943e-06  -3.657773696058835e-05
-11   -4.758860510544267e-06  -3.993350909249379e-05
-10   -5.695538749119773e-06  -4.397118307200756e-05
 -9   -6.965922447752723e-06  -4.892385089145085e-05
 -8   -8.753194519323808e-06  -5.514614453498328e-05
 -7   -1.137301884099644e-05  -6.320382345794686e-05
 -6   -1.575290982749926e-05  -7.412038551629805e-05
 -5   -2.234332558258594e-05  -8.958569473414600e-05
 -4   -7.613003467914143e-05  -1.208030600933805e-04
 -3   -8.059197100149134e-05  -1.651828976749236e-04
 -2   -1.692010067227862e-02  -7.412937579160801e-03
 -1   +8.562135236226875e-04  -8.933416092049336e-04
 +0   -2.830031817259442e+00  +0.000000000000000e+00
 +1   +8.562135236226875e-04  +8.933416092049336e-04
 +2   -1.692010067227862e-02  +7.412937579160801e-03
 +3   -8.059197100149134e-05  +1.651828976749236e-04
 +4   -7.613003467914143e-05  +1.208030600933805e-04
 +5   -2.234332558258594e-05  +8.958569473414600e-05
 +6   -1.575290982749926e-05  +7.412038551629805e-05
 +7   -1.137301884099644e-05  +6.320382345794686e-05
 +8   -8.753194519323808e-06  +5.514614453498328e-05
 +9   -6.965922447752723e-06  +4.892385089145085e-05
+10   -5.695538749119773e-06  +4.397118307200756e-05
+11   -4.758860510544267e-06  +3.993350909249379e-05
+12   -4.048296944327943e-06  +3.657773696058835e-05
+13   -3.496396001677598e-06  +3.374400601413655e-05
+14   -3.059148054256460e-06  +3.131894711572861e-05
+15   -2.706826218104695e-06  +2.921988276154227e-05
+16   -2.418758879973903e-06  +2.738507654094351e-05
+17   -2.180207271150683e-06  +2.576748497305688e-05
+18   -1.980431857417421e-06  +2.433062440327771e-05
+19   -1.811456463051404e-06  +2.304576091217572e-05
+20   -1.667256398942212e-06  +2.188995351944600e-05
+21   -1.543211982489575e-06  +2.084466251807436e-05
+22   -1.435732721297668e-06  +1.989474108925693e-05
+23   -1.341993815867986e-06  +1.902769228866813e-05
+24   -1.259748159813792e-06  +1.823311329774237e-05
+25   -1.187190103158182e-06  +1.750227402720302e-05
+26   -1.122855277307110e-06  +1.682779362532176e-05
+27   -1.065546003461646e-06  +1.620338931876148e-05
+28   -1.014275035120963e-06  +1.562367938841449e-05
+29   -9.682226888429058e-07  +1.508402711801585e-05
+30   -9.267038308904013e-07  +1.458041611184930e-05

