-30   -1.310125168218066e-10  +4.268417461551685e-09
-29   +1.338892038250508e-10  -4.422130582788236e-09
-28   -1.371469538630994e-10  +4.587561065837682e-09
-27   +1.408568777090076e-10  -4.766128205787466e-09
-26   -1.451074887759554e-10  +4.959494045103046e-09
-25   +1.500099975791980e-10  -5.169618196178482e-09
-24   -1.557056405801021e-10  +5.398828439045439e-09
-23   +1.623757676312353e-10  -5.649912717929245e-09
-22   -1.702563752127575e-10  +5.926240228016012e-09
-21   +1.796585230352704e-10  -6.231923302824819e-09
-20   -1.909986589822800e-10  +6.572037329134237e-09
-19   +2.048433915210656e-10  -6.952923665526326e-09
-18   -2.219782770842445e-10  +7.382616186244768e-09
-17   +2.435147425726627e-10  -7.871453192703359e-09
-16   -2.710620796041895e-10  +8.432977255269497e-09
-15   +3.070123687189747e-10  -9.085294031916017e-09
-14   -3.550264294437336e-10  +9.853185917541288e-09
-13   +4.209420246185135e-10  -1.077155984557059e-08
-12   -5.142101804887700e-10  +1.189100242566387e-08
-11   +6.558973154826771e-10  -1.329244545320333e-08
-10   -8.620565238183751e-10  +1.508395872513950e-08
 -9   +1.771173026060674e-09  -1.801869721738771e-08
 -8   -1.728565191799823e-09  +2.077898418814139e-08
 -7   +7.726037243773921e-08  -9.631123716366080e-08
 -6   +6.121876898465469e-10  +2.842454038598452e-08
 -5   +1.031635873661213e-05  -9.810007487569246e-06
 -4   +1.127203278613800e-07  -8.046199188976453e-08
 -3   +1.591861376714325e-03  -1.507174829366899e-03
 -2   -8.071137782965907e-05  +7.083099202042067e-05
 -1   +3.658522552508623e-01  -3.449120576525969e-01
 +0   +1.734548191433836e-05  +0.000000000000000e+00
 +1   +3.658522552508623e-01  +3.449120576525969e-01
 +2   -8.071137782965907e-05  -7.083099202042067e-05
 +3   +1.591861376714325e-03  +1.507174829366899e-03
 +4   +1.127203278613800e-07  +8.046199188976453e-08
 +5   +1.031635873661213e-05  +9.810007487569246e-06
 +6   +6.121876898465469e-10  -2.842454038598452e-08
 +7   +7.726037243773921e-08  +9.631123716366080e-08
 +8   -1.728565191799823e-09  -2.077898418814139e-08
 +9   +1.771173026060674e-09  +1.801869721738771e-08
+10   -8.620565238183751e-10  -1.508395872513950e-08
+11   +6.558973154826771e-10  +1.329244545320333e-08
+12   -5.142101804887700e-10  -1.189100242566387e-08
+13   +4.209420246185135e-10  +1.077155984557059e-08
+14   -3.550264294437336e-10  -9.853185917541288e-09
+15   +3.070123687189747e-10  +9.085294031916017e-09
+16   -2.710620796041895e-10  -8.432977255269497e-09
+17   +2.435147425726627e-10  +7.871453192703359e-09
+18   -2.219782770842445e-10  -7.382616186244768e-09
+19   +2.048433915210656e-10  +6.952923665526326e-09
+20   -1.909986589822800e-10  -6.572037329134237e-09
+21   +1.796585230352704e-10  +6.231923302824819e-09
+22   -1.702563752127575e-10  -5.926240228016012e-09
+23   +1.623757676312353e-10  +5.649912717929245e-09
+24   -1.557056405801021e-10  -5.398828439045439e-09
+25   +1.500099975791980e-10  +5.169618196178482e-09
+26   -1.451074887759554e-10  -4.959494045103046e-09
+27   +1.408568777090076e-10  +4.766128205787466e-09
+28   -1.371469538630994e-10  -4.587561065837682e-09
+29   +1.338892038250508e-10  +4.422130582788236e-09
+30   -1.310125168218066e-10  -4.268417461551685e-09

