-30   +1.329847387786479e-10  +9.797608887782774e-10
-29   -1.441342553933497e-10  -1.013643875476451e-09
-28   +1.565369761153706e-10  +1.049958926505543e-09
-27   -1.703894174692803e-10  -1.088978661592464e-09
-26   +1.859285659043206e-10  +1.131018361448075e-09
-25   -2.034423646409078e-10  -1.176444573954337e-09
-24   +2.232833272190915e-10  +1.225686126562435e-09
-23   -2.458871149053492e-10  -1.279248078378274e-09
-22   +2.717974110341474e-10  +1.337729755973868e-09
-21   -3.016998977654316e-10  -1.401848100153325e-09
-20   +3.364698697165867e-10  +1.472468529771467e-09
-19   -3.772393111750349e-10  -1.550646376263649e-09
-18   +4.254940161554157e-10  +1.637683439142325e-09
-17   -4.832167334611328e-10  -1.735206685801866e-09
-16   +5.531034988454727e-10  +1.845280667131264e-09
-15   -6.388994958495758e-10  -1.970572311535256e-09
-14   +7.459375065479442e-10  +2.114601097127498e-09
-13   -8.820356380021256e-10  -2.282137588523969e-09
-12   +1.059033794790524e-09  +2.479845132590842e-09
-11   -1.296058500584762e-09  -2.717904444641002e-09
-10   +1.622837308215764e-09  +3.009953946747771e-09
 -9   -2.159059567597904e-09  -3.449580997424888e-09
 -8   +2.807600999917825e-09  +3.869903864861816e-09
 -7   -1.472942484374164e-08  -1.593434344506189e-08
 -6   +5.147257937419877e-09  +4.714105030115577e-09
 -5   -2.080811527711971e-06  -2.198145635591076e-06
 -4   -2.096427786664833e-08  -2.257591781198671e-08
 -3   -5.261107016375287e-04  -5.575852211028504e-04
 -2   +3.637181164112166e-05  +4.198045514317198e-05
 -1   -3.396498336343892e-01  -3.645467337999986e-01
 +0   -2.058925713265440e-04  +0.000000000000000e+00
 +1   -3.396498336343892e-01  +3.645467337999986e-01
 +2   +3.637181164112166e-05  -4.198045514317198e-05
 +3   -5.261107016375287e-04  +5.575852211028504e-04
 +4   -2.096427786664833e-08  +2.257591781198671e-08
 +5   -2.080811527711971e-06  +2.198145635591076e-06
 +6   +5.147257937419877e-09  -4.714105030115577e-09
 +7   -1.472942484374164e-08  +1.593434344506189e-08
 +8   +2.807600999917825e-09  -3.869903864861816e-09
 +9   -2.159059567597904e-09  +3.449580997424888e-09
+10   +1.622837308215764e-09  -3.009953946747771e-09
+11   -1.296058500584762e-09  +2.717904444641002e-09
+12   +1.059033794790524e-09  -2.479845132590842e-09
+13   -8.820356380021256e-10  +2.282137588523969e-09
+14   +7.459375065479442e-10  -2.114601097127498e-09
+15   -6.388994958495758e-10  +1.970572311535256e-09
+16   +5.531034988454727e-10  -1.845280667131264e-09
+17   -4.832167334611328e-10  +1.735206685801866e-09
+18   +4.254940161554157e-10  -1.637683439142325e-09
+19   -3.772393111750349e-10  +1.550646376263649e-09
+20   +3.364698697165867e-10  -1.472468529771467e-09
+21   -3.016998977654316e-10  +1.401848100153325e-09
+22   +2.717974110341474e-10  -1.337729755973868e-09
+23   -2.458871149053492e-10  +1.279248078378274e-09
+24   +2.232833272190915e-10  -1.225686126562435e-09
+25   -2.034423646409078e-10  +1.176444573954337e-09
+26   +1.859285659043206e-10  -1.131018361448075e-09
+27   -1.703894174692803e-10  +1.088978661592464e-09
+28   +1.565369761153706e-10  -1.049958926505543e-09
+29   -1.441342553933497e-10  +1.013643875476451e-09
+30   +1.329847387786479e-10  -9.797608887782774e-10

