-30   -1.828164221569686e-08  -1.735331008440732e-06
-29   -1.678932227450766e-08  -1.795714283575005e-06
-28   -1.513658950272925e-08  -1.860469399131034e-06
-27   -1.329970298944685e-08  -1.930091488391997e-06
-26   -1.125040080437543e-08  -2.005153792382916e-06
-25   -8.954800925363277e-09  -2.086323761058498e-06
-24   -6.372044044450965e-09  -2.174383374029264e-06
-23   -3.452491214616375e-09  -2.270254943389844e-06
-22   -1.353872499618002e-10  -2.375034302418876e-06
-21   +3.654237857891821e-09  -2.490033940646969e-06
-20   +8.009694755709913e-09  -2.616839760908787e-06
-19   +1.304823172642239e-08  -2.757386849141590e-06
-18   +1.891865544990767e-08  -2.914062109699248e-06
-17   +2.581190573751412e-08  -3.089845792562298e-06
-16   +3.397583445311534e-08  -3.288510304270732e-06
-15   +4.373619737354291e-08  -3.514905769847075e-06
-14   +5.552675289874228e-08  -3.775380377228027e-06
-13   +6.993245094947561e-08  -4.078417776061543e-06
-12   +8.775399902676630e-08  -4.435632915821982e-06
-11   +1.100619536908656e-07  -4.863450005826000e-06
-10   +1.384819983495113e-07  -5.385655715325957e-06
 -9   +1.715344898104198e-07  -6.043795022012797e-06
 -8   +2.221569024835568e-07  -6.882362809470915e-06
 -7   -7.828130007314247e-08  -8.525776947629792e-06
 -6   +3.585120812693451e-07  -9.632794625448665e-06
 -5   -3.597561469748374e-05  -6.323997708700809e-05
 -4   +3.589335044040036e-06  -1.139041097941700e-05
 -3   -3.271737929740289e-03  -4.558393574304936e-03
 -2   +2.158486742738777e-04  +2.235064064422604e-04
 -1   -2.783373834004213e-01  -4.272777368343580e-01
 +0   +6.987785858364271e-04  +0.000000000000000e+00
 +1   -2.783373834004213e-01  +4.272777368343580e-01
 +2   +2.158486742738777e-04  -2.235064064422604e-04
 +3   -3.271737929740289e-03  +4.558393574304936e-03
 +4   +3.589335044040036e-06  +1.139041097941700e-05
 +5   -3.597561469748374e-05  +6.323997708700809e-05
 +6   +3.585120812693451e-07  +9.632794625448665e-06
 +7   -7.828130007314247e-08  +8.525776947629792e-06
 +8   +2.221569024835568e-07  +6.882362809470915e-06
 +9   +1.715344898104198e-07  +6.043795022012797e-06
+10   +1.384819983495113e-07  +5.385655715325957e-06
+11   +1.100619536908656e-07  +4.863450005826000e-06
+12   +8.775399902676630e-08  +4.435632915821982e-06
+13   +6.993245094947561e-08  +4.078417776061543e-06
+14   +5.552675289874228e-08  +3.775380377228027e-06
+15   +4.373619737354291e-08  +3.514905769847075e-06
+16   +3.397583445311534e-08  +3.288510304270732e-06
+17   +2.581190573751412e-08  +3.089845792562298e-06
+18   +1.891865544990767e-08  +2.914062109699248e-06
+19   +1.304823172642239e-08  +2.757386849141590e-06
+20   +8.009694755709913e-09  +2.616839760908787e-06
+21   +3.654237857891821e-09  +2.490033940646969e-06
+22   -1.353872499618002e-10  +2.375034302418876e-06
+23   -3.452491214616375e-09  +2.270254943389844e-06
+24   -6.372044044450965e-09  +2.174383374029264e-06
+25   -8.954800925363277e-09  +2.086323761058498e-06
+26   -1.125040080437543e-08  +2.005153792382916e-06
+27   -1.329970298944685e-08  +1.930091488391997e-06
+28   -1.513658950272925e-08  +1.860469399131034e-06
+29   -1.678932227450766e-08  +1.795714283575005e-06
+30   -1.828164221569686e-08  +1.735331008440732e-06

