-30   +6.412730357233396e-08  +1.357727128365849e-06
-29   +6.644301513751059e-08  +1.404695262504307e-06
-28   +6.901223570904640e-08  +1.455032829291569e-06
-27   +7.187341066500237e-08  +1.509116585160012e-06
-26   +7.507256746183537e-08  +1.567381733611663e-06
-25   +7.866518955822422e-08  +1.630333739192200e-06
-24   +8.271864808543837e-08  +1.698563131938828e-06
-23   +8.731540214904690e-08  +1.772764231337103e-06
-22   +9.255724950597873e-08  +1.853759051149450e-06
-21   +9.857104938874387e-08  +1.942528152390321e-06
-20   +1.055165247493661e-07  +2.040250921193890e-06
-19   +1.135970657747905e-07  +2.148358819269882e-06
-18   +1.230749242792123e-07  +2.268606784523155e-06
-17   +1.342929850030562e-07  +2.403170449662541e-06
-16   +1.477065816267536e-07  +2.554780824255594e-06
-15   +1.639310809510147e-07  +2.726914508192170e-06
-14   +1.838148537716472e-07  +2.924068286393723e-06
-13   +2.085550658053287e-07  +3.152165142087243e-06
-12   +2.398843496732663e-07  +3.419174371872119e-06
-11   +2.804387948947257e-07  +3.736052081257433e-06
-10   +3.341206417498138e-07  +4.118486041726264e-06
 -9   +4.120673162576806e-07  +4.586146409047510e-06
 -8   +5.124952630165557e-07  +5.183608821840213e-06
 -7   +1.129426060565699e-06  +5.630851823676424e-06
 -6   +9.427885685696140e-07  +6.998710025255841e-06
 -5   +4.809717007979995e-05  -2.469355081665210e-05
 -4   +4.714774730843866e-06  +9.193793604154108e-06
 -3   +4.936932294570087e-03  -3.442696259963175e-03
 -2   -2.418611204928458e-04  +1.304351467162699e-04
 -1   +4.030309317578653e-01  -3.078209444089555e-01
 +0   +1.869041600845200e-04  +0.000000000000000e+00
 +1   +4.030309317578653e-01  +3.078209444089555e-01
 +2   -2.418611204928458e-04  -1.304351467162699e-04
 +3   +4.936932294570087e-03  +3.442696259963175e-03
 +4   +4.714774730843866e-06  -9.193793604154108e-06
 +5   +4.809717007979995e-05  +2.469355081665210e-05
 +6   +9.427885685696140e-07  -6.998710025255841e-06
 +7   +1.129426060565699e-06  -5.630851823676424e-06
 +8   +5.124952630165557e-07  -5.183608821840213e-06
 +9   +4.120673162576806e-07  -4.586146409047510e-06
+10   +3.341206417498138e-07  -4.118486041726264e-06
+11   +2.804387948947257e-07  -3.736052081257433e-06
+12   +2.398843496732663e-07  -3.419174371872119e-06
+13   +2.085550658053287e-07  -3.152165142087243e-06
+14   +1.838148537716472e-07  -2.924068286393723e-06
+15   +1.639310809510147e-07  -2.726914508192170e-06
+16   +1.477065816267536e-07  -2.554780824255594e-06
+17   +1.342929850030562e-07  -2.403170449662541e-06
+18   +1.230749242792123e-07  -2.268606784523155e-06
+19   +1.135970657747905e-07  -2.148358819269882e-06
+20   +1.055165247493661e-07  -2.040250921193890e-06
+21   +9.857104938874387e-08  -1.942528152390321e-06
+22   +9.255724950597873e-08  -1.853759051149450e-06
+23   +8.731540214904690e-08  -1.772764231337103e-06
+24   +8.271864808543837e-08  -1.698563131938828e-06
+25   +7.866518955822422e-08  -1.630333739192200e-06
+26   +7.507256746183537e-08  -1.567381733611663e-06
+27   +7.187341066500237e-08  -1.509116585160012e-06
+28   +6.901223570904640e-08  -1.455032829291569e-06
+29   +6.644301513751059e-08  -1.404695262504307e-06
+30   +6.412730357233396e-08  -1.357727128365849e-06

