-30   +5.841256810503759e-08  +2.385741997390921e-06
-29   +5.866478646329701e-08  +2.468198459122635e-06
-28   +5.894490985989255e-08  +2.556561879956921e-06
-27   +5.925722975485620e-08  +2.651491445607678e-06
-26   +5.960689668582732e-08  +2.753748337893919e-06
-25   +6.000014057527874e-08  +2.864216283434161e-06
-24   +6.044455202081598e-08  +2.983927284174426e-06
-23   +6.094945858139581e-08  +3.114094129713113e-06
-22   +6.152642649156596e-08  +3.256151865251890e-06
-21   +6.218994254019255e-08  +3.411811250429751e-06
-20   +6.295835018901449e-08  +3.583128458343339e-06
-19   +6.385516174331180e-08  +3.772597089985752e-06
-18   +6.491092081151280e-08  +3.983271340948378e-06
-17   +6.616591158632904e-08  +4.218933383462342e-06
-16   +6.767416915773869e-08  +4.484324728891367e-06
-15   +6.950959080022161e-08  +4.785472143316437e-06
-14   +7.177548814552562e-08  +5.130156682812842e-06
-13   +7.462000642325330e-08  +5.528605335781248e-06
-12   +7.826223969467052e-08  +5.994539606206512e-06
-11   +8.303348974402104e-08  +6.546821120642189e-06
-10   +8.948190272767769e-08  +7.212109922644005e-06
 -9   +9.798621729689946e-08  +8.029808654349385e-06
 -8   +1.116831473946656e-07  +9.058433494415725e-06
 -7   +6.491580166607128e-08  +1.044275717180963e-05
 -6   +1.665461184293440e-07  +1.220562751250098e-05
 -5   -8.871665203755086e-06  +2.125067332128277e-05
 -4   +1.720965695129155e-06  +1.804127732340726e-05
 -3   -1.117165683204050e-03  +8.407984054390109e-04
 -2   +6.089944284770908e-05  -4.757011677617936e-05
 -1   +4.031673615413084e-01  -2.952102564957557e-01
 +0   -2.259683172126456e-04  +0.000000000000000e+00
 +1   +4.031673615413084e-01  +2.952102564957557e-01
 +2   +6.089944284770908e-05  +4.757011677617936e-05
 +3   -1.117165683204050e-03  -8.407984054390109e-04
 +4   +1.720965695129155e-06  -1.804127732340726e-05
 +5   -8.871665203755086e-06  -2.125067332128277e-05
 +6   +1.665461184293440e-07  -1.220562751250098e-05
 +7   +6.491580166607128e-08  -1.044275717180963e-05
 +8   +1.116831473946656e-07  -9.058433494415725e-06
 +9   +9.798621729689946e-08  -8.029808654349385e-06
+10   +8.948190272767769e-08  -7.212109922644005e-06
+11   +8.303348974402104e-08  -6.546821120642189e-06
+12   +7.826223969467052e-08  -5.994539606206512e-06
+13   +7.462000642325330e-08  -5.528605335781248e-06
+14   +7.177548814552562e-08  -5.130156682812842e-06
+15   +6.950959080022161e-08  -4.785472143316437e-06
+16   +6.767416915773869e-08  -4.484324728891367e-06
+17   +6.616591158632904e-08  -4.218933383462342e-06
+18   +6.491092081151280e-08  -3.983271340948378e-06
+19   +6.385516174331180e-08  -3.772597089985752e-06
+20   +6.295835018901449e-08  -3.583128458343339e-06
+21   +6.218994254019255e-08  -3.411811250429751e-06
+22   +6.152642649156596e-08  -3.256151865251890e-06
+23   +6.094945858139581e-08  -3.114094129713113e-06
+24   +6.044455202081598e-08  -2.983927284174426e-06
+25   +6.000014057527874e-08  -2.864216283434161e-06
+26   +5.960689668582732e-08  -2.753748337893919e-06
+27   +5.925722975485620e-08  -2.651491445607678e-06
+28   +5.894490985989255e-08  -2.556561879956921e-06
+29   +5.866478646329701e-08  -2.468198459122635e-06
+30   +5.841256810503759e-08  -2.385741997390921e-06

