-30   +3.129880345802493e-08  -1.474955486715034e-06
-29   +3.585041695788269e-08  -1.526343400363872e-06
-28   +4.089628714679611e-08  -1.581459176257801e-06
-27   +4.651056549735381e-08  -1.640726149273087e-06
-26   +5.278181339696658e-08  -1.704634665913037e-06
-25   +5.981652386092351e-08  -1.773755952688065e-06
-24   +6.774362369866060e-08  -1.848759644040881e-06
-23   +7.672040007615355e-08  -1.930436055409068e-06
-22   +8.694030327408628e-08  -2.019724872100763e-06
-21   +9.864338110263527e-08  -2.117752488741002e-06
-20   +1.121303727334517e-07  -2.225881210381295e-06
-19   +1.277820476946281e-07  -2.345775057311527e-06
-18   +1.460860672869864e-07  -2.479489067474020e-06
-17   +1.676749622498490e-07  -2.629592721627291e-06
-16   +1.933806892190596e-07  -2.799343753451993e-06
-15   +2.243145958254299e-07  -2.992938524866661e-06
-14   +2.619870211133692e-07  -3.215881809074031e-06
-13   +3.084903296016576e-07  -3.475549265741615e-06
-12   +3.667863010182248e-07  -3.782072379393006e-06
-11   +4.411651453475290e-07  -4.149794473958222e-06
-10   +5.380293758569563e-07  -4.599743169179395e-06
 -9   +6.667666086658043e-07  -5.164794726479271e-06
 -8   +8.440727562260037e-07  -5.895772311041039e-06
 -7   +1.047072273871741e-06  -6.952162816149494e-06
 -6   +1.465634540602697e-06  -8.305234373994128e-06
 -5   -3.887131267249315e-06  -1.891081295830256e-05
 -4   +3.053189205688780e-06  -1.463561197891334e-05
 -3   -9.220432087834744e-04  -1.386213737885916e-03
 -2   +6.228783104184021e-05  +1.016602134853358e-04
 -1   -5.830316784660219e-01  -8.231067749362324e-01
 +0   +6.572543027603909e-04  +0.000000000000000e+00
 +1   -5.830316784660219e-01  +8.231067749362324e-01
 +2   +6.228783104184021e-05  -1.016602134853358e-04
 +3   -9.220432087834744e-04  +1.386213737885916e-03
 +4   +3.053189205688780e-06  +1.463561197891334e-05
 +5   -3.887131267249315e-06  +1.891081295830256e-05
 +6   +1.465634540602697e-06  +8.305234373994128e-06
 +7   +1.047072273871741e-06  +6.952162816149494e-06
 +8   +8.440727562260037e-07  +5.895772311041039e-06
 +9   +6.667666086658043e-07  +5.164794726479271e-06
+10   +5.380293758569563e-07  +4.599743169179395e-06
+11   +4.411651453475290e-07  +4.149794473958222e-06
+12   +3.667863010182248e-07  +3.782072379393006e-06
+13   +3.084903296016576e-07  +3.475549265741615e-06
+14   +2.619870211133692e-07  +3.215881809074031e-06
+15   +2.243145958254299e-07  +2.992938524866661e-06
+16   +1.933806892190596e-07  +2.799343753451993e-06
+17   +1.676749622498490e-07  +2.629592721627291e-06
+18   +1.460860672869864e-07  +2.479489067474020e-06
+19   +1.277820476946281e-07  +2.345775057311527e-06
+20   +1.121303727334517e-07  +2.225881210381295e-06
+21   +9.864338110263527e-08  +2.117752488741002e-06
+22   +8.694030327408628e-08  +2.019724872100763e-06
+23   +7.672040007615355e-08  +1.930436055409068e-06
+24   +6.774362369866060e-08  +1.848759644040881e-06
+25   +5.981652386092351e-08  +1.773755952688065e-06
+26   +5.278181339696658e-08  +1.704634665913037e-06
+27   +4.651056549735381e-08  +1.640726149273087e-06
+28   +4.089628714679611e-08  +1.581459176257801e-06
+29   +3.585041695788269e-08  +1.526343400363872e-06
+30   +3.129880345802493e-08  +1.474955486715034e-06

