-30   +6.249086904628995e-08  -1.126518838260636e-05
-29   +8.507482216033884e-08  -1.165390773196369e-05
-28   +1.101243671626917e-07  -1.207040271131449e-05
-27   +1.380120531835429e-07  -1.251776180605558e-05
-26   +1.691835684704971e-07  -1.299954913002102e-05
-25   +2.041756938274399e-07  -1.351989966421235e-05
-24   +2.436395897090286e-07  -1.408363835595310e-05
-23   +2.883713736908748e-07  -1.469643033123720e-05
-22   +3.393526467830034e-07  -1.536497215965671e-05
-21   +3.978049168317800e-07  -1.609723787157592e-05
-20   +4.652636082181096e-07  -1.690279894793075e-05
-19   +5.436801864127444e-07  -1.779324562436872e-05
-18   +6.355652593415135e-07  -1.878274899338973e-05
-17   +7.441926678140505e-07  -1.988882215185210e-05
-16   +8.738962091700467e-07  -2.113336771422473e-05
-15   +1.030510400498032e-06  -2.254414606646248e-05
-14   +1.222041369147013e-06  -2.415687568189013e-05
-13   +1.459716285004053e-06  -2.601830792760364e-05
-12   +1.759679876887436e-06  -2.819084912622173e-05
-11   +2.145823758158288e-06  -3.075972036215579e-05
-10   +2.654951694778182e-06  -3.384448923902365e-05
 -9   +3.344984149597138e-06  -3.761816119037816e-05
 -8   +4.334167720217700e-06  -4.234466121652705e-05
 -7   +5.740848675026740e-06  -4.842617150027873e-05
 -6   +9.956215414655949e-06  -5.688503133253518e-05
 -5   +1.169206013520030e-05  -6.803572294910695e-05
 -4   +2.102520237322568e-04  -1.132823370511753e-04
 -3   -5.549867655516105e-06  -1.086399848120743e-04
 -2   +7.739179730834789e-03  +1.184871340814516e-03
 -1   -7.362782758392527e-04  -4.794847242824627e-04
 +0   +2.890347099755253e+00  +0.000000000000000e+00
 +1   -7.362782758392527e-04  +4.794847242824627e-04
 +2   +7.739179730834789e-03  -1.184871340814516e-03
 +3   -5.549867655516105e-06  +1.086399848120743e-04
 +4   +2.102520237322568e-04  +1.132823370511753e-04
 +5   +1.169206013520030e-05  +6.803572294910695e-05
 +6   +9.956215414655949e-06  +5.688503133253518e-05
 +7   +5.740848675026740e-06  +4.842617150027873e-05
 +8   +4.334167720217700e-06  +4.234466121652705e-05
 +9   +3.344984149597138e-06  +3.761816119037816e-05
+10   +2.654951694778182e-06  +3.384448923902365e-05
+11   +2.145823758158288e-06  +3.075972036215579e-05
+12   +1.759679876887436e-06  +2.819084912622173e-05
+13   +1.459716285004053e-06  +2.601830792760364e-05
+14   +1.222041369147013e-06  +2.415687568189013e-05
+15   +1.030510400498032e-06  +2.254414606646248e-05
+16   +8.738962091700467e-07  +2.113336771422473e-05
+17   +7.441926678140505e-07  +1.988882215185210e-05
+18   +6.355652593415135e-07  +1.878274899338973e-05
+19   +5.436801864127444e-07  +1.779324562436872e-05
+20   +4.652636082181096e-07  +1.690279894793075e-05
+21   +3.978049168317800e-07  +1.609723787157592e-05
+22   +3.393526467830034e-07  +1.536497215965671e-05
+23   +2.883713736908748e-07  +1.469643033123720e-05
+24   +2.436395897090286e-07  +1.408363835595310e-05
+25   +2.041756938274399e-07  +1.351989966421235e-05
+26   +1.691835684704971e-07  +1.299954913002102e-05
+27   +1.380120531835429e-07  +1.251776180605558e-05
+28   +1.101243671626917e-07  +1.207040271131449e-05
+29   +8.507482216033884e-08  +1.165390773196369e-05
+30   +6.249086904628995e-08  +1.126518838260636e-05

