-30   +1.006590852520299e-07  +4.028017720068024e-06
-29   +1.012294348879463e-07  +4.167154393497738e-06
-28   +1.018631871698340e-07  +4.316249450402601e-06
-27   +1.025701501686181e-07  +4.476412806788090e-06
-26   +1.033621138730917e-07  +4.648925840927160e-06
-25   +1.042533556419093e-07  +4.835275866712552e-06
-24   +1.052612996201012e-07  +5.037199283165157e-06
-23   +1.064073935438137e-07  +5.256736063391370e-06
-22   +1.077182834434784e-07  +5.496299218608040e-06
-21   +1.092274172223778e-07  +5.758764284873580e-06
-20   +1.109772516601169e-07  +6.047585908788693e-06
-19   +1.130223564788425e-07  +6.366951641248334e-06
-18   +1.154338518585810e-07  +6.721987603894387e-06
-17   +1.183058772721063e-07  +7.119037702931319e-06
-16   +1.217652518646453e-07  +7.566049124161944e-06
-15   +1.259862620099138e-07  +8.073114667173257e-06
-14   +1.312139890754088e-07  +8.653252139659410e-06
-13   +1.378023531001767e-07  +9.323551693829396e-06
-12   +1.462790284042038e-07  +1.010691453343306e-05
-11   +1.574589821787910e-07  +1.103476083715825e-05
-10   +1.726930917771838e-07  +1.215163088622740e-05
 -9   +1.941608282419369e-07  +1.352184480748244e-05
 -8   +2.290817479130096e-07  +1.526261481398135e-05
 -7   +2.775149294493713e-07  +1.748111472776715e-05
 -6   +6.549964244324245e-07  +2.233953985809506e-05
 -5   +6.020248240056569e-07  +2.501720514821578e-05
 -4   +2.792658508564945e-05  +2.199506403084668e-04
 -3   +1.287244952273845e-05  +8.083699059197074e-05
 -2   +5.221105982304268e-03  +2.784698658338280e-02
 -1   +1.381965429775436e-04  -6.513226965373902e-04
 +0   -1.685995420438087e-01  +0.000000000000000e+00
 +1   +1.381965429775436e-04  +6.513226965373902e-04
 +2   +5.221105982304268e-03  -2.784698658338280e-02
 +3   +1.287244952273845e-05  -8.083699059197074e-05
 +4   +2.792658508564945e-05  -2.199506403084668e-04
 +5   +6.020248240056569e-07  -2.501720514821578e-05
 +6   +6.549964244324245e-07  -2.233953985809506e-05
 +7   +2.775149294493713e-07  -1.748111472776715e-05
 +8   +2.290817479130096e-07  -1.526261481398135e-05
 +9   +1.941608282419369e-07  -1.352184480748244e-05
+10   +1.726930917771838e-07  -1.215163088622740e-05
+11   +1.574589821787910e-07  -1.103476083715825e-05
+12   +1.462790284042038e-07  -1.010691453343306e-05
+13   +1.378023531001767e-07  -9.323551693829396e-06
+14   +1.312139890754088e-07  -8.653252139659410e-06
+15   +1.259862620099138e-07  -8.073114667173257e-06
+16   +1.217652518646453e-07  -7.566049124161944e-06
+17   +1.183058772721063e-07  -7.119037702931319e-06
+18   +1.154338518585810e-07  -6.721987603894387e-06
+19   +1.130223564788425e-07  -6.366951641248334e-06
+20   +1.109772516601169e-07  -6.047585908788693e-06
+21   +1.092274172223778e-07  -5.758764284873580e-06
+22   +1.077182834434784e-07  -5.496299218608040e-06
+23   +1.064073935438137e-07  -5.256736063391370e-06
+24   +1.052612996201012e-07  -5.037199283165157e-06
+25   +1.042533556419093e-07  -4.835275866712552e-06
+26   +1.033621138730917e-07  -4.648925840927160e-06
+27   +1.025701501686181e-07  -4.476412806788090e-06
+28   +1.018631871698340e-07  -4.316249450402601e-06
+29   +1.012294348879463e-07  -4.167154393497738e-06
+30   +1.006590852520299e-07  -4.028017720068024e-06

