-30   +7.718904860292004e-08  +3.380072020700730e-06
-29   +7.715273488550001e-08  +3.496807623893013e-06
-28   +7.711285759289508e-08  +3.621896003005860e-06
-27   +7.706895887096171e-08  +3.756267741154972e-06
-26   +7.702051016643220e-08  +3.900997098182053e-06
-25   +7.696690228900586e-08  +4.057330874568849e-06
-24   +7.690743243513967e-08  +4.226724533116030e-06
-23   +7.684129201337742e-08  +4.410887802148647e-06
-22   +7.676755321778473e-08  +4.611842793863624e-06
-21   +7.668516314019705e-08  +4.831998853456078e-06
-20   +7.659293981601289e-08  +5.074250035006898e-06
-19   +7.648959004216431e-08  +5.342103628165079e-06
-18   +7.637376483107142e-08  +5.639851941260103e-06
-17   +7.624418056376276e-08  +5.972805358240819e-06
-16   +7.609988442272776e-08  +6.347613840022469e-06
-15   +7.594078834353682e-08  +6.772718757110889e-06
-14   +7.576874493851129e-08  +7.259001336246961e-06
-13   +7.558972940471671e-08  +7.820735631096104e-06
-12   +7.541830637808927e-08  +8.477027489784444e-06
-11   +7.528730455962429e-08  +9.254057985224371e-06
-10   +7.526520786365019e-08  +1.018869045826761e-05
 -9   +7.552200783726849e-08  +1.133468386390486e-05
 -8   +7.597260056044473e-08  +1.277113664179098e-05
 -7   +7.879677715331936e-08  +1.463462435593178e-05
 -6   +2.629784218884549e-08  +1.683620750486385e-05
 -5   +1.027048388580354e-07  +2.070149951275400e-05
 -4   -7.423669257609014e-06  -1.414937809021694e-05
 -3   +6.858867972810600e-06  +5.574314266247610e-05
 -2   +5.028962782374429e-03  +4.491965118817649e-03
 -1   +8.659949747456086e-05  +3.613073797319351e-04
 +0   -3.378295885375852e-01  +0.000000000000000e+00
 +1   +8.659949747456086e-05  -3.613073797319351e-04
 +2   +5.028962782374429e-03  -4.491965118817649e-03
 +3   +6.858867972810600e-06  -5.574314266247610e-05
 +4   -7.423669257609014e-06  +1.414937809021694e-05
 +5   +1.027048388580354e-07  -2.070149951275400e-05
 +6   +2.629784218884549e-08  -1.683620750486385e-05
 +7   +7.879677715331936e-08  -1.463462435593178e-05
 +8   +7.597260056044473e-08  -1.277113664179098e-05
 +9   +7.552200783726849e-08  -1.133468386390486e-05
+10   +7.526520786365019e-08  -1.018869045826761e-05
+11   +7.528730455962429e-08  -9.254057985224371e-06
+12   +7.541830637808927e-08  -8.477027489784444e-06
+13   +7.558972940471671e-08  -7.820735631096104e-06
+14   +7.576874493851129e-08  -7.259001336246961e-06
+15   +7.594078834353682e-08  -6.772718757110889e-06
+16   +7.609988442272776e-08  -6.347613840022469e-06
+17   +7.624418056376276e-08  -5.972805358240819e-06
+18   +7.637376483107142e-08  -5.639851941260103e-06
+19   +7.648959004216431e-08  -5.342103628165079e-06
+20   +7.659293981601289e-08  -5.074250035006898e-06
+21   +7.668516314019705e-08  -4.831998853456078e-06
+22   +7.676755321778473e-08  -4.611842793863624e-06
+23   +7.684129201337742e-08  -4.410887802148647e-06
+24   +7.690743243513967e-08  -4.226724533116030e-06
+25   +7.696690228900586e-08  -4.057330874568849e-06
+26   +7.702051016643220e-08  -3.900997098182053e-06
+27   +7.706895887096171e-08  -3.756267741154972e-06
+28   +7.711285759289508e-08  -3.621896003005860e-06
+29   +7.715273488550001e-08  -3.496807623893013e-06
+30   +7.718904860292004e-08  -3.380072020700730e-06

