-30   +1.163745229102182e-07  -1.121578787141257e-05
-29   +1.426598469371907e-07  -1.160287295864877e-05
-28   +1.718148603213431e-07  -1.201762489719763e-05
-27   +2.042731695660109e-07  -1.246312133684588e-05
-26   +2.405535078707853e-07  -1.294291414690663e-05
-25   +2.812806284628694e-07  -1.346112443792771e-05
-24   +3.272124085621644e-07  -1.402256141311738e-05
-23   +3.792754367648462e-07  -1.463287229627835e-05
-22   +4.386121782386945e-07  -1.529873327787041e-05
-21   +5.066443153776001e-07  -1.602809518752803e-05
-20   +5.851588791052961e-07  -1.683050312196309e-05
-19   +6.764270976260461e-07  -1.771751742494540e-05
-18   +7.833709307230841e-07  -1.870327556737807e-05
-17   +9.098005666368719e-07  -1.980525335045098e-05
-16   +1.060759695519209e-06  -2.104531306116717e-05
-15   +1.243038355158616e-06  -2.245117358061261e-05
-14   +1.465953432941042e-06  -2.405851500085769e-05
-13   +1.742569479218888e-06  -2.591406271326611e-05
-12   +2.091669654688544e-06  -2.808022867254495e-05
-11   +2.541054091072377e-06  -3.064231371151780e-05
-10   +3.133326773200853e-06  -3.372009735388999e-05
 -9   +3.936389184267623e-06  -3.748726708334677e-05
 -8   +5.066757328830761e-06  -4.220625508109050e-05
 -7   +6.720918210357611e-06  -4.829080777114074e-05
 -6   +9.594612078961232e-06  -5.649499227725177e-05
 -5   +1.364456442878274e-05  -6.795536549874005e-05
 -4   +6.254886296965424e-05  -9.273712960007331e-05
 -3   +5.674761694099860e-05  -1.227881095594526e-04
 -2   +1.685680312128406e-02  -7.336786120850953e-03
 -1   -4.803314239186905e-04  -4.866229395531898e-04
 +0   +2.829832607299201e+00  +0.000000000000000e+00
 +1   -4.803314239186905e-04  +4.866229395531898e-04
 +2   +1.685680312128406e-02  +7.336786120850953e-03
 +3   +5.674761694099860e-05  +1.227881095594526e-04
 +4   +6.254886296965424e-05  +9.273712960007331e-05
 +5   +1.364456442878274e-05  +6.795536549874005e-05
 +6   +9.594612078961232e-06  +5.649499227725177e-05
 +7   +6.720918210357611e-06  +4.829080777114074e-05
 +8   +5.066757328830761e-06  +4.220625508109050e-05
 +9   +3.936389184267623e-06  +3.748726708334677e-05
+10   +3.133326773200853e-06  +3.372009735388999e-05
+11   +2.541054091072377e-06  +3.064231371151780e-05
+12   +2.091669654688544e-06  +2.808022867254495e-05
+13   +1.742569479218888e-06  +2.591406271326611e-05
+14   +1.465953432941042e-06  +2.405851500085769e-05
+15   +1.243038355158616e-06  +2.245117358061261e-05
+16   +1.060759695519209e-06  +2.104531306116717e-05
+17   +9.098005666368719e-07  +1.980525335045098e-05
+18   +7.833709307230841e-07  +1.870327556737807e-05
+19   +6.764270976260461e-07  +1.771751742494540e-05
+20   +5.851588791052961e-07  +1.683050312196309e-05
+21   +5.066443153776001e-07  +1.602809518752803e-05
+22   +4.386121782386945e-07  +1.529873327787041e-05
+23   +3.792754367648462e-07  +1.463287229627835e-05
+24   +3.272124085621644e-07  +1.402256141311738e-05
+25   +2.812806284628694e-07  +1.346112443792771e-05
+26   +2.405535078707853e-07  +1.294291414690663e-05
+27   +2.042731695660109e-07  +1.246312133684588e-05
+28   +1.718148603213431e-07  +1.201762489719763e-05
+29   +1.426598469371907e-07  +1.160287295864877e-05
+30   +1.163745229102182e-07  +1.121578787141257e-05

