-30   +8.588915828146942e-11  -2.613595024027930e-09
-29   -8.740683074326291e-11  +2.710036273496145e-09
-28   +8.902385483558198e-11  -2.814083256887013e-09
-27   -9.074179107504241e-11  +2.926695130600490e-09
-26   +9.255919984886263e-11  -3.049002202938600e-09
-25   -9.446974083765186e-11  +3.182346404409325e-09
-24   +9.645941241988084e-11  -3.328333797281634e-09
-23   -9.850253088577404e-11  +3.488903434827118e-09
-22   +1.005551328136195e-10  -3.666419238778103e-09
-21   -1.025453610191357e-10  +3.863794087830227e-09
-20   +1.043575872320585e-10  -4.084659995382123e-09
-19   -1.058078394817573e-10  +4.333605846048150e-09
-18   +1.066034550694096e-10  -4.616515790447351e-09
-17   -1.062763813383730e-10  +4.941061613095484e-09
-16   +1.040701572473191e-10  -5.317436223145616e-09
-15   -9.874284734194895e-11  +5.759477639729887e-09
-14   +8.821474838216054e-11  -6.286442650003160e-09
-13   -6.887054742683151e-11  +6.925950223743263e-09
-12   +3.446396450204682e-11  -7.718767133212574e-09
-11   +3.131129631016139e-11  +8.732256070250635e-09
-10   -1.371834976510310e-10  -1.005516664937680e-08
 -9   +9.098760495255987e-10  +1.241212644462831e-08
 -8   -6.748243045402411e-10  -1.444135965838057e-08
 -7   +7.592186835761720e-08  +8.901746787330425e-08
 -6   +2.397707079346022e-09  -1.982027430298015e-08
 -5   +1.031375781729641e-05  +9.799541745892398e-06
 -4   +1.167909374195406e-07  +9.410984224160226e-08
 -3   +1.591846367085675e-03  +1.507163651699325e-03
 -2   -8.068952930662442e-05  -7.079377312282327e-05
 -1   +3.658505296329986e-01  +3.449139389058216e-01
 +0   +1.730665077626842e-05  +0.000000000000000e+00
 +1   +3.658505296329986e-01  -3.449139389058216e-01
 +2   -8.068952930662442e-05  +7.079377312282327e-05
 +3   +1.591846367085675e-03  -1.507163651699325e-03
 +4   +1.167909374195406e-07  -9.410984224160226e-08
 +5   +1.031375781729641e-05  -9.799541745892398e-06
 +6   +2.397707079346022e-09  +1.982027430298015e-08
 +7   +7.592186835761720e-08  -8.901746787330425e-08
 +8   -6.748243045402411e-10  +1.444135965838057e-08
 +9   +9.098760495255987e-10  -1.241212644462831e-08
+10   -1.371834976510310e-10  +1.005516664937680e-08
+11   +3.131129631016139e-11  -8.732256070250635e-09
+12   +3.446396450204682e-11  +7.718767133212574e-09
+13   -6.887054742683151e-11  -6.925950223743263e-09
+14   +8.821474838216054e-11  +6.286442650003160e-09
+15   -9.874284734194895e-11  -5.759477639729887e-09
+16   +1.040701572473191e-10  +5.317436223145616e-09
+17   -1.062763813383730e-10  -4.941061613095484e-09
+18   +1.066034550694096e-10  +4.616515790447351e-09
+19   -1.058078394817573e-10  -4.333605846048150e-09
+20   +1.043575872320585e-10  +4.084659995382123e-09
+21   -1.025453610191357e-10  -3.863794087830227e-09
+22   +1.005551328136195e-10  +3.666419238778103e-09
+23   -9.850253088577404e-11  -3.488903434827118e-09
+24   +9.645941241988084e-11  +3.328333797281634e-09
+25   -9.446974083765186e-11  -3.182346404409325e-09
+26   +9.255919984886263e-11  +3.049002202938600e-09
+27   -9.074179107504241e-11  -2.926695130600490e-09
+28   +8.902385483558198e-11  +2.814083256887013e-09
+29   -8.740683074326291e-11  -2.710036273496145e-09
+30   +8.588915828146942e-11  +2.613595024027930e-09

