-30   -7.856241519993602e-11  -5.516878017781794e-10
-29   +8.519523043426800e-11  +5.708096174218843e-10
-28   -9.258750027436520e-11  -5.913049521899299e-10
-27   +1.008611194702658e-10  +6.133271741269565e-10
-26   -1.101636484441524e-10  -6.370531805079533e-10
-25   +1.206752478693168e-10  +6.626882069809145e-10
-24   -1.326177202798802e-10  -6.904715975171480e-10
-23   +1.462668760614615e-10  +7.206840984340477e-10
-22   -1.619691275112220e-10  -7.536570331881086e-10
-21   +1.801645079276418e-10  +7.897840042748377e-10
-20   -2.014193952385594e-10  -8.295358681999759e-10
-19   +2.264728531996933e-10  +8.734799165214909e-10
-18   -2.563047235854537e-10  -9.223047910296879e-10
-17   +2.922373056476376e-10  +9.768526394759134e-10
-16   -3.360913469287676e-10  -1.038160759157879e-09
-15   +3.904320816467963e-10  +1.107514418896270e-09
-14   -4.589705459865523e-10  -1.186511702122306e-09
-13   +5.472459326987959e-10  +1.277132222288022e-09
-12   -6.638140512454091e-10  -1.381808889430520e-09
-11   +8.229258227486221e-10  +1.502930936600550e-09
-10   -1.046812927080502e-09  -1.644759117791363e-09
 -9   +1.443145500424035e-09  +1.740138546439420e-09
 -8   -1.894502551287033e-09  -1.996791484230890e-09
 -7   +1.352533434302976e-08  -9.181779850264475e-09
 -6   -3.486388160686438e-09  -3.251354248130591e-09
 -5   +2.078381686790334e-06  -2.188396814459440e-06
 -4   +2.492911338685209e-08  -3.519398924830009e-08
 -3   +5.261060543013417e-04  -5.575644351454945e-04
 -2   -3.635008648288035e-05  +4.194480380137882e-05
 -1   +3.396517087467123e-01  -3.645449934593137e-01
 +0   +2.058514260398411e-04  +0.000000000000000e+00
 +1   +3.396517087467123e-01  +3.645449934593137e-01
 +2   -3.635008648288035e-05  -4.194480380137882e-05
 +3   +5.261060543013417e-04  +5.575644351454945e-04
 +4   +2.492911338685209e-08  +3.519398924830009e-08
 +5   +2.078381686790334e-06  +2.188396814459440e-06
 +6   -3.486388160686438e-09  +3.251354248130591e-09
 +7   +1.352533434302976e-08  +9.181779850264475e-09
 +8   -1.894502551287033e-09  +1.996791484230890e-09
 +9   +1.443145500424035e-09  -1.740138546439420e-09
+10   -1.046812927080502e-09  +1.644759117791363e-09
+11   +8.229258227486221e-10  -1.502930936600550e-09
+12   -6.638140512454091e-10  +1.381808889430520e-09
+13   +5.472459326987959e-10  -1.277132222288022e-09
+14   -4.589705459865523e-10  +1.186511702122306e-09
+15   +3.904320816467963e-10  -1.107514418896270e-09
+16   -3.360913469287676e-10  +1.038160759157879e-09
+17   +2.922373056476376e-10  -9.768526394759134e-10
+18   -2.563047235854537e-10  +9.223047910296879e-10
+19   +2.264728531996933e-10  -8.734799165214909e-10
+20   -2.014193952385594e-10  +8.295358681999759e-10
+21   +1.801645079276418e-10  -7.897840042748377e-10
+22   -1.619691275112220e-10  +7.536570331881086e-10
+23   +1.462668760614615e-10  -7.206840984340477e-10
+24   -1.326177202798802e-10  +6.904715975171480e-10
+25   +1.206752478693168e-10  -6.626882069809145e-10
+26   -1.101636484441524e-10  +6.370531805079533e-10
+27   +1.008611194702658e-10  -6.133271741269565e-10
+28   -9.258750027436520e-11  +5.913049521899299e-10
+29   +8.519523043426800e-11  -5.708096174218843e-10
+30   -7.856241519993602e-11  +5.516878017781794e-10

