-30   -8.073641470059664e-10  +1.559056000797205e-19
-29   +8.641162839113315e-10  +2.197512772161716e-19
-28   -9.270756810816479e-10  -4.637002365085221e-19
-27   +9.971825054968543e-10  +4.112822381073565e-19
-26   -1.075562070288876e-09  -3.299543734248970e-19
-25   +1.163570416615769e-09  -9.802406025258697e-20
-24   -1.262853583462427e-09  -3.469951398033539e-19
-23   +1.375425410693934e-09  -1.166423287216357e-19
-22   -1.503770891709977e-09  -5.137862633210909e-19
-21   +1.650985113221855e-09  +9.801732729320648e-20
-20   -1.820962513639061e-09  -4.455994672556469e-19
-19   +2.018658501463285e-09  +2.698224028627593e-19
-18   -2.250456848708118e-09  -7.615161866354969e-19
-17   +2.524694962471533e-09  +2.056745689774919e-19
-16   -2.852429594162770e-09  +1.100954476588998e-18
-15   +3.248578076743869e-09  -3.268050076428106e-19
-14   -3.733661794381659e-09  +5.117141120709538e-19
-13   +4.336546087745817e-09  +1.774560423191527e-19
-12   -5.098882440373113e-09  -3.418608774010577e-19
-11   +6.082623745085239e-09  +6.223058205991237e-19
-10   -7.382540882225344e-09  -2.480332570689364e-19
 -9   +9.154037305310972e-09  +5.299599473159620e-19
 -8   -1.155527718875124e-08  +2.953526442290895e-19
 -7   +1.536762336361896e-08  +9.322680916486207e-19
 -6   -4.197701319670355e-09  -1.651506658739465e-18
 -5   +3.034355107789561e-08  +9.399991462201529e-19
 -4   +3.069958889291384e-06  -8.536942327271899e-19
 -3   -3.696253991181347e-06  +2.072127139114737e-18
 -2   -3.624010092915337e-03  -3.203478606515764e-18
 -1   +1.072314812618812e-04  +2.019842706956485e-18
 +0   +9.990947880538010e-01  +0.000000000000000e+00
 +1   +1.072314812618812e-04  -2.019842706956485e-18
 +2   -3.624010092915337e-03  +3.203478606515764e-18
 +3   -3.696253991181347e-06  -2.072127139114737e-18
 +4   +3.069958889291384e-06  +8.536942327271899e-19
 +5   +3.034355107789561e-08  -9.399991462201529e-19
 +6   -4.197701319670355e-09  +1.651506658739465e-18
 +7   +1.536762336361896e-08  -9.322680916486207e-19
 +8   -1.155527718875124e-08  -2.953526442290895e-19
 +9   +9.154037305310972e-09  -5.299599473159620e-19
+10   -7.382540882225344e-09  +2.480332570689364e-19
+11   +6.082623745085239e-09  -6.223058205991237e-19
+12   -5.098882440373113e-09  +3.418608774010577e-19
+13   +4.336546087745817e-09  -1.774560423191527e-19
+14   -3.733661794381659e-09  -5.117141120709538e-19
+15   +3.248578076743869e-09  +3.268050076428106e-19
+16   -2.852429594162770e-09  -1.100954476588998e-18
+17   +2.524694962471533e-09  -2.056745689774919e-19
+18   -2.250456848708118e-09  +7.615161866354969e-19
+19   +2.018658501463285e-09  -2.698224028627593e-19
+20   -1.820962513639061e-09  +4.455994672556469e-19
+21   +1.650985113221855e-09  -9.801732729320648e-20
+22   -1.503770891709977e-09  +5.137862633210909e-19
+23   +1.375425410693934e-09  +1.166423287216357e-19
+24   -1.262853583462427e-09  +3.469951398033539e-19
+25   +1.163570416615769e-09  +9.802406025258697e-20
+26   -1.075562070288876e-09  +3.299543734248970e-19
+27   +9.971825054968543e-10  -4.112822381073565e-19
+28   -9.270756810816479e-10  +4.637002365085221e-19
+29   +8.641162839113315e-10  -2.197512772161716e-19
+30   -8.073641470059664e-10  -1.559056000797205e-19

