-30   -8.533050654313970e-09  +3.708586148250682e-07
-29   +8.533050654304431e-09  -3.836569903557854e-07
-28   -8.533050654270872e-09  +3.973700268567097e-07
-27   +8.533050654244854e-09  -4.120994550714629e-07
-26   -8.533050654266248e-09  +4.279626774593814e-07
-25   +8.533050654243857e-09  -4.450959078813156e-07
-24   -8.533050654281887e-09  +4.636580978806439e-07
-23   +8.533050654300193e-09  -4.838358895761970e-07
-22   -8.533050654271771e-09  +5.058499227627144e-07
-21   +8.533050654391669e-09  -5.299629490194712e-07
-20   -8.533050654351600e-09  +5.564903874610651e-07
-19   +8.533050654272389e-09  -5.858142251107909e-07
-18   -8.533050654308547e-09  +6.184015680691031e-07
-17   +8.533050654198320e-09  -6.548297675991233e-07
-16   -8.533050654219642e-09  +6.958210129832585e-07
-15   +8.533050654276216e-09  -7.422908357873477e-07
-14   -8.533050654233858e-09  +7.954175296445440e-07
-13   +8.533050654276227e-09  -8.567438384098650e-07
-12   -8.533050654367773e-09  +9.283299189163492e-07
-11   +8.533050654397219e-09  -1.012990545082226e-06
-10   -8.533050654489746e-09  +1.114677000509068e-06
 -9   +8.533050654450670e-09  -1.239113413053632e-06
 -8   -8.533050654416865e-09  +1.395017563369603e-06
 -7   +8.533050654577492e-09  -1.595763301246919e-06
 -6   -8.533050654649051e-09  +1.879087250731924e-06
 -5   +8.533050654847111e-09  -2.239805236419026e-06
 -4   -8.533050655248972e-09  +5.774124625534089e-06
 -3   +8.533050655716266e-09  +9.047140119013903e-08
 -2   -8.533050657116226e-09  +5.178260269754356e-03
 -1   +8.533050655304860e-09  -2.402026112526091e-04
 +0   -8.533050652010510e-09  +0.000000000000000e+00
 +1   +8.533050655304860e-09  +2.402026112526091e-04
 +2   -8.533050657116226e-09  -5.178260269754356e-03
 +3   +8.533050655716266e-09  -9.047140119013903e-08
 +4   -8.533050655248972e-09  -5.774124625534089e-06
 +5   +8.533050654847111e-09  +2.239805236419026e-06
 +6   -8.533050654649051e-09  -1.879087250731924e-06
 +7   +8.533050654577492e-09  +1.595763301246919e-06
 +8   -8.533050654416865e-09  -1.395017563369603e-06
 +9   +8.533050654450670e-09  +1.239113413053632e-06
+10   -8.533050654489746e-09  -1.114677000509068e-06
+11   +8.533050654397219e-09  +1.012990545082226e-06
+12   -8.533050654367773e-09  -9.283299189163492e-07
+13   +8.533050654276227e-09  +8.567438384098650e-07
+14   -8.533050654233858e-09  -7.954175296445440e-07
+15   +8.533050654276216e-09  +7.422908357873477e-07
+16   -8.533050654219642e-09  -6.958210129832585e-07
+17   +8.533050654198320e-09  +6.548297675991233e-07
+18   -8.533050654308547e-09  -6.184015680691031e-07
+19   +8.533050654272389e-09  +5.858142251107909e-07
+20   -8.533050654351600e-09  -5.564903874610651e-07
+21   +8.533050654391669e-09  +5.299629490194712e-07
+22   -8.533050654271771e-09  -5.058499227627144e-07
+23   +8.533050654300193e-09  +4.838358895761970e-07
+24   -8.533050654281887e-09  -4.636580978806439e-07
+25   +8.533050654243857e-09  +4.450959078813156e-07
+26   -8.533050654266248e-09  -4.279626774593814e-07
+27   +8.533050654244854e-09  +4.120994550714629e-07
+28   -8.533050654270872e-09  -3.973700268567097e-07
+29   +8.533050654304431e-09  +3.836569903557854e-07
+30   -8.533050654313970e-09  -3.708586148250682e-07

