-30   +1.090657216723168e-09  +4.141026254659522e-19
-29   -1.167403453756551e-09  -5.854139991653783e-19
-28   +1.252556293375672e-09  -3.956527424242141e-19
-27   -1.347391550187262e-09  -5.431046328286734e-19
-26   +1.453436906443989e-09  -2.415580835988003e-19
-25   -1.572534158516195e-09  +4.381486168854427e-19
-24   +1.706920139152415e-09  -1.521799525975079e-19
-23   -1.859333135352332e-09  +6.451319390727713e-19
-22   +2.033154383926378e-09  +1.658271414490344e-19
-21   -2.232598502711383e-09  -1.552343198390558e-20
-20   +2.462973370319954e-09  +9.582488863392637e-19
-19   -2.731039890448873e-09  -7.174072659550404e-19
-18   +3.045518378989397e-09  +9.665932743323712e-19
-17   -3.417814208629897e-09  -5.418116101868627e-19
-16   +3.863078723234526e-09  +1.099446587724625e-18
-15   -4.401796017799311e-09  +4.841265400430593e-19
-14   +5.062218091218520e-09  -7.508801060644211e-19
-13   -5.884207439117419e-09  +8.951051301641877e-20
-12   +6.925609966605288e-09  +6.553772317343783e-19
-11   -8.272500268102609e-09  -6.051992440865612e-19
-10   +1.006922688481506e-08  +7.913689911552807e-20
 -9   -1.249990680061510e-08  -5.572926927852276e-19
 -8   +1.726357684395165e-08  +2.138340348501886e-19
 -7   -2.087213362927355e-08  -9.016362526284609e-19
 -6   +1.988464822518555e-07  +1.379600182401314e-18
 -5   -1.714384819845558e-08  -1.250710198285357e-18
 -4   +2.352658665355252e-05  +1.337570902832947e-18
 -3   +1.695030240680721e-06  -2.796833515457398e-18
 -2   +3.630563883857541e-03  +4.501980114656606e-18
 -1   -1.069309938796464e-04  -2.433373456228895e-18
 +0   +1.000905447751492e+00  +0.000000000000000e+00
 +1   -1.069309938796464e-04  +2.433373456228895e-18
 +2   +3.630563883857541e-03  -4.501980114656606e-18
 +3   +1.695030240680721e-06  +2.796833515457398e-18
 +4   +2.352658665355252e-05  -1.337570902832947e-18
 +5   -1.714384819845558e-08  +1.250710198285357e-18
 +6   +1.988464822518555e-07  -1.379600182401314e-18
 +7   -2.087213362927355e-08  +9.016362526284609e-19
 +8   +1.726357684395165e-08  -2.138340348501886e-19
 +9   -1.249990680061510e-08  +5.572926927852276e-19
+10   +1.006922688481506e-08  -7.913689911552807e-20
+11   -8.272500268102609e-09  +6.051992440865612e-19
+12   +6.925609966605288e-09  -6.553772317343783e-19
+13   -5.884207439117419e-09  -8.951051301641877e-20
+14   +5.062218091218520e-09  +7.508801060644211e-19
+15   -4.401796017799311e-09  -4.841265400430593e-19
+16   +3.863078723234526e-09  -1.099446587724625e-18
+17   -3.417814208629897e-09  +5.418116101868627e-19
+18   +3.045518378989397e-09  -9.665932743323712e-19
+19   -2.731039890448873e-09  +7.174072659550404e-19
+20   +2.462973370319954e-09  -9.582488863392637e-19
+21   -2.232598502711383e-09  +1.552343198390558e-20
+22   +2.033154383926378e-09  -1.658271414490344e-19
+23   -1.859333135352332e-09  -6.451319390727713e-19
+24   +1.706920139152415e-09  +1.521799525975079e-19
+25   -1.572534158516195e-09  -4.381486168854427e-19
+26   +1.453436906443989e-09  +2.415580835988003e-19
+27   -1.347391550187262e-09  +5.431046328286734e-19
+28   +1.252556293375672e-09  +3.956527424242141e-19
+29   -1.167403453756551e-09  +5.854139991653783e-19
+30   +1.090657216723168e-09  -4.141026254659522e-19

