-30   -8.073641495171489e-10  +5.748587049687038e-19
-29   +8.641162850588446e-10  +3.078836605810244e-19
-28   -9.270756778204478e-10  +1.259345120947823e-18
-27   +9.971825053889713e-10  -2.363070431253437e-19
-26   -1.075562075869925e-09  -1.587232553794986e-19
-25   +1.163570417212923e-09  +5.221547768768689e-19
-24   -1.262853578107045e-09  +1.474091939908023e-18
-23   +1.375425408501973e-09  -1.792357335239640e-19
-22   -1.503770894157414e-09  +7.383105691674787e-19
-21   +1.650985110723158e-09  +4.065001325027770e-19
-20   -1.820962515602222e-09  -4.984536903388349e-19
-19   +2.018658502766527e-09  +2.731965460905777e-19
-18   -2.250456847783224e-09  -1.010914802240680e-19
-17   +2.524694965637110e-09  -5.629829376892266e-19
-16   -2.852429581101245e-09  +2.123488017656725e-19
-15   +3.248578075960095e-09  +8.626150509005604e-19
-14   -3.733661790660661e-09  -1.017497258370546e-18
-13   +4.336546084436608e-09  +6.764657329311489e-19
-12   -5.098882447789331e-09  -1.073552115470133e-18
-11   +6.082623743508826e-09  +6.621604746488311e-19
-10   -7.382540880677479e-09  -8.974600665160993e-19
 -9   +9.154037307417293e-09  +4.706484518719781e-19
 -8   -1.155527720628403e-08  -9.575875166654363e-19
 -7   +1.536762336621183e-08  +6.614467849934662e-19
 -6   -4.197701324793868e-09  -5.211296020220894e-20
 -5   +3.034355107527834e-08  +8.766570799555659e-19
 -4   +3.069958889281150e-06  -1.779061183990262e-18
 -3   -3.696253991185116e-06  +2.102213352354516e-18
 -2   -3.624010092915335e-03  -3.142915750787081e-18
 -1   +1.072314812618837e-04  +2.028710083123054e-18
 +0   +2.006233319982416e+00  +0.000000000000000e+00
 +1   +1.072314812618837e-04  -2.028710083123054e-18
 +2   -3.624010092915335e-03  +3.142915750787081e-18
 +3   -3.696253991185116e-06  -2.102213352354516e-18
 +4   +3.069958889281150e-06  +1.779061183990262e-18
 +5   +3.034355107527834e-08  -8.766570799555659e-19
 +6   -4.197701324793868e-09  +5.211296020220894e-20
 +7   +1.536762336621183e-08  -6.614467849934662e-19
 +8   -1.155527720628403e-08  +9.575875166654363e-19
 +9   +9.154037307417293e-09  -4.706484518719781e-19
+10   -7.382540880677479e-09  +8.974600665160993e-19
+11   +6.082623743508826e-09  -6.621604746488311e-19
+12   -5.098882447789331e-09  +1.073552115470133e-18
+13   +4.336546084436608e-09  -6.764657329311489e-19
+14   -3.733661790660661e-09  +1.017497258370546e-18
+15   +3.248578075960095e-09  -8.626150509005604e-19
+16   -2.852429581101245e-09  -2.123488017656725e-19
+17   +2.524694965637110e-09  +5.629829376892266e-19
+18   -2.250456847783224e-09  +1.010914802240680e-19
+19   +2.018658502766527e-09  -2.731965460905777e-19
+20   -1.820962515602222e-09  +4.984536903388349e-19
+21   +1.650985110723158e-09  -4.065001325027770e-19
+22   -1.503770894157414e-09  -7.383105691674787e-19
+23   +1.375425408501973e-09  +1.792357335239640e-19
+24   -1.262853578107045e-09  -1.474091939908023e-18
+25   +1.163570417212923e-09  -5.221547768768689e-19
+26   -1.075562075869925e-09  +1.587232553794986e-19
+27   +9.971825053889713e-10  +2.363070431253437e-19
+28   -9.270756778204478e-10  -1.259345120947823e-18
+29   +8.641162850588446e-10  -3.078836605810244e-19
+30   -8.073641495171489e-10  -5.748587049687038e-19

