-30   +2.350076833595129e-10  +2.039595095379203e-19
-29   -2.515365314626506e-10  -5.296189684122150e-20
-28   +2.698746790106910e-10  +4.889900955739682e-20
-27   -2.902964674810502e-10  +5.076524589694816e-20
-26   +3.131303286230312e-10  +1.346700908036207e-20
-25   -3.387721404330386e-10  -1.020951193023526e-19
-24   +3.677025780815571e-10  -4.737497688810121e-20
-23   -4.005099085328383e-10  +7.989009553087162e-20
-22   +4.379203060216832e-10  -2.979137424239829e-21
-21   -4.808385950933014e-10  -1.206995581435869e-19
-20   +5.304038508693790e-10  +2.225822679255626e-19
-19   -5.880662701365162e-10  -7.313779434120712e-20
-18   +6.556953062519043e-10  +1.123463785291935e-19
-17   -7.357344082796568e-10  +1.529016127544162e-19
-16   +8.314269956126258e-10  +5.763634072389166e-19
-15   -9.471538863863655e-10  -2.522136800585567e-19
-14   +1.088949917263882e-09  +4.307321389393057e-19
-13   -1.265318241545216e-09  -1.940748973098000e-19
-12   +1.488555832587742e-09  +6.166213061826886e-19
-11   -1.777002416757540e-09  -1.500356980999003e-19
-10   +2.158973399506257e-09  +4.624010613070088e-19
 -9   -2.680316405639295e-09  -1.356489805006529e-19
 -8   +3.431466849070724e-09  -2.157443103255430e-20
 -7   -4.495159865013105e-09  -1.814123553024756e-19
 -6   +1.305515304357926e-08  +3.046469021372850e-19
 -5   -4.539952267173658e-09  -1.890456521101747e-19
 -4   +2.522688666965085e-06  +6.874933817402791e-19
 -3   +6.700267726001905e-07  -5.259594837693924e-19
 -2   +9.003796364579146e-04  +6.904377311306616e-19
 -1   -2.658046182643503e-05  -5.282044519518614e-19
 +0   +4.984464395493362e-01  +0.000000000000000e+00
 +1   -2.658046182643503e-05  +5.282044519518614e-19
 +2   +9.003796364579146e-04  -6.904377311306616e-19
 +3   +6.700267726001905e-07  +5.259594837693924e-19
 +4   +2.522688666965085e-06  -6.874933817402791e-19
 +5   -4.539952267173658e-09  +1.890456521101747e-19
 +6   +1.305515304357926e-08  -3.046469021372850e-19
 +7   -4.495159865013105e-09  +1.814123553024756e-19
 +8   +3.431466849070724e-09  +2.157443103255430e-20
 +9   -2.680316405639295e-09  +1.356489805006529e-19
+10   +2.158973399506257e-09  -4.624010613070088e-19
+11   -1.777002416757540e-09  +1.500356980999003e-19
+12   +1.488555832587742e-09  -6.166213061826886e-19
+13   -1.265318241545216e-09  +1.940748973098000e-19
+14   +1.088949917263882e-09  -4.307321389393057e-19
+15   -9.471538863863655e-10  +2.522136800585567e-19
+16   +8.314269956126258e-10  -5.763634072389166e-19
+17   -7.357344082796568e-10  -1.529016127544162e-19
+18   +6.556953062519043e-10  -1.123463785291935e-19
+19   -5.880662701365162e-10  +7.313779434120712e-20
+20   +5.304038508693790e-10  -2.225822679255626e-19
+21   -4.808385950933014e-10  +1.206995581435869e-19
+22   +4.379203060216832e-10  +2.979137424239829e-21
+23   -4.005099085328383e-10  -7.989009553087162e-20
+24   +3.677025780815571e-10  +4.737497688810121e-20
+25   -3.387721404330386e-10  +1.020951193023526e-19
+26   +3.131303286230312e-10  -1.346700908036207e-20
+27   -2.902964674810502e-10  -5.076524589694816e-20
+28   +2.698746790106910e-10  -4.889900955739682e-20
+29   -2.515365314626506e-10  +5.296189684122150e-20
+30   +2.350076833595129e-10  -2.039595095379203e-19

