-30   -8.073630304006507e-10  -1.129477235874160e-20
-29   +8.641170067041479e-10  -2.821091737666881e-16
-28   -9.270748894143762e-10  -4.844943866152267e-24
-27   +9.971814555021210e-10  -3.872837070113756e-16
-26   -1.075562353664696e-09  -4.012499711106696e-20
-25   +1.163569723810084e-09  +4.458087171516673e-16
-24   -1.262854079498514e-09  -2.520315928872506e-25
-23   +1.375426488323046e-09  +1.706963893024924e-16
-22   -1.503770516182800e-09  -3.396087505519986e-20
-21   +1.650987413558639e-09  +3.604588213073640e-16
-20   -1.820961854273092e-09  -6.972874069880600e-24
-19   +2.018658237204827e-09  -2.733317188652596e-17
-18   -2.250456774550345e-09  +1.812706131789223e-20
-17   +2.524697401845616e-09  -4.515607047497181e-15
-16   -2.852430287328034e-09  +9.370405376577267e-26
-15   +3.248577650233356e-09  -4.316470949675911e-15
-14   -3.733662221193984e-09  -1.793847140837224e-20
-13   +4.336548477708002e-09  +1.063699656859100e-16
-12   -5.098882485511492e-09  +2.381375435357740e-24
-11   +6.082622585298389e-09  +3.709238285669066e-16
-10   -7.382540842278531e-09  -9.986301523243733e-20
 -9   +9.154035717820994e-09  +4.597545949321986e-16
 -8   -1.155527820562839e-08  +9.693522803355793e-26
 -7   +1.536762409213228e-08  +3.679650879948556e-16
 -6   -4.197702288880654e-09  -1.043296451373816e-19
 -5   +3.034355530833122e-08  +7.174889467350388e-16
 -4   +3.069958889010763e-06  -1.431022459716738e-22
 -3   -3.696253995456418e-06  +3.565486376471002e-16
 -2   -3.624010092917521e-03  +4.912791094074942e-20
 -1   -1.957932331370643e+02  +8.382183835919932e-15
 +0   +1.011332106992111e+00  +0.000000000000000e+00
 +1   -1.957932331370643e+02  -8.382183835919932e-15
 +2   -3.624010092917521e-03  -4.912791094074942e-20
 +3   -3.696253995456418e-06  -3.565486376471002e-16
 +4   +3.069958889010763e-06  +1.431022459716738e-22
 +5   +3.034355530833122e-08  -7.174889467350388e-16
 +6   -4.197702288880654e-09  +1.043296451373816e-19
 +7   +1.536762409213228e-08  -3.679650879948556e-16
 +8   -1.155527820562839e-08  -9.693522803355793e-26
 +9   +9.154035717820994e-09  -4.597545949321986e-16
+10   -7.382540842278531e-09  +9.986301523243733e-20
+11   +6.082622585298389e-09  -3.709238285669066e-16
+12   -5.098882485511492e-09  -2.381375435357740e-24
+13   +4.336548477708002e-09  -1.063699656859100e-16
+14   -3.733662221193984e-09  +1.793847140837224e-20
+15   +3.248577650233356e-09  +4.316470949675911e-15
+16   -2.852430287328034e-09  -9.370405376577267e-26
+17   +2.524697401845616e-09  +4.515607047497181e-15
+18   -2.250456774550345e-09  -1.812706131789223e-20
+19   +2.018658237204827e-09  +2.733317188652596e-17
+20   -1.820961854273092e-09  +6.972874069880600e-24
+21   +1.650987413558639e-09  -3.604588213073640e-16
+22   -1.503770516182800e-09  +3.396087505519986e-20
+23   +1.375426488323046e-09  -1.706963893024924e-16
+24   -1.262854079498514e-09  +2.520315928872506e-25
+25   +1.163569723810084e-09  -4.458087171516673e-16
+26   -1.075562353664696e-09  +4.012499711106696e-20
+27   +9.971814555021210e-10  +3.872837070113756e-16
+28   -9.270748894143762e-10  +4.844943866152267e-24
+29   +8.641170067041479e-10  +2.821091737666881e-16
+30   -8.073630304006507e-10  +1.129477235874160e-20

