-30   -8.533050642733987e-09  +3.708586152778593e-07
-29   +8.533050541031689e-09  -3.836569910241889e-07
-28   -8.533050642772610e-09  +3.973700269297558e-07
-27   +8.533050130104959e-09  -4.120994560061484e-07
-26   -8.533050642813385e-09  +4.279626776297044e-07
-25   +8.533050649409055e-09  -4.450959080043934e-07
-24   -8.533050642778771e-09  +4.636580982312982e-07
-23   +8.533050639693859e-09  -4.838358892647156e-07
-22   -8.533050642740664e-09  +5.058499233744951e-07
-21   +8.533050353141000e-09  -5.299629500160007e-07
-20   -8.533050642784068e-09  +5.564903875181800e-07
-19   +8.533050829639206e-09  -5.858142270642750e-07
-18   -8.533050642767713e-09  +6.184015680606055e-07
-17   +8.533047702050569e-09  -6.548297722548071e-07
-16   -8.533050642788509e-09  +6.958210136207361e-07
-15   +8.533054529777328e-09  -7.422908346794725e-07
-14   -8.533050642730497e-09  +7.954175301241895e-07
-13   +8.533050646772869e-09  -8.567438414143112e-07
-12   -8.533050642792019e-09  +9.283299196770197e-07
-11   +8.533050507895997e-09  -1.012990546788450e-06
-10   -8.533050642940362e-09  +1.114677000898624e-06
 -9   +8.533050763038608e-09  -1.239113412825152e-06
 -8   -8.533050642794372e-09  +1.395017563775707e-06
 -7   +8.533051035418051e-09  -1.595763301381551e-06
 -6   -8.533050642653456e-09  +1.879087251705635e-06
 -5   +8.533050964699309e-09  -2.239805241995007e-06
 -4   -8.533050642795650e-09  +5.774124627367541e-06
 -3   +8.533050662602048e-09  +9.047139250901394e-08
 -2   -8.533050642721848e-09  +5.178260269758509e-03
 -1   +8.533058927618867e-09  +1.957931001659343e+02
 +0   -8.533050642796387e-09  +0.000000000000000e+00
 +1   +8.533058927618867e-09  -1.957931001659343e+02
 +2   -8.533050642721848e-09  -5.178260269758509e-03
 +3   +8.533050662602048e-09  -9.047139250901394e-08
 +4   -8.533050642795650e-09  -5.774124627367541e-06
 +5   +8.533050964699309e-09  +2.239805241995007e-06
 +6   -8.533050642653456e-09  -1.879087251705635e-06
 +7   +8.533051035418051e-09  +1.595763301381551e-06
 +8   -8.533050642794372e-09  -1.395017563775707e-06
 +9   +8.533050763038608e-09  +1.239113412825152e-06
+10   -8.533050642940362e-09  -1.114677000898624e-06
+11   +8.533050507895997e-09  +1.012990546788450e-06
+12   -8.533050642792019e-09  -9.283299196770197e-07
+13   +8.533050646772869e-09  +8.567438414143112e-07
+14   -8.533050642730497e-09  -7.954175301241895e-07
+15   +8.533054529777328e-09  +7.422908346794725e-07
+16   -8.533050642788509e-09  -6.958210136207361e-07
+17   +8.533047702050569e-09  +6.548297722548071e-07
+18   -8.533050642767713e-09  -6.184015680606055e-07
+19   +8.533050829639206e-09  +5.858142270642750e-07
+20   -8.533050642784068e-09  -5.564903875181800e-07
+21   +8.533050353141000e-09  +5.299629500160007e-07
+22   -8.533050642740664e-09  -5.058499233744951e-07
+23   +8.533050639693859e-09  +4.838358892647156e-07
+24   -8.533050642778771e-09  -4.636580982312982e-07
+25   +8.533050649409055e-09  +4.450959080043934e-07
+26   -8.533050642813385e-09  -4.279626776297044e-07
+27   +8.533050130104959e-09  +4.120994560061484e-07
+28   -8.533050642772610e-09  -3.973700269297558e-07
+29   +8.533050541031689e-09  +3.836569910241889e-07
+30   -8.533050642733987e-09  -3.708586152778593e-07

