-30   -7.489025078571663e-14  +4.637154588036061e-26
-29   +8.015150417099153e-14  +1.046051358768544e-24
-28   -8.598774460090294e-14  +1.585117381428471e-29
-27   +9.248598027092814e-14  -5.971486271443512e-24
-26   -9.975031129739574e-14  +5.896878247566135e-26
-25   +1.079061548145446e-13  -8.383240617001797e-25
-24   -1.171057417765021e-13  -2.120063682781469e-29
-23   +1.275351990245148e-13  +2.352852788822890e-24
-22   -1.394241920156544e-13  +4.493637678217026e-26
-21   +1.530586166833810e-13  -6.589639131236991e-25
-20   -1.687980468344763e-13  +3.564665215467447e-29
-19   +1.870998591894222e-13  +1.598713300522342e-24
-18   -2.085528058854980e-13  -1.912889087547801e-27
-17   +2.339254362659261e-13  +5.976911046021588e-23
-16   -2.642361167830955e-13  +8.085824278515371e-30
-15   +3.008575214138204e-13  +6.780976121063944e-23
-14   -3.456761255858588e-13  +6.683840956233958e-26
-13   +4.013420272526795e-13  -7.460418508299774e-24
-12   -4.716737612028287e-13  +3.786532345060857e-29
-11   +5.623432149871032e-13  -3.430678768437469e-24
-10   -6.820469254524398e-13  +1.631865278671868e-25
 -9   +8.453861097783559e-13  +8.457835600022335e-24
 -8   -1.073492827892440e-12  +1.262177448353619e-29
 -7   +1.515432872449484e-12  +3.907009844911765e-24
 -6   -1.842217931964011e-12  +1.650336456767618e-25
 -5   +2.273310909499295e-11  -8.130565313615886e-24
 -4   +1.524833421837892e-11  -5.963788443470849e-28
 -3   +5.071197675301921e-09  -1.442719310566121e-24
 -2   +5.911422697793614e-09  -5.816113682013476e-26
 -1   +3.268987132576526e-06  -1.445498120436416e-22
 +0   +2.553719309212785e-03  +0.000000000000000e+00
 +1   +3.268987132576526e-06  +1.445498120436416e-22
 +2   +5.911422697793614e-09  +5.816113682013476e-26
 +3   +5.071197675301921e-09  +1.442719310566121e-24
 +4   +1.524833421837892e-11  +5.963788443470849e-28
 +5   +2.273310909499295e-11  +8.130565313615886e-24
 +6   -1.842217931964011e-12  -1.650336456767618e-25
 +7   +1.515432872449484e-12  -3.907009844911765e-24
 +8   -1.073492827892440e-12  -1.262177448353619e-29
 +9   +8.453861097783559e-13  -8.457835600022335e-24
+10   -6.820469254524398e-13  -1.631865278671868e-25
+11   +5.623432149871032e-13  +3.430678768437469e-24
+12   -4.716737612028287e-13  -3.786532345060857e-29
+13   +4.013420272526795e-13  +7.460418508299774e-24
+14   -3.456761255858588e-13  -6.683840956233958e-26
+15   +3.008575214138204e-13  -6.780976121063944e-23
+16   -2.642361167830955e-13  -8.085824278515371e-30
+17   +2.339254362659261e-13  -5.976911046021588e-23
+18   -2.085528058854980e-13  +1.912889087547801e-27
+19   +1.870998591894222e-13  -1.598713300522342e-24
+20   -1.687980468344763e-13  -3.564665215467447e-29
+21   +1.530586166833810e-13  +6.589639131236991e-25
+22   -1.394241920156544e-13  -4.493637678217026e-26
+23   +1.275351990245148e-13  -2.352852788822890e-24
+24   -1.171057417765021e-13  +2.120063682781469e-29
+25   +1.079061548145446e-13  +8.383240617001797e-25
+26   -9.975031129739574e-14  -5.896878247566135e-26
+27   +9.248598027092814e-14  +5.971486271443512e-24
+28   -8.598774460090294e-14  -1.585117381428471e-29
+29   +8.015150417099153e-14  -1.046051358768544e-24
+30   -7.489025078571663e-14  -4.637154588036061e-26

