-30   +1.342411632769654e-15  -1.471410477511848e-31
-29   +4.225703147293897e-16  -1.013060165293174e-16
-28   +1.003417320651312e-15  -8.897796343069030e-32
-27   -1.468861330785784e-15  -4.187682135318484e-17
-26   -2.776872128319416e-16  -1.910522504832138e-31
-25   -7.635750693681444e-16  +2.915996080782594e-16
-24   -4.636172131715014e-16  -6.355568816477878e-33
-23   +5.275739825591723e-16  +9.936292160169788e-18
-22   +4.183910980495035e-16  -4.583713267641621e-32
-21   +1.894834954872730e-15  -1.897077564625974e-16
-20   +6.010166490745363e-16  -4.314083075427408e-32
-19   -8.157058528500115e-16  +1.313790196860756e-16
-18   -1.672283546685351e-16  +7.434089585334730e-32
-17   +2.656360780493183e-15  -3.283198718835994e-15
-16   -8.860462636737487e-16  +8.859277744181285e-32
-15   +5.979293080236748e-16  -4.509271758337299e-15
-14   -2.925584550196949e-16  -1.032298450191558e-31
-13   +2.787540363551520e-15  +2.516742599422043e-16
-12   +5.969627435782461e-16  -3.466673899897025e-33
-11   -8.133734953121789e-16  +6.221696149147257e-17
-10   +5.264665218654883e-16  +1.540743955509789e-33
 -9   -1.053062538412270e-15  +8.161360745146202e-16
 -8   -8.372554927417097e-16  -1.918226224609687e-31
 -7   +1.030977551658839e-15  +8.612519393231760e-16
 -6   -1.094707971060596e-15  -4.506676069866132e-32
 -5   +4.572793371835689e-15  +7.473873386537377e-16
 -4   -4.552387031554879e-16  +3.197043707682812e-32
 -3   -4.749027921362969e-15  +4.249801404592183e-16
 -2   -2.038973093990907e-15  -2.465190328815662e-32
 -1   -1.957933403685456e+02  +8.021361352916756e-15
 +0   +1.012237318938310e+00  +0.000000000000000e+00
 +1   -1.957933403685456e+02  -8.021361352916756e-15
 +2   -2.038973093990907e-15  +2.465190328815662e-32
 +3   -4.749027921362969e-15  -4.249801404592183e-16
 +4   -4.552387031554879e-16  -3.197043707682812e-32
 +5   +4.572793371835689e-15  -7.473873386537377e-16
 +6   -1.094707971060596e-15  +4.506676069866132e-32
 +7   +1.030977551658839e-15  -8.612519393231760e-16
 +8   -8.372554927417097e-16  +1.918226224609687e-31
 +9   -1.053062538412270e-15  -8.161360745146202e-16
+10   +5.264665218654883e-16  -1.540743955509789e-33
+11   -8.133734953121789e-16  -6.221696149147257e-17
+12   +5.969627435782461e-16  +3.466673899897025e-33
+13   +2.787540363551520e-15  -2.516742599422043e-16
+14   -2.925584550196949e-16  +1.032298450191558e-31
+15   +5.979293080236748e-16  +4.509271758337299e-15
+16   -8.860462636737487e-16  -8.859277744181285e-32
+17   +2.656360780493183e-15  +3.283198718835994e-15
+18   -1.672283546685351e-16  -7.434089585334730e-32
+19   -8.157058528500115e-16  -1.313790196860756e-16
+20   +6.010166490745363e-16  +4.314083075427408e-32
+21   +1.894834954872730e-15  +1.897077564625974e-16
+22   +4.183910980495035e-16  +4.583713267641621e-32
+23   +5.275739825591723e-16  -9.936292160169788e-18
+24   -4.636172131715014e-16  +6.355568816477878e-33
+25   -7.635750693681444e-16  -2.915996080782594e-16
+26   -2.776872128319416e-16  +1.910522504832138e-31
+27   -1.468861330785784e-15  +4.187682135318484e-17
+28   +1.003417320651312e-15  +8.897796343069030e-32
+29   +4.225703147293897e-16  +1.013060165293174e-16
+30   +1.342411632769654e-15  +1.471410477511848e-31

