-30   +1.170789490120644e-17  +2.436118225157757e-16
-29   -1.348751796582651e-16  -5.151334010391173e-16
-28   +1.170789490120646e-17  +3.302418748575865e-16
-27   -9.160661808049857e-18  -1.046785875294552e-15
-26   +1.170789490120645e-17  -4.286951861737117e-17
-25   +7.437549894926003e-16  -2.090803693987266e-16
-24   +1.170789490120651e-17  +3.418355951253417e-16
-23   -3.593371342743802e-16  +5.706032146083602e-16
-22   +1.170789490120640e-17  +5.622615330870638e-16
-21   -2.485165077636951e-16  -1.003512005698386e-15
-20   +1.170789490120663e-17  +5.029847277259727e-17
-19   -3.138062127041113e-17  -1.263315568233103e-15
-18   +1.170789490120647e-17  +1.046589101126232e-16
-17   -2.764366628550683e-15  -4.619108294475604e-15
-16   +1.170789490120644e-17  +3.514188433734999e-16
-15   +3.309341352714380e-15  +1.557253196064952e-15
-14   +1.170789490120648e-17  +3.290114993257708e-16
-13   +2.866851900803167e-16  -2.498587885866021e-15
-12   +1.170789490120647e-17  +8.719988456565843e-16
-11   -4.869868609155214e-16  -1.694450822190559e-15
-10   +1.170789490120633e-17  +4.970406736356939e-16
 -9   -1.887091579939633e-16  +2.347706974185602e-16
 -8   +1.170789490120643e-17  +3.918901898159363e-16
 -7   +3.018118000552048e-16  +1.763413582423939e-16
 -6   +1.170789490120669e-17  +1.298466566926755e-15
 -5   +7.670902585652510e-16  -5.546437517611047e-15
 -4   +1.170789490120666e-17  +1.562070246928342e-15
 -3   -6.931570729979384e-16  -8.261774004867275e-15
 -2   +1.170789490120657e-17  +4.164343380671092e-15
 -1   +8.370475941018725e-15  +1.957933403685456e+02
 +0   +1.170789490120642e-17  +0.000000000000000e+00
 +1   +8.370475941018725e-15  -1.957933403685456e+02
 +2   +1.170789490120657e-17  -4.164343380671092e-15
 +3   -6.931570729979384e-16  +8.261774004867275e-15
 +4   +1.170789490120666e-17  -1.562070246928342e-15
 +5   +7.670902585652510e-16  +5.546437517611047e-15
 +6   +1.170789490120669e-17  -1.298466566926755e-15
 +7   +3.018118000552048e-16  -1.763413582423939e-16
 +8   +1.170789490120643e-17  -3.918901898159363e-16
 +9   -1.887091579939633e-16  -2.347706974185602e-16
+10   +1.170789490120633e-17  -4.970406736356939e-16
+11   -4.869868609155214e-16  +1.694450822190559e-15
+12   +1.170789490120647e-17  -8.719988456565843e-16
+13   +2.866851900803167e-16  +2.498587885866021e-15
+14   +1.170789490120648e-17  -3.290114993257708e-16
+15   +3.309341352714380e-15  -1.557253196064952e-15
+16   +1.170789490120644e-17  -3.514188433734999e-16
+17   -2.764366628550683e-15  +4.619108294475604e-15
+18   +1.170789490120647e-17  -1.046589101126232e-16
+19   -3.138062127041113e-17  +1.263315568233103e-15
+20   +1.170789490120663e-17  -5.029847277259727e-17
+21   -2.485165077636951e-16  +1.003512005698386e-15
+22   +1.170789490120640e-17  -5.622615330870638e-16
+23   -3.593371342743802e-16  -5.706032146083602e-16
+24   +1.170789490120651e-17  -3.418355951253417e-16
+25   +7.437549894926003e-16  +2.090803693987266e-16
+26   +1.170789490120645e-17  +4.286951861737117e-17
+27   -9.160661808049857e-18  +1.046785875294552e-15
+28   +1.170789490120646e-17  -3.302418748575865e-16
+29   -1.348751796582651e-16  +5.151334010391173e-16
+30   +1.170789490120644e-17  -2.436118225157757e-16

