-30   +3.438083294455128e-22  -6.220558129995043e-27
-29   +1.069859122478977e-20  -3.196795921428590e-24
-28   -4.404825614632324e-21  -3.544898346966844e-32
-27   +1.888576088661519e-21  -6.454712160624636e-24
-26   +8.190740259497831e-21  +6.187600028136636e-26
-25   -7.878238426953062e-22  -1.524633617506725e-24
-24   -1.371767423583763e-21  +1.586917373610088e-37
-23   +5.366507226393827e-21  +2.224681136944268e-25
-22   +5.705984124067463e-21  +6.203666396405640e-26
-21   +2.103092629920037e-21  -1.877057478568577e-24
-20   +1.566939103399045e-20  -8.901915275274311e-32
-19   +2.315056365053691e-21  +3.102478454440746e-24
-18   -1.103437139925055e-20  -4.097354874780856e-26
-17   -3.391901695895472e-21  +6.681715976301384e-23
-16   +0.000000000000000e+00  +0.000000000000000e+00
-15   -2.191519375575413e-21  +7.652363573265086e-23
-14   +3.096134513483949e-21  +4.501829204167289e-26
-13   +2.126834328177481e-21  -2.402080621923917e-24
-12   +8.392102319344732e-21  -7.722427770142280e-32
-11   +6.852128813611886e-22  -5.437639899370948e-24
-10   +1.295083684253570e-21  +1.779436729064086e-25
 -9   -1.528451825151605e-21  +1.501590286154025e-24
 -8   -5.147897993395351e-21  +1.175494350822288e-38
 -7   -5.736338510999025e-21  +1.050060789755879e-23
 -6   +1.733549836866583e-19  +1.923807309502873e-25
 -5   +7.253169385152673e-17  -1.009838403225747e-23
 -4   +3.117808064985095e-14  -1.201780285297635e-30
 -3   +1.378436231500870e-11  +1.596985793747521e-24
 -2   +6.399019475345367e-09  -9.693522803355793e-26
 -1   +3.300635864453247e-06  -1.323488980084844e-22
 +0   +2.553717273103288e-03  +0.000000000000000e+00
 +1   +3.300635864453247e-06  +1.323488980084844e-22
 +2   +6.399019475345367e-09  +9.693522803355793e-26
 +3   +1.378436231500870e-11  -1.596985793747521e-24
 +4   +3.117808064985095e-14  +1.201780285297635e-30
 +5   +7.253169385152673e-17  +1.009838403225747e-23
 +6   +1.733549836866583e-19  -1.923807309502873e-25
 +7   -5.736338510999025e-21  -1.050060789755879e-23
 +8   -5.147897993395351e-21  -1.175494350822288e-38
 +9   -1.528451825151605e-21  -1.501590286154025e-24
+10   +1.295083684253570e-21  -1.779436729064086e-25
+11   +6.852128813611886e-22  +5.437639899370948e-24
+12   +8.392102319344732e-21  +7.722427770142280e-32
+13   +2.126834328177481e-21  +2.402080621923917e-24
+14   +3.096134513483949e-21  -4.501829204167289e-26
+15   -2.191519375575413e-21  -7.652363573265086e-23
+16   +0.000000000000000e+00  -0.000000000000000e+00
+17   -3.391901695895472e-21  -6.681715976301384e-23
+18   -1.103437139925055e-20  +4.097354874780856e-26
+19   +2.315056365053691e-21  -3.102478454440746e-24
+20   +1.566939103399045e-20  +8.901915275274311e-32
+21   +2.103092629920037e-21  +1.877057478568577e-24
+22   +5.705984124067463e-21  -6.203666396405640e-26
+23   +5.366507226393827e-21  -2.224681136944268e-25
+24   -1.371767423583763e-21  -1.586917373610088e-37
+25   -7.878238426953062e-22  +1.524633617506725e-24
+26   +8.190740259497831e-21  -6.187600028136636e-26
+27   +1.888576088661519e-21  +6.454712160624636e-24
+28   -4.404825614632324e-21  +3.544898346966844e-32
+29   +1.069859122478977e-20  +3.196795921428590e-24
+30   +3.438083294455128e-22  +6.220558129995043e-27

