+0 +2.175640738072227e+00
+1 +7.146338930130637e-12
+2 -6.662988545459676e-10
+3 +7.200106980009917e-13
+4 -4.939865406065269e-13
+5 +1.235381175003921e-15
+6 -1.010402152970525e-15
+7 +3.621015955244661e-18
+8 -3.138263196849101e-18
+9 +1.427712417716230e-20
+10 -1.222398900474335e-20
+11 +7.253864726762195e-23
+12 -5.434010395948944e-23
+13 +5.461367835089900e-25
+14 -2.517990037546318e-25
+15 +7.183808980527372e-27
+16 -8.483190677013023e-28
+17 +1.400857239485955e-28
+18 +7.425236593302019e-30
+19 +3.145235799329047e-30
+20 +3.346316350742511e-31
+21 +7.298440846743359e-32
+22 +8.920505123920432e-33
+23 +1.696525679083956e-33
+24 +2.160740659261336e-34
+25 +3.920705425049068e-35
+26 +6.502434963263274e-36
+27 +9.198735172865855e-37
+28 +3.598651612728361e-34
+29 +3.395971236066596e-35
+30 +2.322044093538498e-31
