+0 +1.0009074577081583e+00
+1 +2.8709217499152861e-04
+2 +7.1871779986130242e-03
+3 -2.3511831469352083e-06
+4 +4.5857589712513540e-05
+5 -3.8486836635357978e-08
+6 +3.2706775086329896e-07
+7 -4.4069575530280844e-10
+8 +2.4525999159137948e-09
+9 -4.5440564429258111e-12
+10 +1.8925845150662617e-11
+11 -4.4595563711671671e-14
+12 +1.4878380741643871e-13
+13 -4.2748537257908524e-16
+14 +1.1844965513118675e-15
+15 +1.3036416066733227e-18
+16 +6.2722516385166225e-18
+17 +4.6863020767236766e-19
+18 -3.3443531642114488e-18
+19 -7.4092774024196545e-19
+20 -3.9910746656848771e-20
+21 +4.9919383107567448e-18
+22 -2.8400229167635664e-18
+23 +2.1503173645913777e-18
+24 -9.0190280556509457e-18
+25 -3.9426489008512526e-19
+26 +3.4792448821360097e-18
+27 +3.0246309739539489e-19
+28 +6.4973829974594608e-18
+29 +2.9168792253945605e-18
+30 +4.6688341879562909e-18
