-30   +0.000000000000000e+00  -8.976119751667625e-32
-29   +0.000000000000000e+00  +7.575537034417156e-32
-28   +0.000000000000000e+00  -1.044697441205138e-29
-27   +0.000000000000000e+00  +8.212225442403015e-30
-26   +0.000000000000000e+00  -1.215788876028311e-27
-25   +0.000000000000000e+00  +8.852810779617565e-28
-24   +0.000000000000000e+00  -1.414672368088722e-25
-23   +0.000000000000000e+00  +9.480664946128767e-26
-22   +0.000000000000000e+00  -1.645750393166332e-23
-21   +0.000000000000000e+00  +1.007404929373026e-23
-20   +0.000000000000000e+00  -1.914060129941489e-21
-19   +0.000000000000000e+00  +1.060436448665386e-21
-18   +0.000000000000000e+00  -2.225322075461983e-19
-17   +0.000000000000000e+00  +1.103444549977170e-19
-16   +0.000000000000000e+00  -2.585953357289137e-17
-15   +0.000000000000000e+00  +1.131643671236351e-17
-14   +0.000000000000000e+00  -3.002996635075406e-15
-13   +0.000000000000000e+00  +1.138908733966515e-15
-12   +0.000000000000000e+00  -3.483850527217012e-13
-11   +0.000000000000000e+00  +1.117414177434121e-13
-10   +0.000000000000000e+00  -4.035511849146495e-11
 -9   +0.000000000000000e+00  +1.057099081219784e-11
 -8   +0.000000000000000e+00  -4.662493410539820e-09
 -7   +0.000000000000000e+00  +9.446853010212487e-10
 -6   +0.000000000000000e+00  -5.360513318226883e-07
 -5   +0.000000000000000e+00  +7.610638047619738e-08
 -4   +0.000000000000000e+00  -6.092545287593129e-05
 -3   +0.000000000000000e+00  +4.693046603581466e-06
 -2   +0.000000000000000e+00  -6.643434517000423e-03
 -1   +0.000000000000000e+00  -1.322188014186290e-04
 +0   +0.000000000000000e+00  +0.000000000000000e+00
 +1   +0.000000000000000e+00  +1.322188014186290e-04
 +2   +0.000000000000000e+00  +6.643434517000423e-03
 +3   +0.000000000000000e+00  -4.693046603581466e-06
 +4   +0.000000000000000e+00  +6.092545287593129e-05
 +5   +0.000000000000000e+00  -7.610638047619738e-08
 +6   +0.000000000000000e+00  +5.360513318226883e-07
 +7   +0.000000000000000e+00  -9.446853010212487e-10
 +8   +0.000000000000000e+00  +4.662493410539820e-09
 +9   +0.000000000000000e+00  -1.057099081219784e-11
+10   +0.000000000000000e+00  +4.035511849146495e-11
+11   +0.000000000000000e+00  -1.117414177434121e-13
+12   +0.000000000000000e+00  +3.483850527217012e-13
+13   +0.000000000000000e+00  -1.138908733966515e-15
+14   +0.000000000000000e+00  +3.002996635075406e-15
+15   +0.000000000000000e+00  -1.131643671236351e-17
+16   +0.000000000000000e+00  +2.585953357289137e-17
+17   +0.000000000000000e+00  -1.103444549977170e-19
+18   +0.000000000000000e+00  +2.225322075461983e-19
+19   +0.000000000000000e+00  -1.060436448665386e-21
+20   +0.000000000000000e+00  +1.914060129941489e-21
+21   +0.000000000000000e+00  -1.007404929373026e-23
+22   +0.000000000000000e+00  +1.645750393166332e-23
+23   +0.000000000000000e+00  -9.480664946128767e-26
+24   +0.000000000000000e+00  +1.414672368088722e-25
+25   +0.000000000000000e+00  -8.852810779617565e-28
+26   +0.000000000000000e+00  +1.215788876028311e-27
+27   +0.000000000000000e+00  -8.212225442403015e-30
+28   +0.000000000000000e+00  +1.044697441205138e-29
+29   +0.000000000000000e+00  -7.575537034417156e-32
+30   +0.000000000000000e+00  +8.976119751667625e-32

