-30   +1.161022046769190e-31  +0.000000000000000e+00
-29   +1.697985617891932e-35  +0.000000000000000e+00
-28   +1.799325804752737e-34  +0.000000000000000e+00
-27   +4.599365654251338e-37  +0.000000000000000e+00
-26   +3.251311530036111e-36  +0.000000000000000e+00
-25   +1.960355267373811e-35  +0.000000000000000e+00
-24   +1.080372002475348e-34  +0.000000000000000e+00
-23   +8.482648812964126e-34  +0.000000000000000e+00
-22   +4.459681202415037e-33  +0.000000000000000e+00
-21   +3.649261834676088e-32  +0.000000000000000e+00
-20   +1.673274550781826e-31  +0.000000000000000e+00
-19   +1.572546487550128e-30  +0.000000000000000e+00
-18   +3.713754155038941e-30  +0.000000000000000e+00
-17   +7.004500918729558e-29  +0.000000000000000e+00
-16   -4.243995322949041e-28  +0.000000000000000e+00
-15   +3.591681663752029e-27  +0.000000000000000e+00
-14   -1.259169219256350e-25  +0.000000000000000e+00
-13   +2.730450638754327e-25  +0.000000000000000e+00
-12   -2.718228765954495e-23  +0.000000000000000e+00
-11   +3.626934430938937e-23  +0.000000000000000e+00
-10   -6.112332497343538e-21  +0.000000000000000e+00
 -9   +7.138526697225706e-21  +0.000000000000000e+00
 -8   -1.569012982133518e-18  +0.000000000000000e+00
 -7   +1.810498107243462e-18  +0.000000000000000e+00
 -6   -5.051996829097967e-16  +0.000000000000000e+00
 -5   +6.176912315909606e-16  +0.000000000000000e+00
 -4   -2.469939776304615e-13  +0.000000000000000e+00
 -3   +3.600053417464022e-13  +0.000000000000000e+00
 -2   -3.331494275938427e-10  +0.000000000000000e+00
 -1   +3.573169451507301e-12  +0.000000000000000e+00
 +0   +2.175640738072227e+00  +0.000000000000000e+00
 +1   +3.573169478623336e-12  +0.000000000000000e+00
 +2   -3.331494269521250e-10  +0.000000000000000e+00
 +3   +3.600053562545896e-13  +0.000000000000000e+00
 +4   -2.469925629760654e-13  +0.000000000000000e+00
 +5   +6.176899434129604e-16  +0.000000000000000e+00
 +6   -5.052024700607279e-16  +0.000000000000000e+00
 +7   +1.810517848001199e-18  +0.000000000000000e+00
 +8   -1.569250214715583e-18  +0.000000000000000e+00
 +9   +7.138597479936597e-21  +0.000000000000000e+00
+10   -6.111656507399811e-21  +0.000000000000000e+00
+11   +3.626930295823259e-23  +0.000000000000000e+00
+12   -2.715781629994448e-23  +0.000000000000000e+00
+13   +2.730917196335574e-25  +0.000000000000000e+00
+14   -1.258820818289967e-25  +0.000000000000000e+00
+15   +3.592127316775343e-27  +0.000000000000000e+00
+16   -4.239195354063981e-28  +0.000000000000000e+00
+17   +7.004071476129996e-29  +0.000000000000000e+00
+18   +3.711482438263079e-30  +0.000000000000000e+00
+19   +1.572689311778919e-30  +0.000000000000000e+00
+20   +1.673041799960685e-31  +0.000000000000000e+00
+21   +3.649179012067271e-32  +0.000000000000000e+00
+22   +4.460823921505395e-33  +0.000000000000000e+00
+23   +8.482607977875430e-34  +0.000000000000000e+00
+24   +1.080368656785988e-34  +0.000000000000000e+00
+25   +1.960350157675257e-35  +0.000000000000000e+00
+26   +3.251123433227162e-36  +0.000000000000000e+00
+27   +4.599369518614517e-37  +0.000000000000000e+00
+28   +1.799325807975624e-34  +0.000000000000000e+00
+29   +1.697985618174664e-35  +0.000000000000000e+00
+30   +1.161022046769309e-31  +0.000000000000000e+00

