-30   +2.3344170939781454e-18  +0.0000000000000000e+00
-29   +1.4584396126972803e-18  +0.0000000000000000e+00
-28   +3.2486914987297304e-18  +0.0000000000000000e+00
-27   +1.5123154869769745e-19  +0.0000000000000000e+00
-26   +1.7396224410680049e-18  +0.0000000000000000e+00
-25   -1.9713244504256263e-19  +0.0000000000000000e+00
-24   -4.5095140278254729e-18  +0.0000000000000000e+00
-23   +1.0751586822956888e-18  +0.0000000000000000e+00
-22   -1.4200114583817832e-18  +0.0000000000000000e+00
-21   +2.4959691553783724e-18  +0.0000000000000000e+00
-20   -1.9955373328424386e-20  +0.0000000000000000e+00
-19   -3.7046387012098273e-19  +0.0000000000000000e+00
-18   -1.6721765821057244e-18  +0.0000000000000000e+00
-17   +2.3431510383618383e-19  +0.0000000000000000e+00
-16   +3.1361258192583112e-18  +0.0000000000000000e+00
-15   +6.5182080333666137e-19  +0.0000000000000000e+00
-14   +5.9224827565593373e-16  +0.0000000000000000e+00
-13   -2.1374268628954262e-16  +0.0000000000000000e+00
-12   +7.4391903708219357e-14  +0.0000000000000000e+00
-11   -2.2297781855835836e-14  +0.0000000000000000e+00
-10   +9.4629225753313086e-12  +0.0000000000000000e+00
 -9   -2.2720282214629056e-12  +0.0000000000000000e+00
 -8   +1.2262999579568974e-09  +0.0000000000000000e+00
 -7   -2.2034787765140422e-10  +0.0000000000000000e+00
 -6   +1.6353387543164948e-07  +0.0000000000000000e+00
 -5   -1.9243418317678989e-08  +0.0000000000000000e+00
 -4   +2.2928794856256770e-05  +0.0000000000000000e+00
 -3   -1.1755915734676042e-06  +0.0000000000000000e+00
 -2   +3.5935889993065121e-03  +0.0000000000000000e+00
 -1   +1.4354608749576431e-04  +0.0000000000000000e+00
 +0   +1.0009074577081583e+00  +0.0000000000000000e+00
 +1   +1.4354608749576431e-04  +0.0000000000000000e+00
 +2   +3.5935889993065121e-03  +0.0000000000000000e+00
 +3   -1.1755915734676042e-06  +0.0000000000000000e+00
 +4   +2.2928794856256770e-05  +0.0000000000000000e+00
 +5   -1.9243418317678989e-08  +0.0000000000000000e+00
 +6   +1.6353387543164948e-07  +0.0000000000000000e+00
 +7   -2.2034787765140422e-10  +0.0000000000000000e+00
 +8   +1.2262999579568974e-09  +0.0000000000000000e+00
 +9   -2.2720282214629056e-12  +0.0000000000000000e+00
+10   +9.4629225753313086e-12  +0.0000000000000000e+00
+11   -2.2297781855835836e-14  +0.0000000000000000e+00
+12   +7.4391903708219357e-14  +0.0000000000000000e+00
+13   -2.1374268628954262e-16  +0.0000000000000000e+00
+14   +5.9224827565593373e-16  +0.0000000000000000e+00
+15   +6.5182080333666137e-19  +0.0000000000000000e+00
+16   +3.1361258192583112e-18  +0.0000000000000000e+00
+17   +2.3431510383618383e-19  +0.0000000000000000e+00
+18   -1.6721765821057244e-18  +0.0000000000000000e+00
+19   -3.7046387012098273e-19  +0.0000000000000000e+00
+20   -1.9955373328424386e-20  +0.0000000000000000e+00
+21   +2.4959691553783724e-18  +0.0000000000000000e+00
+22   -1.4200114583817832e-18  +0.0000000000000000e+00
+23   +1.0751586822956888e-18  +0.0000000000000000e+00
+24   -4.5095140278254729e-18  +0.0000000000000000e+00
+25   -1.9713244504256263e-19  +0.0000000000000000e+00
+26   +1.7396224410680049e-18  +0.0000000000000000e+00
+27   +1.5123154869769745e-19  +0.0000000000000000e+00
+28   +3.2486914987297304e-18  +0.0000000000000000e+00
+29   +1.4584396126972803e-18  +0.0000000000000000e+00
+30   +2.3344170939781454e-18  +0.0000000000000000e+00

