+0 +0.0000000000000000e+00
+1 -2.1925707510398631e+00
+2 -3.3372104851523175e-04
+3 -3.2950014307848081e-03
+4 -3.1006418375543088e-07
+5 -1.2777772282552342e-05
+6 +2.6566539389615580e-09
+7 -6.5289346502817585e-08
+8 +3.8969816040001782e-11
+9 -3.8113580217458167e-10
+10 +3.9096228171419038e-13
+11 -2.4069702297850625e-12
+12 +3.5755608187300585e-15
+13 -1.5983671067799168e-14
+14 +3.3670533965178714e-17
+15 -1.1526736746177050e-16
+16 -2.9921760394374427e-18
+17 +4.1800024340318782e-17
+18 -7.0046255041308065e-19
+19 +1.8009695080884757e-17
+20 +8.6267252535787285e-18
+21 -1.6345959736991657e-18
+22 +9.4740769233306810e-19
+23 -3.2953766500241927e-18
+24 +2.8219068960564901e-19
+25 +1.7825564355435503e-17
+26 +1.1350163342308238e-17
+27 +1.4027554166240469e-18
+28 -1.5894554049919985e-18
+29 +1.1451716777991542e-17
+30 -7.4110763814748867e-18
