+0 +9.982648397496333e-01
+1 -5.665951709651106e-04
+2 -1.433530048177298e-02
+3 +1.085249018306138e-05
+4 -1.426753679592190e-05
+5 +2.130007570269676e-08
+6 -3.674964591092651e-08
+7 +7.302992682666219e-11
+8 -1.378086826628920e-10
+9 +3.327601615377433e-13
+10 -6.308310479706324e-13
+11 +1.785609994488432e-15
+12 -3.265743248820865e-15
+13 +1.061628723750146e-17
+14 -1.837371673085553e-17
+15 +6.760170083772681e-20
+16 -1.097603156501473e-19
+17 +4.517907896878566e-22
+18 -6.859857513434017e-22
+19 +3.128524691740630e-24
+20 -4.441115293730610e-24
+21 +2.225700621736677e-26
+22 -2.957588585165761e-26
+23 +1.617211437922575e-28
+24 -2.015733963364016e-28
+25 +1.195145572805592e-30
+26 -1.400586000949165e-30
+27 +8.956632594574918e-33
+28 -1.109172400052487e-32
+29 +3.849571421145873e-35
+30 +2.130091121410115e-31
