-30   +9.4405260464801889e-16  +0.0000000000000000e+00
-29   -8.9288715557567156e-16  +0.0000000000000000e+00
-28   +1.5072308253757734e-15  +0.0000000000000000e+00
-27   +8.0536495507060377e-16  +0.0000000000000000e+00
-26   +1.8145480706893462e-16  +0.0000000000000000e+00
-25   +4.3781469109472338e-16  +0.0000000000000000e+00
-24   +4.8859984913481140e-16  +0.0000000000000000e+00
-23   -6.6549799390082728e-17  +0.0000000000000000e+00
-22   +8.2859865125045314e-16  +0.0000000000000000e+00
-21   -4.7292512116412841e-16  +0.0000000000000000e+00
-20   -3.9484347152331363e-17  +0.0000000000000000e+00
-19   +1.5835888147451904e-15  +0.0000000000000000e+00
-18   -2.8043464705888008e-16  +0.0000000000000000e+00
-17   +2.9542562679247680e-15  +0.0000000000000000e+00
-16   -8.1231779149995734e-16  +0.0000000000000000e+00
-15   +6.9841501612091166e-13  +0.0000000000000000e+00
-14   -1.9251718644595679e-13  +0.0000000000000000e+00
-13   +8.1224022223716723e-11  +0.0000000000000000e+00
-12   -1.7708368715879820e-11  +0.0000000000000000e+00
-11   +9.4360388865053921e-09  +0.0000000000000000e+00
-10   -1.5171987697361110e-09  +0.0000000000000000e+00
 -9   +1.0952167311981857e-06  +0.0000000000000000e+00
 -8   -1.1394650265225701e-07  +0.0000000000000000e+00
 -7   +1.2694677182725089e-04  +0.0000000000000000e+00
 -6   -6.1221728952731191e-06  +0.0000000000000000e+00
 -5   +1.4681802445638869e-02  +0.0000000000000000e+00
 -4   +7.8741878364835114e-05  +0.0000000000000000e+00
 -3   +1.6914540358354522e+00  +0.0000000000000000e+00
 -2   +8.6845510163190476e-02  +0.0000000000000000e+00
 -1   +1.9428193115490302e+02  +0.0000000000000000e+00
 +0   -6.3140695677343650e-02  +0.0000000000000000e+00
 +1   +1.9428193115490302e+02  +0.0000000000000000e+00
 +2   +8.6845510163190476e-02  +0.0000000000000000e+00
 +3   +1.6914540358354522e+00  +0.0000000000000000e+00
 +4   +7.8741878364835114e-05  +0.0000000000000000e+00
 +5   +1.4681802445638869e-02  +0.0000000000000000e+00
 +6   -6.1221728952731191e-06  +0.0000000000000000e+00
 +7   +1.2694677182725089e-04  +0.0000000000000000e+00
 +8   -1.1394650265225701e-07  +0.0000000000000000e+00
 +9   +1.0952167311981857e-06  +0.0000000000000000e+00
+10   -1.5171987697361110e-09  +0.0000000000000000e+00
+11   +9.4360388865053921e-09  +0.0000000000000000e+00
+12   -1.7708368715879820e-11  +0.0000000000000000e+00
+13   +8.1224022223716723e-11  +0.0000000000000000e+00
+14   -1.9251718644595679e-13  +0.0000000000000000e+00
+15   +6.9841501612091166e-13  +0.0000000000000000e+00
+16   -8.1231779149995734e-16  +0.0000000000000000e+00
+17   +2.9542562679247680e-15  +0.0000000000000000e+00
+18   -2.8043464705888008e-16  +0.0000000000000000e+00
+19   +1.5835888147451904e-15  +0.0000000000000000e+00
+20   -3.9484347152331363e-17  +0.0000000000000000e+00
+21   -4.7292512116412841e-16  +0.0000000000000000e+00
+22   +8.2859865125045314e-16  +0.0000000000000000e+00
+23   -6.6549799390082728e-17  +0.0000000000000000e+00
+24   +4.8859984913481140e-16  +0.0000000000000000e+00
+25   +4.3781469109472338e-16  +0.0000000000000000e+00
+26   +1.8145480706893462e-16  +0.0000000000000000e+00
+27   +8.0536495507060377e-16  +0.0000000000000000e+00
+28   +1.5072308253757734e-15  +0.0000000000000000e+00
+29   -8.9288715557567156e-16  +0.0000000000000000e+00
+30   +9.4405260464801889e-16  +0.0000000000000000e+00

