-30   +1.3738377084961412e-18  +0.0000000000000000e+00
-29   -5.2239759177178651e-18  +0.0000000000000000e+00
-28   +4.5217225506096119e-18  +0.0000000000000000e+00
-27   +8.8756988565373415e-18  +0.0000000000000000e+00
-26   -4.2459058711159562e-19  +0.0000000000000000e+00
-25   +2.5473084111479080e-18  +0.0000000000000000e+00
-24   +3.2979083340170947e-18  +0.0000000000000000e+00
-23   -8.3758169794953056e-18  +0.0000000000000000e+00
-22   +3.1019911969178888e-18  +0.0000000000000000e+00
-21   -2.8018692617199205e-18  +0.0000000000000000e+00
-20   -4.0909264051847221e-18  +0.0000000000000000e+00
-19   +9.5343241179889665e-18  +0.0000000000000000e+00
-18   -2.6415093045758440e-18  +0.0000000000000000e+00
-17   -1.5802740873746337e-17  +0.0000000000000000e+00
-16   +9.2555798845077629e-19  +0.0000000000000000e+00
-15   +5.0822307549814769e-17  +0.0000000000000000e+00
-14   -1.2189885589330178e-17  +0.0000000000000000e+00
-13   +7.9963521589159042e-15  +0.0000000000000000e+00
-12   -1.7782443318190031e-15  +0.0000000000000000e+00
-11   +1.2042870238720049e-12  +0.0000000000000000e+00
-10   -1.9554657939175330e-13  +0.0000000000000000e+00
 -9   +1.9070726749544467e-10  +0.0000000000000000e+00
 -8   -1.9466152264109199e-11  +0.0000000000000000e+00
 -7   +3.2671301921738793e-08  +0.0000000000000000e+00
 -6   -1.3138198947366029e-09  +0.0000000000000000e+00
 -5   +6.3942038090294897e-06  +0.0000000000000000e+00
 -4   +1.6505126406647135e-07  +0.0000000000000000e+00
 -3   +1.6478366884249791e-03  +0.0000000000000000e+00
 -2   +1.8287422346346504e-04  +0.0000000000000000e+00
 -1   +1.0773821813539133e+00  +0.0000000000000000e+00
 +0   -9.7552423287031967e-04  +0.0000000000000000e+00
 +1   +1.0773821813539133e+00  +0.0000000000000000e+00
 +2   +1.8287422346346504e-04  +0.0000000000000000e+00
 +3   +1.6478366884249791e-03  +0.0000000000000000e+00
 +4   +1.6505126406647135e-07  +0.0000000000000000e+00
 +5   +6.3942038090294897e-06  +0.0000000000000000e+00
 +6   -1.3138198947366029e-09  +0.0000000000000000e+00
 +7   +3.2671301921738793e-08  +0.0000000000000000e+00
 +8   -1.9466152264109199e-11  +0.0000000000000000e+00
 +9   +1.9070726749544467e-10  +0.0000000000000000e+00
+10   -1.9554657939175330e-13  +0.0000000000000000e+00
+11   +1.2042870238720049e-12  +0.0000000000000000e+00
+12   -1.7782443318190031e-15  +0.0000000000000000e+00
+13   +7.9963521589159042e-15  +0.0000000000000000e+00
+14   -1.2189885589330178e-17  +0.0000000000000000e+00
+15   +5.0822307549814769e-17  +0.0000000000000000e+00
+16   +9.2555798845077629e-19  +0.0000000000000000e+00
+17   -1.5802740873746337e-17  +0.0000000000000000e+00
+18   -2.6415093045758440e-18  +0.0000000000000000e+00
+19   +9.5343241179889665e-18  +0.0000000000000000e+00
+20   -4.0909264051847221e-18  +0.0000000000000000e+00
+21   -2.8018692617199205e-18  +0.0000000000000000e+00
+22   +3.1019911969178888e-18  +0.0000000000000000e+00
+23   -8.3758169794953056e-18  +0.0000000000000000e+00
+24   +3.2979083340170947e-18  +0.0000000000000000e+00
+25   +2.5473084111479080e-18  +0.0000000000000000e+00
+26   -4.2459058711159562e-19  +0.0000000000000000e+00
+27   +8.8756988565373415e-18  +0.0000000000000000e+00
+28   +4.5217225506096119e-18  +0.0000000000000000e+00
+29   -5.2239759177178651e-18  +0.0000000000000000e+00
+30   +1.3738377084961412e-18  +0.0000000000000000e+00

