-30   +0.0000000000000000e+00  -2.4950510180772993e-17
-29   +0.0000000000000000e+00  +5.3213095014120700e-17
-28   +0.0000000000000000e+00  -2.7291391231632460e-18
-27   +0.0000000000000000e+00  +4.8941752742200049e-19
-26   +0.0000000000000000e+00  +2.5223321720707909e-17
-25   +0.0000000000000000e+00  +7.1310580817449311e-18
-24   +0.0000000000000000e+00  -4.6928883565230441e-18
-23   +0.0000000000000000e+00  +5.2420089844795135e-18
-22   +0.0000000000000000e+00  +1.0981496773746785e-17
-21   +0.0000000000000000e+00  +2.8151109727755309e-17
-20   +0.0000000000000000e+00  +2.4265746892399963e-17
-19   +0.0000000000000000e+00  +3.7841606969198210e-17
-18   +0.0000000000000000e+00  -7.0146414759625209e-18
-17   +0.0000000000000000e+00  +1.1343471023652988e-16
-16   +0.0000000000000000e+00  -7.9202503022379664e-18
-15   +0.0000000000000000e+00  -3.3632697094964194e-16
-14   +0.0000000000000000e+00  +6.1828171211473350e-16
-13   +0.0000000000000000e+00  -5.3490937085769435e-14
-12   +0.0000000000000000e+00  +8.4229659996768267e-14
-11   +0.0000000000000000e+00  -8.0509436220657465e-12
-10   +0.0000000000000000e+00  +1.2414916780274606e-11
 -9   +0.0000000000000000e+00  -1.2739787051166311e-09
 -8   +0.0000000000000000e+00  +1.9466324420824268e-09
 -7   +0.0000000000000000e+00  -2.1807584548023980e-07
 -6   +0.0000000000000000e+00  +3.3650891591978886e-07
 -5   +0.0000000000000000e+00  -4.2642190507475507e-05
 -4   +0.0000000000000000e+00  +6.9573630621450993e-05
 -3   +0.0000000000000000e+00  -1.0980613860256432e-02
 -2   +0.0000000000000000e+00  +2.2120435109180128e-02
 -1   +0.0000000000000000e+00  -7.2633639329092672e+00
 +0   +0.0000000000000000e+00  +0.0000000000000000e+00
 +1   +0.0000000000000000e+00  +7.2633639329092672e+00
 +2   +0.0000000000000000e+00  -2.2120435109180128e-02
 +3   +0.0000000000000000e+00  +1.0980613860256432e-02
 +4   +0.0000000000000000e+00  -6.9573630621450993e-05
 +5   +0.0000000000000000e+00  +4.2642190507475507e-05
 +6   +0.0000000000000000e+00  -3.3650891591978886e-07
 +7   +0.0000000000000000e+00  +2.1807584548023980e-07
 +8   +0.0000000000000000e+00  -1.9466324420824268e-09
 +9   +0.0000000000000000e+00  +1.2739787051166311e-09
+10   +0.0000000000000000e+00  -1.2414916780274606e-11
+11   +0.0000000000000000e+00  +8.0509436220657465e-12
+12   +0.0000000000000000e+00  -8.4229659996768267e-14
+13   +0.0000000000000000e+00  +5.3490937085769435e-14
+14   +0.0000000000000000e+00  -6.1828171211473350e-16
+15   +0.0000000000000000e+00  +3.3632697094964194e-16
+16   +0.0000000000000000e+00  +7.9202503022379664e-18
+17   +0.0000000000000000e+00  -1.1343471023652988e-16
+18   +0.0000000000000000e+00  +7.0146414759625209e-18
+19   +0.0000000000000000e+00  -3.7841606969198210e-17
+20   +0.0000000000000000e+00  -2.4265746892399963e-17
+21   +0.0000000000000000e+00  -2.8151109727755309e-17
+22   +0.0000000000000000e+00  -1.0981496773746785e-17
+23   +0.0000000000000000e+00  -5.2420089844795135e-18
+24   +0.0000000000000000e+00  +4.6928883565230441e-18
+25   +0.0000000000000000e+00  -7.1310580817449311e-18
+26   +0.0000000000000000e+00  -2.5223321720707909e-17
+27   +0.0000000000000000e+00  -4.8941752742200049e-19
+28   +0.0000000000000000e+00  +2.7291391231632460e-18
+29   +0.0000000000000000e+00  -5.3213095014120700e-17
+30   +0.0000000000000000e+00  +2.4950510180772993e-17

