+0 +0.0000000000000000e+00
+1 -3.8974372562376573e+02
+2 -1.7342791662368667e-01
+3 -3.3856964866413994e+00
+4 -1.5558866298906492e-04
+5 -2.9375826720306246e-02
+6 +1.2258513154534033e-05
+7 -2.5395968972013073e-04
+8 +2.2800194839983163e-07
+9 -2.1908327447711770e-06
+10 +3.0352516485381609e-09
+11 -1.8874650169071323e-08
+12 +3.5422588276992996e-11
+13 -1.6246425526557493e-10
+14 +3.8935654488133129e-13
+15 -1.4012573190802899e-12
+16 +3.4009042152494529e-15
+17 -3.2227662103892583e-15
+18 -5.6324030710265510e-16
+19 +5.6590458217639990e-15
+20 +2.8665602742255576e-15
+21 +1.0924066728956715e-15
+22 -6.7793819688807651e-16
+23 +1.1611522324210993e-16
+24 +1.0618443261180055e-15
+25 +1.0624788601411784e-15
+26 +5.8599974349792729e-16
+27 -4.9260061389484250e-16
+28 +5.4708699405155385e-16
+29 +2.4005142726172488e-15
+30 -2.1626610893831129e-15
