-30   +0.000000000000000e+00  +4.448351229369042e-34
-29   +0.000000000000000e+00  +2.129067704558368e-32
-28   +0.000000000000000e+00  +2.212254749787109e-32
-27   +0.000000000000000e+00  -4.157826836011219e-30
-26   +0.000000000000000e+00  +2.628225451018409e-30
-25   +0.000000000000000e+00  -5.443975630481470e-28
-24   +0.000000000000000e+00  +3.123833068663917e-28
-23   +0.000000000000000e+00  -7.197886284660191e-26
-22   +0.000000000000000e+00  +3.710228757288571e-26
-21   +0.000000000000000e+00  -9.627832043378012e-24
-20   +0.000000000000000e+00  +4.400106635747636e-24
-19   +0.000000000000000e+00  -1.305874318820169e-21
-18   +0.000000000000000e+00  +5.203573048443251e-22
-17   +0.000000000000000e+00  -1.801691257572815e-19
-16   +0.000000000000000e+00  +6.122124258746011e-20
-15   +0.000000000000000e+00  -2.539438590754385e-17
-14   +0.000000000000000e+00  +7.134519559216858e-18
-13   +0.000000000000000e+00  -3.679258428651968e-15
-12   +0.000000000000000e+00  +8.162333104516747e-16
-11   +0.000000000000000e+00  -5.530990551605736e-13
-10   +0.000000000000000e+00  +8.979654680391118e-14
 -9   +0.000000000000000e+00  -8.758068040932178e-11
 -8   +0.000000000000000e+00  +8.948154577757916e-12
 -7   +0.000000000000000e+00  -1.500280111746136e-08
 -6   +0.000000000000000e+00  +6.093689785946992e-10
 -5   +0.000000000000000e+00  -2.936216137464935e-06
 -4   +0.000000000000000e+00  -7.143931491591910e-08
 -3   +0.000000000000000e+00  -7.571744476622904e-04
 -2   +0.000000000000000e+00  -7.669504502413824e-05
 -1   +0.000000000000000e+00  -5.038907975934880e-01
 +0   +0.000000000000000e+00  -1.347564296542461e-20
 +1   +0.000000000000000e+00  +5.038907975934879e-01
 +2   +0.000000000000000e+00  +7.669504502413821e-05
 +3   +0.000000000000000e+00  +7.571744476622891e-04
 +4   +0.000000000000000e+00  +7.143931491592649e-08
 +5   +0.000000000000000e+00  +2.936216137465600e-06
 +6   +0.000000000000000e+00  -6.093689785951916e-10
 +7   +0.000000000000000e+00  +1.500280111746106e-08
 +8   +0.000000000000000e+00  -8.948154577749967e-12
 +9   +0.000000000000000e+00  +8.758068040921455e-11
+10   +0.000000000000000e+00  -8.979654680388572e-14
+11   +0.000000000000000e+00  +5.530990551607218e-13
+12   +0.000000000000000e+00  -8.162333104515683e-16
+13   +0.000000000000000e+00  +3.679258428663197e-15
+14   +0.000000000000000e+00  -7.134519559193709e-18
+15   +0.000000000000000e+00  +2.539438590757497e-17
+16   +0.000000000000000e+00  -6.122124258721166e-20
+17   +0.000000000000000e+00  +1.801691257575954e-19
+18   +0.000000000000000e+00  -5.203573048458906e-22
+19   +0.000000000000000e+00  +1.305874318819773e-21
+20   +0.000000000000000e+00  -4.400106635682606e-24
+21   +0.000000000000000e+00  +9.627832043368654e-24
+22   +0.000000000000000e+00  -3.710228757317545e-26
+23   +0.000000000000000e+00  +7.197886284713018e-26
+24   +0.000000000000000e+00  -3.123833068683871e-28
+25   +0.000000000000000e+00  +5.443975630489180e-28
+26   +0.000000000000000e+00  -2.628225451045145e-30
+27   +0.000000000000000e+00  +4.157826835926846e-30
+28   +0.000000000000000e+00  -2.212254749775565e-32
+29   +0.000000000000000e+00  -2.129067704555005e-32
+30   +0.000000000000000e+00  -4.448351229355392e-34

