+0 +0.000000000000000e+00
+1 -2.644376028372580e-04
+2 -1.328686903400085e-02
+3 +9.386093207162933e-06
+4 -1.218509057518626e-04
+5 +1.522127609523948e-07
+6 -1.072102663645377e-06
+7 +1.889370602042497e-09
+8 -9.324986821079639e-09
+9 +2.114198162439569e-11
+10 -8.071023698292990e-11
+11 +2.234828354868241e-13
+12 -6.967701054434023e-13
+13 +2.277817467933030e-15
+14 -6.005993270150812e-15
+15 +2.263287342472702e-17
+16 -5.171906714578274e-17
+17 +2.206889099954341e-19
+18 -4.450644150923965e-19
+19 +2.120872897330772e-21
+20 -3.828120259882978e-21
+21 +2.014809858746052e-23
+22 -3.291500786332663e-23
+23 +1.896132989225753e-25
+24 -2.829344736177444e-25
+25 +1.770562155923513e-27
+26 -2.431577752056622e-27
+27 +1.642445088480603e-29
+28 -2.089394882410277e-29
+29 +1.515107406883431e-31
+30 -1.795223950333525e-31
