+0 -9.7552423287031967e-04
+1 +2.1547643627078266e+00
+2 +3.6574844692693008e-04
+3 +3.2956733768499582e-03
+4 +3.3010252813294270e-07
+5 +1.2788407618058979e-05
+6 -2.6276397894732058e-09
+7 +6.5342603843477587e-08
+8 -3.8932304528218398e-11
+9 +3.8141453499088935e-10
+10 -3.9109315878350660e-13
+11 +2.4085740477440099e-12
+12 -3.5564886636380062e-15
+13 +1.5992704317831808e-14
+14 -2.4379771178660356e-17
+15 +1.0164461509962954e-16
+16 +1.8511159769015526e-18
+17 -3.1605481747492674e-17
+18 -5.2830186091516880e-18
+19 +1.9068648235977933e-17
+20 -8.1818528103694442e-18
+21 -5.6037385234398410e-18
+22 +6.2039823938357776e-18
+23 -1.6751633958990611e-17
+24 +6.5958166680341895e-18
+25 +5.0946168222958161e-18
+26 -8.4918117422319124e-19
+27 +1.7751397713074683e-17
+28 +9.0434451012192238e-18
+29 -1.0447951835435730e-17
+30 +2.7476754169922823e-18
