-30   +0.0000000000000000e+00  -3.7055381907374433e-18
-29   +0.0000000000000000e+00  +5.7258583889957712e-18
-28   +0.0000000000000000e+00  -7.9472770249599925e-19
-27   +0.0000000000000000e+00  +7.0137770831202345e-19
-26   +0.0000000000000000e+00  +5.6750816711541190e-18
-25   +0.0000000000000000e+00  +8.9127821777177513e-18
-24   +0.0000000000000000e+00  +1.4109534480282451e-19
-23   +0.0000000000000000e+00  -1.6476883250120964e-18
-22   +0.0000000000000000e+00  +4.7370384616653405e-19
-21   +0.0000000000000000e+00  -8.1729798684958287e-19
-20   +0.0000000000000000e+00  +4.3133626267893642e-18
-19   +0.0000000000000000e+00  +9.0048475404423787e-18
-18   +0.0000000000000000e+00  -3.5023127520654033e-19
-17   +0.0000000000000000e+00  +2.0900012170159391e-17
-16   +0.0000000000000000e+00  -1.4960880197187213e-18
-15   +0.0000000000000000e+00  -5.7633683730885249e-17
-14   +0.0000000000000000e+00  +1.6835266982589357e-17
-13   +0.0000000000000000e+00  -7.9918355338995841e-15
-12   +0.0000000000000000e+00  +1.7877804093650292e-15
-11   +0.0000000000000000e+00  -1.2034851148925312e-12
-10   +0.0000000000000000e+00  +1.9548114085709519e-13
 -9   +0.0000000000000000e+00  -1.9056790108729084e-10
 -8   +0.0000000000000000e+00  +1.9484908020000891e-11
 -7   +0.0000000000000000e+00  -3.2644673251408793e-08
 -6   +0.0000000000000000e+00  +1.3283269694807790e-09
 -5   +0.0000000000000000e+00  -6.3888861412761712e-06
 -4   +0.0000000000000000e+00  -1.5503209187771544e-07
 -3   +0.0000000000000000e+00  -1.6475007153924040e-03
 -2   +0.0000000000000000e+00  -1.6686052425761587e-04
 -1   +0.0000000000000000e+00  -1.0962853755199315e+00
 +0   +0.0000000000000000e+00  +0.0000000000000000e+00
 +1   +0.0000000000000000e+00  +1.0962853755199315e+00
 +2   +0.0000000000000000e+00  +1.6686052425761587e-04
 +3   +0.0000000000000000e+00  +1.6475007153924040e-03
 +4   +0.0000000000000000e+00  +1.5503209187771544e-07
 +5   +0.0000000000000000e+00  +6.3888861412761712e-06
 +6   +0.0000000000000000e+00  -1.3283269694807790e-09
 +7   +0.0000000000000000e+00  +3.2644673251408793e-08
 +8   +0.0000000000000000e+00  -1.9484908020000891e-11
 +9   +0.0000000000000000e+00  +1.9056790108729084e-10
+10   +0.0000000000000000e+00  -1.9548114085709519e-13
+11   +0.0000000000000000e+00  +1.2034851148925312e-12
+12   +0.0000000000000000e+00  -1.7877804093650292e-15
+13   +0.0000000000000000e+00  +7.9918355338995841e-15
+14   +0.0000000000000000e+00  -1.6835266982589357e-17
+15   +0.0000000000000000e+00  +5.7633683730885249e-17
+16   +0.0000000000000000e+00  +1.4960880197187213e-18
+17   +0.0000000000000000e+00  -2.0900012170159391e-17
+18   +0.0000000000000000e+00  +3.5023127520654033e-19
+19   +0.0000000000000000e+00  -9.0048475404423787e-18
+20   +0.0000000000000000e+00  -4.3133626267893642e-18
+21   +0.0000000000000000e+00  +8.1729798684958287e-19
+22   +0.0000000000000000e+00  -4.7370384616653405e-19
+23   +0.0000000000000000e+00  +1.6476883250120964e-18
+24   +0.0000000000000000e+00  -1.4109534480282451e-19
+25   +0.0000000000000000e+00  -8.9127821777177513e-18
+26   +0.0000000000000000e+00  -5.6750816711541190e-18
+27   +0.0000000000000000e+00  -7.0137770831202345e-19
+28   +0.0000000000000000e+00  +7.9472770249599925e-19
+29   +0.0000000000000000e+00  -5.7258583889957712e-18
+30   +0.0000000000000000e+00  +3.7055381907374433e-18

