+0 +0.0000000000000000e+00
+1 -1.4526727865818534e+01
+2 +4.4240870218360255e-02
+3 -2.1961227720512864e-02
+4 +1.3914726124290199e-04
+5 -8.5284381014951013e-05
+6 +6.7301783183957773e-07
+7 -4.3615169096047960e-07
+8 +3.8932648841648536e-09
+9 -2.5479574102332622e-09
+10 +2.4829833560549211e-11
+11 -1.6101887244131493e-11
+12 +1.6845931999353653e-13
+13 -1.0698187417153887e-13
+14 +1.2365634242294670e-15
+15 -6.7265394189928387e-16
+16 -1.5840500604475933e-17
+17 +2.2686942047305975e-16
+18 -1.4029282951925042e-17
+19 +7.5683213938396419e-17
+20 +4.8531493784799926e-17
+21 +5.6302219455510619e-17
+22 +2.1962993547493570e-17
+23 +1.0484017968959027e-17
+24 -9.3857767130460882e-18
+25 +1.4262116163489862e-17
+26 +5.0446643441415818e-17
+27 +9.7883505484400098e-19
+28 -5.4582782463264919e-18
+29 +1.0642619002824140e-16
+30 -4.9901020361545987e-17
