-30   +6.172746546934581e-32  +0.000000000000000e+00
-29   -5.101440371189515e-32  +0.000000000000000e+00
-28   +7.442315321804430e-30  +0.000000000000000e+00
-27   -5.718288852431733e-30  +0.000000000000000e+00
-26   +8.995205269387334e-28  +0.000000000000000e+00
-25   -6.388145823579820e-28  +0.000000000000000e+00
-24   +1.090355511112045e-25  +0.000000000000000e+00
-23   -7.108193565879678e-26  +0.000000000000000e+00
-22   +1.326145089372893e-23  +0.000000000000000e+00
-21   -7.871590851907772e-24  +0.000000000000000e+00
-20   +1.619388299924556e-21  +0.000000000000000e+00
-19   -8.665718582075400e-22  +0.000000000000000e+00
-18   +1.987023198642090e-19  +0.000000000000000e+00
-17   -9.469307675762303e-20  +0.000000000000000e+00
-16   +2.452585324249329e-17  +0.000000000000000e+00
-15   -1.024796099835312e-17  +0.000000000000000e+00
-14   +3.049844759888785e-15  +0.000000000000000e+00
-13   -1.094683889623708e-15  +0.000000000000000e+00
-12   +3.829341030144590e-13  +0.000000000000000e+00
-11   -1.147790198049294e-13  +0.000000000000000e+00
-10   +4.871129291002644e-11  +0.000000000000000e+00
 -9   -1.169547896851663e-11  +0.000000000000000e+00
 -8   +6.312494783487918e-09  +0.000000000000000e+00
 -7   -1.134261486873486e-09  +0.000000000000000e+00
 -6   +8.418060602699248e-07  +0.000000000000000e+00
 -5   -9.905731223952626e-08  +0.000000000000000e+00
 -4   +1.180281358467236e-04  +0.000000000000000e+00
 -3   -6.051468592387532e-06  +0.000000000000000e+00
 -2   +1.849833858458410e-02  +0.000000000000000e+00
 -1   +7.389170351705273e-04  +0.000000000000000e+00
 +0   +5.152265617491000e+00  +0.000000000000000e+00
 +1   +7.389170351705273e-04  +0.000000000000000e+00
 +2   +1.849833858458410e-02  +0.000000000000000e+00
 +3   -6.051468592387535e-06  +0.000000000000000e+00
 +4   +1.180281358467236e-04  +0.000000000000000e+00
 +5   -9.905731223952626e-08  +0.000000000000000e+00
 +6   +8.418060602699248e-07  +0.000000000000000e+00
 +7   -1.134261486873487e-09  +0.000000000000000e+00
 +8   +6.312494783487917e-09  +0.000000000000000e+00
 +9   -1.169547896851664e-11  +0.000000000000000e+00
+10   +4.871129291002643e-11  +0.000000000000000e+00
+11   -1.147790198049296e-13  +0.000000000000000e+00
+12   +3.829341030144590e-13  +0.000000000000000e+00
+13   -1.094683889623708e-15  +0.000000000000000e+00
+14   +3.049844759888785e-15  +0.000000000000000e+00
+15   -1.024796099835312e-17  +0.000000000000000e+00
+16   +2.452585324249329e-17  +0.000000000000000e+00
+17   -9.469307675762302e-20  +0.000000000000000e+00
+18   +1.987023198642090e-19  +0.000000000000000e+00
+19   -8.665718582075415e-22  +0.000000000000000e+00
+20   +1.619388299924555e-21  +0.000000000000000e+00
+21   -7.871590851907773e-24  +0.000000000000000e+00
+22   +1.326145089372893e-23  +0.000000000000000e+00
+23   -7.108193565879679e-26  +0.000000000000000e+00
+24   +1.090355511112045e-25  +0.000000000000000e+00
+25   -6.388145823579814e-28  +0.000000000000000e+00
+26   +8.995205269387333e-28  +0.000000000000000e+00
+27   -5.718288852431736e-30  +0.000000000000000e+00
+28   +7.442315321804430e-30  +0.000000000000000e+00
+29   -5.101440371189511e-32  +0.000000000000000e+00
+30   +6.172746546934584e-32  +0.000000000000000e+00

