+0 +5.152265617491000e+00
+1 +1.477834070341055e-03
+2 +3.699667716916819e-02
+3 -1.210293718477507e-05
+4 +2.360562716934473e-04
+5 -1.981146244790525e-07
+6 +1.683612120539850e-06
+7 -2.268522973746973e-09
+8 +1.262498956697584e-08
+9 -2.339095793703328e-11
+10 +9.742258582005287e-11
+11 -2.295580396098590e-13
+12 +7.658682060289179e-13
+13 -2.189367779247416e-15
+14 +6.099689519777570e-15
+15 -2.049592199670624e-17
+16 +4.905170648498659e-17
+17 -1.893861535152461e-19
+18 +3.974046397284180e-19
+19 -1.733143716415082e-21
+20 +3.238776599849111e-21
+21 -1.574318170381554e-23
+22 +2.652290178745787e-23
+23 -1.421638713175936e-25
+24 +2.180711022224090e-25
+25 -1.277629164715963e-27
+26 +1.799041053877467e-27
+27 -1.143657770486347e-29
+28 +1.488463064360886e-29
+29 -1.020288074237903e-31
+30 +1.234549309386917e-31
