-30   +0.000000000000000e+00  +4.047391048031159e-34
-29   +0.000000000000000e+00  -6.968522364576440e-32
-28   +0.000000000000000e+00  +4.810904855457551e-32
-27   +0.000000000000000e+00  -9.047485729551952e-30
-26   +0.000000000000000e+00  +5.719549645580014e-30
-25   +0.000000000000000e+00  -1.184569577258940e-27
-24   +0.000000000000000e+00  +6.798159746774421e-28
-23   +0.000000000000000e+00  -1.566207388233996e-25
-22   +0.000000000000000e+00  +8.074402934969887e-26
-21   +0.000000000000000e+00  -2.094945032762788e-23
-20   +0.000000000000000e+00  +9.575931674782679e-24
-19   +0.000000000000000e+00  -2.841484599668333e-21
-18   +0.000000000000000e+00  +1.132478899513289e-21
-17   +0.000000000000000e+00  -3.920342806052538e-19
-16   +0.000000000000000e+00  +1.332431707847259e-19
-15   +0.000000000000000e+00  -5.525620655095547e-17
-14   +0.000000000000000e+00  +1.552844405483030e-17
-13   +0.000000000000000e+00  -8.005772005632552e-15
-12   +0.000000000000000e+00  +1.776678077987489e-15
-11   +0.000000000000000e+00  -1.203497648021866e-12
-10   +0.000000000000000e+00  +1.954825336204412e-13
 -9   +0.000000000000000e+00  -1.905679033180836e-10
 -8   +0.000000000000000e+00  +1.948489764758437e-11
 -7   +0.000000000000000e+00  -3.264467324912225e-08
 -6   +0.000000000000000e+00  +1.328326966618884e-09
 -5   +0.000000000000000e+00  -6.388886141306099e-06
 -4   +0.000000000000000e+00  -1.550320918939870e-07
 -3   +0.000000000000000e+00  -1.647500715392443e-03
 -2   +0.000000000000000e+00  -1.668605242576342e-04
 -1   +0.000000000000000e+00  -1.096285375519931e+00
 +0   +0.000000000000000e+00  +0.000000000000000e+00
 +1   +0.000000000000000e+00  +1.096285375519931e+00
 +2   +0.000000000000000e+00  +1.668605242576342e-04
 +3   +0.000000000000000e+00  +1.647500715392443e-03
 +4   +0.000000000000000e+00  +1.550320918939870e-07
 +5   +0.000000000000000e+00  +6.388886141306099e-06
 +6   +0.000000000000000e+00  -1.328326966618884e-09
 +7   +0.000000000000000e+00  +3.264467324912225e-08
 +8   +0.000000000000000e+00  -1.948489764758437e-11
 +9   +0.000000000000000e+00  +1.905679033180836e-10
+10   +0.000000000000000e+00  -1.954825336204412e-13
+11   +0.000000000000000e+00  +1.203497648021866e-12
+12   +0.000000000000000e+00  -1.776678077987489e-15
+13   +0.000000000000000e+00  +8.005772005632552e-15
+14   +0.000000000000000e+00  -1.552844405483030e-17
+15   +0.000000000000000e+00  +5.525620655095547e-17
+16   +0.000000000000000e+00  -1.332431707847259e-19
+17   +0.000000000000000e+00  +3.920342806052538e-19
+18   +0.000000000000000e+00  -1.132478899513289e-21
+19   +0.000000000000000e+00  +2.841484599668333e-21
+20   +0.000000000000000e+00  -9.575931674782679e-24
+21   +0.000000000000000e+00  +2.094945032762788e-23
+22   +0.000000000000000e+00  -8.074402934969887e-26
+23   +0.000000000000000e+00  +1.566207388233996e-25
+24   +0.000000000000000e+00  -6.798159746774421e-28
+25   +0.000000000000000e+00  +1.184569577258940e-27
+26   +0.000000000000000e+00  -5.719549645580014e-30
+27   +0.000000000000000e+00  +9.047485729551952e-30
+28   +0.000000000000000e+00  -4.810904855457551e-32
+29   +0.000000000000000e+00  +6.968522364576440e-32
+30   +0.000000000000000e+00  -4.047391048031159e-34

