-30   +2.044066131937450e-36  +0.000000000000000e+00
-29   -3.290549682603810e-34  +0.000000000000000e+00
-28   +2.118092036497844e-34  +0.000000000000000e+00
-27   -3.704883735530506e-32  +0.000000000000000e+00
-26   +2.172253596341879e-32  +0.000000000000000e+00
-25   -4.160799868852541e-30  +0.000000000000000e+00
-24   +2.201144044793178e-30  +0.000000000000000e+00
-23   -4.659031719998118e-28  +0.000000000000000e+00
-22   +2.198184851994281e-28  +0.000000000000000e+00
-21   -5.198815759277567e-26  +0.000000000000000e+00
-20   +2.156136048241433e-26  +0.000000000000000e+00
-19   -5.777117017443520e-24  +0.000000000000000e+00
-18   +2.067312634660826e-24  +0.000000000000000e+00
-17   -6.387500115638632e-22  +0.000000000000000e+00
-16   +1.923996262522396e-22  +0.000000000000000e+00
-15   -7.018453441494375e-20  +0.000000000000000e+00
-14   +1.719162793424644e-20  +0.000000000000000e+00
-13   -7.650834084225238e-18  +0.000000000000000e+00
-12   +1.447732381320775e-18  +0.000000000000000e+00
-11   -8.253818235309300e-16  +0.000000000000000e+00
-10   +1.108720413405411e-16  +0.000000000000000e+00
 -9   -8.778112698464900e-14  +0.000000000000000e+00
 -8   +7.090495989478581e-15  +0.000000000000000e+00
 -7   -9.143595877929758e-12  +0.000000000000000e+00
 -6   +2.707674169949682e-13  +0.000000000000000e+00
 -5   -9.213783184124119e-10  +0.000000000000000e+00
 -4   -1.534904772314046e-11  +0.000000000000000e+00
 -3   -8.730641822504782e-08  +0.000000000000000e+00
 -2   -4.394585710436923e-09  +0.000000000000000e+00
 -1   -7.043148266453567e-06  +0.000000000000000e+00
 +0   -3.125003004253674e-05  +0.000000000000000e+00
 +1   -7.043148266453567e-06  +0.000000000000000e+00
 +2   -4.394585710436923e-09  +0.000000000000000e+00
 +3   -8.730641822504782e-08  +0.000000000000000e+00
 +4   -1.534904772314046e-11  +0.000000000000000e+00
 +5   -9.213783184124119e-10  +0.000000000000000e+00
 +6   +2.707674169949682e-13  +0.000000000000000e+00
 +7   -9.143595877929758e-12  +0.000000000000000e+00
 +8   +7.090495989478581e-15  +0.000000000000000e+00
 +9   -8.778112698464900e-14  +0.000000000000000e+00
+10   +1.108720413405411e-16  +0.000000000000000e+00
+11   -8.253818235309300e-16  +0.000000000000000e+00
+12   +1.447732381320775e-18  +0.000000000000000e+00
+13   -7.650834084225238e-18  +0.000000000000000e+00
+14   +1.719162793424644e-20  +0.000000000000000e+00
+15   -7.018453441494375e-20  +0.000000000000000e+00
+16   +1.923996262522396e-22  +0.000000000000000e+00
+17   -6.387500115638632e-22  +0.000000000000000e+00
+18   +2.067312634660826e-24  +0.000000000000000e+00
+19   -5.777117017443520e-24  +0.000000000000000e+00
+20   +2.156136048241433e-26  +0.000000000000000e+00
+21   -5.198815759277567e-26  +0.000000000000000e+00
+22   +2.198184851994281e-28  +0.000000000000000e+00
+23   -4.659031719998118e-28  +0.000000000000000e+00
+24   +2.201144044793178e-30  +0.000000000000000e+00
+25   -4.160799868852541e-30  +0.000000000000000e+00
+26   +2.172253596341879e-32  +0.000000000000000e+00
+27   -3.704883735530506e-32  +0.000000000000000e+00
+28   +2.118092036497844e-34  +0.000000000000000e+00
+29   -3.290549682603810e-34  +0.000000000000000e+00
+30   +2.044066131937450e-36  +0.000000000000000e+00

