-30   -4.757737148396009e-37  +0.000000000000000e+00
-29   +8.239080686623815e-35  +0.000000000000000e+00
-28   -5.654243962281130e-35  +0.000000000000000e+00
-27   +1.069733015837351e-32  +0.000000000000000e+00
-26   -6.718227071436647e-33  +0.000000000000000e+00
-25   +1.400614615473997e-30  +0.000000000000000e+00
-24   -7.979419889207629e-31  +0.000000000000000e+00
-23   +1.851907804728419e-28  +0.000000000000000e+00
-22   -9.468859947337734e-29  +0.000000000000000e+00
-21   +2.477173882662454e-26  +0.000000000000000e+00
-20   -1.121661010813242e-26  +0.000000000000000e+00
-19   +3.360045097090118e-24  +0.000000000000000e+00
-18   -1.324443429482679e-24  +0.000000000000000e+00
-17   +4.635990189799249e-22  +0.000000000000000e+00
-16   -1.554891284614965e-22  +0.000000000000000e+00
-15   +6.534639509354124e-20  +0.000000000000000e+00
-14   -1.806212207941145e-20  +0.000000000000000e+00
-13   +9.468261092631036e-18  +0.000000000000000e+00
-12   -2.055597143462471e-18  +0.000000000000000e+00
-11   +1.423455808972636e-15  +0.000000000000000e+00
-10   -2.239089346405243e-16  +0.000000000000000e+00
 -9   +2.254165735816182e-13  +0.000000000000000e+00
 -8   -2.177258845670917e-14  +0.000000000000000e+00
 -7   +3.861778837887030e-11  +0.000000000000000e+00
 -6   -1.311239167772685e-12  +0.000000000000000e+00
 -5   +7.558075391743166e-09  +0.000000000000000e+00
 -4   +2.572606991534350e-10  +0.000000000000000e+00
 -3   +1.947814991522300e-06  +0.000000000000000e+00
 -2   +2.566248184210159e-07  +0.000000000000000e+00
 -1   +1.273631771476145e-03  +0.000000000000000e+00
 +0   -9.999981503706898e-01  +0.000000000000000e+00
 +1   +1.273631771476145e-03  +0.000000000000000e+00
 +2   +2.566248184210158e-07  +0.000000000000000e+00
 +3   +1.947814991522300e-06  +0.000000000000000e+00
 +4   +2.572606991534350e-10  +0.000000000000000e+00
 +5   +7.558075391743166e-09  +0.000000000000000e+00
 +6   -1.311239167772685e-12  +0.000000000000000e+00
 +7   +3.861778837887030e-11  +0.000000000000000e+00
 +8   -2.177258845670918e-14  +0.000000000000000e+00
 +9   +2.254165735816182e-13  +0.000000000000000e+00
+10   -2.239089346405243e-16  +0.000000000000000e+00
+11   +1.423455808972636e-15  +0.000000000000000e+00
+12   -2.055597143462471e-18  +0.000000000000000e+00
+13   +9.468261092631036e-18  +0.000000000000000e+00
+14   -1.806212207941145e-20  +0.000000000000000e+00
+15   +6.534639509354124e-20  +0.000000000000000e+00
+16   -1.554891284614966e-22  +0.000000000000000e+00
+17   +4.635990189799250e-22  +0.000000000000000e+00
+18   -1.324443429482679e-24  +0.000000000000000e+00
+19   +3.360045097090118e-24  +0.000000000000000e+00
+20   -1.121661010813242e-26  +0.000000000000000e+00
+21   +2.477173882662454e-26  +0.000000000000000e+00
+22   -9.468859947337735e-29  +0.000000000000000e+00
+23   +1.851907804728419e-28  +0.000000000000000e+00
+24   -7.979419889207629e-31  +0.000000000000000e+00
+25   +1.400614615473998e-30  +0.000000000000000e+00
+26   -6.718227071436647e-33  +0.000000000000000e+00
+27   +1.069733015837351e-32  +0.000000000000000e+00
+28   -5.654243962281130e-35  +0.000000000000000e+00
+29   +8.239080686623815e-35  +0.000000000000000e+00
+30   -4.757737148396009e-37  +0.000000000000000e+00

