-30   +1.849555163427768e-139  +0.000000000000000e+00
-29   +6.018775716794721e-135  +0.000000000000000e+00
-28   +1.959760185883765e-130  +0.000000000000000e+00
-27   +6.385132299824446e-126  +0.000000000000000e+00
-26   +2.081754072172917e-121  +0.000000000000000e+00
-25   +6.792102367568505e-117  +0.000000000000000e+00
-24   +2.217786724355854e-112  +0.000000000000000e+00
-23   +7.247776479379635e-108  +0.000000000000000e+00
-22   +2.370782656910089e-103  +0.000000000000000e+00
-21   +7.762785658596750e-99  +0.000000000000000e+00
-20   +2.544630104889355e-94  +0.000000000000000e+00
-19   +8.351446004785829e-90  +0.000000000000000e+00
-18   +2.744638698838180e-85  +0.000000000000000e+00
-17   +9.033608628879626e-81  +0.000000000000000e+00
-16   +2.978296155177344e-76  +0.000000000000000e+00
-15   +9.837795661904176e-72  +0.000000000000000e+00
-14   +3.256587015195434e-67  +0.000000000000000e+00
-13   +1.080683663748138e-62  +0.000000000000000e+00
-12   +3.596446118506612e-58  +0.000000000000000e+00
-11   +1.200877191363939e-53  +0.000000000000000e+00
-10   +4.025720458478908e-49  +0.000000000000000e+00
 -9   +1.356006095483227e-44  +0.000000000000000e+00
 -8   +4.594379419589292e-40  +0.000000000000000e+00
 -7   +1.568184705405354e-35  +0.000000000000000e+00
 -6   +5.404101901052515e-31  +0.000000000000000e+00
 -5   +1.886486592028146e-26  +0.000000000000000e+00
 -4   +6.707378984143137e-22  +0.000000000000000e+00
 -3   +2.452937175028770e-17  +0.000000000000000e+00
 -2   +9.419097741091338e-13  +0.000000000000000e+00
 -1   +4.018737806233201e-08  +0.000000000000000e+00
 +0   +2.571942769551690e-03  +0.000000000000000e+00
 +1   +4.018737806233201e-08  +0.000000000000000e+00
 +2   +9.419097741091338e-13  +0.000000000000000e+00
 +3   +2.452937175028770e-17  +0.000000000000000e+00
 +4   +6.707378984143137e-22  +0.000000000000000e+00
 +5   +1.886486592028146e-26  +0.000000000000000e+00
 +6   +5.404101901052515e-31  +0.000000000000000e+00
 +7   +1.568184705405354e-35  +0.000000000000000e+00
 +8   +4.594379419589292e-40  +0.000000000000000e+00
 +9   +1.356006095483227e-44  +0.000000000000000e+00
+10   +4.025720458478908e-49  +0.000000000000000e+00
+11   +1.200877191363939e-53  +0.000000000000000e+00
+12   +3.596446118506612e-58  +0.000000000000000e+00
+13   +1.080683663748138e-62  +0.000000000000000e+00
+14   +3.256587015195434e-67  +0.000000000000000e+00
+15   +9.837795661904176e-72  +0.000000000000000e+00
+16   +2.978296155177344e-76  +0.000000000000000e+00
+17   +9.033608628879626e-81  +0.000000000000000e+00
+18   +2.744638698838180e-85  +0.000000000000000e+00
+19   +8.351446004785829e-90  +0.000000000000000e+00
+20   +2.544630104889355e-94  +0.000000000000000e+00
+21   +7.762785658596750e-99  +0.000000000000000e+00
+22   +2.370782656910089e-103  +0.000000000000000e+00
+23   +7.247776479379635e-108  +0.000000000000000e+00
+24   +2.217786724355854e-112  +0.000000000000000e+00
+25   +6.792102367568505e-117  +0.000000000000000e+00
+26   +2.081754072172917e-121  +0.000000000000000e+00
+27   +6.385132299824446e-126  +0.000000000000000e+00
+28   +1.959760185883765e-130  +0.000000000000000e+00
+29   +6.018775716794721e-135  +0.000000000000000e+00
+30   +1.849555163427768e-139  +0.000000000000000e+00

