-30   -7.7486934706048010e-15  +0.0000000000000000e+00
-29   +3.2689266694512635e-15  +0.0000000000000000e+00
-28   -5.5750994823270706e-15  +0.0000000000000000e+00
-27   -8.9684718761692702e-15  +0.0000000000000000e+00
-26   +4.9734260458789515e-16  +0.0000000000000000e+00
-25   -1.8575602919297874e-15  +0.0000000000000000e+00
-24   -5.0286422491954928e-15  +0.0000000000000000e+00
-23   +2.9745780883122974e-15  +0.0000000000000000e+00
-22   -1.0268768448515478e-14  +0.0000000000000000e+00
-21   +4.3898157045799300e-15  +0.0000000000000000e+00
-20   -7.9599269166197047e-15  +0.0000000000000000e+00
-19   -1.0621037307481493e-14  +0.0000000000000000e+00
-18   +1.3150274242469315e-14  +0.0000000000000000e+00
-17   -1.2992127503017922e-14  +0.0000000000000000e+00
-16   +1.0627950894912757e-14  +0.0000000000000000e+00
-15   -4.6205254386165736e-12  +0.0000000000000000e+00
-14   +1.2701654727619361e-12  +0.0000000000000000e+00
-13   -5.3814267422755206e-10  +0.0000000000000000e+00
-12   +1.1732041756955114e-10  +0.0000000000000000e+00
-11   -6.2517532908151669e-08  +0.0000000000000000e+00
-10   +1.0052036582011020e-08  +0.0000000000000000e+00
 -9   -7.2562494180859446e-06  +0.0000000000000000e+00
 -8   +7.5494123220653631e-07  +0.0000000000000000e+00
 -7   -8.4107319903791648e-04  +0.0000000000000000e+00
 -6   +4.0561847064635319e-05  +0.0000000000000000e+00
 -5   -9.7272820511787123e-02  +0.0000000000000000e+00
 -4   -5.2169647628482634e-04  +0.0000000000000000e+00
 -3   -1.1206560328062782e+01  +0.0000000000000000e+00
 -2   -5.7538628200710196e-01  +0.0000000000000000e+00
 -1   -1.2871955938575479e+03  +0.0000000000000000e+00
 +0   -5.1265655863337489e+00  +0.0000000000000000e+00
 +1   -1.2871955938575479e+03  +0.0000000000000000e+00
 +2   -5.7538628200710196e-01  +0.0000000000000000e+00
 +3   -1.1206560328062782e+01  +0.0000000000000000e+00
 +4   -5.2169647628482634e-04  +0.0000000000000000e+00
 +5   -9.7272820511787123e-02  +0.0000000000000000e+00
 +6   +4.0561847064635319e-05  +0.0000000000000000e+00
 +7   -8.4107319903791648e-04  +0.0000000000000000e+00
 +8   +7.5494123220653631e-07  +0.0000000000000000e+00
 +9   -7.2562494180859446e-06  +0.0000000000000000e+00
+10   +1.0052036582011020e-08  +0.0000000000000000e+00
+11   -6.2517532908151669e-08  +0.0000000000000000e+00
+12   +1.1732041756955114e-10  +0.0000000000000000e+00
+13   -5.3814267422755206e-10  +0.0000000000000000e+00
+14   +1.2701654727619361e-12  +0.0000000000000000e+00
+15   -4.6205254386165736e-12  +0.0000000000000000e+00
+16   +1.0627950894912757e-14  +0.0000000000000000e+00
+17   -1.2992127503017922e-14  +0.0000000000000000e+00
+18   +1.3150274242469315e-14  +0.0000000000000000e+00
+19   -1.0621037307481493e-14  +0.0000000000000000e+00
+20   -7.9599269166197047e-15  +0.0000000000000000e+00
+21   +4.3898157045799300e-15  +0.0000000000000000e+00
+22   -1.0268768448515478e-14  +0.0000000000000000e+00
+23   +2.9745780883122974e-15  +0.0000000000000000e+00
+24   -5.0286422491954928e-15  +0.0000000000000000e+00
+25   -1.8575602919297874e-15  +0.0000000000000000e+00
+26   +4.9734260458789515e-16  +0.0000000000000000e+00
+27   -8.9684718761692702e-15  +0.0000000000000000e+00
+28   -5.5750994823270706e-15  +0.0000000000000000e+00
+29   +3.2689266694512635e-15  +0.0000000000000000e+00
+30   -7.7486934706048010e-15  +0.0000000000000000e+00

