+0 -6.3140695677343650e-02
+1 +3.8856386230980604e+02
+2 +1.7369102032638095e-01
+3 +3.3829080716709043e+00
+4 +1.5748375672967023e-04
+5 +2.9363604891277737e-02
+6 -1.2244345790546238e-05
+7 +2.5389354365450178e-04
+8 -2.2789300530451402e-07
+9 +2.1904334623963715e-06
+10 -3.0343975394722219e-09
+11 +1.8872077773010784e-08
+12 -3.5416737431759641e-11
+13 +1.6244804444743345e-10
+14 -3.8503437289191358e-13
+15 +1.3968300322418233e-12
+16 -1.6246355829999147e-15
+17 +5.9085125358495359e-15
+18 -5.6086929411776016e-16
+19 +3.1671776294903808e-15
+20 -7.8968694304662726e-17
+21 -9.4585024232825683e-16
+22 +1.6571973025009063e-15
+23 -1.3309959878016546e-16
+24 +9.7719969826962279e-16
+25 +8.7562938218944676e-16
+26 +3.6290961413786923e-16
+27 +1.6107299101412075e-15
+28 +3.0144616507515468e-15
+29 -1.7857743111513431e-15
+30 +1.8881052092960378e-15
