+0 -5.1265655863337489e+00
+1 -2.5743911877150958e+03
+2 -1.1507725640142039e+00
+3 -2.2413120656125564e+01
+4 -1.0433929525696527e-03
+5 -1.9454564102357425e-01
+6 +8.1123694129270639e-05
+7 -1.6821463980758330e-03
+8 +1.5098824644130726e-06
+9 -1.4512498836171889e-05
+10 +2.0104073164022040e-08
+11 -1.2503506581630334e-07
+12 +2.3464083513910229e-10
+13 -1.0762853484551041e-09
+14 +2.5403309455238721e-12
+15 -9.2410508772331471e-12
+16 +2.1255901789825514e-14
+17 -2.5984255006035844e-14
+18 +2.6300548484938630e-14
+19 -2.1242074614962986e-14
+20 -1.5919853833239409e-14
+21 +8.7796314091598600e-15
+22 -2.0537536897030957e-14
+23 +5.9491561766245949e-15
+24 -1.0057284498390986e-14
+25 -3.7151205838595748e-15
+26 +9.9468520917579031e-16
+27 -1.7936943752338540e-14
+28 -1.1150198964654141e-14
+29 +6.5378533389025270e-15
+30 -1.5497386941209602e-14
