-30   +0.0000000000000000e+00  +6.5383686336515796e-15
-29   +0.0000000000000000e+00  -1.0204103878663256e-14
-28   +0.0000000000000000e+00  -2.1591607658311754e-15
-27   +0.0000000000000000e+00  +2.7108687923578650e-15
-26   +0.0000000000000000e+00  -1.5328384257679314e-15
-25   +0.0000000000000000e+00  -4.3634805825844814e-15
-24   +0.0000000000000000e+00  -4.1485866540250567e-15
-23   +0.0000000000000000e+00  +1.4531723067792548e-15
-22   +0.0000000000000000e+00  +2.9473833348319130e-15
-21   +0.0000000000000000e+00  -5.9943828143915757e-15
-20   +0.0000000000000000e+00  -9.0841305611847415e-15
-19   +0.0000000000000000e+00  -1.4832728139604821e-14
-18   +0.0000000000000000e+00  +1.2183321228138541e-15
-17   +0.0000000000000000e+00  +1.5334437149313133e-14
-16   +0.0000000000000000e+00  -1.0802849741094901e-14
-15   +0.0000000000000000e+00  +4.6277712559082026e-12
-14   +0.0000000000000000e+00  -1.2902926385564521e-12
-13   +0.0000000000000000e+00  +5.3819637752707290e-10
-12   +0.0000000000000000e+00  -1.1734447634642994e-10
-11   +0.0000000000000000e+00  +6.2526057970900169e-08
-10   +0.0000000000000000e+00  -1.0054878231851889e-08
 -9   +0.0000000000000000e+00  +7.2575721223432094e-06
 -8   +0.0000000000000000e+00  -7.5530210567441674e-07
 -7   +0.0000000000000000e+00  +8.4129232112011357e-04
 -6   +0.0000000000000000e+00  -4.0608779277754971e-05
 -5   +0.0000000000000000e+00  +9.7313307767551607e-02
 -4   +0.0000000000000000e+00  +5.1541859879360434e-04
 -3   +0.0000000000000000e+00  +1.1215797510961192e+01
 -2   +0.0000000000000000e+00  +5.7451469831210300e-01
 -1   +0.0000000000000000e+00  +1.2911041273224337e+03
 +0   +0.0000000000000000e+00  +0.0000000000000000e+00
 +1   +0.0000000000000000e+00  -1.2911041273224337e+03
 +2   +0.0000000000000000e+00  -5.7451469831210300e-01
 +3   +0.0000000000000000e+00  -1.1215797510961192e+01
 +4   +0.0000000000000000e+00  -5.1541859879360434e-04
 +5   +0.0000000000000000e+00  -9.7313307767551607e-02
 +6   +0.0000000000000000e+00  +4.0608779277754971e-05
 +7   +0.0000000000000000e+00  -8.4129232112011357e-04
 +8   +0.0000000000000000e+00  +7.5530210567441674e-07
 +9   +0.0000000000000000e+00  -7.2575721223432094e-06
+10   +0.0000000000000000e+00  +1.0054878231851889e-08
+11   +0.0000000000000000e+00  -6.2526057970900169e-08
+12   +0.0000000000000000e+00  +1.1734447634642994e-10
+13   +0.0000000000000000e+00  -5.3819637752707290e-10
+14   +0.0000000000000000e+00  +1.2902926385564521e-12
+15   +0.0000000000000000e+00  -4.6277712559082026e-12
+16   +0.0000000000000000e+00  +1.0802849741094901e-14
+17   +0.0000000000000000e+00  -1.5334437149313133e-14
+18   +0.0000000000000000e+00  -1.2183321228138541e-15
+19   +0.0000000000000000e+00  +1.4832728139604821e-14
+20   +0.0000000000000000e+00  +9.0841305611847415e-15
+21   +0.0000000000000000e+00  +5.9943828143915757e-15
+22   +0.0000000000000000e+00  -2.9473833348319130e-15
+23   +0.0000000000000000e+00  -1.4531723067792548e-15
+24   +0.0000000000000000e+00  +4.1485866540250567e-15
+25   +0.0000000000000000e+00  +4.3634805825844814e-15
+26   +0.0000000000000000e+00  +1.5328384257679314e-15
+27   +0.0000000000000000e+00  -2.7108687923578650e-15
+28   +0.0000000000000000e+00  +2.1591607658311754e-15
+29   +0.0000000000000000e+00  +1.0204103878663256e-14
+30   +0.0000000000000000e+00  -6.5383686336515796e-15

