+0 +0.0000000000000000e+00
+1 +2.5822082546448673e+03
+2 +1.1490293966242060e+00
+3 +2.2431595021922384e+01
+4 +1.0308371975872087e-03
+5 +1.9462661553510321e-01
+6 -8.1217558555509941e-05
+7 +1.6825846422402271e-03
+8 -1.5106042113488335e-06
+9 +1.4515144244686419e-05
+10 -2.0109756463703777e-08
+11 +1.2505211594180034e-07
+12 -2.3468895269285988e-10
+13 +1.0763927550541458e-09
+14 -2.5805852771129041e-12
+15 +9.2555425118164053e-12
+16 -2.1605699482189802e-14
+17 +3.0668874298626266e-14
+18 +2.4366642456277081e-15
+19 -2.9665456279209642e-14
+20 -1.8168261122369483e-14
+21 -1.1988765628783151e-14
+22 +5.8947666696638261e-15
+23 +2.9063446135585095e-15
+24 -8.2971733080501134e-15
+25 -8.7269611651689629e-15
+26 -3.0656768515358628e-15
+27 +5.4217375847157301e-15
+28 -4.3183215316623509e-15
+29 -2.0408207757326512e-14
+30 +1.3076737267303159e-14
