-30   +0.0000000000000000e+00  +8.4564243632663523e-33
-29   +0.0000000000000000e+00  -4.2441282534797528e-31
-28   +0.0000000000000000e+00  +1.0222461343585231e-30
-27   +0.0000000000000000e+00  -5.5001713361490326e-29
-26   +0.0000000000000000e+00  +1.2991529584627237e-28
-25   +0.0000000000000000e+00  -7.1953090615645018e-27
-24   +0.0000000000000000e+00  +1.6649588735941838e-26
-23   +0.0000000000000000e+00  -9.5055543082941890e-25
-22   +0.0000000000000000e+00  +2.1550504037063305e-24
-21   +0.0000000000000000e+00  -1.2703942889554551e-22
-20   +0.0000000000000000e+00  +2.8228690059219588e-22
-19   +0.0000000000000000e+00  -1.7216581419757401e-20
-18   +0.0000000000000000e+00  +3.7519092378934806e-20
-17   +0.0000000000000000e+00  -2.3733331648630218e-18
-16   +0.0000000000000000e+00  +5.0781428343708905e-18
-15   +0.0000000000000000e+00  -3.3422969671911094e-16
-14   +0.0000000000000000e+00  +7.0347410086309057e-16
-13   +0.0000000000000000e+00  -4.8382784666800415e-14
-12   +0.0000000000000000e+00  +1.0048816085762749e-13
-11   +0.0000000000000000e+00  -7.2668697609980193e-12
-10   +0.0000000000000000e+00  +1.4973797111332331e-11
 -9   +0.0000000000000000e+00  -1.1496079863502681e-09
 -8   +0.0000000000000000e+00  +2.3732006263158833e-09
 -7   +0.0000000000000000e+00  -1.9673234890040546e-07
 -6   +0.0000000000000000e+00  +4.1487813933266451e-07
 -5   +0.0000000000000000e+00  -3.8456008166166811e-05
 -4   +0.0000000000000000e+00  +8.6751655531958980e-05
 -3   +0.0000000000000000e+00  -9.8973707350859357e-03
 -2   +0.0000000000000000e+00  +2.7848878597607367e-02
 -1   +0.0000000000000000e+00  -6.5320543614068107e+00
 +0   +0.0000000000000000e+00  -3.5728991297797066e-19
 +1   +0.0000000000000000e+00  +6.5320543614068107e+00
 +2   +0.0000000000000000e+00  -2.7848878597607374e-02
 +3   +0.0000000000000000e+00  +9.8973707350859357e-03
 +4   +0.0000000000000000e+00  -8.6751655531959007e-05
 +5   +0.0000000000000000e+00  +3.8456008166166811e-05
 +6   +0.0000000000000000e+00  -4.1487813933265334e-07
 +7   +0.0000000000000000e+00  +1.9673234890040546e-07
 +8   +0.0000000000000000e+00  -2.3732006263160429e-09
 +9   +0.0000000000000000e+00  +1.1496079863502681e-09
+10   +0.0000000000000000e+00  -1.4973797111330577e-11
+11   +0.0000000000000000e+00  +7.2668697609980258e-12
+12   +0.0000000000000000e+00  -1.0048816085764749e-13
+13   +0.0000000000000000e+00  +4.8382784666800428e-14
+14   +0.0000000000000000e+00  -7.0347410086285253e-16
+15   +0.0000000000000000e+00  +3.3422969671911050e-16
+16   +0.0000000000000000e+00  -5.0781428343746791e-18
+17   +0.0000000000000000e+00  +2.3733331648630198e-18
+18   +0.0000000000000000e+00  -3.7519092378993355e-20
+19   +0.0000000000000000e+00  +1.7216581419757612e-20
+20   +0.0000000000000000e+00  -2.8228690059100139e-22
+21   +0.0000000000000000e+00  +1.2703942889554468e-22
+22   +0.0000000000000000e+00  -2.1550504037068650e-24
+23   +0.0000000000000000e+00  +9.5055543082938069e-25
+24   +0.0000000000000000e+00  -1.6649588735944613e-26
+25   +0.0000000000000000e+00  +7.1953090615649409e-27
+26   +0.0000000000000000e+00  -1.2991529584726440e-28
+27   +0.0000000000000000e+00  +5.5001713361495976e-29
+28   +0.0000000000000000e+00  -1.0222461343451374e-30
+29   +0.0000000000000000e+00  +4.2441282534784409e-31
+30   +0.0000000000000000e+00  -8.4564243634095926e-33

