+0 +2.1756407380722274e+00
+1 +7.1463389301306368e-12
+2 -6.6629885454596763e-10
+3 +7.2001069800099171e-13
+4 -4.9398654060652689e-13
+5 +1.2353811750039210e-15
+6 -1.0104021529705248e-15
+7 +3.6210159552446607e-18
+8 -3.1382631968491009e-18
+9 +1.4277124177162304e-20
+10 -1.2223989004743349e-20
+11 +7.2538647267621954e-23
+12 -5.4340103959489444e-23
+13 +5.4613678350899003e-25
+14 -2.5179900375463179e-25
+15 +7.1838089805273719e-27
+16 -8.4831906770130230e-28
+17 +1.4008572394859553e-28
+18 +7.4252365933020187e-30
+19 +3.1452357993290468e-30
+20 +3.3463163507425109e-31
+21 +7.2984408467433585e-32
+22 +8.9205051239204317e-33
+23 +1.6965256790839556e-33
+24 +2.1607406592613362e-34
+25 +3.9207054250490679e-35
+26 +6.5024349632632739e-36
+27 +9.1987351728658554e-37
+28 +3.5986516127283609e-34
+29 +3.3959712360665961e-35
+30 +2.3220440935384983e-31
