+0 -9.755242328703548e-04
+1 +2.154764362707826e+00
+2 +3.657484469269542e-04
+3 +3.295673376849892e-03
+4 +3.301025281413179e-07
+5 +1.278840761810756e-05
+6 -2.627639783248031e-09
+7 +6.534260385829661e-08
+8 -3.893229905978035e-11
+9 +3.814145155424998e-10
+10 -3.910859889902028e-13
+11 +2.408557892492625e-12
+12 -3.555389763618829e-15
+13 +1.602082017906645e-14
+14 -3.107585413753364e-17
+15 +1.105700226652983e-16
+16 -2.666429558719865e-19
+17 +7.844394140382453e-19
+18 -2.266199949796610e-21
+19 +5.685426710379176e-21
+20 -1.916157420077604e-23
+21 +4.191557820960982e-23
+22 -1.615636607235801e-25
+23 +3.133569299606639e-25
+24 -1.360220732129470e-27
+25 +2.369951947660324e-27
+26 -1.144369561209234e-29
+27 +1.810077666704373e-29
+28 -9.625408865914697e-32
+29 +1.394124226005851e-31
+30 -8.094779275232330e-34
