-30   +1.0650455607050072e-31  +0.0000000000000000e+00
-29   +1.9247857106010175e-35  +0.0000000000000000e+00
-28   -5.5458620010213865e-33  +0.0000000000000000e+00
-27   +4.4783162968949580e-33  +0.0000000000000000e+00
-26   -7.0029300038568813e-31  +0.0000000000000000e+00
-25   +5.9757278640851024e-31  +0.0000000000000000e+00
-24   -1.0078669816435580e-28  +0.0000000000000000e+00
-23   +8.0860571895921124e-29  +0.0000000000000000e+00
-22   -1.4787942926428266e-26  +0.0000000000000000e+00
-21   +1.1128503109526482e-26  +0.0000000000000000e+00
-20   -2.2205576468595020e-24  +0.0000000000000000e+00
-19   +1.5642623457901164e-24  +0.0000000000000000e+00
-18   -3.4299287566876907e-22  +0.0000000000000000e+00
-17   +2.2589539484740045e-22  +0.0000000000000000e+00
-16   -5.4880157825100237e-20  +0.0000000000000000e+00
-15   +3.3800850418755527e-20  +0.0000000000000000e+00
-14   -9.1868583653627514e-18  +0.0000000000000000e+00
-13   +5.3081436187324508e-18  +0.0000000000000000e+00
-12   -1.6328716244201736e-15  +0.0000000000000000e+00
-11   +8.9280499724518385e-16  +0.0000000000000000e+00
-10   -3.1541552398640474e-13  +0.0000000000000000e+00
 -9   +1.6638008076886847e-13  +0.0000000000000000e+00
 -8   -6.8904341331341858e-11  +0.0000000000000000e+00
 -7   +3.6514963413313815e-11  +0.0000000000000000e+00
 -6   -1.8374822955457350e-08  +0.0000000000000000e+00
 -5   +1.0650037851349205e-08  +0.0000000000000000e+00
 -4   -7.1337683979615974e-06  +0.0000000000000000e+00
 -3   +5.4262450915306822e-06  +0.0000000000000000e+00
 -2   -7.1676502408864924e-03  +0.0000000000000000e+00
 -1   -2.8329758548255530e-04  +0.0000000000000000e+00
 +0   +9.9826483974963331e-01  +0.0000000000000000e+00
 +1   -2.8329758548255524e-04  +0.0000000000000000e+00
 +2   -7.1676502408864924e-03  +0.0000000000000000e+00
 +3   +5.4262450915306950e-06  +0.0000000000000000e+00
 +4   -7.1337683979603031e-06  +0.0000000000000000e+00
 +5   +1.0650037851347551e-08  +0.0000000000000000e+00
 +6   -1.8374822955469166e-08  +0.0000000000000000e+00
 +7   +3.6514963413348376e-11  +0.0000000000000000e+00
 +8   -6.8904341331550114e-11  +0.0000000000000000e+00
 +9   +1.6638008076887481e-13  +0.0000000000000000e+00
+10   -3.1541552398422758e-13  +0.0000000000000000e+00
+11   +8.9280499724324838e-16  +0.0000000000000000e+00
+12   -1.6328716244006919e-15  +0.0000000000000000e+00
+13   +5.3081436187690065e-18  +0.0000000000000000e+00
+14   -9.1868583654927794e-18  +0.0000000000000000e+00
+15   +3.3800850418971274e-20  +0.0000000000000000e+00
+16   -5.4880157825047033e-20  +0.0000000000000000e+00
+17   +2.2589539484045610e-22  +0.0000000000000000e+00
+18   -3.4299287567463263e-22  +0.0000000000000000e+00
+19   +1.5642623459505137e-24  +0.0000000000000000e+00
+20   -2.2205576468711089e-24  +0.0000000000000000e+00
+21   +1.1128503107840286e-26  +0.0000000000000000e+00
+22   -1.4787942925229348e-26  +0.0000000000000000e+00
+23   +8.0860571896336345e-29  +0.0000000000000000e+00
+24   -1.0078669817204579e-28  +0.0000000000000000e+00
+25   +5.9757278639708204e-31  +0.0000000000000000e+00
+26   -7.0029300056347673e-31  +0.0000000000000000e+00
+27   +4.4783162976799595e-33  +0.0000000000000000e+00
+28   -5.5458619995034827e-33  +0.0000000000000000e+00
+29   +1.9247857105448555e-35  +0.0000000000000000e+00
+30   +1.0650455607051075e-31  +0.0000000000000000e+00

