+0 +9.9911914478650798e-01
+1 -2.8455308496358770e-04
+2 -7.1740609712546638e-03
+3 +4.4066629743545183e-06
+4 -2.0017882412902481e-05
+5 +2.3617306744002464e-08
+6 -9.0262327875903893e-08
+7 +1.5256285553595249e-10
+8 -4.9333242943460888e-10
+9 +1.0792539981087187e-12
+10 -2.9914697101952791e-12
+11 +8.0228836360738236e-15
+12 -1.9358473059286913e-14
+13 +6.1473775620107585e-17
+14 -1.3097848507362455e-16
+15 +4.8059980140272663e-19
+16 -9.1538796554377212e-19
+17 +3.8110821247439738e-21
+18 -6.5571274293972710e-21
+19 +3.0540984232949764e-23
+20 -4.7888921647480757e-23
+21 +2.4673360875642034e-25
+22 -3.5525784017383903e-25
+23 +2.0060885224361950e-27
+24 -2.6695850330957458e-27
+25 +1.6395342787115033e-29
+26 -2.0278245055034165e-29
+27 +1.3457019178068329e-31
+28 -1.5567167334562699e-31
+29 +1.1089111163845656e-33
+30 +1.0543199091396858e-31
