+0 +9.9826487724294266e-01
+1 -5.6659519892442471e-04
+2 -1.4335300408808344e-02
+3 +1.0852489803461996e-05
+4 -1.4267541268643664e-05
+5 +2.1300083354638562e-08
+6 -3.6749653991929427e-08
+7 +7.3029947943987543e-11
+8 -1.3780870612484852e-10
+9 +3.3276023670027657e-13
+10 -6.3083113837788157e-13
+11 +1.7856103164159306e-15
+12 -3.2657436651783889e-15
+13 +1.0616288657976570e-17
+14 -1.8373718906095912e-17
+15 +6.7601703653950741e-20
+16 -1.0976032849327158e-19
+17 +4.5179068524904672e-22
+18 -6.8598584320456840e-22
+19 +3.1285212068661589e-24
+20 -4.4411162282527726e-24
+21 +2.2256918148163166e-26
+22 -2.9575900367354694e-26
+23 +1.6171905601910416e-28
+24 -2.0157368819422038e-28
+25 +1.1950971951337116e-30
+26 -1.4005898607726817e-30
+27 +8.9546661614558704e-33
+28 -9.8919815807658274e-33
+29 +6.7906115050076005e-35
+30 -7.0888252851121076e-35
