-30   -0.000000000000000e+00  -2.499322117735706e-17
-29   +0.000000000000000e+00  +6.028596184591227e-17
-28   +0.000000000000000e+00  +4.229345355722661e-18
-27   -0.000000000000000e+00  -1.103219493403547e-17
-26   +0.000000000000000e+00  +1.953535649565105e-17
-25   +0.000000000000000e+00  +5.501890251990663e-17
-24   -0.000000000000000e+00  -5.273720449866372e-18
-23   -0.000000000000000e+00  -3.212558683832598e-17
-22   +0.000000000000000e+00  +8.257335911432864e-19
-21   +0.000000000000000e+00  +3.671912663956384e-17
-20   +0.000000000000000e+00  +2.305188571640691e-17
-19   +0.000000000000000e+00  +3.742534713654731e-17
-18   -0.000000000000000e+00  -3.427796044531012e-19
-17   +0.000000000000000e+00  +1.244659139747691e-16
-16   -0.000000000000000e+00  -1.494152966503215e-18
-15   -0.000000000000000e+00  -3.557532328922967e-16
-14   +0.000000000000000e+00  +7.183409059766207e-16
-13   -0.000000000000000e+00  -4.832118728299983e-14
-12   +0.000000000000000e+00  +1.005309133502900e-13
-11   -0.000000000000000e+00  -7.266783739286360e-12
-10   +0.000000000000000e+00  +1.497379900992978e-11
 -9   -0.000000000000000e+00  -1.149607962488510e-09
 -8   +0.000000000000000e+00  +2.373200684045051e-09
 -7   -0.000000000000000e+00  -1.967323489180498e-07
 -6   +0.000000000000000e+00  +4.148781393545936e-07
 -5   -0.000000000000000e+00  -3.845600816599666e-05
 -4   +0.000000000000000e+00  +8.675165553206836e-05
 -3   -0.000000000000000e+00  -9.897370735085698e-03
 -2   +0.000000000000000e+00  +2.784887859760737e-02
 -1   -0.000000000000000e+00  -6.532054361406811e+00
 +0   +0.000000000000000e+00  +0.000000000000000e+00
 +1   +0.000000000000000e+00  +6.532054361406811e+00
 +2   -0.000000000000000e+00  -2.784887859760737e-02
 +3   +0.000000000000000e+00  +9.897370735085698e-03
 +4   -0.000000000000000e+00  -8.675165553206836e-05
 +5   +0.000000000000000e+00  +3.845600816599666e-05
 +6   -0.000000000000000e+00  -4.148781393545936e-07
 +7   +0.000000000000000e+00  +1.967323489180498e-07
 +8   -0.000000000000000e+00  -2.373200684045051e-09
 +9   +0.000000000000000e+00  +1.149607962488510e-09
+10   -0.000000000000000e+00  -1.497379900992978e-11
+11   +0.000000000000000e+00  +7.266783739286360e-12
+12   -0.000000000000000e+00  -1.005309133502900e-13
+13   +0.000000000000000e+00  +4.832118728299983e-14
+14   -0.000000000000000e+00  -7.183409059766207e-16
+15   +0.000000000000000e+00  +3.557532328922967e-16
+16   +0.000000000000000e+00  +1.494152966503215e-18
+17   -0.000000000000000e+00  -1.244659139747691e-16
+18   +0.000000000000000e+00  +3.427796044531012e-19
+19   -0.000000000000000e+00  -3.742534713654731e-17
+20   -0.000000000000000e+00  -2.305188571640691e-17
+21   -0.000000000000000e+00  -3.671912663956384e-17
+22   -0.000000000000000e+00  -8.257335911432864e-19
+23   +0.000000000000000e+00  +3.212558683832598e-17
+24   +0.000000000000000e+00  +5.273720449866372e-18
+25   -0.000000000000000e+00  -5.501890251990663e-17
+26   -0.000000000000000e+00  -1.953535649565105e-17
+27   +0.000000000000000e+00  +1.103219493403547e-17
+28   -0.000000000000000e+00  -4.229345355722661e-18
+29   -0.000000000000000e+00  -6.028596184591227e-17
+30   +0.000000000000000e+00  +2.499322117735706e-17

