+0 +1.000907457708158e+00
+1 +2.870921749915284e-04
+2 +7.187177998613025e-03
+3 -2.351183146935126e-06
+4 +4.585758971251327e-05
+5 -3.848683663556815e-08
+6 +3.270677508630127e-07
+7 -4.406957552593166e-10
+8 +2.452599915913795e-09
+9 -4.544056429535594e-12
+10 +1.892584500377969e-11
+11 -4.459544837492255e-14
+12 +1.487842070807615e-13
+13 -4.275308338651416e-16
+14 +1.184296659816562e-15
+15 +1.576361943385678e-18
+16 +6.272251638516622e-18
+17 +4.884350139424717e-19
+18 -3.779649296065337e-18
+19 -7.026712568697271e-19
+20 +2.110200474501006e-20
+21 +5.168834457371577e-18
+22 -2.764024766550683e-18
+23 +2.085539561448124e-18
+24 -9.019028055650946e-18
+25 -4.586048566001963e-19
+26 +3.709729235137181e-18
+27 +3.435958956255553e-19
+28 +6.066628010238878e-18
+29 +2.741555209988843e-18
+30 +4.544498968358601e-18
