-30   +0.000000000000000e+00  +8.456424363266352e-33
-29   +0.000000000000000e+00  -4.244128253479753e-31
-28   +0.000000000000000e+00  +1.022246134358523e-30
-27   +0.000000000000000e+00  -5.500171336149033e-29
-26   +0.000000000000000e+00  +1.299152958462724e-28
-25   +0.000000000000000e+00  -7.195309061564502e-27
-24   +0.000000000000000e+00  +1.664958873594184e-26
-23   +0.000000000000000e+00  -9.505554308294189e-25
-22   +0.000000000000000e+00  +2.155050403706331e-24
-21   +0.000000000000000e+00  -1.270394288955455e-22
-20   +0.000000000000000e+00  +2.822869005921959e-22
-19   +0.000000000000000e+00  -1.721658141975740e-20
-18   +0.000000000000000e+00  +3.751909237893481e-20
-17   +0.000000000000000e+00  -2.373333164863022e-18
-16   +0.000000000000000e+00  +5.078142834370890e-18
-15   +0.000000000000000e+00  -3.342296967191109e-16
-14   +0.000000000000000e+00  +7.034741008630906e-16
-13   +0.000000000000000e+00  -4.838278466680041e-14
-12   +0.000000000000000e+00  +1.004881608576275e-13
-11   +0.000000000000000e+00  -7.266869760998019e-12
-10   +0.000000000000000e+00  +1.497379711133233e-11
 -9   +0.000000000000000e+00  -1.149607986350268e-09
 -8   +0.000000000000000e+00  +2.373200626315883e-09
 -7   +0.000000000000000e+00  -1.967323489004055e-07
 -6   +0.000000000000000e+00  +4.148781393326645e-07
 -5   +0.000000000000000e+00  -3.845600816616681e-05
 -4   +0.000000000000000e+00  +8.675165553195898e-05
 -3   +0.000000000000000e+00  -9.897370735085936e-03
 -2   +0.000000000000000e+00  +2.784887859760737e-02
 -1   +0.000000000000000e+00  -6.532054361406811e+00
 +0   +0.000000000000000e+00  -3.572899129779707e-19
 +1   +0.000000000000000e+00  +6.532054361406811e+00
 +2   +0.000000000000000e+00  -2.784887859760737e-02
 +3   +0.000000000000000e+00  +9.897370735085936e-03
 +4   +0.000000000000000e+00  -8.675165553195901e-05
 +5   +0.000000000000000e+00  +3.845600816616681e-05
 +6   +0.000000000000000e+00  -4.148781393326533e-07
 +7   +0.000000000000000e+00  +1.967323489004055e-07
 +8   +0.000000000000000e+00  -2.373200626316043e-09
 +9   +0.000000000000000e+00  +1.149607986350268e-09
+10   +0.000000000000000e+00  -1.497379711133058e-11
+11   +0.000000000000000e+00  +7.266869760998026e-12
+12   +0.000000000000000e+00  -1.004881608576475e-13
+13   +0.000000000000000e+00  +4.838278466680043e-14
+14   +0.000000000000000e+00  -7.034741008628525e-16
+15   +0.000000000000000e+00  +3.342296967191105e-16
+16   +0.000000000000000e+00  -5.078142834374679e-18
+17   +0.000000000000000e+00  +2.373333164863020e-18
+18   +0.000000000000000e+00  -3.751909237899335e-20
+19   +0.000000000000000e+00  +1.721658141975761e-20
+20   +0.000000000000000e+00  -2.822869005910014e-22
+21   +0.000000000000000e+00  +1.270394288955447e-22
+22   +0.000000000000000e+00  -2.155050403706865e-24
+23   +0.000000000000000e+00  +9.505554308293807e-25
+24   +0.000000000000000e+00  -1.664958873594461e-26
+25   +0.000000000000000e+00  +7.195309061564941e-27
+26   +0.000000000000000e+00  -1.299152958472644e-28
+27   +0.000000000000000e+00  +5.500171336149598e-29
+28   +0.000000000000000e+00  -1.022246134345137e-30
+29   +0.000000000000000e+00  +4.244128253478441e-31
+30   +0.000000000000000e+00  -8.456424363409593e-33

