+0 +0.000000000000000e+00
+1 -1.306410872281362e+01
+2 +5.569775719521473e-02
+3 -1.979474147017140e-02
+4 +1.735033110641367e-04
+5 -7.691201633199332e-05
+6 +8.297562787091872e-07
+7 -3.934646978360996e-07
+8 +4.746401368090102e-09
+9 -2.299215924977020e-09
+10 +2.994759801985955e-11
+11 -1.453356747857272e-11
+12 +2.010618267005801e-13
+13 -9.664237456599967e-14
+14 +1.436681811953241e-15
+15 -7.115064657845934e-16
+16 -2.988305933006430e-18
+17 +2.489318279495382e-16
+18 -6.855592089062023e-19
+19 +7.485069427309462e-17
+20 +4.610377143281383e-17
+21 +7.343825327912768e-17
+22 +1.651467182286573e-18
+23 -6.425117367665195e-17
+24 -1.054744089973274e-17
+25 +1.100378050398133e-16
+26 +3.907071299130210e-17
+27 -2.206438986807094e-17
+28 +8.458690711445322e-18
+29 +1.205719236918245e-16
+30 -4.998644235471411e-17
