+0 -4.483846354197387e-04
+1 +9.904044095739404e-01
+2 +1.681111196338881e-04
+3 +1.514658072381721e-03
+4 +1.520882186144659e-07
+5 +5.877321360122225e-06
+6 -1.205404676483891e-09
+7 +3.003008361984815e-08
+8 -1.787908607445665e-11
+9 +1.752894757552184e-10
+10 -1.796487317767324e-13
+11 +1.106916387143525e-12
+12 -1.633401665650041e-15
+13 +7.362780798538025e-15
+14 -1.427775854477338e-17
+15 +5.081525288742279e-17
+16 -1.225144831227318e-19
+17 +3.605087189447713e-19
+18 -1.041285627482472e-21
+19 +2.612878263080212e-21
+20 -8.804677248633810e-24
+21 +1.926333012301396e-23
+22 -7.423932752060286e-26
+23 +1.440107947435955e-25
+24 -6.250372451850235e-28
+25 +1.089168740985386e-27
+26 -5.258563081069181e-30
+27 +8.318975906751002e-30
+28 -4.419926627457484e-32
+29 +1.707027683733781e-31
+30 +1.242854360163780e-34
