+0 +3.1933204670285633e+00
+1 +9.1594613594287637e-04
+2 +2.2930154457736388e-02
+3 -7.5012741757914224e-06
+4 +1.4630521400335340e-04
+5 -1.2278937697212803e-07
+6 +1.0434852242100375e-06
+7 -1.4060068676192165e-09
+8 +7.8248367947843746e-09
+9 -1.4497471650172172e-11
+10 +6.0381502109264074e-11
+11 -1.4227767756548451e-13
+12 +4.7467712244027456e-13
+13 -1.3569473040344200e-15
+14 +3.7805239155179032e-15
+15 -1.2703158583383597e-17
+16 +3.0401735836255928e-17
+17 -1.1737956174832347e-19
+18 +2.4630724887876698e-19
+19 -1.0741843904828333e-21
+20 +2.0073599407065921e-21
+21 -9.7574597435885423e-24
+22 +1.6438617767560314e-23
+23 -8.8111683995740642e-26
+24 +1.3515819363626065e-25
+25 -7.9186122452803077e-28
+26 +1.1150268726186432e-27
+27 -7.0882715234482710e-30
+28 +9.2253387552528962e-30
+29 -6.3236390194410314e-32
+30 +7.6516077972334969e-32
