+0 +0.0000000000000000e+00
+1 -1.3064108722813621e+01
+2 +5.5697757195214741e-02
+3 -1.9794741470171871e-02
+4 +1.7350331106391799e-04
+5 -7.6912016332333623e-05
+6 +8.2975627866531779e-07
+7 -3.9346469780081091e-07
+8 +4.7464012526319262e-09
+9 -2.2992159727005361e-09
+10 +2.9947594222662911e-11
+11 -1.4533739521996045e-11
+12 +2.0097632171527499e-13
+13 -9.6765569333600842e-14
+14 +1.4069482017259431e-15
+15 -6.6845939343822139e-16
+16 +1.0156285668745570e-17
+17 -4.7466663297260420e-18
+18 +7.5038184757928161e-20
+19 -3.4433162839515013e-20
+20 +5.6457380118319727e-22
+21 -2.5407885779109021e-22
+22 +4.3101008074131951e-24
+23 -1.9011108616587996e-24
+24 +3.3299177471886453e-26
+25 -1.4390618123129443e-26
+26 +2.5983059169353677e-28
+27 -1.1000342672298630e-28
+28 +2.0444922687036606e-30
+29 -8.4882565069581937e-31
+30 +1.6912848726675944e-32
