-30   +7.272111152505112e-32  +0.000000000000000e+00
-29   +3.573929682963010e-31  +0.000000000000000e+00
-28   +8.933292351553046e-30  +0.000000000000000e+00
-27   +4.736945830322885e-29  +0.000000000000000e+00
-26   +1.073369423935150e-27  +0.000000000000000e+00
-25   +6.343164803036323e-27  +0.000000000000000e+00
-24   +1.292070304289956e-25  +0.000000000000000e+00
-23   +8.558098847468332e-25  +0.000000000000000e+00
-22   +1.558480165849648e-23  +0.000000000000000e+00
-21   +1.165588280476705e-22  +0.000000000000000e+00
-20   +1.883976624525345e-21  +0.000000000000000e+00
-19   +1.606462141584710e-20  +0.000000000000000e+00
-18   +2.282871798007110e-19  +0.000000000000000e+00
-17   +2.247756631727888e-18  +0.000000000000000e+00
-16   +2.773059420753272e-17  +0.000000000000000e+00
-15   +3.206909701552810e-16  +0.000000000000000e+00
-14   +3.376413265795484e-15  +0.000000000000000e+00
-13   +4.694578501144059e-14  +0.000000000000000e+00
-12   +4.117869614501342e-13  +0.000000000000000e+00
-11   +7.117935899098224e-12  +0.000000000000000e+00
-10   +5.019287824873107e-11  +0.000000000000000e+00
 -9   +1.134783620391390e-09  +0.000000000000000e+00
 -8   +6.072449381227543e-09  +0.000000000000000e+00
 -7   +1.953715193802946e-07  +0.000000000000000e+00
 -6   +7.116455391836791e-07  +0.000000000000000e+00
 -5   +3.835454582176436e-05  +0.000000000000000e+00
 -4   +7.133156164226144e-05  +0.000000000000000e+00
 -3   +9.890979084729469e-03  +0.000000000000000e+00
 -2   -2.874680693350027e-03  +0.000000000000000e+00
 -1   +6.420450870357532e+00  +0.000000000000000e+00
 +0   +6.868123687676749e+00  +0.000000000000000e+00
 +1   +6.420450870357532e+00  +0.000000000000000e+00
 +2   -2.874680693349979e-03  +0.000000000000000e+00
 +3   +9.890979084729469e-03  +0.000000000000000e+00
 +4   +7.133156164226083e-05  +0.000000000000000e+00
 +5   +3.835454582176436e-05  +0.000000000000000e+00
 +6   +7.116455391836882e-07  +0.000000000000000e+00
 +7   +1.953715193802946e-07  +0.000000000000000e+00
 +8   +6.072449381227702e-09  +0.000000000000000e+00
 +9   +1.134783620391389e-09  +0.000000000000000e+00
+10   +5.019287824872611e-11  +0.000000000000000e+00
+11   +7.117935899098237e-12  +0.000000000000000e+00
+12   +4.117869614501313e-13  +0.000000000000000e+00
+13   +4.694578501144058e-14  +0.000000000000000e+00
+14   +3.376413265795570e-15  +0.000000000000000e+00
+15   +3.206909701552795e-16  +0.000000000000000e+00
+16   +2.773059420753308e-17  +0.000000000000000e+00
+17   +2.247756631727874e-18  +0.000000000000000e+00
+18   +2.282871798006639e-19  +0.000000000000000e+00
+19   +1.606462141584702e-20  +0.000000000000000e+00
+20   +1.883976624525949e-21  +0.000000000000000e+00
+21   +1.165588280476704e-22  +0.000000000000000e+00
+22   +1.558480165849721e-23  +0.000000000000000e+00
+23   +8.558098847468543e-25  +0.000000000000000e+00
+24   +1.292070304289920e-25  +0.000000000000000e+00
+25   +6.343164803036472e-27  +0.000000000000000e+00
+26   +1.073369423935270e-27  +0.000000000000000e+00
+27   +4.736945830322752e-29  +0.000000000000000e+00
+28   +8.933292351545890e-30  +0.000000000000000e+00
+29   +3.573929682962491e-31  +0.000000000000000e+00
+30   +7.272111152514725e-32  +0.000000000000000e+00

