-30   +6.2142718007505373e-35  +0.0000000000000000e+00
-29   +8.5351384186668453e-32  +0.0000000000000000e+00
-28   -2.2099633137344504e-32  +0.0000000000000000e+00
-27   +4.1594879534166851e-30  +0.0000000000000000e+00
-26   -2.6292815405213633e-30  +0.0000000000000000e+00
-25   +5.4458437049240021e-28  +0.0000000000000000e+00
-24   -3.1251862259150841e-28  +0.0000000000000000e+00
-23   +7.2005397371539298e-26  +0.0000000000000000e+00
-22   -3.7119663760158632e-26  +0.0000000000000000e+00
-21   +9.6316650615107989e-24  +0.0000000000000000e+00
-20   -4.4023386243485132e-24  +0.0000000000000000e+00
-19   +1.3064391315402768e-21  +0.0000000000000000e+00
-18   -5.2064281374055110e-22  +0.0000000000000000e+00
-17   +1.8025435947223404e-19  +0.0000000000000000e+00
-16   -6.1257241561484876e-20  +0.0000000000000000e+00
-15   +2.5407626443695257e-17  +0.0000000000000000e+00
-14   -7.1388792723985479e-18  +0.0000000000000000e+00
-13   +3.6813903992634899e-15  +0.0000000000000000e+00
-12   -8.1670083282506728e-16  +0.0000000000000000e+00
-11   +5.5345819357168382e-13  +0.0000000000000000e+00
-10   -8.9824365888377733e-14  +0.0000000000000000e+00
 -9   +8.7644737877662070e-11  +0.0000000000000000e+00
 -8   -8.9395430372323394e-12  +0.0000000000000000e+00
 -7   +1.5015041809924271e-08  +0.0000000000000000e+00
 -6   -6.0270233824171209e-10  +0.0000000000000000e+00
 -5   +2.9386606800607899e-06  +0.0000000000000000e+00
 -4   +7.6044109307230246e-08  +0.0000000000000000e+00
 -3   +7.5732903619086058e-04  +0.0000000000000000e+00
 -2   +8.4055559816944043e-05  +0.0000000000000000e+00
 -1   +4.9520220478697019e-01  +0.0000000000000000e+00
 +0   -4.4838463541973871e-04  +0.0000000000000000e+00
 +1   +4.9520220478697013e-01  +0.0000000000000000e+00
 +2   +8.4055559816944057e-05  +0.0000000000000000e+00
 +3   +7.5732903619086015e-04  +0.0000000000000000e+00
 +4   +7.6044109307235659e-08  +0.0000000000000000e+00
 +5   +2.9386606800614357e-06  +0.0000000000000000e+00
 +6   -6.0270233824217893e-10  +0.0000000000000000e+00
 +7   +1.5015041809923880e-08  +0.0000000000000000e+00
 +8   -8.9395430372243132e-12  +0.0000000000000000e+00
 +9   +8.7644737877556333e-11  +0.0000000000000000e+00
+10   -8.9824365888354711e-14  +0.0000000000000000e+00
+11   +5.5345819357184134e-13  +0.0000000000000000e+00
+12   -8.1670083282497410e-16  +0.0000000000000000e+00
+13   +3.6813903992745355e-15  +0.0000000000000000e+00
+14   -7.1388792723748373e-18  +0.0000000000000000e+00
+15   +2.5407626443727535e-17  +0.0000000000000000e+00
+16   -6.1257241561246927e-20  +0.0000000000000000e+00
+17   +1.8025435947253728e-19  +0.0000000000000000e+00
+18   -5.2064281374192126e-22  +0.0000000000000000e+00
+19   +1.3064391315399351e-21  +0.0000000000000000e+00
+20   -4.4023386242852959e-24  +0.0000000000000000e+00
+21   +9.6316650615031640e-24  +0.0000000000000000e+00
+22   -3.7119663760444229e-26  +0.0000000000000000e+00
+23   +7.2005397372056228e-26  +0.0000000000000000e+00
+24   -3.1251862259351506e-28  +0.0000000000000000e+00
+25   +5.4458437049298584e-28  +0.0000000000000000e+00
+26   -2.6292815405478173e-30  +0.0000000000000000e+00
+27   +4.1594879533343168e-30  +0.0000000000000000e+00
+28   -2.2099633137230334e-32  +0.0000000000000000e+00
+29   +8.5351384186709638e-32  +0.0000000000000000e+00
+30   +6.2142718008872674e-35  +0.0000000000000000e+00

