-30   +3.825803898616747e-32  +0.000000000000000e+00
-29   -3.161819509720517e-32  +0.000000000000000e+00
-28   +4.612669377626448e-30  +0.000000000000000e+00
-27   -3.544135761724134e-30  +0.000000000000000e+00
-26   +5.575134363093216e-28  +0.000000000000000e+00
-25   -3.959306122640156e-28  +0.000000000000000e+00
-24   +6.757909681813033e-26  +0.000000000000000e+00
-23   -4.405584199787032e-26  +0.000000000000000e+00
-22   +8.219308883780155e-24  +0.000000000000000e+00
-21   -4.878729871794270e-24  +0.000000000000000e+00
-20   +1.003679970353296e-21  +0.000000000000000e+00
-19   -5.370921952414162e-22  +0.000000000000000e+00
-18   +1.231536244393835e-19  +0.000000000000000e+00
-17   -5.868978087416174e-20  +0.000000000000000e+00
-16   +1.520086791812796e-17  +0.000000000000000e+00
-15   -6.351579291691796e-18  +0.000000000000000e+00
-14   +1.890261957758952e-15  +0.000000000000000e+00
-13   -6.784736520172100e-16  +0.000000000000000e+00
-12   +2.373385612201373e-13  +0.000000000000000e+00
-11   -7.113883878274220e-14  +0.000000000000000e+00
-10   +3.019075105463204e-11  +0.000000000000000e+00
 -9   -7.248735825086083e-12  +0.000000000000000e+00
 -8   +3.912418397392188e-09  +0.000000000000000e+00
 -7   -7.030034338096081e-10  +0.000000000000000e+00
 -6   +5.217426121050188e-07  +0.000000000000000e+00
 -5   -6.139468848606401e-08  +0.000000000000000e+00
 -4   +7.315260700167670e-05  +0.000000000000000e+00
 -3   -3.750637087895710e-06  +0.000000000000000e+00
 -2   +1.146507722886819e-02  +0.000000000000000e+00
 -1   +4.579730679714382e-04  +0.000000000000000e+00
 +0   +3.193320467028563e+00  +0.000000000000000e+00
 +1   +4.579730679714382e-04  +0.000000000000000e+00
 +2   +1.146507722886819e-02  +0.000000000000000e+00
 +3   -3.750637087895712e-06  +0.000000000000000e+00
 +4   +7.315260700167670e-05  +0.000000000000000e+00
 +5   -6.139468848606401e-08  +0.000000000000000e+00
 +6   +5.217426121050188e-07  +0.000000000000000e+00
 +7   -7.030034338096085e-10  +0.000000000000000e+00
 +8   +3.912418397392187e-09  +0.000000000000000e+00
 +9   -7.248735825086089e-12  +0.000000000000000e+00
+10   +3.019075105463203e-11  +0.000000000000000e+00
+11   -7.113883878274229e-14  +0.000000000000000e+00
+12   +2.373385612201373e-13  +0.000000000000000e+00
+13   -6.784736520172100e-16  +0.000000000000000e+00
+14   +1.890261957758952e-15  +0.000000000000000e+00
+15   -6.351579291691800e-18  +0.000000000000000e+00
+16   +1.520086791812796e-17  +0.000000000000000e+00
+17   -5.868978087416173e-20  +0.000000000000000e+00
+18   +1.231536244393835e-19  +0.000000000000000e+00
+19   -5.370921952414171e-22  +0.000000000000000e+00
+20   +1.003679970353296e-21  +0.000000000000000e+00
+21   -4.878729871794272e-24  +0.000000000000000e+00
+22   +8.219308883780158e-24  +0.000000000000000e+00
+23   -4.405584199787033e-26  +0.000000000000000e+00
+24   +6.757909681813031e-26  +0.000000000000000e+00
+25   -3.959306122640152e-28  +0.000000000000000e+00
+26   +5.575134363093215e-28  +0.000000000000000e+00
+27   -3.544135761724136e-30  +0.000000000000000e+00
+28   +4.612669377626448e-30  +0.000000000000000e+00
+29   -3.161819509720515e-32  +0.000000000000000e+00
+30   +3.825803898616749e-32  +0.000000000000000e+00

