+0 +6.8681236876767491e+00
+1 +1.2840901740715065e+01
+2 -5.7493613867000059e-03
+3 +1.9781958169458939e-02
+4 +1.4266312328452225e-04
+5 +7.6709091643528717e-05
+6 +1.4232910783673673e-06
+7 +3.9074303876058929e-07
+8 +1.2144898762455244e-08
+9 +2.2695672407827790e-09
+10 +1.0038575649745717e-10
+11 +1.4235871798196461e-11
+12 +8.2357392290026557e-13
+13 +9.3891570022881169e-14
+14 +6.7528265315910531e-15
+15 +6.4138194031056056e-16
+16 +5.5461188415065795e-17
+17 +4.4955132634557628e-18
+18 +4.5657435960137488e-19
+19 +3.2129242831694118e-20
+20 +3.7679532490512944e-21
+21 +2.3311765609534084e-22
+22 +3.1169603316993680e-23
+23 +1.7116197694936872e-24
+24 +2.5841406085798758e-25
+25 +1.2686329606072796e-26
+26 +2.1467388478704204e-27
+27 +9.4738916606456370e-29
+28 +1.7866584703098935e-29
+29 +7.1478593659255007e-31
+30 +1.4544222305019836e-31
