-30   +7.2721111525051121e-32  +0.0000000000000000e+00
-29   +3.5739296829630100e-31  +0.0000000000000000e+00
-28   +8.9332923515530463e-30  +0.0000000000000000e+00
-27   +4.7369458303228852e-29  +0.0000000000000000e+00
-26   +1.0733694239351501e-27  +0.0000000000000000e+00
-25   +6.3431648030363234e-27  +0.0000000000000000e+00
-24   +1.2920703042899556e-25  +0.0000000000000000e+00
-23   +8.5580988474683316e-25  +0.0000000000000000e+00
-22   +1.5584801658496476e-23  +0.0000000000000000e+00
-21   +1.1655882804767047e-22  +0.0000000000000000e+00
-20   +1.8839766245253451e-21  +0.0000000000000000e+00
-19   +1.6064621415847095e-20  +0.0000000000000000e+00
-18   +2.2828717980071098e-19  +0.0000000000000000e+00
-17   +2.2477566317278879e-18  +0.0000000000000000e+00
-16   +2.7730594207532719e-17  +0.0000000000000000e+00
-15   +3.2069097015528102e-16  +0.0000000000000000e+00
-14   +3.3764132657954836e-15  +0.0000000000000000e+00
-13   +4.6945785011440591e-14  +0.0000000000000000e+00
-12   +4.1178696145013425e-13  +0.0000000000000000e+00
-11   +7.1179358990982240e-12  +0.0000000000000000e+00
-10   +5.0192878248731068e-11  +0.0000000000000000e+00
 -9   +1.1347836203913897e-09  +0.0000000000000000e+00
 -8   +6.0724493812275428e-09  +0.0000000000000000e+00
 -7   +1.9537151938029465e-07  +0.0000000000000000e+00
 -6   +7.1164553918367911e-07  +0.0000000000000000e+00
 -5   +3.8354545821764359e-05  +0.0000000000000000e+00
 -4   +7.1331561642261438e-05  +0.0000000000000000e+00
 -3   +9.8909790847294694e-03  +0.0000000000000000e+00
 -2   -2.8746806933500268e-03  +0.0000000000000000e+00
 -1   +6.4204508703575325e+00  +0.0000000000000000e+00
 +0   +6.8681236876767491e+00  +0.0000000000000000e+00
 +1   +6.4204508703575325e+00  +0.0000000000000000e+00
 +2   -2.8746806933499791e-03  +0.0000000000000000e+00
 +3   +9.8909790847294694e-03  +0.0000000000000000e+00
 +4   +7.1331561642260828e-05  +0.0000000000000000e+00
 +5   +3.8354545821764359e-05  +0.0000000000000000e+00
 +6   +7.1164553918368821e-07  +0.0000000000000000e+00
 +7   +1.9537151938029462e-07  +0.0000000000000000e+00
 +8   +6.0724493812277017e-09  +0.0000000000000000e+00
 +9   +1.1347836203913893e-09  +0.0000000000000000e+00
+10   +5.0192878248726105e-11  +0.0000000000000000e+00
+11   +7.1179358990982369e-12  +0.0000000000000000e+00
+12   +4.1178696145013132e-13  +0.0000000000000000e+00
+13   +4.6945785011440578e-14  +0.0000000000000000e+00
+14   +3.3764132657955696e-15  +0.0000000000000000e+00
+15   +3.2069097015527949e-16  +0.0000000000000000e+00
+16   +2.7730594207533076e-17  +0.0000000000000000e+00
+17   +2.2477566317278745e-18  +0.0000000000000000e+00
+18   +2.2828717980066390e-19  +0.0000000000000000e+00
+19   +1.6064621415847020e-20  +0.0000000000000000e+00
+20   +1.8839766245259489e-21  +0.0000000000000000e+00
+21   +1.1655882804767038e-22  +0.0000000000000000e+00
+22   +1.5584801658497207e-23  +0.0000000000000000e+00
+23   +8.5580988474685428e-25  +0.0000000000000000e+00
+24   +1.2920703042899202e-25  +0.0000000000000000e+00
+25   +6.3431648030364720e-27  +0.0000000000000000e+00
+26   +1.0733694239352705e-27  +0.0000000000000000e+00
+27   +4.7369458303227518e-29  +0.0000000000000000e+00
+28   +8.9332923515458899e-30  +0.0000000000000000e+00
+29   +3.5739296829624907e-31  +0.0000000000000000e+00
+30   +7.2721111525147252e-32  +0.0000000000000000e+00

