+0 +0.000000000000000e+00
+1 -2.644376028372585e-04
+2 -1.328686903400083e-02
+3 +9.386093207163180e-06
+4 -1.218509057518624e-04
+5 +1.522127609522819e-07
+6 -1.072102663645740e-06
+7 +1.889370604677851e-09
+8 -9.324986821436639e-09
+9 +2.114198185561112e-11
+10 -8.071023742754025e-11
+11 +2.234836638994006e-13
+12 -6.967695465895147e-13
+13 +2.277593736170748e-15
+14 -6.005071204922575e-15
+15 +2.185459063962917e-17
+16 -5.063651092843465e-17
+17 +5.288447820299591e-20
+18 -7.277328203029044e-19
+19 -1.088153571243798e-18
+20 +3.900356928436287e-19
+21 -1.348641829549933e-18
+22 +1.275726616783169e-18
+23 -2.234857781549697e-19
+24 -8.721738410941026e-19
+25 +1.121310109831710e-18
+26 -6.359573108176377e-19
+27 +7.019877121435876e-19
+28 +2.174547979671886e-19
+29 -1.578666259326053e-18
+30 -6.021962394045941e-19
