+0 +0.0000000000000000e+00
+1 +2.5919566952968126e-03
+2 +4.7563245884084384e-07
+3 +3.8948345057689853e-06
+4 +4.8966283700345466e-10
+5 +1.5103577277217295e-08
+6 -2.6601194446315428e-12
+7 +7.7172616735506267e-11
+8 -4.3602527935849728e-14
+9 +4.5050366783518231e-13
+10 -4.4773582830757408e-16
+11 +2.8450643971463845e-15
+12 -4.1091099582502812e-18
+13 +1.8925556490957939e-17
+14 -3.6103639881659790e-20
+15 +1.3062468846403091e-19
+16 -3.1080404600067451e-22
+17 +9.2675964728018021e-22
+18 -2.6474871558986265e-24
+19 +6.7171851581061471e-24
+20 -2.2422187367389137e-26
+21 +4.9523763195470934e-26
+22 -1.8929081282181954e-28
+23 +3.7024508642022857e-28
+24 -1.5952083677964199e-30
+25 +2.8002684475181564e-30
+26 -1.3431162852445208e-32
+27 +2.1387798173045689e-32
+28 -1.1304333874108650e-34
+29 +1.6473199634366079e-34
+30 -9.5155467787843265e-37
