+0 -3.125003004253674e-05
+1 -1.408629653290713e-05
+2 -8.789171420873845e-09
+3 -1.746128364500956e-07
+4 -3.069809544628091e-11
+5 -1.842756636824824e-09
+6 +5.415348339899365e-13
+7 -1.828719175585952e-11
+8 +1.418099197895716e-14
+9 -1.755622539692980e-13
+10 +2.217440826810821e-16
+11 -1.650763647061860e-15
+12 +2.895464762641550e-18
+13 -1.530166816845048e-17
+14 +3.438325586849288e-20
+15 -1.403690688298875e-19
+16 +3.847992525044791e-22
+17 -1.277500023127726e-21
+18 +4.134625269321652e-24
+19 -1.155423403488704e-23
+20 +4.312272096482867e-26
+21 -1.039763151855513e-25
+22 +4.396369703988563e-28
+23 -9.318063439996236e-28
+24 +4.402288089586356e-30
+25 -8.321599737705083e-30
+26 +4.344507192683759e-32
+27 -7.409767471061012e-32
+28 +4.236184072995687e-34
+29 -6.581099365207621e-34
+30 +4.088132263874899e-36
