-30   +1.8495551634277677e-139  +0.0000000000000000e+00
-29   +6.0187757167947208e-135  +0.0000000000000000e+00
-28   +1.9597601858837653e-130  +0.0000000000000000e+00
-27   +6.3851322998244460e-126  +0.0000000000000000e+00
-26   +2.0817540721729167e-121  +0.0000000000000000e+00
-25   +6.7921023675685052e-117  +0.0000000000000000e+00
-24   +2.2177867243558540e-112  +0.0000000000000000e+00
-23   +7.2477764793796352e-108  +0.0000000000000000e+00
-22   +2.3707826569100891e-103  +0.0000000000000000e+00
-21   +7.7627856585967505e-99  +0.0000000000000000e+00
-20   +2.5446301048893546e-94  +0.0000000000000000e+00
-19   +8.3514460047858295e-90  +0.0000000000000000e+00
-18   +2.7446386988381797e-85  +0.0000000000000000e+00
-17   +9.0336086288796255e-81  +0.0000000000000000e+00
-16   +2.9782961551773436e-76  +0.0000000000000000e+00
-15   +9.8377956619041760e-72  +0.0000000000000000e+00
-14   +3.2565870151954342e-67  +0.0000000000000000e+00
-13   +1.0806836637481377e-62  +0.0000000000000000e+00
-12   +3.5964461185066116e-58  +0.0000000000000000e+00
-11   +1.2008771913639386e-53  +0.0000000000000000e+00
-10   +4.0257204584789076e-49  +0.0000000000000000e+00
 -9   +1.3560060954832270e-44  +0.0000000000000000e+00
 -8   +4.5943794195892924e-40  +0.0000000000000000e+00
 -7   +1.5681847054053544e-35  +0.0000000000000000e+00
 -6   +5.4041019010525151e-31  +0.0000000000000000e+00
 -5   +1.8864865920281458e-26  +0.0000000000000000e+00
 -4   +6.7073789841431374e-22  +0.0000000000000000e+00
 -3   +2.4529371750287698e-17  +0.0000000000000000e+00
 -2   +9.4190977410913379e-13  +0.0000000000000000e+00
 -1   +4.0187378062332012e-08  +0.0000000000000000e+00
 +0   +2.5719427695516904e-03  +0.0000000000000000e+00
 +1   +4.0187378062332012e-08  +0.0000000000000000e+00
 +2   +9.4190977410913379e-13  +0.0000000000000000e+00
 +3   +2.4529371750287698e-17  +0.0000000000000000e+00
 +4   +6.7073789841431374e-22  +0.0000000000000000e+00
 +5   +1.8864865920281458e-26  +0.0000000000000000e+00
 +6   +5.4041019010525151e-31  +0.0000000000000000e+00
 +7   +1.5681847054053544e-35  +0.0000000000000000e+00
 +8   +4.5943794195892924e-40  +0.0000000000000000e+00
 +9   +1.3560060954832270e-44  +0.0000000000000000e+00
+10   +4.0257204584789076e-49  +0.0000000000000000e+00
+11   +1.2008771913639386e-53  +0.0000000000000000e+00
+12   +3.5964461185066116e-58  +0.0000000000000000e+00
+13   +1.0806836637481377e-62  +0.0000000000000000e+00
+14   +3.2565870151954342e-67  +0.0000000000000000e+00
+15   +9.8377956619041760e-72  +0.0000000000000000e+00
+16   +2.9782961551773436e-76  +0.0000000000000000e+00
+17   +9.0336086288796255e-81  +0.0000000000000000e+00
+18   +2.7446386988381797e-85  +0.0000000000000000e+00
+19   +8.3514460047858295e-90  +0.0000000000000000e+00
+20   +2.5446301048893546e-94  +0.0000000000000000e+00
+21   +7.7627856585967505e-99  +0.0000000000000000e+00
+22   +2.3707826569100891e-103  +0.0000000000000000e+00
+23   +7.2477764793796352e-108  +0.0000000000000000e+00
+24   +2.2177867243558540e-112  +0.0000000000000000e+00
+25   +6.7921023675685052e-117  +0.0000000000000000e+00
+26   +2.0817540721729167e-121  +0.0000000000000000e+00
+27   +6.3851322998244460e-126  +0.0000000000000000e+00
+28   +1.9597601858837653e-130  +0.0000000000000000e+00
+29   +6.0187757167947208e-135  +0.0000000000000000e+00
+30   +1.8495551634277677e-139  +0.0000000000000000e+00

