+0 +7.4804019378401893e-02
+1 -2.9093056456243401e-05
+2 -1.0924437334381937e-08
+3 -1.3843401404923808e-07
+4 -2.2128391986708172e-11
+5 -8.7642341662738146e-10
+6 +1.8780659809921614e-13
+7 -6.2132366140716617e-12
+8 +4.0205055394343445e-15
+9 -4.6399228951557860e-14
+10 +5.1270391810901892e-17
+11 -3.5699111733632542e-16
+12 +5.6260133671804657e-19
+13 -2.8002363490754754e-18
+14 +5.7533109323951569e-21
+15 -2.2264173667442315e-20
+16 +5.6507590659782277e-23
+17 -1.7879706696823475e-22
+18 +5.4081558026123105e-25
+19 -1.4469515820935080e-24
+20 +5.0841016594845900e-27
+21 -1.1781391533200348e-26
+22 +4.7174436612332467e-29
+23 -9.6403309780763102e-29
+24 +4.3340454069897755e-31
+25 -7.9208485137138664e-31
+26 +3.9510167348585597e-33
+27 -6.5306283205035042e-33
+28 +3.5794661826953553e-35
+29 -5.4003591701592029e-35
+30 +3.2269484515739937e-37
