-30   +0.0000000000000000e+00  +2.0440628253676819e-36
-29   +0.0000000000000000e+00  -3.2895703462060258e-34
-28   +0.0000000000000000e+00  +2.1173050169217391e-34
-27   +0.0000000000000000e+00  -3.7037102397212509e-32
-26   +0.0000000000000000e+00  +2.1713871395042077e-32
-25   +0.0000000000000000e+00  -4.1593920112612136e-30
-24   +0.0000000000000000e+00  +2.2001985308639326e-30
-23   +0.0000000000000000e+00  -4.6573401983813881e-28
-22   +0.0000000000000000e+00  +2.1971649920452431e-28
-21   +0.0000000000000000e+00  -5.1967803271750142e-26
-20   +0.0000000000000000e+00  +2.1550538451355262e-26
-19   +0.0000000000000000e+00  -5.7746640991536091e-24
-18   +0.0000000000000000e+00  +2.0661919641371472e-24
-17   +0.0000000000000000e+00  -6.3845402174277995e-22
-16   +0.0000000000000000e+00  +1.9228806936601101e-22
-15   +0.0000000000000000e+00  -7.0148789608061998e-20
-14   +0.0000000000000000e+00  +1.7181296964120720e-20
-13   +0.0000000000000000e+00  -7.6465194470405849e-18
-12   +0.0000000000000000e+00  +1.4469203125826530e-18
-11   +0.0000000000000000e+00  -8.2486284455318123e-16
-10   +0.0000000000000000e+00  +1.1083877578184975e-16
 -9   +0.0000000000000000e+00  -8.7719407638732916e-14
 -8   +0.0000000000000000e+00  +7.0971828090244411e-15
 -7   +0.0000000000000000e+00  -9.1365080261716915e-12
 -6   +0.0000000000000000e+00  +2.7365089386887527e-13
 -5   +0.0000000000000000e+00  -9.2066569170111763e-10
 -4   +0.0000000000000000e+00  -1.4474924344930317e-11
 -3   +0.0000000000000000e+00  -8.7291919681178955e-08
 -2   +0.0000000000000000e+00  -4.0587335335859726e-09
 -1   +0.0000000000000000e+00  -7.1332796063851610e-06
 +0   +0.0000000000000000e+00  +0.0000000000000000e+00
 +1   +0.0000000000000000e+00  +7.1332796063851610e-06
 +2   +0.0000000000000000e+00  +4.0587335335859726e-09
 +3   +0.0000000000000000e+00  +8.7291919681178955e-08
 +4   +0.0000000000000000e+00  +1.4474924344930317e-11
 +5   +0.0000000000000000e+00  +9.2066569170111763e-10
 +6   +0.0000000000000000e+00  -2.7365089386887527e-13
 +7   +0.0000000000000000e+00  +9.1365080261716915e-12
 +8   +0.0000000000000000e+00  -7.0971828090244411e-15
 +9   +0.0000000000000000e+00  +8.7719407638732916e-14
+10   +0.0000000000000000e+00  -1.1083877578184975e-16
+11   +0.0000000000000000e+00  +8.2486284455318123e-16
+12   +0.0000000000000000e+00  -1.4469203125826530e-18
+13   +0.0000000000000000e+00  +7.6465194470405849e-18
+14   +0.0000000000000000e+00  -1.7181296964120720e-20
+15   +0.0000000000000000e+00  +7.0148789608061998e-20
+16   +0.0000000000000000e+00  -1.9228806936601101e-22
+17   +0.0000000000000000e+00  +6.3845402174277995e-22
+18   +0.0000000000000000e+00  -2.0661919641371472e-24
+19   +0.0000000000000000e+00  +5.7746640991536091e-24
+20   +0.0000000000000000e+00  -2.1550538451355262e-26
+21   +0.0000000000000000e+00  +5.1967803271750142e-26
+22   +0.0000000000000000e+00  -2.1971649920452431e-28
+23   +0.0000000000000000e+00  +4.6573401983813881e-28
+24   +0.0000000000000000e+00  -2.2001985308639326e-30
+25   +0.0000000000000000e+00  +4.1593920112612136e-30
+26   +0.0000000000000000e+00  -2.1713871395042077e-32
+27   +0.0000000000000000e+00  +3.7037102397212509e-32
+28   +0.0000000000000000e+00  -2.1173050169217391e-34
+29   +0.0000000000000000e+00  +3.2895703462060258e-34
+30   +0.0000000000000000e+00  -2.0440628253676819e-36

