-30   +0.0000000000000000e+00  -4.7577733893921633e-37
-29   +0.0000000000000000e+00  +8.2365998171830407e-35
-28   +0.0000000000000000e+00  -5.6521669370543251e-35
-27   +0.0000000000000000e+00  +1.0693899086522844e-32
-26   +0.0000000000000000e+00  -6.7155814262226027e-33
-25   +0.0000000000000000e+00  +1.4001342237590780e-30
-24   +0.0000000000000000e+00  -7.9760418389820994e-31
-23   +0.0000000000000000e+00  +1.8512254321011431e-28
-22   +0.0000000000000000e+00  -9.4645406410909781e-29
-21   +0.0000000000000000e+00  +2.4761881597735464e-26
-20   +0.0000000000000000e+00  -1.1211093683694567e-26
-19   +0.0000000000000000e+00  +3.3585925790530728e-24
-18   +0.0000000000000000e+00  -1.3237435779493133e-24
-17   +0.0000000000000000e+00  +4.6337982364009010e-22
-16   +0.0000000000000000e+00  -1.5540202300033725e-22
-15   +0.0000000000000000e+00  +6.5312344232015457e-20
-14   +0.0000000000000000e+00  -1.8051819940829895e-20
-13   +0.0000000000000000e+00  +9.4627782454789693e-18
-12   +0.0000000000000000e+00  -2.0545549791251406e-18
-11   +0.0000000000000000e+00  +1.4225321985731921e-15
-10   +0.0000000000000000e+00  -2.2386791415378704e-16
 -9   +0.0000000000000000e+00  +2.2525183391759116e-13
 -8   +0.0000000000000000e+00  -2.1801263967924864e-14
 -7   +0.0000000000000000e+00  +3.8586308367753140e-11
 -6   +0.0000000000000000e+00  -1.3300597223157716e-12
 -5   +0.0000000000000000e+00  +7.5517886386086477e-09
 -4   +0.0000000000000000e+00  +2.4483141850172738e-10
 -3   +0.0000000000000000e+00  +1.9474172528844926e-06
 -2   +0.0000000000000000e+00  +2.3781622942042192e-07
 -1   +0.0000000000000000e+00  +1.2959783476484065e-03
 +0   +0.0000000000000000e+00  +0.0000000000000000e+00
 +1   +0.0000000000000000e+00  -1.2959783476484063e-03
 +2   +0.0000000000000000e+00  -2.3781622942042194e-07
 +3   +0.0000000000000000e+00  -1.9474172528844931e-06
 +4   +0.0000000000000000e+00  -2.4483141850172733e-10
 +5   +0.0000000000000000e+00  -7.5517886386086477e-09
 +6   +0.0000000000000000e+00  +1.3300597223157714e-12
 +7   +0.0000000000000000e+00  -3.8586308367753134e-11
 +8   +0.0000000000000000e+00  +2.1801263967924867e-14
 +9   +0.0000000000000000e+00  -2.2525183391759116e-13
+10   +0.0000000000000000e+00  +2.2386791415378699e-16
+11   +0.0000000000000000e+00  -1.4225321985731923e-15
+12   +0.0000000000000000e+00  +2.0545549791251410e-18
+13   +0.0000000000000000e+00  -9.4627782454789677e-18
+14   +0.0000000000000000e+00  +1.8051819940829895e-20
+15   +0.0000000000000000e+00  -6.5312344232015457e-20
+16   +0.0000000000000000e+00  +1.5540202300033723e-22
+17   +0.0000000000000000e+00  -4.6337982364009010e-22
+18   +0.0000000000000000e+00  +1.3237435779493131e-24
+19   +0.0000000000000000e+00  -3.3585925790530736e-24
+20   +0.0000000000000000e+00  +1.1211093683694570e-26
+21   +0.0000000000000000e+00  -2.4761881597735470e-26
+22   +0.0000000000000000e+00  +9.4645406410909770e-29
+23   +0.0000000000000000e+00  -1.8512254321011429e-28
+24   +0.0000000000000000e+00  +7.9760418389820994e-31
+25   +0.0000000000000000e+00  -1.4001342237590782e-30
+26   +0.0000000000000000e+00  +6.7155814262226040e-33
+27   +0.0000000000000000e+00  -1.0693899086522843e-32
+28   +0.0000000000000000e+00  +5.6521669370543251e-35
+29   +0.0000000000000000e+00  -8.2365998171830397e-35
+30   +0.0000000000000000e+00  +4.7577733893921633e-37

