-30   -9.287453563473899e-15  +0.000000000000000e+00
-29   +1.810777951027103e-15  +0.000000000000000e+00
-28   -1.259299495953775e-14  +0.000000000000000e+00
-27   -1.023305520194858e-14  +0.000000000000000e+00
-26   +1.973076176974824e-16  +0.000000000000000e+00
-25   -1.284208289144946e-15  +0.000000000000000e+00
-24   +4.680115318918412e-15  +0.000000000000000e+00
-23   +7.027359325270708e-15  +0.000000000000000e+00
-22   +3.295724251092686e-17  +0.000000000000000e+00
-21   +7.162008574804277e-15  +0.000000000000000e+00
-20   +3.466466873528929e-15  +0.000000000000000e+00
-19   -1.405482551313665e-15  +0.000000000000000e+00
-18   -6.187700756020036e-15  +0.000000000000000e+00
-17   -1.041398036966141e-14  +0.000000000000000e+00
-16   -3.543553918703916e-15  +0.000000000000000e+00
-15   -4.153528198288674e-12  +0.000000000000000e+00
-14   +1.140401840025098e-12  +0.000000000000000e+00
-13   -4.839597537328710e-10  +0.000000000000000e+00
-12   +1.055177878073420e-10  +0.000000000000000e+00
-11   -5.622288083545107e-08  +0.000000000000000e+00
-10   +9.039962330853909e-09  +0.000000000000000e+00
 -9   -6.525644432736264e-06  +0.000000000000000e+00
 -8   +6.789289742950949e-07  +0.000000000000000e+00
 -7   -7.563886407252955e-04  +0.000000000000000e+00
 -6   +3.647782427100274e-05  +0.000000000000000e+00
 -5   -8.747877898239564e-02  +0.000000000000000e+00
 -4   -4.691687822541543e-04  +0.000000000000000e+00
 -3   -1.007821310139498e+01  +0.000000000000000e+00
 -2   -5.174527594489322e-01  +0.000000000000000e+00
 -1   -1.157592617030558e+03  +0.000000000000000e+00
 +0   -6.509704293843544e+00  +0.000000000000000e+00
 +1   -1.157592617030558e+03  +0.000000000000000e+00
 +2   -5.174527594489322e-01  +0.000000000000000e+00
 +3   -1.007821310139498e+01  +0.000000000000000e+00
 +4   -4.691687822541543e-04  +0.000000000000000e+00
 +5   -8.747877898239564e-02  +0.000000000000000e+00
 +6   +3.647782427100274e-05  +0.000000000000000e+00
 +7   -7.563886407252955e-04  +0.000000000000000e+00
 +8   +6.789289742950949e-07  +0.000000000000000e+00
 +9   -6.525644432736264e-06  +0.000000000000000e+00
+10   +9.039962330853909e-09  +0.000000000000000e+00
+11   -5.622288083545107e-08  +0.000000000000000e+00
+12   +1.055177878073420e-10  +0.000000000000000e+00
+13   -4.839597537328710e-10  +0.000000000000000e+00
+14   +1.140401840025098e-12  +0.000000000000000e+00
+15   -4.153528198288674e-12  +0.000000000000000e+00
+16   -3.543553918703916e-15  +0.000000000000000e+00
+17   -1.041398036966141e-14  +0.000000000000000e+00
+18   -6.187700756020036e-15  +0.000000000000000e+00
+19   -1.405482551313665e-15  +0.000000000000000e+00
+20   +3.466466873528929e-15  +0.000000000000000e+00
+21   +7.162008574804277e-15  +0.000000000000000e+00
+22   +3.295724251092686e-17  +0.000000000000000e+00
+23   +7.027359325270708e-15  +0.000000000000000e+00
+24   +4.680115318918412e-15  +0.000000000000000e+00
+25   -1.284208289144946e-15  +0.000000000000000e+00
+26   +1.973076176974824e-16  +0.000000000000000e+00
+27   -1.023305520194858e-14  +0.000000000000000e+00
+28   -1.259299495953775e-14  +0.000000000000000e+00
+29   +1.810777951027103e-15  +0.000000000000000e+00
+30   -9.287453563473899e-15  +0.000000000000000e+00

