+0 -6.509704293843544e+00
+1 -2.315185234061117e+03
+2 -1.034905518897864e+00
+3 -2.015642620278996e+01
+4 -9.383375645083086e-04
+5 -1.749575579647913e-01
+6 +7.295564854200548e-05
+7 -1.512777281450591e-03
+8 +1.357857948590190e-06
+9 -1.305128886547253e-05
+10 +1.807992466170782e-08
+11 -1.124457616709021e-07
+12 +2.110355756146840e-10
+13 -9.679195074657419e-10
+14 +2.280803680050196e-12
+15 -8.307056396577348e-12
+16 -7.087107837407833e-15
+17 -2.082796073932283e-14
+18 -1.237540151204007e-14
+19 -2.810965102627331e-15
+20 +6.932933747057859e-15
+21 +1.432401714960855e-14
+22 +6.591448502185372e-17
+23 +1.405471865054142e-14
+24 +9.360230637836824e-15
+25 -2.568416578289892e-15
+26 +3.946152353949649e-16
+27 -2.046611040389716e-14
+28 -2.518598991907550e-14
+29 +3.621555902054205e-15
+30 -1.857490712694780e-14
