-30   +0.000000000000000e+00  +6.151918827398250e-15
-29   -0.000000000000000e+00  -8.047908609634608e-15
-28   -0.000000000000000e+00  -1.872478253880576e-15
-27   -0.000000000000000e+00  -4.573457268950437e-16
-26   -0.000000000000000e+00  -1.161279723120857e-15
-25   +0.000000000000000e+00  +4.701515523361221e-15
-24   -0.000000000000000e+00  -2.498222234557336e-15
-23   -0.000000000000000e+00  -6.517906783365946e-15
-22   +0.000000000000000e+00  +1.672678464401271e-15
-21   -0.000000000000000e+00  -3.794448040859225e-15
-20   -0.000000000000000e+00  -7.550899289515040e-15
-19   -0.000000000000000e+00  -1.510788990743076e-14
-18   -0.000000000000000e+00  -1.277234664783410e-15
-17   +0.000000000000000e+00  +7.447573602292528e-15
-16   -0.000000000000000e+00  -8.468974583268233e-15
-15   +0.000000000000000e+00  +4.170721149947878e-12
-14   -0.000000000000000e+00  -1.160461491285538e-12
-13   +0.000000000000000e+00  +4.840103369149304e-10
-12   -0.000000000000000e+00  -1.055277145663489e-10
-11   +0.000000000000000e+00  +5.623053921246599e-08
-10   -0.000000000000000e+00  -9.042489710605964e-09
 -9   +0.000000000000000e+00  +6.526833951138997e-06
 -8   -0.000000000000000e+00  -6.792535247791261e-07
 -7   +0.000000000000000e+00  +7.565857002160412e-04
 -6   -0.000000000000000e+00  -3.652003106758341e-05
 -5   +0.000000000000000e+00  +8.751518972570901e-02
 -4   +0.000000000000000e+00  +4.635230010818841e-04
 -3   +0.000000000000000e+00  +1.008652022641652e+01
 -2   +0.000000000000000e+00  +5.166689323015435e-01
 -1   +0.000000000000000e+00  +1.161107614676572e+03
 +0   +0.000000000000000e+00  +0.000000000000000e+00
 +1   -0.000000000000000e+00  -1.161107614676572e+03
 +2   -0.000000000000000e+00  -5.166689323015435e-01
 +3   -0.000000000000000e+00  -1.008652022641652e+01
 +4   -0.000000000000000e+00  -4.635230010818841e-04
 +5   -0.000000000000000e+00  -8.751518972570901e-02
 +6   +0.000000000000000e+00  +3.652003106758341e-05
 +7   -0.000000000000000e+00  -7.565857002160412e-04
 +8   +0.000000000000000e+00  +6.792535247791261e-07
 +9   -0.000000000000000e+00  -6.526833951138997e-06
+10   +0.000000000000000e+00  +9.042489710605964e-09
+11   -0.000000000000000e+00  -5.623053921246599e-08
+12   +0.000000000000000e+00  +1.055277145663489e-10
+13   -0.000000000000000e+00  -4.840103369149304e-10
+14   +0.000000000000000e+00  +1.160461491285538e-12
+15   -0.000000000000000e+00  -4.170721149947878e-12
+16   +0.000000000000000e+00  +8.468974583268233e-15
+17   -0.000000000000000e+00  -7.447573602292528e-15
+18   +0.000000000000000e+00  +1.277234664783410e-15
+19   +0.000000000000000e+00  +1.510788990743076e-14
+20   +0.000000000000000e+00  +7.550899289515040e-15
+21   +0.000000000000000e+00  +3.794448040859225e-15
+22   -0.000000000000000e+00  -1.672678464401271e-15
+23   +0.000000000000000e+00  +6.517906783365946e-15
+24   +0.000000000000000e+00  +2.498222234557336e-15
+25   -0.000000000000000e+00  -4.701515523361221e-15
+26   +0.000000000000000e+00  +1.161279723120857e-15
+27   +0.000000000000000e+00  +4.573457268950437e-16
+28   +0.000000000000000e+00  +1.872478253880576e-15
+29   +0.000000000000000e+00  +8.047908609634608e-15
+30   -0.000000000000000e+00  -6.151918827398250e-15

