+0 +0.000000000000000e+00
+1 +2.322215229353144e+03
+2 +1.033337864603087e+00
+3 +2.017304045283305e+01
+4 +9.270460021637682e-04
+5 +1.750303794514180e-01
+6 -7.304006213516682e-05
+7 +1.513171400432082e-03
+8 -1.358507049558252e-06
+9 +1.305366790227799e-05
+10 -1.808497942121193e-08
+11 +1.124610784249320e-07
+12 -2.110554291326978e-10
+13 +9.680206738298607e-10
+14 -2.320922982571077e-12
+15 +8.341442299895755e-12
+16 -1.693794916653647e-14
+17 +1.489514720458506e-14
+18 -2.554469329566819e-15
+19 -3.021577981486151e-14
+20 -1.510179857903008e-14
+21 -7.588896081718450e-15
+22 +3.345356928802541e-15
+23 -1.303581356673189e-14
+24 -4.996444469114671e-15
+25 +9.403031046722442e-15
+26 -2.322559446241713e-15
+27 -9.146914537900874e-16
+28 -3.744956507761153e-15
+29 -1.609581721926922e-14
+30 +1.230383765479650e-14
