+0 +1.001841608924838e+00
+1 +5.767517725920049e-04
+2 +1.438777025507742e-02
+3 -2.630362974627746e-06
+4 +1.176278356155131e-04
+5 -8.068581498022022e-08
+6 +9.843249782624403e-07
+7 -1.172052655126420e-09
+8 +8.311903194912317e-09
+9 -1.408839309369693e-11
+10 +7.051338321067297e-11
+11 -1.550207343251356e-13
+12 +5.998372147655255e-13
+13 -1.620305006911538e-15
+14 +5.111772305686984e-15
+15 -1.637500699141836e-17
+16 +4.361646696108332e-17
+17 -1.615977656017966e-19
+18 +3.724993429423173e-19
+19 -1.566741863942149e-21
+20 +3.183478360653273e-21
+21 -1.498330396762425e-23
+22 +2.722167228800499e-23
+23 -1.417339274499852e-25
+24 +2.328724365710605e-25
+25 -1.328830025307280e-27
+26 +1.992865274036544e-27
+27 -1.236648809315284e-29
+28 +1.705960277215264e-29
+29 -1.143655368350598e-31
+30 +1.460707982197460e-31
