+0 +1.000907457708159e+00
+1 +2.870921749915292e-04
+2 +7.187177998613017e-03
+3 -2.351183146942233e-06
+4 +4.585758971250622e-05
+5 -3.848683663531666e-08
+6 +3.270677508580772e-07
+7 -4.406957503699782e-10
+8 +2.452599914137848e-09
+9 -4.544056145442964e-12
+10 +1.892584737197400e-11
+11 -4.459520740591440e-14
+12 +1.487817701854444e-13
+13 -4.253186269115166e-16
+14 +1.184959236054047e-15
+15 -3.981650540194381e-18
+16 +9.529054299425491e-18
+17 -3.679119585693665e-20
+18 +7.720201114664146e-20
+19 -3.366900311099732e-22
+20 +6.291825564339341e-22
+21 -3.058357069540417e-24
+22 +5.152484784364673e-24
+23 -2.761753558189705e-26
+24 +4.236369176776603e-26
+25 -2.481992688436715e-28
+26 +3.494916103385945e-28
+27 -2.221732489217245e-30
+28 +2.891570218321635e-30
+29 -1.982067731618063e-32
+30 +2.398303391965953e-32
