+0 +6.868123687676749e+00
+1 +1.284090174071506e+01
+2 -5.749361386700006e-03
+3 +1.978195816945894e-02
+4 +1.426631232845223e-04
+5 +7.670909164352872e-05
+6 +1.423291078367367e-06
+7 +3.907430387605893e-07
+8 +1.214489876245524e-08
+9 +2.269567240782779e-09
+10 +1.003857564974572e-10
+11 +1.423587179819646e-11
+12 +8.235739229002656e-13
+13 +9.389157002288117e-14
+14 +6.752826531591053e-15
+15 +6.413819403105606e-16
+16 +5.546118841506580e-17
+17 +4.495513263455763e-18
+18 +4.565743596013749e-19
+19 +3.212924283169412e-20
+20 +3.767953249051294e-21
+21 +2.331176560953408e-22
+22 +3.116960331699368e-23
+23 +1.711619769493687e-24
+24 +2.584140608579876e-25
+25 +1.268632960607280e-26
+26 +2.146738847870420e-27
+27 +9.473891660645637e-29
+28 +1.786658470309893e-29
+29 +7.147859365925501e-31
+30 +1.454422230501984e-31
