-30   +7.303539910987301e-32  +0.000000000000000e+00
-29   -5.718276841752987e-32  +0.000000000000000e+00
-28   +8.529801386076321e-30  +0.000000000000000e+00
-27   -6.183244046576416e-30  +0.000000000000000e+00
-26   +9.964326370182720e-28  +0.000000000000000e+00
-25   -6.644150126536402e-28  +0.000000000000000e+00
-24   +1.164362182855303e-25  +0.000000000000000e+00
-23   -7.086696372499258e-26  +0.000000000000000e+00
-22   +1.361083614400249e-23  +0.000000000000000e+00
-21   -7.491651983812123e-24  +0.000000000000000e+00
-20   +1.591739180326637e-21  +0.000000000000000e+00
-19   -7.833709319710743e-22  +0.000000000000000e+00
-18   +1.862496714711587e-19  +0.000000000000000e+00
-17   -8.079888280089827e-20  +0.000000000000000e+00
-16   +2.180823348054166e-17  +0.000000000000000e+00
-15   -8.187503495709179e-18  +0.000000000000000e+00
-14   +2.555886152843492e-15  +0.000000000000000e+00
-13   -8.101525034557690e-16  +0.000000000000000e+00
-12   +2.999186073827628e-13  +0.000000000000000e+00
-11   -7.751036716256775e-14  +0.000000000000000e+00
-10   +3.525669160533648e-11  +0.000000000000000e+00
 -9   -7.044196546848464e-12  +0.000000000000000e+00
 -8   +4.155951597456159e-09  +0.000000000000000e+00
 -7   -5.860263275632099e-10  +0.000000000000000e+00
 -6   +4.921624891312201e-07  +0.000000000000000e+00
 -5   -4.034290749011011e-08  +0.000000000000000e+00
 -4   +5.881391780775655e-05  +0.000000000000000e+00
 -3   -1.315181487313873e-06  +0.000000000000000e+00
 -2   +7.193885127538711e-03  +0.000000000000000e+00
 -1   +2.883758862960025e-04  +0.000000000000000e+00
 +0   +1.001841608924838e+00  +0.000000000000000e+00
 +1   +2.883758862960025e-04  +0.000000000000000e+00
 +2   +7.193885127538711e-03  +0.000000000000000e+00
 +3   -1.315181487313874e-06  +0.000000000000000e+00
 +4   +5.881391780775655e-05  +0.000000000000000e+00
 +5   -4.034290749011011e-08  +0.000000000000000e+00
 +6   +4.921624891312201e-07  +0.000000000000000e+00
 +7   -5.860263275632103e-10  +0.000000000000000e+00
 +8   +4.155951597456158e-09  +0.000000000000000e+00
 +9   -7.044196546848469e-12  +0.000000000000000e+00
+10   +3.525669160533648e-11  +0.000000000000000e+00
+11   -7.751036716256783e-14  +0.000000000000000e+00
+12   +2.999186073827628e-13  +0.000000000000000e+00
+13   -8.101525034557695e-16  +0.000000000000000e+00
+14   +2.555886152843492e-15  +0.000000000000000e+00
+15   -8.187503495709185e-18  +0.000000000000000e+00
+16   +2.180823348054166e-17  +0.000000000000000e+00
+17   -8.079888280089828e-20  +0.000000000000000e+00
+18   +1.862496714711586e-19  +0.000000000000000e+00
+19   -7.833709319710749e-22  +0.000000000000000e+00
+20   +1.591739180326637e-21  +0.000000000000000e+00
+21   -7.491651983812126e-24  +0.000000000000000e+00
+22   +1.361083614400249e-23  +0.000000000000000e+00
+23   -7.086696372499262e-26  +0.000000000000000e+00
+24   +1.164362182855303e-25  +0.000000000000000e+00
+25   -6.644150126536401e-28  +0.000000000000000e+00
+26   +9.964326370182720e-28  +0.000000000000000e+00
+27   -6.183244046576420e-30  +0.000000000000000e+00
+28   +8.529801386076321e-30  +0.000000000000000e+00
+29   -5.718276841752988e-32  +0.000000000000000e+00
+30   +7.303539910987302e-32  +0.000000000000000e+00

