+0 +0.000000000000000e+00
+1 -1.007781595186976e+00
+2 -1.533900900482764e-04
+3 -1.514348895324579e-03
+4 -1.428786298318456e-07
+5 -5.872432274930535e-06
+6 +1.218737957189891e-09
+7 -3.000560223492243e-08
+8 +1.789630915550788e-11
+9 -1.751613608185363e-10
+10 +1.795930936077969e-13
+11 -1.106198110321296e-12
+12 +1.632466620903243e-15
+13 -7.358516857315164e-15
+14 +1.426903911841057e-17
+15 -5.078877181511882e-17
+16 +1.224424851746718e-19
+17 -3.603382515148769e-19
+18 +1.040714609690216e-21
+19 -2.611748637639942e-21
+20 +8.800213271430242e-24
+21 -1.925566408674666e-23
+22 +7.420457514606116e-26
+23 -1.439577256937321e-25
+24 +6.247666137347788e-28
+25 -1.088795126097065e-27
+26 +5.256450902063555e-30
+27 -8.315653671938066e-30
+28 +4.424509499562673e-32
+29 +4.258135409113374e-32
+30 +8.896702458724434e-34
