-30   -9.164488240441615e-18  +0.000000000000000e+00
-29   -5.214921060598610e-18  +0.000000000000000e+00
-28   +2.258270899902379e-17  +0.000000000000000e+00
-27   +9.529833432175384e-17  +0.000000000000000e+00
-26   -5.315030058689314e-18  +0.000000000000000e+00
-25   -1.301627759022021e-17  +0.000000000000000e+00
-24   +5.030728641982414e-17  +0.000000000000000e+00
-23   -1.634890645453954e-17  +0.000000000000000e+00
-22   +2.972694288671087e-17  +0.000000000000000e+00
-21   -1.374188713284496e-17  +0.000000000000000e+00
-20   -4.885789124381532e-17  +0.000000000000000e+00
-19   +5.233612549467298e-17  +0.000000000000000e+00
-18   -5.644985787370558e-17  +0.000000000000000e+00
-17   -1.044341132288734e-16  +0.000000000000000e+00
-16   +1.982907435846949e-18  +0.000000000000000e+00
-15   +2.274666681531534e-16  +0.000000000000000e+00
-14   +3.378922280194114e-15  +0.000000000000000e+00
-13   +4.682830683822486e-14  +0.000000000000000e+00
-12   +4.118020458859704e-13  +0.000000000000000e+00
-11   +7.117951130763454e-12  +0.000000000000000e+00
-10   +5.019288932645076e-11  +0.000000000000000e+00
 -9   +1.134783605593977e-09  +0.000000000000000e+00
 -8   +6.072449357890490e-09  +0.000000000000000e+00
 -7   +1.953715192742432e-07  +0.000000000000000e+00
 -6   +7.116455391117915e-07  +0.000000000000000e+00
 -5   +3.835454582159733e-05  +0.000000000000000e+00
 -4   +7.133156164221475e-05  +0.000000000000000e+00
 -3   +9.890979084729735e-03  +0.000000000000000e+00
 -2   -2.874680693349843e-03  +0.000000000000000e+00
 -1   +6.420450870357532e+00  +0.000000000000000e+00
 +0   +6.868123687676734e+00  +0.000000000000000e+00
 +1   +6.420450870357532e+00  +0.000000000000000e+00
 +2   -2.874680693349843e-03  +0.000000000000000e+00
 +3   +9.890979084729735e-03  +0.000000000000000e+00
 +4   +7.133156164221475e-05  +0.000000000000000e+00
 +5   +3.835454582159733e-05  +0.000000000000000e+00
 +6   +7.116455391117915e-07  +0.000000000000000e+00
 +7   +1.953715192742432e-07  +0.000000000000000e+00
 +8   +6.072449357890490e-09  +0.000000000000000e+00
 +9   +1.134783605593977e-09  +0.000000000000000e+00
+10   +5.019288932645076e-11  +0.000000000000000e+00
+11   +7.117951130763454e-12  +0.000000000000000e+00
+12   +4.118020458859704e-13  +0.000000000000000e+00
+13   +4.682830683822486e-14  +0.000000000000000e+00
+14   +3.378922280194114e-15  +0.000000000000000e+00
+15   +2.274666681531534e-16  +0.000000000000000e+00
+16   +1.982907435846949e-18  +0.000000000000000e+00
+17   -1.044341132288734e-16  +0.000000000000000e+00
+18   -5.644985787370558e-17  +0.000000000000000e+00
+19   +5.233612549467298e-17  +0.000000000000000e+00
+20   -4.885789124381532e-17  +0.000000000000000e+00
+21   -1.374188713284496e-17  +0.000000000000000e+00
+22   +2.972694288671087e-17  +0.000000000000000e+00
+23   -1.634890645453954e-17  +0.000000000000000e+00
+24   +5.030728641982414e-17  +0.000000000000000e+00
+25   -1.301627759022021e-17  +0.000000000000000e+00
+26   -5.315030058689314e-18  +0.000000000000000e+00
+27   +9.529833432175384e-17  +0.000000000000000e+00
+28   +2.258270899902379e-17  +0.000000000000000e+00
+29   -5.214921060598610e-18  +0.000000000000000e+00
+30   -9.164488240441615e-18  +0.000000000000000e+00

