+0 +9.982648772429427e-01
+1 -5.665951989244247e-04
+2 -1.433530040880834e-02
+3 +1.085248980346200e-05
+4 -1.426754126864366e-05
+5 +2.130008335463856e-08
+6 -3.674965399192943e-08
+7 +7.302994794398754e-11
+8 -1.378087061248485e-10
+9 +3.327602367002766e-13
+10 -6.308311383778816e-13
+11 +1.785610316415931e-15
+12 -3.265743665178389e-15
+13 +1.061628865797657e-17
+14 -1.837371890609591e-17
+15 +6.760170365395074e-20
+16 -1.097603284932716e-19
+17 +4.517906852490467e-22
+18 -6.859858432045684e-22
+19 +3.128521206866159e-24
+20 -4.441116228252773e-24
+21 +2.225691814816317e-26
+22 -2.957590036735469e-26
+23 +1.617190560191042e-28
+24 -2.015736881942204e-28
+25 +1.195097195133712e-30
+26 -1.400589860772682e-30
+27 +8.954666161455870e-33
+28 -9.891981580765827e-33
+29 +6.790611505007601e-35
+30 -7.088825285112108e-35
