+0 +0.000000000000000e+00
+1 -1.306410872281362e+01
+2 +5.569775719521474e-02
+3 -1.979474147017187e-02
+4 +1.735033110639180e-04
+5 -7.691201633233362e-05
+6 +8.297562786653178e-07
+7 -3.934646978008109e-07
+8 +4.746401252631926e-09
+9 -2.299215972700536e-09
+10 +2.994759422266291e-11
+11 -1.453373952199605e-11
+12 +2.009763217152750e-13
+13 -9.676556933360084e-14
+14 +1.406948201725943e-15
+15 -6.684593934382214e-16
+16 +1.015628566874557e-17
+17 -4.746666329726042e-18
+18 +7.503818475792816e-20
+19 -3.443316283951501e-20
+20 +5.645738011831973e-22
+21 -2.540788577910902e-22
+22 +4.310100807413195e-24
+23 -1.901110861658800e-24
+24 +3.329917747188645e-26
+25 -1.439061812312944e-26
+26 +2.598305916935368e-28
+27 -1.100034267229863e-28
+28 +2.044492268703661e-30
+29 -8.488256506958194e-31
+30 +1.691284872667594e-32
