-30   -0.000000000000000e+00  -3.010981197022971e-19
-29   -0.000000000000000e+00  -7.893331296630266e-19
-28   +0.000000000000000e+00  +1.087273989835943e-19
-27   +0.000000000000000e+00  +3.509938560717938e-19
-26   -0.000000000000000e+00  -3.179786554088188e-19
-25   +0.000000000000000e+00  +5.606550549158552e-19
-24   -0.000000000000000e+00  -4.360869205470513e-19
-23   -0.000000000000000e+00  -1.117428890774848e-19
-22   +0.000000000000000e+00  +6.378633083915843e-19
-21   -0.000000000000000e+00  -6.743209147749665e-19
-20   +0.000000000000000e+00  +1.950178464218143e-19
-19   -0.000000000000000e+00  -5.440767856218990e-19
-18   -0.000000000000000e+00  -3.638664101514522e-19
-17   +0.000000000000000e+00  +2.644223910149796e-20
-16   -0.000000000000000e+00  -2.531825546421733e-17
-15   +0.000000000000000e+00  +1.092729531981458e-17
-14   -0.000000000000000e+00  -3.002535602461288e-15
-13   +0.000000000000000e+00  +1.138796868085374e-15
-12   -0.000000000000000e+00  -3.483847732947573e-13
-11   +0.000000000000000e+00  +1.117418319497003e-13
-10   -0.000000000000000e+00  -4.035511871377013e-11
 -9   +0.000000000000000e+00  +1.057099092780556e-11
 -8   -0.000000000000000e+00  -4.662493410718319e-09
 -7   +0.000000000000000e+00  +9.446853023389257e-10
 -6   -0.000000000000000e+00  -5.360513318228701e-07
 -5   +0.000000000000000e+00  +7.610638047614097e-08
 -4   -0.000000000000000e+00  -6.092545287593120e-05
 -3   +0.000000000000000e+00  +4.693046603581590e-06
 -2   -0.000000000000000e+00  -6.643434517000417e-03
 -1   -0.000000000000000e+00  -1.322188014186293e-04
 +0   +0.000000000000000e+00  +0.000000000000000e+00
 +1   +0.000000000000000e+00  +1.322188014186293e-04
 +2   +0.000000000000000e+00  +6.643434517000417e-03
 +3   -0.000000000000000e+00  -4.693046603581590e-06
 +4   +0.000000000000000e+00  +6.092545287593120e-05
 +5   -0.000000000000000e+00  -7.610638047614097e-08
 +6   +0.000000000000000e+00  +5.360513318228701e-07
 +7   -0.000000000000000e+00  -9.446853023389257e-10
 +8   +0.000000000000000e+00  +4.662493410718319e-09
 +9   -0.000000000000000e+00  -1.057099092780556e-11
+10   +0.000000000000000e+00  +4.035511871377013e-11
+11   -0.000000000000000e+00  -1.117418319497003e-13
+12   +0.000000000000000e+00  +3.483847732947573e-13
+13   -0.000000000000000e+00  -1.138796868085374e-15
+14   +0.000000000000000e+00  +3.002535602461288e-15
+15   -0.000000000000000e+00  -1.092729531981458e-17
+16   +0.000000000000000e+00  +2.531825546421733e-17
+17   -0.000000000000000e+00  -2.644223910149796e-20
+18   +0.000000000000000e+00  +3.638664101514522e-19
+19   +0.000000000000000e+00  +5.440767856218990e-19
+20   -0.000000000000000e+00  -1.950178464218143e-19
+21   +0.000000000000000e+00  +6.743209147749665e-19
+22   -0.000000000000000e+00  -6.378633083915843e-19
+23   +0.000000000000000e+00  +1.117428890774848e-19
+24   +0.000000000000000e+00  +4.360869205470513e-19
+25   -0.000000000000000e+00  -5.606550549158552e-19
+26   +0.000000000000000e+00  +3.179786554088188e-19
+27   -0.000000000000000e+00  -3.509938560717938e-19
+28   -0.000000000000000e+00  -1.087273989835943e-19
+29   +0.000000000000000e+00  +7.893331296630266e-19
+30   +0.000000000000000e+00  +3.010981197022971e-19

