+0 +6.868123687676734e+00
+1 +1.284090174071506e+01
+2 -5.749361386699686e-03
+3 +1.978195816945947e-02
+4 +1.426631232844295e-04
+5 +7.670909164319466e-05
+6 +1.423291078223583e-06
+7 +3.907430385484864e-07
+8 +1.214489871578098e-08
+9 +2.269567211187954e-09
+10 +1.003857786529015e-10
+11 +1.423590226152691e-11
+12 +8.236040917719407e-13
+13 +9.365661367644972e-14
+14 +6.757844560388229e-15
+15 +4.549333363063068e-16
+16 +3.965814871693898e-18
+17 -2.088682264577467e-16
+18 -1.128997157474112e-16
+19 +1.046722509893460e-16
+20 -9.771578248763064e-17
+21 -2.748377426568993e-17
+22 +5.945388577342174e-17
+23 -3.269781290907909e-17
+24 +1.006145728396483e-16
+25 -2.603255518044042e-17
+26 -1.063006011737863e-17
+27 +1.905966686435077e-16
+28 +4.516541799804758e-17
+29 -1.042984212119722e-17
+30 -1.832897648088323e-17
