+0 +0.000000000000000e+00
+1 -3.897437256237662e+02
+2 -1.734279166236973e-01
+3 -3.385696486641413e+00
+4 -1.555886629906765e-04
+5 -2.937582672031722e-02
+6 +1.225851315131537e-05
+7 -2.539596897206019e-04
+8 +2.280019472816804e-07
+9 -2.190832745367967e-06
+10 +3.035250868343825e-09
+11 -1.887465258199938e-08
+12 +3.542227988287405e-11
+13 -1.624691322169047e-10
+14 +3.850612318061833e-13
+15 -1.397659701190314e-12
+16 +4.003815630697032e-15
+17 -1.201833030923079e-14
+18 +4.038203537903935e-17
+19 -1.033112537253786e-16
+20 +3.983578159209662e-19
+21 -8.878622781105503e-19
+22 +3.864013831840977e-21
+23 -7.628904128278144e-21
+24 +3.698735534155250e-23
+25 -6.554129875139719e-23
+26 +3.502932113379909e-25
+27 -5.630120119562160e-25
+28 +3.288471570578362e-27
+29 -4.835933111718296e-27
+30 +3.085075647386152e-29
