+0 -6.314069567735052e-02
+1 +3.885638623098064e+02
+2 +1.736910203263815e-01
+3 +3.382908071670891e+00
+4 +1.574837567278282e-04
+5 +2.936360489128710e-02
+6 -1.224434578867873e-05
+7 +2.538935436571635e-04
+8 -2.278930021174473e-07
+9 +2.190433459190197e-06
+10 -3.034396883885172e-09
+11 +1.887207502762538e-08
+12 -3.541549420288030e-11
+13 +1.624517182476088e-10
+14 -3.850067672515596e-13
+15 +1.397538113687257e-12
+16 -4.003375072795766e-15
+17 +1.201745992053384e-14
+18 -4.037844977965229e-17
+19 +1.033048999673123e-16
+20 -3.983284875855291e-19
+21 +8.878151600665599e-19
+22 -3.863772948754003e-21
+23 +7.628550155028065e-21
+24 -3.698537001002584e-23
+25 +6.553861053153349e-23
+26 -3.502767999996378e-25
+27 +5.629914074360596e-25
+28 -3.288333999504191e-27
+29 +4.835772201166108e-27
+30 -3.044097995791601e-29
