+0 +3.193320467028563e+00
+1 +9.159461359428764e-04
+2 +2.293015445773639e-02
+3 -7.501274175791422e-06
+4 +1.463052140033534e-04
+5 -1.227893769721280e-07
+6 +1.043485224210038e-06
+7 -1.406006867619217e-09
+8 +7.824836794784375e-09
+9 -1.449747165017217e-11
+10 +6.038150210926407e-11
+11 -1.422776775654845e-13
+12 +4.746771224402746e-13
+13 -1.356947304034420e-15
+14 +3.780523915517903e-15
+15 -1.270315858338360e-17
+16 +3.040173583625593e-17
+17 -1.173795617483235e-19
+18 +2.463072488787670e-19
+19 -1.074184390482833e-21
+20 +2.007359940706592e-21
+21 -9.757459743588542e-24
+22 +1.643861776756031e-23
+23 -8.811168399574064e-26
+24 +1.351581936362607e-25
+25 -7.918612245280308e-28
+26 +1.115026872618643e-27
+27 -7.088271523448271e-30
+28 +9.225338755252896e-30
+29 -6.323639019441031e-32
+30 +7.651607797233497e-32
