-30   +0.000000000000000e+00  +1.604876951940768e-37
-29   +0.000000000000000e+00  -2.686012132738802e-35
-28   +0.000000000000000e+00  +1.780196338678669e-35
-27   +0.000000000000000e+00  -3.246910994115937e-33
-26   +0.000000000000000e+00  +1.964191871758644e-33
-25   +0.000000000000000e+00  -3.936315376036314e-31
-24   +0.000000000000000e+00  +2.153603029185252e-31
-23   +0.000000000000000e+00  -4.788267756490250e-29
-22   +0.000000000000000e+00  +2.342828617127296e-29
-21   +0.000000000000000e+00  -5.847995432462086e-27
-20   +0.000000000000000e+00  +2.523271585102904e-27
-19   +0.000000000000000e+00  -7.176785318560687e-25
-18   +0.000000000000000e+00  +2.681977742446570e-25
-17   +0.000000000000000e+00  -8.859774988095364e-23
-16   +0.000000000000000e+00  +2.799554146393833e-23
-15   +0.000000000000000e+00  -1.101905059450198e-20
-14   +0.000000000000000e+00  +2.846860158892417e-21
-13   +0.000000000000000e+00  -1.383709408346723e-18
-12   +0.000000000000000e+00  +2.779468606909383e-19
-11   +0.000000000000000e+00  -1.760224423761113e-16
-10   +0.000000000000000e+00  +2.527727965062290e-17
 -9   +0.000000000000000e+00  -2.280656153484163e-14
 -8   +0.000000000000000e+00  +1.977157403034182e-15
 -7   +0.000000000000000e+00  -3.038904665380695e-12
 -6   +0.000000000000000e+00  +9.242362427618128e-14
 -5   +0.000000000000000e+00  -4.248281330991627e-10
 -4   +0.000000000000000e+00  -1.045350751775332e-11
 -3   +0.000000000000000e+00  -6.569042971624840e-08
 -2   +0.000000000000000e+00  -5.033207514865649e-09
 -1   +0.000000000000000e+00  -1.431774909952648e-05
 +0   +0.000000000000000e+00  +0.000000000000000e+00
 +1   +0.000000000000000e+00  +1.431774909952647e-05
 +2   +0.000000000000000e+00  +5.033207514865649e-09
 +3   +0.000000000000000e+00  +6.569042971624840e-08
 +4   +0.000000000000000e+00  +1.045350751775332e-11
 +5   +0.000000000000000e+00  +4.248281330991627e-10
 +6   +0.000000000000000e+00  -9.242362427618128e-14
 +7   +0.000000000000000e+00  +3.038904665380695e-12
 +8   +0.000000000000000e+00  -1.977157403034182e-15
 +9   +0.000000000000000e+00  +2.280656153484164e-14
+10   +0.000000000000000e+00  -2.527727965062290e-17
+11   +0.000000000000000e+00  +1.760224423761113e-16
+12   +0.000000000000000e+00  -2.779468606909383e-19
+13   +0.000000000000000e+00  +1.383709408346723e-18
+14   +0.000000000000000e+00  -2.846860158892418e-21
+15   +0.000000000000000e+00  +1.101905059450198e-20
+16   +0.000000000000000e+00  -2.799554146393833e-23
+17   +0.000000000000000e+00  +8.859774988095363e-23
+18   +0.000000000000000e+00  -2.681977742446570e-25
+19   +0.000000000000000e+00  +7.176785318560687e-25
+20   +0.000000000000000e+00  -2.523271585102904e-27
+21   +0.000000000000000e+00  +5.847995432462086e-27
+22   +0.000000000000000e+00  -2.342828617127296e-29
+23   +0.000000000000000e+00  +4.788267756490250e-29
+24   +0.000000000000000e+00  -2.153603029185252e-31
+25   +0.000000000000000e+00  +3.936315376036314e-31
+26   +0.000000000000000e+00  -1.964191871758645e-33
+27   +0.000000000000000e+00  +3.246910994115936e-33
+28   +0.000000000000000e+00  -1.780196338678669e-35
+29   +0.000000000000000e+00  +2.686012132738803e-35
+30   +0.000000000000000e+00  -1.604876951940768e-37

