-30   +0.000000000000000e+00  +2.044062825367682e-36
-29   +0.000000000000000e+00  -3.289570346206026e-34
-28   +0.000000000000000e+00  +2.117305016921739e-34
-27   +0.000000000000000e+00  -3.703710239721251e-32
-26   +0.000000000000000e+00  +2.171387139504208e-32
-25   +0.000000000000000e+00  -4.159392011261214e-30
-24   +0.000000000000000e+00  +2.200198530863933e-30
-23   +0.000000000000000e+00  -4.657340198381388e-28
-22   +0.000000000000000e+00  +2.197164992045243e-28
-21   +0.000000000000000e+00  -5.196780327175014e-26
-20   +0.000000000000000e+00  +2.155053845135526e-26
-19   +0.000000000000000e+00  -5.774664099153609e-24
-18   +0.000000000000000e+00  +2.066191964137147e-24
-17   +0.000000000000000e+00  -6.384540217427800e-22
-16   +0.000000000000000e+00  +1.922880693660110e-22
-15   +0.000000000000000e+00  -7.014878960806200e-20
-14   +0.000000000000000e+00  +1.718129696412072e-20
-13   +0.000000000000000e+00  -7.646519447040585e-18
-12   +0.000000000000000e+00  +1.446920312582653e-18
-11   +0.000000000000000e+00  -8.248628445531812e-16
-10   +0.000000000000000e+00  +1.108387757818497e-16
 -9   +0.000000000000000e+00  -8.771940763873292e-14
 -8   +0.000000000000000e+00  +7.097182809024441e-15
 -7   +0.000000000000000e+00  -9.136508026171692e-12
 -6   +0.000000000000000e+00  +2.736508938688753e-13
 -5   +0.000000000000000e+00  -9.206656917011176e-10
 -4   +0.000000000000000e+00  -1.447492434493032e-11
 -3   +0.000000000000000e+00  -8.729191968117896e-08
 -2   +0.000000000000000e+00  -4.058733533585973e-09
 -1   +0.000000000000000e+00  -7.133279606385161e-06
 +0   +0.000000000000000e+00  +0.000000000000000e+00
 +1   +0.000000000000000e+00  +7.133279606385161e-06
 +2   +0.000000000000000e+00  +4.058733533585973e-09
 +3   +0.000000000000000e+00  +8.729191968117896e-08
 +4   +0.000000000000000e+00  +1.447492434493032e-11
 +5   +0.000000000000000e+00  +9.206656917011176e-10
 +6   +0.000000000000000e+00  -2.736508938688753e-13
 +7   +0.000000000000000e+00  +9.136508026171692e-12
 +8   +0.000000000000000e+00  -7.097182809024441e-15
 +9   +0.000000000000000e+00  +8.771940763873292e-14
+10   +0.000000000000000e+00  -1.108387757818497e-16
+11   +0.000000000000000e+00  +8.248628445531812e-16
+12   +0.000000000000000e+00  -1.446920312582653e-18
+13   +0.000000000000000e+00  +7.646519447040585e-18
+14   +0.000000000000000e+00  -1.718129696412072e-20
+15   +0.000000000000000e+00  +7.014878960806200e-20
+16   +0.000000000000000e+00  -1.922880693660110e-22
+17   +0.000000000000000e+00  +6.384540217427800e-22
+18   +0.000000000000000e+00  -2.066191964137147e-24
+19   +0.000000000000000e+00  +5.774664099153609e-24
+20   +0.000000000000000e+00  -2.155053845135526e-26
+21   +0.000000000000000e+00  +5.196780327175014e-26
+22   +0.000000000000000e+00  -2.197164992045243e-28
+23   +0.000000000000000e+00  +4.657340198381388e-28
+24   +0.000000000000000e+00  -2.200198530863933e-30
+25   +0.000000000000000e+00  +4.159392011261214e-30
+26   +0.000000000000000e+00  -2.171387139504208e-32
+27   +0.000000000000000e+00  +3.703710239721251e-32
+28   +0.000000000000000e+00  -2.117305016921739e-34
+29   +0.000000000000000e+00  +3.289570346206026e-34
+30   +0.000000000000000e+00  -2.044062825367682e-36

