+0 +2.571942769551690e-03
+1 +8.037475612466402e-08
+2 +1.883819548218268e-12
+3 +4.905874350057540e-17
+4 +1.341475796828627e-21
+5 +3.772973184056292e-26
+6 +1.080820380210503e-30
+7 +3.136369410810709e-35
+8 +9.188758839178585e-40
+9 +2.712012190966454e-44
+10 +8.051440916957815e-49
+11 +2.401754382727877e-53
+12 +7.192892237013223e-58
+13 +2.161367327496275e-62
+14 +6.513174030390868e-67
+15 +1.967559132380835e-71
+16 +5.956592310354687e-76
+17 +1.806721725775925e-80
+18 +5.489277397676359e-85
+19 +1.670289200957166e-89
+20 +5.089260209778709e-94
+21 +1.552557131719350e-98
+22 +4.741565313820178e-103
+23 +1.449555295875927e-107
+24 +4.435573448711708e-112
+25 +1.358420473513701e-116
+26 +4.163508144345833e-121
+27 +1.277026459964889e-125
+28 +3.919520371767531e-130
+29 +1.203755143358944e-134
+30 +3.699110326855535e-139
