-30   +9.462698309211035e-16  +0.000000000000000e+00
-29   -8.713955973768933e-16  +0.000000000000000e+00
-28   +1.514077128101109e-15  +0.000000000000000e+00
-27   +8.266205567690297e-16  +0.000000000000000e+00
-26   +1.737100474007616e-16  +0.000000000000000e+00
-25   +4.351361517698327e-16  +0.000000000000000e+00
-24   +4.878545540730671e-16  +0.000000000000000e+00
-23   -6.403339573389308e-17  +0.000000000000000e+00
-22   +8.327805596458204e-16  +0.000000000000000e+00
-21   -4.669318352449913e-16  +0.000000000000000e+00
-20   -3.603628121706984e-17  +0.000000000000000e+00
-19   +1.584573647401055e-15  +0.000000000000000e+00
-18   -2.901290969388448e-16  +0.000000000000000e+00
-17   +2.952297882243644e-15  +0.000000000000000e+00
-16   -8.078662966134918e-16  +0.000000000000000e+00
-15   +6.984167677166847e-13  +0.000000000000000e+00
-14   -1.925138514263949e-13  +0.000000000000000e+00
-13   +8.122400844093087e-11  +0.000000000000000e+00
-12   -1.770836922901321e-11  +0.000000000000000e+00
-11   +9.436038867504709e-09  +0.000000000000000e+00
-10   -1.517198778175351e-09  +0.000000000000000e+00
 -9   +1.095216731197102e-06  +0.000000000000000e+00
 -8   -1.139465026435074e-07  +0.000000000000000e+00
 -7   +1.269467718272518e-04  +0.000000000000000e+00
 -6   -6.122172895273148e-06  +0.000000000000000e+00
 -5   +1.468180244563884e-02  +0.000000000000000e+00
 -4   +7.874187836483200e-05  +0.000000000000000e+00
 -3   +1.691454035835452e+00  +0.000000000000000e+00
 -2   +8.684551016319048e-02  +0.000000000000000e+00
 -1   +1.942819311549030e+02  +0.000000000000000e+00
 +0   -6.314069567734365e-02  +0.000000000000000e+00
 +1   +1.942819311549030e+02  +0.000000000000000e+00
 +2   +8.684551016319048e-02  +0.000000000000000e+00
 +3   +1.691454035835452e+00  +0.000000000000000e+00
 +4   +7.874187836483200e-05  +0.000000000000000e+00
 +5   +1.468180244563884e-02  +0.000000000000000e+00
 +6   -6.122172895273148e-06  +0.000000000000000e+00
 +7   +1.269467718272518e-04  +0.000000000000000e+00
 +8   -1.139465026435074e-07  +0.000000000000000e+00
 +9   +1.095216731197102e-06  +0.000000000000000e+00
+10   -1.517198778175351e-09  +0.000000000000000e+00
+11   +9.436038867504709e-09  +0.000000000000000e+00
+12   -1.770836922901321e-11  +0.000000000000000e+00
+13   +8.122400844093087e-11  +0.000000000000000e+00
+14   -1.925138514263949e-13  +0.000000000000000e+00
+15   +6.984167677166847e-13  +0.000000000000000e+00
+16   -8.078662966134918e-16  +0.000000000000000e+00
+17   +2.952297882243644e-15  +0.000000000000000e+00
+18   -2.901290969388448e-16  +0.000000000000000e+00
+19   +1.584573647401055e-15  +0.000000000000000e+00
+20   -3.603628121706984e-17  +0.000000000000000e+00
+21   -4.669318352449913e-16  +0.000000000000000e+00
+22   +8.327805596458204e-16  +0.000000000000000e+00
+23   -6.403339573389308e-17  +0.000000000000000e+00
+24   +4.878545540730671e-16  +0.000000000000000e+00
+25   +4.351361517698327e-16  +0.000000000000000e+00
+26   +1.737100474007616e-16  +0.000000000000000e+00
+27   +8.266205567690297e-16  +0.000000000000000e+00
+28   +1.514077128101109e-15  +0.000000000000000e+00
+29   -8.713955973768933e-16  +0.000000000000000e+00
+30   +9.462698309211035e-16  +0.000000000000000e+00

