-30   +1.153457424343309e-11  +3.658162952267673e-11
-29   +1.129510325602659e-11  +3.798350422279789e-11
-28   +1.102938472140498e-11  +3.948076612711548e-11
-27   +1.073343958618016e-11  +4.108394620157214e-11
-26   +1.040261102885928e-11  +4.280530108973406e-11
-25   +1.003111448782964e-11  +4.465897925418156e-11
-24   +9.612077463593915e-12  +4.666147854680609e-11
-23   +9.137031632793875e-12  +4.883208215020415e-11
-22   +8.595558979957438e-12  +5.119351218349078e-11
-21   +7.974852191922695e-12  +5.377276570691819e-11
-20   +7.258607944086615e-12  +5.660205209028656e-11
-19   +6.426394398245031e-12  +5.971992729826279e-11
-18   +5.451868872270238e-12  +6.317313354031711e-11
-17   +4.304035463337520e-12  +6.701989122262373e-11
-16   +2.926452102140948e-12  +7.132364377692768e-11
-15   +1.627575326468192e-12  +7.628964029683572e-11
-14   -1.004851445646872e-12  +8.149892276688624e-11
-13   +3.778722152038711e-11  +9.598524874808247e-11
-12   -2.931189997778956e-11  +8.394367494662304e-11
-11   +4.636881776563258e-09  +3.827894696432910e-10
-10   -1.671387431825588e-09  -2.755452614310405e-10
 -9   +4.971566490457674e-07  -5.571442066485319e-08
 -8   -8.116982398704032e-08  +1.115512153187655e-08
 -7   +4.747840248005802e-05  -1.694796825904191e-05
 -6   +9.865870835272132e-09  +1.629498314519523e-06
 -5   +3.507470390129454e-03  -2.750435363343141e-03
 -4   +2.615428879815032e-04  -1.301439049948000e-04
 -3   +1.200265187179953e-01  -2.607090971967895e-01
 -2   -1.993732842247982e-04  -1.565941573931776e-05
 -1   -2.143470389202179e-03  -1.844814916297141e-03
 +0   -1.800903693842855e-06  +0.000000000000000e+00
 +1   -2.143470389202179e-03  +1.844814916297141e-03
 +2   -1.993732842247982e-04  +1.565941573931776e-05
 +3   +1.200265187179953e-01  +2.607090971967895e-01
 +4   +2.615428879815032e-04  +1.301439049948000e-04
 +5   +3.507470390129454e-03  +2.750435363343141e-03
 +6   +9.865870835272132e-09  -1.629498314519523e-06
 +7   +4.747840248005802e-05  +1.694796825904191e-05
 +8   -8.116982398704032e-08  -1.115512153187655e-08
 +9   +4.971566490457674e-07  +5.571442066485319e-08
+10   -1.671387431825588e-09  +2.755452614310405e-10
+11   +4.636881776563258e-09  -3.827894696432910e-10
+12   -2.931189997778956e-11  -8.394367494662304e-11
+13   +3.778722152038711e-11  -9.598524874808247e-11
+14   -1.004851445646872e-12  -8.149892276688624e-11
+15   +1.627575326468192e-12  -7.628964029683572e-11
+16   +2.926452102140948e-12  -7.132364377692768e-11
+17   +4.304035463337520e-12  -6.701989122262373e-11
+18   +5.451868872270238e-12  -6.317313354031711e-11
+19   +6.426394398245031e-12  -5.971992729826279e-11
+20   +7.258607944086615e-12  -5.660205209028656e-11
+21   +7.974852191922695e-12  -5.377276570691819e-11
+22   +8.595558979957438e-12  -5.119351218349078e-11
+23   +9.137031632793875e-12  -4.883208215020415e-11
+24   +9.612077463593915e-12  -4.666147854680609e-11
+25   +1.003111448782964e-11  -4.465897925418156e-11
+26   +1.040261102885928e-11  -4.280530108973406e-11
+27   +1.073343958618016e-11  -4.108394620157214e-11
+28   +1.102938472140498e-11  -3.948076612711548e-11
+29   +1.129510325602659e-11  -3.798350422279789e-11
+30   +1.153457424343309e-11  -3.658162952267673e-11

