-30   +1.965783135712021e-11  +4.397925867205309e-11
-29   +1.973851350542286e-11  +4.562531060627888e-11
-28   +1.982780539677730e-11  +4.737875946968258e-11
-27   +1.992719496942626e-11  +4.925083800187744e-11
-26   +2.003800614997980e-11  +5.125452903325943e-11
-25   +2.016219527695649e-11  +5.340462107403202e-11
-24   +2.030191147810917e-11  +5.571830064392365e-11
-23   +2.045989241877720e-11  +5.821519472232530e-11
-22   +2.063945406001058e-11  +6.091852897156926e-11
-21   +2.084457662725106e-11  +6.385515946452931e-11
-20   +2.108042845720727e-11  +6.705677840671173e-11
-19   +2.135332505246294e-11  +7.056074154367104e-11
-18   +2.167141138317088e-11  +7.441156790706820e-11
-17   +2.204518453124607e-11  +7.866234213303583e-11
-16   +2.248808290307969e-11  +8.337694544951528e-11
-15   +2.301830502104998e-11  +8.863242433181727e-11
-14   +2.365887163704717e-11  +9.452144731345412e-11
-13   +2.444483446784707e-11  +1.011599372548645e-10
-12   +2.528490218176741e-11  +1.086062657861233e-10
-11   +2.657655285876030e-11  +1.172726042125448e-10
-10   +9.471593587139776e-12  +1.212983455847722e-10
 -9   +2.483655270726575e-11  +1.400212787023803e-10
 -8   -2.380433731559407e-09  +2.310486845155849e-10
 -7   -3.992731784222440e-10  +2.316540578538035e-10
 -6   -2.376324700593880e-07  +1.421683802952023e-07
 -5   -4.950240526359996e-08  +1.092095048598698e-08
 -4   -7.084302600631809e-06  +2.505860321329452e-05
 -3   -2.232656008487276e-06  +3.401409344105082e-06
 -2   +1.039633008934669e-03  +9.693833192355086e-04
 -1   +1.069454653681179e-05  +1.814728987867866e-05
 +0   +3.343701905685252e-05  +0.000000000000000e+00
 +1   +1.069454653681179e-05  -1.814728987867866e-05
 +2   +1.039633008934669e-03  -9.693833192355086e-04
 +3   -2.232656008487276e-06  -3.401409344105082e-06
 +4   -7.084302600631809e-06  -2.505860321329452e-05
 +5   -4.950240526359996e-08  -1.092095048598698e-08
 +6   -2.376324700593880e-07  -1.421683802952023e-07
 +7   -3.992731784222440e-10  -2.316540578538035e-10
 +8   -2.380433731559407e-09  -2.310486845155849e-10
 +9   +2.483655270726575e-11  -1.400212787023803e-10
+10   +9.471593587139776e-12  -1.212983455847722e-10
+11   +2.657655285876030e-11  -1.172726042125448e-10
+12   +2.528490218176741e-11  -1.086062657861233e-10
+13   +2.444483446784707e-11  -1.011599372548645e-10
+14   +2.365887163704717e-11  -9.452144731345412e-11
+15   +2.301830502104998e-11  -8.863242433181727e-11
+16   +2.248808290307969e-11  -8.337694544951528e-11
+17   +2.204518453124607e-11  -7.866234213303583e-11
+18   +2.167141138317088e-11  -7.441156790706820e-11
+19   +2.135332505246294e-11  -7.056074154367104e-11
+20   +2.108042845720727e-11  -6.705677840671173e-11
+21   +2.084457662725106e-11  -6.385515946452931e-11
+22   +2.063945406001058e-11  -6.091852897156926e-11
+23   +2.045989241877720e-11  -5.821519472232530e-11
+24   +2.030191147810917e-11  -5.571830064392365e-11
+25   +2.016219527695649e-11  -5.340462107403202e-11
+26   +2.003800614997980e-11  -5.125452903325943e-11
+27   +1.992719496942626e-11  -4.925083800187744e-11
+28   +1.982780539677730e-11  -4.737875946968258e-11
+29   +1.973851350542286e-11  -4.562531060627888e-11
+30   +1.965783135712021e-11  -4.397925867205309e-11

