-30   +1.285494762713719e-11  +2.791642170056133e-11
-29   +1.295531431434693e-11  +2.902828707380803e-11
-28   +1.306612444163278e-11  +3.022095094074991e-11
-27   +1.318882327653042e-11  +3.150420845147544e-11
-26   +1.332515373796948e-11  +3.288942780159917e-11
-25   +1.347716790141087e-11  +3.439006571533832e-11
-24   +1.364726950727606e-11  +3.602197488359479e-11
-23   +1.383839769893987e-11  +3.780414231200428e-11
-22   +1.405408101895677e-11  +3.975942826482450e-11
-21   +1.429843031385326e-11  +4.191546475591465e-11
-20   +1.457670291922098e-11  +4.430614936156594e-11
-19   +1.489502235072476e-11  +4.697343350279070e-11
-18   +1.526130521357738e-11  +4.997010074384088e-11
-17   +1.567626767554931e-11  +5.335667704519544e-11
-16   +1.617942128578579e-11  +5.723492369519614e-11
-15   +1.581360532682562e-11  +6.119021240150463e-11
-14   +1.761465374303327e-11  +6.675661033577297e-11
-13   -8.352552218583473e-11  +3.306641198356932e-11
-12   +3.094799806024792e-11  +6.388406324868431e-11
-11   -1.055793040733545e-08  -2.264141602065587e-09
-10   +4.334823409475873e-10  -1.437264419203146e-09
 -9   -1.022805798134591e-06  -1.960491160967340e-08
 -8   -2.671078014079590e-08  -1.089185911193492e-07
 -7   -8.589570406357418e-05  +2.168669751231416e-05
 -6   -5.632223264113203e-06  -3.800009560623510e-06
 -5   -5.223619883137659e-03  +3.724945444783177e-03
 -4   -2.790220910628653e-04  +1.447553889200760e-04
 -3   -1.200014844289035e-01  +2.607191893640656e-01
 -2   +2.135057234563817e-04  +1.062076002824596e-05
 -1   +2.535508081219402e-03  +1.518042669323674e-03
 +0   -9.141822741281537e-06  +0.000000000000000e+00
 +1   +2.535508081219402e-03  -1.518042669323674e-03
 +2   +2.135057234563817e-04  -1.062076002824596e-05
 +3   -1.200014844289035e-01  -2.607191893640656e-01
 +4   -2.790220910628653e-04  -1.447553889200760e-04
 +5   -5.223619883137659e-03  -3.724945444783177e-03
 +6   -5.632223264113203e-06  +3.800009560623510e-06
 +7   -8.589570406357418e-05  -2.168669751231416e-05
 +8   -2.671078014079590e-08  +1.089185911193492e-07
 +9   -1.022805798134591e-06  +1.960491160967340e-08
+10   +4.334823409475873e-10  +1.437264419203146e-09
+11   -1.055793040733545e-08  +2.264141602065587e-09
+12   +3.094799806024792e-11  -6.388406324868431e-11
+13   -8.352552218583473e-11  -3.306641198356932e-11
+14   +1.761465374303327e-11  -6.675661033577297e-11
+15   +1.581360532682562e-11  -6.119021240150463e-11
+16   +1.617942128578579e-11  -5.723492369519614e-11
+17   +1.567626767554931e-11  -5.335667704519544e-11
+18   +1.526130521357738e-11  -4.997010074384088e-11
+19   +1.489502235072476e-11  -4.697343350279070e-11
+20   +1.457670291922098e-11  -4.430614936156594e-11
+21   +1.429843031385326e-11  -4.191546475591465e-11
+22   +1.405408101895677e-11  -3.975942826482450e-11
+23   +1.383839769893987e-11  -3.780414231200428e-11
+24   +1.364726950727606e-11  -3.602197488359479e-11
+25   +1.347716790141087e-11  -3.439006571533832e-11
+26   +1.332515373796948e-11  -3.288942780159917e-11
+27   +1.318882327653042e-11  -3.150420845147544e-11
+28   +1.306612444163278e-11  -3.022095094074991e-11
+29   +1.295531431434693e-11  -2.902828707380803e-11
+30   +1.285494762713719e-11  -2.791642170056133e-11

