-30   -1.252412296599104e-11  +1.046927004466633e-11
-29   -1.367921797405704e-11  +1.085497203329906e-11
-28   -1.496443836293156e-11  +1.126474735216593e-11
-27   -1.640007053133356e-11  +1.170086790551288e-11
-26   -1.801067109393265e-11  +1.216592134818361e-11
-25   -1.982573055099930e-11  +1.266275850769912e-11
-24   -2.188153797536973e-11  +1.319452298115645e-11
-23   -2.422264829247786e-11  +1.376467988556960e-11
-22   -2.690402171558912e-11  +1.437690020142627e-11
-21   -2.999507801269911e-11  +1.503546396183009e-11
-20   -3.357959427300712e-11  +1.573601493063205e-11
-19   -3.777803545284673e-11  +1.650560775335632e-11
-18   -4.242323223385359e-11  +1.657502157422620e-11
-17   -4.854389199837923e-11  +1.804580090046628e-11
-16   -2.940320751743679e-11  -4.626009651838389e-11
-15   -5.904474203243426e-11  +7.233395040635446e-12
-14   +2.056415902905994e-09  -5.285296801351335e-09
-13   +2.820846856079340e-10  -8.982791919356860e-10
-12   +1.555648535529406e-07  -3.875927467060003e-07
-11   +2.207368147880720e-08  -5.525137191751912e-08
-10   +9.452960124403336e-06  -2.353836786344024e-05
 -9   +9.167988343091706e-07  -2.283601550805690e-06
 -8   +3.786505354266696e-04  -9.428531160204611e-04
 -7   +5.491254021284132e-06  -1.368628966610738e-05
 -6   -3.621413541588174e-06  +7.821791078554441e-06
 -5   -1.621753435002057e-06  +4.354002487031402e-06
 -4   +1.057199917148613e-04  -4.167538712217227e-04
 -3   +5.933314620310470e-06  +4.077101932460371e-06
 -2   -7.598140978811328e-03  +2.287724946258121e-05
 -1   -2.745824850166409e-04  -3.826946912560837e-06
 +0   -1.499997527122357e+00  +0.000000000000000e+00
 +1   -2.745824850166409e-04  +3.826946912560837e-06
 +2   -7.598140978811328e-03  -2.287724946258121e-05
 +3   +5.933314620310470e-06  -4.077101932460371e-06
 +4   +1.057199917148613e-04  +4.167538712217227e-04
 +5   -1.621753435002057e-06  -4.354002487031402e-06
 +6   -3.621413541588174e-06  -7.821791078554441e-06
 +7   +5.491254021284132e-06  +1.368628966610738e-05
 +8   +3.786505354266696e-04  +9.428531160204611e-04
 +9   +9.167988343091706e-07  +2.283601550805690e-06
+10   +9.452960124403336e-06  +2.353836786344024e-05
+11   +2.207368147880720e-08  +5.525137191751912e-08
+12   +1.555648535529406e-07  +3.875927467060003e-07
+13   +2.820846856079340e-10  +8.982791919356860e-10
+14   +2.056415902905994e-09  +5.285296801351335e-09
+15   -5.904474203243426e-11  -7.233395040635446e-12
+16   -2.940320751743679e-11  +4.626009651838389e-11
+17   -4.854389199837923e-11  -1.804580090046628e-11
+18   -4.242323223385359e-11  -1.657502157422620e-11
+19   -3.777803545284673e-11  -1.650560775335632e-11
+20   -3.357959427300712e-11  -1.573601493063205e-11
+21   -2.999507801269911e-11  -1.503546396183009e-11
+22   -2.690402171558912e-11  -1.437690020142627e-11
+23   -2.422264829247786e-11  -1.376467988556960e-11
+24   -2.188153797536973e-11  -1.319452298115645e-11
+25   -1.982573055099930e-11  -1.266275850769912e-11
+26   -1.801067109393265e-11  -1.216592134818361e-11
+27   -1.640007053133356e-11  -1.170086790551288e-11
+28   -1.496443836293156e-11  -1.126474735216593e-11
+29   -1.367921797405704e-11  -1.085497203329906e-11
+30   -1.252412296599104e-11  -1.046927004466633e-11

