-30   -1.648463818226829e-11  -4.698373067490446e-11
-29   -1.629006312200465e-11  -4.878914280472037e-11
-28   -1.607416170886555e-11  -5.071790197949722e-11
-27   -1.583374261324497e-11  -5.278383307736356e-11
-26   -1.556498287034300e-11  -5.500284523311222e-11
-25   -1.526326893309452e-11  -5.739344718818954e-11
-24   -1.492303861522374e-11  -5.997714172702589e-11
-23   -1.453754141091459e-11  -6.277912995424230e-11
-22   -1.409842072552396e-11  -6.582923613594643e-11
-21   -1.359552296766099e-11  -6.916275376419234e-11
-20   -1.301604003636836e-11  -7.282177544656039e-11
-19   -1.234401519425002e-11  -7.685717607678201e-11
-18   -1.155700136235288e-11  -8.132630033055243e-11
-17   -1.063649121766605e-11  -8.631563417922033e-11
-16   -9.318347077234307e-12  -9.153100376671908e-11
-15   -8.234358654008286e-12  -9.820532118802133e-11
-14   +1.399116365880678e-11  -7.097856045173357e-11
-13   -4.148930248565407e-12  -1.125209789645926e-10
-12   +1.790225026302902e-09  +2.861454857239710e-09
-11   +8.010458951942298e-11  -1.546719880062567e-12
-10   +1.417863667812954e-07  +2.359044449895029e-07
 -9   +7.380454145187713e-09  +1.206245340135478e-08
 -8   +9.491490456630754e-06  +1.580467248427592e-05
 -7   +4.438292767113360e-07  +7.351325903222563e-07
 -6   +4.316963662541579e-04  +7.193058797865773e-04
 -5   +6.685397132405262e-06  +1.095191518637502e-05
 -4   -5.651708960916180e-05  -4.166049646119072e-06
 -3   +3.576907958672455e-06  -1.943858573253481e-06
 -2   -6.365305862947738e-03  +4.053042479303410e-04
 -1   -2.646312176584888e-04  -4.075483359972754e-06
 +0   -1.000008057988616e+00  +0.000000000000000e+00
 +1   -2.646312176584888e-04  +4.075483359972754e-06
 +2   -6.365305862947738e-03  -4.053042479303410e-04
 +3   +3.576907958672455e-06  +1.943858573253481e-06
 +4   -5.651708960916180e-05  +4.166049646119072e-06
 +5   +6.685397132405262e-06  -1.095191518637502e-05
 +6   +4.316963662541579e-04  -7.193058797865773e-04
 +7   +4.438292767113360e-07  -7.351325903222563e-07
 +8   +9.491490456630754e-06  -1.580467248427592e-05
 +9   +7.380454145187713e-09  -1.206245340135478e-08
+10   +1.417863667812954e-07  -2.359044449895029e-07
+11   +8.010458951942298e-11  +1.546719880062567e-12
+12   +1.790225026302902e-09  -2.861454857239710e-09
+13   -4.148930248565407e-12  +1.125209789645926e-10
+14   +1.399116365880678e-11  +7.097856045173357e-11
+15   -8.234358654008286e-12  +9.820532118802133e-11
+16   -9.318347077234307e-12  +9.153100376671908e-11
+17   -1.063649121766605e-11  +8.631563417922033e-11
+18   -1.155700136235288e-11  +8.132630033055243e-11
+19   -1.234401519425002e-11  +7.685717607678201e-11
+20   -1.301604003636836e-11  +7.282177544656039e-11
+21   -1.359552296766099e-11  +6.916275376419234e-11
+22   -1.409842072552396e-11  +6.582923613594643e-11
+23   -1.453754141091459e-11  +6.277912995424230e-11
+24   -1.492303861522374e-11  +5.997714172702589e-11
+25   -1.526326893309452e-11  +5.739344718818954e-11
+26   -1.556498287034300e-11  +5.500284523311222e-11
+27   -1.583374261324497e-11  +5.278383307736356e-11
+28   -1.607416170886555e-11  +5.071790197949722e-11
+29   -1.629006312200465e-11  +4.878914280472037e-11
+30   -1.648463818226829e-11  +4.698373067490446e-11

