-30   -1.026611899825784e-11  +2.731868047780725e-11
-29   -1.179713210758188e-11  +2.762497366975873e-11
-28   -1.346533127535484e-11  +2.786872231764133e-11
-27   -1.528585508941923e-11  +2.803249917853055e-11
-26   -1.727578724639362e-11  +2.809426667048272e-11
-25   -1.945396145726390e-11  +2.802648598441666e-11
-24   -2.184126401032953e-11  +2.779435517487914e-11
-23   -2.446059427161446e-11  +2.735393846355392e-11
-22   -2.733645641792683e-11  +2.664946622198286e-11
-21   -3.049514716529140e-11  +2.560987272417297e-11
-20   -3.395463414175367e-11  +2.414784019938542e-11
-19   -3.776309132449072e-11  +2.213819417877622e-11
-18   -4.116937890126432e-11  +1.974262097505204e-11
-17   -4.628586899367708e-11  +1.592835476166661e-11
-16   +1.406666117665338e-11  +3.743343209059414e-11
-15   -4.366662369845906e-11  +1.023088994561363e-11
-14   +5.244388381306848e-09  +2.128248754974563e-09
-13   +8.527513363234457e-10  +3.567521380670841e-10
-12   +3.875425904302084e-07  +1.556425621968855e-07
-11   +5.519673349184104e-08  +2.215839699108615e-08
-10   +2.353830897724012e-05  +9.453039271182983e-06
 -9   +2.283538268351653e-06  +9.170493591202841e-07
 -8   +9.428530472117278e-04  +3.786508746827464e-04
 -7   +1.368620592045624e-05  +5.496854983013861e-06
 -6   -7.821895128601529e-06  -3.484772461685903e-06
 -5   -4.354164208903258e-06  -1.716921955339939e-06
 -4   +4.167536177465537e-04  +1.297650655861488e-04
 -3   -4.078059359958269e-06  +3.321693466772473e-07
 -2   -2.288074084991673e-05  -3.927257309982435e-03
 -1   +3.874236509281132e-06  -7.968997819851918e-05
 +0   -4.503533063899681e-07  +0.000000000000000e+00
 +1   +3.874236509281132e-06  +7.968997819851918e-05
 +2   -2.288074084991673e-05  +3.927257309982435e-03
 +3   -4.078059359958269e-06  -3.321693466772473e-07
 +4   +4.167536177465537e-04  -1.297650655861488e-04
 +5   -4.354164208903258e-06  +1.716921955339939e-06
 +6   -7.821895128601529e-06  +3.484772461685903e-06
 +7   +1.368620592045624e-05  -5.496854983013861e-06
 +8   +9.428530472117278e-04  -3.786508746827464e-04
 +9   +2.283538268351653e-06  -9.170493591202841e-07
+10   +2.353830897724012e-05  -9.453039271182983e-06
+11   +5.519673349184104e-08  -2.215839699108615e-08
+12   +3.875425904302084e-07  -1.556425621968855e-07
+13   +8.527513363234457e-10  -3.567521380670841e-10
+14   +5.244388381306848e-09  -2.128248754974563e-09
+15   -4.366662369845906e-11  -1.023088994561363e-11
+16   +1.406666117665338e-11  -3.743343209059414e-11
+17   -4.628586899367708e-11  -1.592835476166661e-11
+18   -4.116937890126432e-11  -1.974262097505204e-11
+19   -3.776309132449072e-11  -2.213819417877622e-11
+20   -3.395463414175367e-11  -2.414784019938542e-11
+21   -3.049514716529140e-11  -2.560987272417297e-11
+22   -2.733645641792683e-11  -2.664946622198286e-11
+23   -2.446059427161446e-11  -2.735393846355392e-11
+24   -2.184126401032953e-11  -2.779435517487914e-11
+25   -1.945396145726390e-11  -2.802648598441666e-11
+26   -1.727578724639362e-11  -2.809426667048272e-11
+27   -1.528585508941923e-11  -2.803249917853055e-11
+28   -1.346533127535484e-11  -2.786872231764133e-11
+29   -1.179713210758188e-11  -2.762497366975873e-11
+30   -1.026611899825784e-11  -2.731868047780725e-11

