-30   +1.533998518594426e-11  +2.547321303609285e-11
-29   +1.566837962051476e-11  +2.647977849247422e-11
-28   +1.603207675188591e-11  +2.755847264850037e-11
-27   +1.643624055284172e-11  +2.871785683681126e-11
-26   +1.688703271118581e-11  +2.996787899351290e-11
-25   +1.739180030367467e-11  +3.132025629496267e-11
-24   +1.795939452240029e-11  +3.278870239131982e-11
-23   +1.860053789367725e-11  +3.438955872362553e-11
-22   +1.932824555861468e-11  +3.614238346497797e-11
-21   +2.015847834206965e-11  +3.807066279960786e-11
-20   +2.111088125321972e-11  +4.020305501851477e-11
-19   +2.221004250608589e-11  +4.257447456757778e-11
-18   +2.348243196958789e-11  +4.523063295506103e-11
-17   +2.497812860785500e-11  +4.821840945186102e-11
-16   +2.635992526577713e-11  +5.183718022749724e-11
-15   +2.880924356777928e-11  +5.549943186507995e-11
-14   -3.095474202682951e-12  +8.063792152248303e-11
-13   +3.324242417236063e-11  +6.581419736901408e-11
-12   -2.946553200408254e-09  +1.864056453213944e-09
-11   -9.009226089158861e-11  +1.580320435257494e-10
-10   -2.360034699321519e-07  +1.418765639477609e-07
 -9   -1.216985017473450e-08  +7.445569797582874e-09
 -8   -1.580478936100735e-05  +9.492611869673284e-06
 -7   -7.352599845272928e-07  +4.423847934001148e-07
 -6   -7.193060153562100e-04  +4.318454614231677e-04
 -5   -1.095203113805786e-05  +6.620900043768144e-06
 -4   +4.166393398878565e-06  -3.542834494259810e-05
 -3   +1.948292590611346e-06  +1.368558767758224e-06
 -2   -4.052477485496917e-04  -3.346791679010074e-03
 -1   +4.896485164346207e-06  -7.390286240285927e-05
 +0   +1.661589445832464e-05  +0.000000000000000e+00
 +1   +4.896485164346207e-06  +7.390286240285927e-05
 +2   -4.052477485496917e-04  +3.346791679010074e-03
 +3   +1.948292590611346e-06  -1.368558767758224e-06
 +4   +4.166393398878565e-06  +3.542834494259810e-05
 +5   -1.095203113805786e-05  -6.620900043768144e-06
 +6   -7.193060153562100e-04  -4.318454614231677e-04
 +7   -7.352599845272928e-07  -4.423847934001148e-07
 +8   -1.580478936100735e-05  -9.492611869673284e-06
 +9   -1.216985017473450e-08  -7.445569797582874e-09
+10   -2.360034699321519e-07  -1.418765639477609e-07
+11   -9.009226089158861e-11  -1.580320435257494e-10
+12   -2.946553200408254e-09  -1.864056453213944e-09
+13   +3.324242417236063e-11  -6.581419736901408e-11
+14   -3.095474202682951e-12  -8.063792152248303e-11
+15   +2.880924356777928e-11  -5.549943186507995e-11
+16   +2.635992526577713e-11  -5.183718022749724e-11
+17   +2.497812860785500e-11  -4.821840945186102e-11
+18   +2.348243196958789e-11  -4.523063295506103e-11
+19   +2.221004250608589e-11  -4.257447456757778e-11
+20   +2.111088125321972e-11  -4.020305501851477e-11
+21   +2.015847834206965e-11  -3.807066279960786e-11
+22   +1.932824555861468e-11  -3.614238346497797e-11
+23   +1.860053789367725e-11  -3.438955872362553e-11
+24   +1.795939452240029e-11  -3.278870239131982e-11
+25   +1.739180030367467e-11  -3.132025629496267e-11
+26   +1.688703271118581e-11  -2.996787899351290e-11
+27   +1.643624055284172e-11  -2.871785683681126e-11
+28   +1.603207675188591e-11  -2.755847264850037e-11
+29   +1.566837962051476e-11  -2.647977849247422e-11
+30   +1.533998518594426e-11  -2.547321303609285e-11

