-30   -1.880874823342881e-11  -1.826597455170301e-11
-29   -1.954269651447037e-11  -1.895220333193014e-11
-28   -2.035554449672303e-11  -1.968350912663127e-11
-27   -2.125893589313179e-11  -2.046466123808400e-11
-26   -2.226679337372385e-11  -2.130120158786933e-11
-25   -2.339561380488319e-11  -2.219938432980200e-11
-24   -2.466548347901178e-11  -2.316660674858759e-11
-23   -2.610073035987846e-11  -2.421118561682155e-11
-22   -2.773110900256567e-11  -2.534314703354866e-11
-21   -2.959328930585136e-11  -2.657409280226091e-11
-20   -3.173300076115954e-11  -2.791762121683647e-11
-19   -3.420762515276649e-11  -2.938996900133747e-11
-18   -3.709003094950496e-11  -3.101070237826673e-11
-17   -4.047384342810846e-11  -3.280301571017285e-11
-16   -4.448065851573656e-11  -3.479536693436979e-11
-15   -4.927085259323951e-11  -3.702212409465846e-11
-14   -5.505938632345642e-11  -3.952681153862605e-11
-13   -6.213388466644000e-11  -4.235786623993325e-11
-12   -7.099992410975957e-11  -4.571531567228313e-11
-11   -8.176892581054916e-11  -4.921988682808773e-11
-10   -1.102105447258404e-10  -6.949233392689607e-11
 -9   -9.854544599881999e-11  -5.192230294126484e-11
 -8   -2.214775290610613e-09  -2.008138374421304e-09
 -7   +1.294501318018319e-09  +5.464366850487306e-10
 -6   -3.060270514718431e-07  -2.359016580449363e-07
 -5   +1.229909417698361e-07  +5.069149604588638e-08
 -4   -4.631184456606973e-05  -2.824611710414392e-05
 -3   +8.460110229977207e-06  +3.103422232249549e-06
 -2   -7.675164068448001e-03  -3.262500356370087e-03
 -1   -3.188656143623678e-04  -6.168456146762746e-05
 +0   -4.369175203111787e-07  +0.000000000000000e+00
 +1   -3.188656143623678e-04  +6.168456146762746e-05
 +2   -7.675164068448001e-03  +3.262500356370087e-03
 +3   +8.460110229977207e-06  -3.103422232249549e-06
 +4   -4.631184456606973e-05  +2.824611710414392e-05
 +5   +1.229909417698361e-07  -5.069149604588638e-08
 +6   -3.060270514718431e-07  +2.359016580449363e-07
 +7   +1.294501318018319e-09  -5.464366850487306e-10
 +8   -2.214775290610613e-09  +2.008138374421304e-09
 +9   -9.854544599881999e-11  +5.192230294126484e-11
+10   -1.102105447258404e-10  +6.949233392689607e-11
+11   -8.176892581054916e-11  +4.921988682808773e-11
+12   -7.099992410975957e-11  +4.571531567228313e-11
+13   -6.213388466644000e-11  +4.235786623993325e-11
+14   -5.505938632345642e-11  +3.952681153862605e-11
+15   -4.927085259323951e-11  +3.702212409465846e-11
+16   -4.448065851573656e-11  +3.479536693436979e-11
+17   -4.047384342810846e-11  +3.280301571017285e-11
+18   -3.709003094950496e-11  +3.101070237826673e-11
+19   -3.420762515276649e-11  +2.938996900133747e-11
+20   -3.173300076115954e-11  +2.791762121683647e-11
+21   -2.959328930585136e-11  +2.657409280226091e-11
+22   -2.773110900256567e-11  +2.534314703354866e-11
+23   -2.610073035987846e-11  +2.421118561682155e-11
+24   -2.466548347901178e-11  +2.316660674858759e-11
+25   -2.339561380488319e-11  +2.219938432980200e-11
+26   -2.226679337372385e-11  +2.130120158786933e-11
+27   -2.125893589313179e-11  +2.046466123808400e-11
+28   -2.035554449672303e-11  +1.968350912663127e-11
+29   -1.954269651447037e-11  +1.895220333193014e-11
+30   -1.880874823342881e-11  +1.826597455170301e-11

