-30   +1.278630059852389e-10  +4.797215782915117e-10
-29   +1.229509900589318e-10  +4.971966421024534e-10
-28   +1.175242172497600e-10  +5.157536125265785e-10
-27   +1.115093383543205e-10  +5.354983591142548e-10
-26   +1.048195100803244e-10  +5.565501557491545e-10
-25   +9.735148068555596e-11  +5.790438929263965e-10
-24   +8.898185839058670e-11  +6.031324240301942e-10
-23   +7.956203451722958e-11  +6.289891808493669e-10
-22   +6.891224939978757e-11  +6.568114295252387e-10
-21   +5.681320583258810e-11  +6.868240828418074e-10
-20   +4.299550374172333e-11  +7.192832673723647e-10
-19   +2.712578925847380e-11  +7.544809496673263e-10
-18   +8.787990840983569e-12  +7.927491942447008e-10
-17   -1.254188750094483e-11  +8.344605534438979e-10
-16   -3.752821814547398e-11  +8.800503658952617e-10
-15   -6.699944645352685e-11  +9.295994105989398e-10
-14   -1.020730882661226e-10  +9.850417213969027e-10
-13   -1.364890253261666e-10  +1.003794178165756e-09
-12   -1.936473118358317e-10  +1.136296509650409e-09
-11   +1.214446276224307e-09  -3.233575784116868e-09
-10   -5.926262500834935e-10  +2.942744375905929e-09
 -9   +2.366679483004506e-07  -4.392086068084173e-07
 -8   -4.102452797161038e-08  +7.261857030308588e-08
 -7   +3.342049260113754e-05  -3.774056519404057e-05
 -6   -1.509433830115657e-06  -6.150336146785824e-07
 -5   +3.859443516387785e-03  -2.229782621369932e-03
 -4   +2.182234663547235e-04  -1.942224628780375e-04
 -3   +2.866590247343134e-01  -1.422058836781559e-02
 -2   -5.993076150980455e-05  +1.891349147754767e-04
 -1   +9.142730770951880e-04  +2.660358505325713e-03
 +0   -9.519909764543813e-06  +0.000000000000000e+00
 +1   +9.142730770951880e-04  -2.660358505325713e-03
 +2   -5.993076150980455e-05  -1.891349147754767e-04
 +3   +2.866590247343134e-01  +1.422058836781559e-02
 +4   +2.182234663547235e-04  +1.942224628780375e-04
 +5   +3.859443516387785e-03  +2.229782621369932e-03
 +6   -1.509433830115657e-06  +6.150336146785824e-07
 +7   +3.342049260113754e-05  +3.774056519404057e-05
 +8   -4.102452797161038e-08  -7.261857030308588e-08
 +9   +2.366679483004506e-07  +4.392086068084173e-07
+10   -5.926262500834935e-10  -2.942744375905929e-09
+11   +1.214446276224307e-09  +3.233575784116868e-09
+12   -1.936473118358317e-10  -1.136296509650409e-09
+13   -1.364890253261666e-10  -1.003794178165756e-09
+14   -1.020730882661226e-10  -9.850417213969027e-10
+15   -6.699944645352685e-11  -9.295994105989398e-10
+16   -3.752821814547398e-11  -8.800503658952617e-10
+17   -1.254188750094483e-11  -8.344605534438979e-10
+18   +8.787990840983569e-12  -7.927491942447008e-10
+19   +2.712578925847380e-11  -7.544809496673263e-10
+20   +4.299550374172333e-11  -7.192832673723647e-10
+21   +5.681320583258810e-11  -6.868240828418074e-10
+22   +6.891224939978757e-11  -6.568114295252387e-10
+23   +7.956203451722958e-11  -6.289891808493669e-10
+24   +8.898185839058670e-11  -6.031324240301942e-10
+25   +9.735148068555596e-11  -5.790438929263965e-10
+26   +1.048195100803244e-10  -5.565501557491545e-10
+27   +1.115093383543205e-10  -5.354983591142548e-10
+28   +1.175242172497600e-10  -5.157536125265785e-10
+29   +1.229509900589318e-10  -4.971966421024534e-10
+30   +1.278630059852389e-10  -4.797215782915117e-10

