-30   -1.807241320014606e-12  +1.063894854248721e-11
-29   -2.225960570888117e-12  +1.103616893551507e-11
-28   -2.690646104023610e-12  +1.145912842337856e-11
-27   -3.208310735259809e-12  +1.191034672981005e-11
-26   -3.787191192292717e-12  +1.239299193977426e-11
-25   -4.437373358038164e-12  +1.291041769571127e-11
-24   -5.171033901884552e-12  +1.346655734843365e-11
-23   -6.003015137441399e-12  +1.406592705838853e-11
-22   -6.951725795249701e-12  +1.471375430353155e-11
-21   -8.039919181107793e-12  +1.541590993314560e-11
-20   -9.296149390127423e-12  +1.617928104606017e-11
-19   -1.075666052713078e-11  +1.701161077927495e-11
-18   -1.246809421848708e-11  +1.792226446154485e-11
-17   -1.448484735172118e-11  +1.891272678527301e-11
-16   -1.690237119348988e-11  +2.002215746790656e-11
-15   -1.930016114362701e-11  +2.029162319834616e-11
-14   -2.320822807324245e-11  +2.275194333298029e-11
-13   +1.224289628038812e-11  -7.771536427385018e-11
-12   -1.671441953981471e-11  +3.742531660284106e-11
-11   +2.313249496897657e-09  -1.055082693033275e-08
-10   +1.488444980745037e-09  +4.410907511645068e-10
 -9   +1.965752223897841e-08  -1.022797742310444e-06
 -8   +1.089797426387514e-07  -2.670555245812830e-08
 -7   -2.168667802529087e-05  -8.589567477414199e-05
 -6   +3.800523976424718e-06  -5.632569702991058e-06
 -5   -3.724947091367530e-03  -5.223617341460434e-03
 -4   -1.447342905432415e-04  -2.790574707018957e-04
 -3   -2.607191000369792e-01  -1.200013607796922e-01
 -2   -1.064738446065882e-05  +2.117563278908101e-04
 -1   -1.500083429429941e-03  +2.506361942964812e-03
 +0   +3.985097322198866e-06  +0.000000000000000e+00
 +1   -1.500083429429941e-03  -2.506361942964812e-03
 +2   -1.064738446065882e-05  -2.117563278908101e-04
 +3   -2.607191000369792e-01  +1.200013607796922e-01
 +4   -1.447342905432415e-04  +2.790574707018957e-04
 +5   -3.724947091367530e-03  +5.223617341460434e-03
 +6   +3.800523976424718e-06  +5.632569702991058e-06
 +7   -2.168667802529087e-05  +8.589567477414199e-05
 +8   +1.089797426387514e-07  +2.670555245812830e-08
 +9   +1.965752223897841e-08  +1.022797742310444e-06
+10   +1.488444980745037e-09  -4.410907511645068e-10
+11   +2.313249496897657e-09  +1.055082693033275e-08
+12   -1.671441953981471e-11  -3.742531660284106e-11
+13   +1.224289628038812e-11  +7.771536427385018e-11
+14   -2.320822807324245e-11  -2.275194333298029e-11
+15   -1.930016114362701e-11  -2.029162319834616e-11
+16   -1.690237119348988e-11  -2.002215746790656e-11
+17   -1.448484735172118e-11  -1.891272678527301e-11
+18   -1.246809421848708e-11  -1.792226446154485e-11
+19   -1.075666052713078e-11  -1.701161077927495e-11
+20   -9.296149390127423e-12  -1.617928104606017e-11
+21   -8.039919181107793e-12  -1.541590993314560e-11
+22   -6.951725795249701e-12  -1.471375430353155e-11
+23   -6.003015137441399e-12  -1.406592705838853e-11
+24   -5.171033901884552e-12  -1.346655734843365e-11
+25   -4.437373358038164e-12  -1.291041769571127e-11
+26   -3.787191192292717e-12  -1.239299193977426e-11
+27   -3.208310735259809e-12  -1.191034672981005e-11
+28   -2.690646104023610e-12  -1.145912842337856e-11
+29   -2.225960570888117e-12  -1.103616893551507e-11
+30   -1.807241320014606e-12  -1.063894854248721e-11

