-30   +1.236666795197464e-10  +4.750264285403568e-10
-29   +1.186121463877238e-10  +4.923542736340926e-10
-28   +1.130265703357671e-10  +5.107581387738546e-10
-27   +1.068339475787756e-10  +5.303438333947815e-10
-26   +9.994423883459866e-11  +5.512307949833141e-10
-25   +9.225041410054747e-11  +5.735541144164069e-10
-24   +8.362433784241499e-11  +5.974672036604942e-10
-23   +7.391163479128867e-11  +6.231444746700789e-10
-22   +6.292514746924832e-11  +6.507848629699234e-10
-21   +5.043627617836877e-11  +6.806153805893240e-10
-20   +3.616404252710082e-11  +7.128959719706516e-10
-19   +1.975975350475850e-11  +7.479240899670134e-10
-18   +7.871804515317626e-13  +7.860397858757994e-10
-17   -2.130183083946830e-11  +8.276418079278755e-10
-16   -4.721381502279693e-11  +8.731391654355529e-10
-15   -7.772676287301936e-11  +9.241254769946746e-10
-14   -1.141811632939228e-10  +9.778312637349367e-10
-13   -1.592020306767016e-10  +1.147704038921859e-09
-12   -1.921952435427446e-10  +1.100184990900856e-09
-11   -2.036076332757041e-09  +1.187147873163332e-08
-10   +1.220565039657463e-09  +1.449332343691292e-09
 -9   -3.633469601032186e-07  +9.578411077028975e-07
 -8   +9.064023510251698e-08  +6.689159250476275e-08
 -7   -5.213619296525096e-05  +7.162751474941353e-05
 -6   +1.426867398399709e-06  +6.644706408279735e-06
 -5   -5.403318514094297e-03  +3.459132517574843e-03
 -4   -2.382937971534403e-04  +2.050102138105966e-04
 -3   -2.866589370634849e-01  +1.419352812054076e-02
 -2   +6.968379961115462e-05  -2.004582028622660e-04
 -1   -4.471068719572338e-04  -2.891543622661996e-03
 +0   +2.822086148548490e-07  +0.000000000000000e+00
 +1   -4.471068719572338e-04  +2.891543622661996e-03
 +2   +6.968379961115462e-05  +2.004582028622660e-04
 +3   -2.866589370634849e-01  -1.419352812054076e-02
 +4   -2.382937971534403e-04  -2.050102138105966e-04
 +5   -5.403318514094297e-03  -3.459132517574843e-03
 +6   +1.426867398399709e-06  -6.644706408279735e-06
 +7   -5.213619296525096e-05  -7.162751474941353e-05
 +8   +9.064023510251698e-08  -6.689159250476275e-08
 +9   -3.633469601032186e-07  -9.578411077028975e-07
+10   +1.220565039657463e-09  -1.449332343691292e-09
+11   -2.036076332757041e-09  -1.187147873163332e-08
+12   -1.921952435427446e-10  -1.100184990900856e-09
+13   -1.592020306767016e-10  -1.147704038921859e-09
+14   -1.141811632939228e-10  -9.778312637349367e-10
+15   -7.772676287301936e-11  -9.241254769946746e-10
+16   -4.721381502279693e-11  -8.731391654355529e-10
+17   -2.130183083946830e-11  -8.276418079278755e-10
+18   +7.871804515317626e-13  -7.860397858757994e-10
+19   +1.975975350475850e-11  -7.479240899670134e-10
+20   +3.616404252710082e-11  -7.128959719706516e-10
+21   +5.043627617836877e-11  -6.806153805893240e-10
+22   +6.292514746924832e-11  -6.507848629699234e-10
+23   +7.391163479128867e-11  -6.231444746700789e-10
+24   +8.362433784241499e-11  -5.974672036604942e-10
+25   +9.225041410054747e-11  -5.735541144164069e-10
+26   +9.994423883459866e-11  -5.512307949833141e-10
+27   +1.068339475787756e-10  -5.303438333947815e-10
+28   +1.130265703357671e-10  -5.107581387738546e-10
+29   +1.186121463877238e-10  -4.923542736340926e-10
+30   +1.236666795197464e-10  -4.750264285403568e-10

