-30   -1.610487714198418e-11  -1.092675431900282e-11
-29   -1.686062929503836e-11  -1.133296241953753e-11
-28   -1.769751751275923e-11  -1.176533032298694e-11
-27   -1.862757102553690e-11  -1.222651410523597e-11
-26   -1.966501677651508e-11  -1.271967575206551e-11
-25   -2.082685191017851e-11  -1.324821299765365e-11
-24   -2.213367036073084e-11  -1.381634800506077e-11
-23   -2.361041758249741e-11  -1.442850108087083e-11
-22   -2.528761719616384e-11  -1.509022313692282e-11
-21   -2.720283379543844e-11  -1.580775294519339e-11
-20   -2.940294973548141e-11  -1.658831827688696e-11
-19   -3.194666582482136e-11  -1.744040161289870e-11
-18   -3.490847870413128e-11  -1.837411258938146e-11
-17   -3.838406856948490e-11  -1.940115618183258e-11
-16   -4.249746650731594e-11  -2.053552357794041e-11
-15   -4.741201040233069e-11  -2.179361116554048e-11
-14   -5.334627443287456e-11  -2.319370525030459e-11
-13   -6.059196023693835e-11  -2.476228288617469e-11
-12   -6.965913672227068e-11  -2.639003002486310e-11
-11   -8.066305242083652e-11  -2.856516799090018e-11
-10   -1.093745665102641e-10  -1.479534889513644e-11
 -9   -9.800810688340392e-11  -3.983430409606758e-11
 -8   -2.214534498864903e-09  +1.907804665904222e-09
 -7   +1.294452791551970e-09  -6.565513483516283e-10
 -6   -3.060269831072001e-07  +2.357806782088352e-07
 -5   +1.229874866940812e-07  -5.082454654503140e-08
 -4   -4.631184211207713e-05  +2.824597495562050e-05
 -3   +8.460036168542372e-06  -3.103567544736015e-06
 -2   -7.675164058778704e-03  +3.262500225497999e-03
 -1   -3.188656005634428e-04  +6.168447864826152e-05
 +0   -4.369066365067468e-07  +0.000000000000000e+00
 +1   -3.188656005634428e-04  -6.168447864826152e-05
 +2   -7.675164058778704e-03  -3.262500225497999e-03
 +3   +8.460036168542372e-06  +3.103567544736015e-06
 +4   -4.631184211207713e-05  -2.824597495562050e-05
 +5   +1.229874866940812e-07  +5.082454654503140e-08
 +6   -3.060269831072001e-07  -2.357806782088352e-07
 +7   +1.294452791551970e-09  +6.565513483516283e-10
 +8   -2.214534498864903e-09  -1.907804665904222e-09
 +9   -9.800810688340392e-11  +3.983430409606758e-11
+10   -1.093745665102641e-10  +1.479534889513644e-11
+11   -8.066305242083652e-11  +2.856516799090018e-11
+12   -6.965913672227068e-11  +2.639003002486310e-11
+13   -6.059196023693835e-11  +2.476228288617469e-11
+14   -5.334627443287456e-11  +2.319370525030459e-11
+15   -4.741201040233069e-11  +2.179361116554048e-11
+16   -4.249746650731594e-11  +2.053552357794041e-11
+17   -3.838406856948490e-11  +1.940115618183258e-11
+18   -3.490847870413128e-11  +1.837411258938146e-11
+19   -3.194666582482136e-11  +1.744040161289870e-11
+20   -2.940294973548141e-11  +1.658831827688696e-11
+21   -2.720283379543844e-11  +1.580775294519339e-11
+22   -2.528761719616384e-11  +1.509022313692282e-11
+23   -2.361041758249741e-11  +1.442850108087083e-11
+24   -2.213367036073084e-11  +1.381634800506077e-11
+25   -2.082685191017851e-11  +1.324821299765365e-11
+26   -1.966501677651508e-11  +1.271967575206551e-11
+27   -1.862757102553690e-11  +1.222651410523597e-11
+28   -1.769751751275923e-11  +1.176533032298694e-11
+29   -1.686062929503836e-11  +1.133296241953753e-11
+30   -1.610487714198418e-11  +1.092675431900282e-11

