-30   -3.887797428953481e-11  -1.555095905018823e-10
-29   -3.721969462488072e-11  -1.610977038900843e-10
-28   -3.540801167803596e-11  -1.670291544104840e-10
-27   -3.342471200409340e-11  -1.733385172694986e-10
-26   -3.124928133789647e-11  -1.800655156884396e-10
-25   -2.885817942678235e-11  -1.872558432701905e-10
-24   -2.622476890802118e-11  -1.949625619263530e-10
-23   -2.331883469897787e-11  -2.032477486519429e-10
-22   -2.010597624136658e-11  -2.121848766956757e-10
-21   -1.654787161447997e-11  -2.218619444581035e-10
-20   -1.259281256790063e-11  -2.323823540709610e-10
-19   -8.215570567314206e-12  -2.438868187289258e-10
-18   -2.590721740959215e-12  -2.562302980565288e-10
-17   +2.239999552756820e-12  -2.704670344463954e-10
-16   +7.351561734214898e-11  -2.598937464547013e-10
-15   +2.772034281296933e-11  -2.986030973998223e-10
-14   +5.328734874863479e-09  +1.807207224779207e-09
-13   +9.510450561308456e-10  +2.252871032184604e-11
-12   +3.876557575926706e-07  +1.552941868803398e-07
-11   +5.532568958872173e-08  +2.179235087105652e-08
-10   +2.353845493065479e-05  +9.452707493429454e-06
 -9   +2.283703692102128e-06  +9.166243045355501e-07
 -8   +9.428532383416010e-04  +3.786566109653778e-04
 -7   +1.368643850111798e-05  +5.495536713135320e-06
 -6   -7.821587139816990e-06  -2.798215880775503e-06
 -5   -4.353686745637241e-06  -1.780565504903509e-06
 -4   +4.167542829602833e-04  +2.049751746584918e-04
 -3   -4.075038140975217e-06  -3.607115457274505e-06
 -2   -2.287979339176126e-05  +3.908881904079745e-03
 -1   +3.875086440854337e-06  +8.275892937134755e-05
 +0   -4.495834840188962e-07  +0.000000000000000e+00
 +1   +3.875086440854337e-06  -8.275892937134755e-05
 +2   -2.287979339176126e-05  -3.908881904079745e-03
 +3   -4.075038140975217e-06  +3.607115457274505e-06
 +4   +4.167542829602833e-04  -2.049751746584918e-04
 +5   -4.353686745637241e-06  +1.780565504903509e-06
 +6   -7.821587139816990e-06  +2.798215880775503e-06
 +7   +1.368643850111798e-05  -5.495536713135320e-06
 +8   +9.428532383416010e-04  -3.786566109653778e-04
 +9   +2.283703692102128e-06  -9.166243045355501e-07
+10   +2.353845493065479e-05  -9.452707493429454e-06
+11   +5.532568958872173e-08  -2.179235087105652e-08
+12   +3.876557575926706e-07  -1.552941868803398e-07
+13   +9.510450561308456e-10  -2.252871032184604e-11
+14   +5.328734874863479e-09  -1.807207224779207e-09
+15   +2.772034281296933e-11  +2.986030973998223e-10
+16   +7.351561734214898e-11  +2.598937464547013e-10
+17   +2.239999552756820e-12  +2.704670344463954e-10
+18   -2.590721740959215e-12  +2.562302980565288e-10
+19   -8.215570567314206e-12  +2.438868187289258e-10
+20   -1.259281256790063e-11  +2.323823540709610e-10
+21   -1.654787161447997e-11  +2.218619444581035e-10
+22   -2.010597624136658e-11  +2.121848766956757e-10
+23   -2.331883469897787e-11  +2.032477486519429e-10
+24   -2.622476890802118e-11  +1.949625619263530e-10
+25   -2.885817942678235e-11  +1.872558432701905e-10
+26   -3.124928133789647e-11  +1.800655156884396e-10
+27   -3.342471200409340e-11  +1.733385172694986e-10
+28   -3.540801167803596e-11  +1.670291544104840e-10
+29   -3.721969462488072e-11  +1.610977038900843e-10
+30   -3.887797428953481e-11  +1.555095905018823e-10

