-30   +1.533998858295868e-11  +2.547321007361551e-11
-29   +1.566837768023818e-11  +2.647978183852016e-11
-28   +1.603208009032999e-11  +2.755847480518676e-11
-27   +1.643624052764192e-11  +2.871785625682842e-11
-26   +1.688703330258839e-11  +2.996788097855945e-11
-25   +1.739180110422842e-11  +3.132025665323662e-11
-24   +1.795939413485134e-11  +3.278870185596636e-11
-23   +1.860053593463075e-11  +3.438956110601142e-11
-22   +1.932824662823179e-11  +3.614238730846431e-11
-21   +2.015847762354796e-11  +3.807066256153733e-11
-20   +2.111087943474281e-11  +4.020306007712160e-11
-19   +2.221004624583698e-11  +4.257448012528589e-11
-18   +2.348243343661143e-11  +4.523063429103476e-11
-17   +2.497812384655388e-11  +4.821841442019985e-11
-16   +2.635992463027155e-11  +5.183720307610613e-11
-15   +2.880923810335772e-11  +5.549941883869538e-11
-14   -3.095479291389503e-12  +8.064116776250261e-11
-13   +3.324243002318395e-11  +6.581296709148738e-11
-12   -2.946553205970006e-09  +1.864433000874449e-09
-11   -9.009226047370993e-11  +1.579112735402420e-10
-10   -2.360034699318698e-07  +1.419201818618295e-07
 -9   -1.216985018038065e-08  +7.434144119544712e-09
 -8   -1.580478936100511e-05  +9.497651335344464e-06
 -7   -7.352599845305597e-07  +4.413637283246189e-07
 -6   -7.193060153562115e-04  +4.324248536170505e-04
 -5   -1.095203113805746e-05  +6.538640304573572e-06
 -4   +4.166393398884960e-06  +3.042305717049758e-05
 -3   +1.948292590608261e-06  -3.703930388083612e-06
 -2   -4.052477485496917e-04  +3.833778298565025e-03
 -1   +4.896485164348628e-06  +6.900610335996734e-05
 +0   +1.661589445832730e-05  +0.000000000000000e+00
 +1   +4.896485164348628e-06  -6.900610335996734e-05
 +2   -4.052477485496917e-04  -3.833778298565025e-03
 +3   +1.948292590608261e-06  +3.703930388083612e-06
 +4   +4.166393398884960e-06  -3.042305717049758e-05
 +5   -1.095203113805746e-05  -6.538640304573572e-06
 +6   -7.193060153562115e-04  -4.324248536170505e-04
 +7   -7.352599845305597e-07  -4.413637283246189e-07
 +8   -1.580478936100511e-05  -9.497651335344464e-06
 +9   -1.216985018038065e-08  -7.434144119544712e-09
+10   -2.360034699318698e-07  -1.419201818618295e-07
+11   -9.009226047370993e-11  -1.579112735402420e-10
+12   -2.946553205970006e-09  -1.864433000874449e-09
+13   +3.324243002318395e-11  -6.581296709148738e-11
+14   -3.095479291389503e-12  -8.064116776250261e-11
+15   +2.880923810335772e-11  -5.549941883869538e-11
+16   +2.635992463027155e-11  -5.183720307610613e-11
+17   +2.497812384655388e-11  -4.821841442019985e-11
+18   +2.348243343661143e-11  -4.523063429103476e-11
+19   +2.221004624583698e-11  -4.257448012528589e-11
+20   +2.111087943474281e-11  -4.020306007712160e-11
+21   +2.015847762354796e-11  -3.807066256153733e-11
+22   +1.932824662823179e-11  -3.614238730846431e-11
+23   +1.860053593463075e-11  -3.438956110601142e-11
+24   +1.795939413485134e-11  -3.278870185596636e-11
+25   +1.739180110422842e-11  -3.132025665323662e-11
+26   +1.688703330258839e-11  -2.996788097855945e-11
+27   +1.643624052764192e-11  -2.871785625682842e-11
+28   +1.603208009032999e-11  -2.755847480518676e-11
+29   +1.566837768023818e-11  -2.647978183852016e-11
+30   +1.533998858295868e-11  -2.547321007361551e-11

