-30   -9.407269708627858e-12  -1.425230239453764e-11
-29   -9.644485152297678e-12  -1.481784321940235e-11
-28   -9.906942412030985e-12  -1.542425133727245e-11
-27   -1.019837186859723e-11  -1.607642966654900e-11
-26   -1.052305924335892e-11  -1.678012165468310e-11
-25   -1.088621748570028e-11  -1.754202910459972e-11
-24   -1.129409956518220e-11  -1.837013716582014e-11
-23   -1.175423404523209e-11  -1.927391788164174e-11
-22   -1.227565414679279e-11  -2.026485704391295e-11
-21   -1.286955116968284e-11  -2.135664292428518e-11
-20   -1.354967079403202e-11  -2.256629595882021e-11
-19   -1.433293625466865e-11  -2.391460697440703e-11
-18   -1.524036160158146e-11  -2.542787056941247e-11
-17   -1.629982067508637e-11  -2.713600319775575e-11
-16   -1.753804932490302e-11  -2.909302213528866e-11
-15   -1.911641571655777e-11  -3.098614988023998e-11
-14   -2.056201984837760e-11  -3.421981602623636e-11
-13   -3.084264555488798e-11  +3.977168368808921e-12
-12   -1.407155266646746e-11  -6.368900968910184e-11
-11   -3.075571285168561e-10  +4.602001455167981e-09
-10   +3.568612133627420e-10  -1.706635892427527e-09
 -9   +5.580307154364104e-08  +4.971211899283244e-07
 -8   -1.106152554328164e-08  -8.120338396383415e-08
 -7   +1.694809762370749e-05  +4.747835910249316e-05
 -6   -1.629634697761358e-06  +1.005472629341700e-08
 -5   +2.750437095425297e-03  +3.507469245975024e-03
 -4   +1.301290215105440e-04  +2.615679642108073e-04
 -3   +2.607091452253419e-01  +1.200264722051685e-01
 -2   +1.548797588888658e-05  -1.975275112148254e-04
 -1   +1.846078833773823e-03  -2.125995038311857e-03
 +0   -9.526216078931549e-06  +0.000000000000000e+00
 +1   +1.846078833773823e-03  +2.125995038311857e-03
 +2   +1.548797588888658e-05  +1.975275112148254e-04
 +3   +2.607091452253419e-01  -1.200264722051685e-01
 +4   +1.301290215105440e-04  -2.615679642108073e-04
 +5   +2.750437095425297e-03  -3.507469245975024e-03
 +6   -1.629634697761358e-06  -1.005472629341700e-08
 +7   +1.694809762370749e-05  -4.747835910249316e-05
 +8   -1.106152554328164e-08  +8.120338396383415e-08
 +9   +5.580307154364104e-08  -4.971211899283244e-07
+10   +3.568612133627420e-10  +1.706635892427527e-09
+11   -3.075571285168561e-10  -4.602001455167981e-09
+12   -1.407155266646746e-11  +6.368900968910184e-11
+13   -3.084264555488798e-11  -3.977168368808921e-12
+14   -2.056201984837760e-11  +3.421981602623636e-11
+15   -1.911641571655777e-11  +3.098614988023998e-11
+16   -1.753804932490302e-11  +2.909302213528866e-11
+17   -1.629982067508637e-11  +2.713600319775575e-11
+18   -1.524036160158146e-11  +2.542787056941247e-11
+19   -1.433293625466865e-11  +2.391460697440703e-11
+20   -1.354967079403202e-11  +2.256629595882021e-11
+21   -1.286955116968284e-11  +2.135664292428518e-11
+22   -1.227565414679279e-11  +2.026485704391295e-11
+23   -1.175423404523209e-11  +1.927391788164174e-11
+24   -1.129409956518220e-11  +1.837013716582014e-11
+25   -1.088621748570028e-11  +1.754202910459972e-11
+26   -1.052305924335892e-11  +1.678012165468310e-11
+27   -1.019837186859723e-11  +1.607642966654900e-11
+28   -9.906942412030985e-12  +1.542425133727245e-11
+29   -9.644485152297678e-12  +1.481784321940235e-11
+30   -9.407269708627858e-12  +1.425230239453764e-11

