-30   +3.061760021790228e-12  +5.662741248611554e-12
-29   +3.106866957090977e-12  +5.874439011276224e-12
-28   +3.156766722672247e-12  +6.099911319474921e-12
-27   +3.212323197468433e-12  +6.340634494599741e-12
-26   +3.274214277360041e-12  +6.598138495799306e-12
-25   +3.343561103606954e-12  +6.874494362509380e-12
-24   +3.421537448669891e-12  +7.171810848695717e-12
-23   +3.509671829794577e-12  +7.492536398963226e-12
-22   +3.609789729459258e-12  +7.839714900617577e-12
-21   +3.724025006937806e-12  +8.216716100595306e-12
-20   +3.855318836245829e-12  +8.627592798903913e-12
-19   +4.007114781259853e-12  +9.077068786130133e-12
-18   +4.183802449197302e-12  +9.570722280762846e-12
-17   +4.391205865446631e-12  +1.011541244996534e-11
-16   +4.636586105977449e-12  +1.071907496612337e-11
-15   +4.929788780977297e-12  +1.139133227400836e-11
-14   +5.282775106101753e-12  +1.214474267775276e-11
-13   +5.715152466387066e-12  +1.299102459018042e-11
-12   +6.114450722729691e-12  +1.402649225787616e-11
-11   +6.846991699759109e-12  +1.502478048276765e-11
-10   -1.098086536869993e-11  +2.206569032533468e-11
 -9   +3.428298268316818e-12  +1.605665961226943e-11
 -8   -2.403139103913677e-09  -6.036596947557220e-11
 -7   -4.237848193692507e-10  -4.434370034896168e-11
 -6   -2.376596084174720e-07  -1.419625260833745e-07
 -5   -4.953270895211012e-08  -1.069661368877598e-08
 -4   -7.084339577931358e-06  -2.505836125759715e-05
 -3   -2.232701880154259e-06  -3.401161852649731e-06
 -2   +1.039632951165053e-03  -9.693830962121973e-04
 -1   +1.069447658816696e-05  -1.814714822640351e-05
 +0   +3.343694395562897e-05  +0.000000000000000e+00
 +1   +1.069447658816696e-05  +1.814714822640351e-05
 +2   +1.039632951165053e-03  +9.693830962121973e-04
 +3   -2.232701880154259e-06  +3.401161852649731e-06
 +4   -7.084339577931358e-06  +2.505836125759715e-05
 +5   -4.953270895211012e-08  +1.069661368877598e-08
 +6   -2.376596084174720e-07  +1.419625260833745e-07
 +7   -4.237848193692507e-10  +4.434370034896168e-11
 +8   -2.403139103913677e-09  +6.036596947557220e-11
 +9   +3.428298268316818e-12  -1.605665961226943e-11
+10   -1.098086536869993e-11  -2.206569032533468e-11
+11   +6.846991699759109e-12  -1.502478048276765e-11
+12   +6.114450722729691e-12  -1.402649225787616e-11
+13   +5.715152466387066e-12  -1.299102459018042e-11
+14   +5.282775106101753e-12  -1.214474267775276e-11
+15   +4.929788780977297e-12  -1.139133227400836e-11
+16   +4.636586105977449e-12  -1.071907496612337e-11
+17   +4.391205865446631e-12  -1.011541244996534e-11
+18   +4.183802449197302e-12  -9.570722280762846e-12
+19   +4.007114781259853e-12  -9.077068786130133e-12
+20   +3.855318836245829e-12  -8.627592798903913e-12
+21   +3.724025006937806e-12  -8.216716100595306e-12
+22   +3.609789729459258e-12  -7.839714900617577e-12
+23   +3.509671829794577e-12  -7.492536398963226e-12
+24   +3.421537448669891e-12  -7.171810848695717e-12
+25   +3.343561103606954e-12  -6.874494362509380e-12
+26   +3.274214277360041e-12  -6.598138495799306e-12
+27   +3.212323197468433e-12  -6.340634494599741e-12
+28   +3.156766722672247e-12  -6.099911319474921e-12
+29   +3.106866957090977e-12  -5.874439011276224e-12
+30   +3.061760021790228e-12  -5.662741248611554e-12

