-30   +8.052171889517924e-12  -1.022295038461274e-11
-29   +8.916769854550469e-12  -1.057570770730401e-11
-28   +9.880419298147470e-12  -1.094739804192658e-11
-27   +1.095882639509375e-11  -1.133931283262764e-11
-26   +1.217103745603473e-11  -1.175288372101341e-11
-25   +1.354021252461829e-11  -1.218936172681046e-11
-24   +1.509471420260862e-11  -1.265000890642072e-11
-23   +1.686960539273314e-11  -1.313590321424172e-11
-22   +1.890849506448566e-11  -1.364751448892232e-11
-21   +2.126645462615866e-11  -1.418514075989106e-11
-20   +2.400981639100956e-11  -1.473898872226933e-11
-19   +2.723693258831415e-11  -1.532907134364819e-11
-18   +3.075296579496038e-11  -1.517668466489710e-11
-17   +3.555107529377086e-11  -1.636997422484496e-11
-16   +1.484893198247424e-11  +4.828741565979139e-11
-15   +4.262907041443824e-11  -4.754070691903336e-12
-14   -2.075067983168124e-09  +5.288367551900317e-09
-13   -3.035330538987371e-10  +9.021394588268040e-10
-12   -1.555896956856576e-07  +3.875976857574415e-07
-11   -2.210770611305730e-08  +5.525782190359610e-08
-10   -9.453031784171490e-06  +2.353837651101037e-05
 -9   -9.171365256725755e-07  +2.283613281488757e-06
 -8   -3.786572310437143e-04  +9.428531330888853e-04
 -7   -5.501440968922677e-06  +1.368630657441898e-05
 -6   +2.661244770947741e-06  -7.821754020529506e-06
 -5   +1.875368223506956e-06  -4.353937926931598e-06
 -4   -2.290206326912694e-04  +4.167539722132551e-04
 -3   +9.207487849579996e-06  -4.076919120800528e-06
 -2   -7.579763463858660e-03  -2.287687895095426e-05
 -1   -2.776898853797931e-04  +3.827889433747613e-06
 +0   -1.499997166557868e+00  +0.000000000000000e+00
 +1   -2.776898853797931e-04  -3.827889433747613e-06
 +2   -7.579763463858660e-03  +2.287687895095426e-05
 +3   +9.207487849579996e-06  +4.076919120800528e-06
 +4   -2.290206326912694e-04  -4.167539722132551e-04
 +5   +1.875368223506956e-06  +4.353937926931598e-06
 +6   +2.661244770947741e-06  +7.821754020529506e-06
 +7   -5.501440968922677e-06  -1.368630657441898e-05
 +8   -3.786572310437143e-04  -9.428531330888853e-04
 +9   -9.171365256725755e-07  -2.283613281488757e-06
+10   -9.453031784171490e-06  -2.353837651101037e-05
+11   -2.210770611305730e-08  -5.525782190359610e-08
+12   -1.555896956856576e-07  -3.875976857574415e-07
+13   -3.035330538987371e-10  -9.021394588268040e-10
+14   -2.075067983168124e-09  -5.288367551900317e-09
+15   +4.262907041443824e-11  +4.754070691903336e-12
+16   +1.484893198247424e-11  -4.828741565979139e-11
+17   +3.555107529377086e-11  +1.636997422484496e-11
+18   +3.075296579496038e-11  +1.517668466489710e-11
+19   +2.723693258831415e-11  +1.532907134364819e-11
+20   +2.400981639100956e-11  +1.473898872226933e-11
+21   +2.126645462615866e-11  +1.418514075989106e-11
+22   +1.890849506448566e-11  +1.364751448892232e-11
+23   +1.686960539273314e-11  +1.313590321424172e-11
+24   +1.509471420260862e-11  +1.265000890642072e-11
+25   +1.354021252461829e-11  +1.218936172681046e-11
+26   +1.217103745603473e-11  +1.175288372101341e-11
+27   +1.095882639509375e-11  +1.133931283262764e-11
+28   +9.880419298147470e-12  +1.094739804192658e-11
+29   +8.916769854550469e-12  +1.057570770730401e-11
+30   +8.052171889517924e-12  +1.022295038461274e-11

