-30   -2.472540187041559e-12  +1.178118191281132e-11
-29   -2.943136676986215e-12  +1.226943286282225e-11
-28   -3.464633770779867e-12  +1.279512360217463e-11
-27   -4.044697344375713e-12  +1.336312803517420e-11
-26   -4.692358348193324e-12  +1.397896147366746e-11
-25   -5.418453545823319e-12  +1.464933235267841e-11
-24   -6.236035334637539e-12  +1.538203336695345e-11
-23   -7.161023965121637e-12  +1.618650541423215e-11
-22   -8.212870451874303e-12  +1.707410992373389e-11
-21   -9.415592154550320e-12  +1.805872872592730e-11
-20   -1.079910063840756e-11  +1.915712279766338e-11
-19   -1.240076407528729e-11  +2.039042674436649e-11
-18   -1.427050309709104e-11  +2.178041709776642e-11
-17   -1.646179463331255e-11  +2.337127770212360e-11
-16   -1.928432616348245e-11  +2.481805094915006e-11
-15   -2.216609926056461e-11  +2.729227758814701e-11
-14   -4.656695026578687e-11  -4.640414274319602e-12
-13   -3.106817621708791e-11  +3.160032443540474e-11
-12   -1.829192686240422e-09  -2.948382126307464e-09
-11   -1.219761952949803e-10  -9.222316264142666e-11
-10   -1.418912427416554e-07  -2.360060475963947e-07
 -9   -7.374303538029097e-09  -1.217305099208756e-08
 -8   -9.498641329432287e-06  -1.580479340849850e-05
 -7   -4.397804230653209e-07  -7.352652815274480e-07
 -6   -4.325737975073526e-04  -7.193060255531799e-04
 -5   -6.473944224973960e-06  -1.095207459033943e-05
 -4   -5.151102602336971e-05  +4.165878422893976e-06
 -3   +5.917990568276934e-06  +1.943683471265060e-06
 -2   -6.852224205896594e-03  -4.053044057583613e-04
 -1   -2.587476332435863e-04  +4.075383192576577e-06
 +0   -9.999880931278132e-01  +0.000000000000000e+00
 +1   -2.587476332435863e-04  -4.075383192576577e-06
 +2   -6.852224205896594e-03  +4.053044057583613e-04
 +3   +5.917990568276934e-06  -1.943683471265060e-06
 +4   -5.151102602336971e-05  -4.165878422893976e-06
 +5   -6.473944224973960e-06  +1.095207459033943e-05
 +6   -4.325737975073526e-04  +7.193060255531799e-04
 +7   -4.397804230653209e-07  +7.352652815274480e-07
 +8   -9.498641329432287e-06  +1.580479340849850e-05
 +9   -7.374303538029097e-09  +1.217305099208756e-08
+10   -1.418912427416554e-07  +2.360060475963947e-07
+11   -1.219761952949803e-10  +9.222316264142666e-11
+12   -1.829192686240422e-09  +2.948382126307464e-09
+13   -3.106817621708791e-11  -3.160032443540474e-11
+14   -4.656695026578687e-11  +4.640414274319602e-12
+15   -2.216609926056461e-11  -2.729227758814701e-11
+16   -1.928432616348245e-11  -2.481805094915006e-11
+17   -1.646179463331255e-11  -2.337127770212360e-11
+18   -1.427050309709104e-11  -2.178041709776642e-11
+19   -1.240076407528729e-11  -2.039042674436649e-11
+20   -1.079910063840756e-11  -1.915712279766338e-11
+21   -9.415592154550320e-12  -1.805872872592730e-11
+22   -8.212870451874303e-12  -1.707410992373389e-11
+23   -7.161023965121637e-12  -1.618650541423215e-11
+24   -6.236035334637539e-12  -1.538203336695345e-11
+25   -5.418453545823319e-12  -1.464933235267841e-11
+26   -4.692358348193324e-12  -1.397896147366746e-11
+27   -4.044697344375713e-12  -1.336312803517420e-11
+28   -3.464633770779867e-12  -1.279512360217463e-11
+29   -2.943136676986215e-12  -1.226943286282225e-11
+30   -2.472540187041559e-12  -1.178118191281132e-11

