-30   +5.062245811875131e-11  +4.084508336548009e-10
-29   +4.239981844051772e-11  +4.220268653242727e-10
-28   +3.335081133768684e-11  +4.362861130441095e-10
-27   +2.336439648149217e-11  +4.512723921830258e-10
-26   +1.231083205587671e-11  +4.670306247827692e-10
-25   +3.792745738193112e-14  +4.836056001970078e-10
-24   -1.363332794947852e-11  +5.010404130487983e-10
-23   -2.891461114030443e-11  +5.193737792711198e-10
-22   -4.605701126623936e-11  +5.386366737285708e-10
-21   -6.535927058082628e-11  +5.588464941035777e-10
-20   -8.717848542105617e-11  +5.799990877460810e-10
-19   -1.119423481368553e-10  +6.020565947917246e-10
-18   -1.401639153707176e-10  +6.249295474767942e-10
-17   -1.724701367085956e-10  +6.484529587315540e-10
-16   -2.095687494685975e-10  +6.723373299722733e-10
-15   -2.534403220584374e-10  +6.962477233248995e-10
-14   -3.018113889845245e-10  +7.192963193409469e-10
-13   -4.687531413358479e-10  +7.392878227692567e-10
-12   -4.214686355428114e-10  +7.771687030346217e-10
-11   -1.119704314483616e-08  -9.897820973866588e-10
-10   -7.841672582987882e-10  +2.349645611289328e-09
 -9   -9.571908583719203e-07  -3.621291005998253e-07
 -8   -6.626214079388266e-08  +9.194318027526786e-08
 -7   -7.162691756209301e-05  -5.213474621178954e-05
 -6   -6.643970948243508e-06  +1.427811192665767e-06
 -5   -3.459133676645204e-03  -5.403314392802843e-03
 -4   -2.049846137150723e-04  -2.383247791383406e-04
 -3   -1.419367552697516e-02  -2.866589719915913e-01
 -2   +2.020931665964570e-04  +6.906087754249031e-05
 -1   +2.911897922189080e-03  -4.746313930652265e-04
 +0   -9.967270567197573e-06  +0.000000000000000e+00
 +1   +2.911897922189080e-03  +4.746313930652265e-04
 +2   +2.020931665964570e-04  -6.906087754249031e-05
 +3   -1.419367552697516e-02  +2.866589719915913e-01
 +4   -2.049846137150723e-04  +2.383247791383406e-04
 +5   -3.459133676645204e-03  +5.403314392802843e-03
 +6   -6.643970948243508e-06  -1.427811192665767e-06
 +7   -7.162691756209301e-05  +5.213474621178954e-05
 +8   -6.626214079388266e-08  -9.194318027526786e-08
 +9   -9.571908583719203e-07  +3.621291005998253e-07
+10   -7.841672582987882e-10  -2.349645611289328e-09
+11   -1.119704314483616e-08  +9.897820973866588e-10
+12   -4.214686355428114e-10  -7.771687030346217e-10
+13   -4.687531413358479e-10  -7.392878227692567e-10
+14   -3.018113889845245e-10  -7.192963193409469e-10
+15   -2.534403220584374e-10  -6.962477233248995e-10
+16   -2.095687494685975e-10  -6.723373299722733e-10
+17   -1.724701367085956e-10  -6.484529587315540e-10
+18   -1.401639153707176e-10  -6.249295474767942e-10
+19   -1.119423481368553e-10  -6.020565947917246e-10
+20   -8.717848542105617e-11  -5.799990877460810e-10
+21   -6.535927058082628e-11  -5.588464941035777e-10
+22   -4.605701126623936e-11  -5.386366737285708e-10
+23   -2.891461114030443e-11  -5.193737792711198e-10
+24   -1.363332794947852e-11  -5.010404130487983e-10
+25   +3.792745738193112e-14  -4.836056001970078e-10
+26   +1.231083205587671e-11  -4.670306247827692e-10
+27   +2.336439648149217e-11  -4.512723921830258e-10
+28   +3.335081133768684e-11  -4.362861130441095e-10
+29   +4.239981844051772e-11  -4.220268653242727e-10
+30   +5.062245811875131e-11  -4.084508336548009e-10

