-30   +5.167921849518594e-11  +4.127026240005177e-10
-29   +4.343243521793861e-11  +4.264747427508650e-10
-28   +3.435806636880184e-11  +4.409475349792647e-10
-27   +2.434511601410214e-11  +4.561676318802636e-10
-26   +1.326397807033549e-11  +4.721830413370113e-10
-25   +9.628103598292511e-13  +4.890424300644742e-10
-24   -1.273707259682884e-11  +5.067935700767768e-10
-23   -2.804653775895437e-11  +5.254811690039004e-10
-22   -4.521550913120697e-11  +5.451434805971022e-10
-21   -6.454132131804473e-11  +5.658074151225427e-10
-20   -8.637838709522449e-11  +5.874807205437034e-10
-19   -1.111506636155803e-10  +6.101413531148781e-10
-18   -1.393659031450695e-10  +6.337207595727633e-10
-17   -1.716285305000104e-10  +6.580795555300925e-10
-16   -2.086780690100733e-10  +6.829730676553983e-10
-15   -2.509909996888024e-10  +7.080203264362100e-10
-14   -3.010097157526787e-10  +7.325635325466344e-10
-13   -3.167942271998014e-10  +7.633061538966578e-10
-12   -4.495759121531396e-10  +7.772247769818312e-10
-11   +3.915836551093011e-09  +2.262540000133555e-09
-10   -2.270126834819301e-09  +5.388403703511495e-10
 -9   +4.398654467090954e-07  +2.378881355364267e-07
 -8   -7.198419109256775e-08  -3.970698334318518e-08
 -7   +3.774117241823985e-05  +3.342187900832027e-05
 -6   +6.155018399992322e-07  -1.507604656220925e-06
 -5   +2.229783620333375e-03  +3.859443232993332e-03
 -4   +1.942053137675025e-04  +2.182484954002560e-04
 -3   +1.422061430611356e-02  +2.866589649620088e-01
 -2   -1.907840554151811e-04  -5.908339689801852e-05
 -1   -2.677045413991796e-03  +9.196156367557937e-04
 +0   +1.880087653215830e-06  +0.000000000000000e+00
 +1   -2.677045413991796e-03  -9.196156367557937e-04
 +2   -1.907840554151811e-04  +5.908339689801852e-05
 +3   +1.422061430611356e-02  -2.866589649620088e-01
 +4   +1.942053137675025e-04  -2.182484954002560e-04
 +5   +2.229783620333375e-03  -3.859443232993332e-03
 +6   +6.155018399992322e-07  +1.507604656220925e-06
 +7   +3.774117241823985e-05  -3.342187900832027e-05
 +8   -7.198419109256775e-08  +3.970698334318518e-08
 +9   +4.398654467090954e-07  -2.378881355364267e-07
+10   -2.270126834819301e-09  -5.388403703511495e-10
+11   +3.915836551093011e-09  -2.262540000133555e-09
+12   -4.495759121531396e-10  -7.772247769818312e-10
+13   -3.167942271998014e-10  -7.633061538966578e-10
+14   -3.010097157526787e-10  -7.325635325466344e-10
+15   -2.509909996888024e-10  -7.080203264362100e-10
+16   -2.086780690100733e-10  -6.829730676553983e-10
+17   -1.716285305000104e-10  -6.580795555300925e-10
+18   -1.393659031450695e-10  -6.337207595727633e-10
+19   -1.111506636155803e-10  -6.101413531148781e-10
+20   -8.637838709522449e-11  -5.874807205437034e-10
+21   -6.454132131804473e-11  -5.658074151225427e-10
+22   -4.521550913120697e-11  -5.451434805971022e-10
+23   -2.804653775895437e-11  -5.254811690039004e-10
+24   -1.273707259682884e-11  -5.067935700767768e-10
+25   +9.628103598292511e-13  -4.890424300644742e-10
+26   +1.326397807033549e-11  -4.721830413370113e-10
+27   +2.434511601410214e-11  -4.561676318802636e-10
+28   +3.435806636880184e-11  -4.409475349792647e-10
+29   +4.343243521793861e-11  -4.264747427508650e-10
+30   +5.167921849518594e-11  -4.127026240005177e-10

