-30   -4.048320027329639e-16  +0.000000000000000e+00
-29   +3.617019768915388e-16  +0.000000000000000e+00
-28   -3.133091747182226e-16  +0.000000000000000e+00
-27   +2.595354805010338e-16  +0.000000000000000e+00
-26   -1.997122785522184e-16  +0.000000000000000e+00
-25   +1.318182103099402e-16  +0.000000000000000e+00
-24   -5.644644673285309e-17  +0.000000000000000e+00
-23   -2.921376489987953e-17  +0.000000000000000e+00
-22   +1.257742218697538e-16  +0.000000000000000e+00
-21   -2.372895844961945e-16  +0.000000000000000e+00
-20   +3.652420255136731e-16  +0.000000000000000e+00
-19   -5.116784842307189e-16  +0.000000000000000e+00
-18   +6.835677753046352e-16  +0.000000000000000e+00
-17   -8.828329690194256e-16  +0.000000000000000e+00
-16   +1.122756357155714e-15  +0.000000000000000e+00
-15   -1.406837289529215e-15  +0.000000000000000e+00
-14   +1.752048619580585e-15  +0.000000000000000e+00
-13   -2.393282213636453e-15  +0.000000000000000e+00
-12   +2.748067138269895e-15  +0.000000000000000e+00
-11   -2.851230127675905e-14  +0.000000000000000e+00
-10   +9.901718025140468e-15  +0.000000000000000e+00
 -9   -2.809901384180549e-12  +0.000000000000000e+00
 -8   +5.479330787371019e-13  +0.000000000000000e+00
 -7   -3.054376767141796e-10  +0.000000000000000e+00
 -6   +4.886131731881050e-11  +0.000000000000000e+00
 -5   -3.165880244009371e-08  +0.000000000000000e+00
 -4   +3.877269139257695e-09  +0.000000000000000e+00
 -3   -2.827501363418378e-06  +0.000000000000000e+00
 -2   -1.141822752036672e-09  +0.000000000000000e+00
 -1   -3.840670371137488e-07  +0.000000000000000e+00
 +0   +3.601618309819339e-09  +0.000000000000000e+00
 +1   -3.840670371137488e-07  +0.000000000000000e+00
 +2   -1.141822752036672e-09  +0.000000000000000e+00
 +3   -2.827501363418378e-06  +0.000000000000000e+00
 +4   +3.877269139257695e-09  +0.000000000000000e+00
 +5   -3.165880244009371e-08  +0.000000000000000e+00
 +6   +4.886131731881050e-11  +0.000000000000000e+00
 +7   -3.054376767141796e-10  +0.000000000000000e+00
 +8   +5.479330787371019e-13  +0.000000000000000e+00
 +9   -2.809901384180549e-12  +0.000000000000000e+00
+10   +9.901718025140468e-15  +0.000000000000000e+00
+11   -2.851230127675905e-14  +0.000000000000000e+00
+12   +2.748067138269895e-15  +0.000000000000000e+00
+13   -2.393282213636453e-15  +0.000000000000000e+00
+14   +1.752048619580585e-15  +0.000000000000000e+00
+15   -1.406837289529215e-15  +0.000000000000000e+00
+16   +1.122756357155714e-15  +0.000000000000000e+00
+17   -8.828329690194256e-16  +0.000000000000000e+00
+18   +6.835677753046352e-16  +0.000000000000000e+00
+19   -5.116784842307189e-16  +0.000000000000000e+00
+20   +3.652420255136731e-16  +0.000000000000000e+00
+21   -2.372895844961945e-16  +0.000000000000000e+00
+22   +1.257742218697538e-16  +0.000000000000000e+00
+23   -2.921376489987953e-17  +0.000000000000000e+00
+24   -5.644644673285309e-17  +0.000000000000000e+00
+25   +1.318182103099402e-16  +0.000000000000000e+00
+26   -1.997122785522184e-16  +0.000000000000000e+00
+27   +2.595354805010338e-16  +0.000000000000000e+00
+28   -3.133091747182226e-16  +0.000000000000000e+00
+29   +3.617019768915388e-16  +0.000000000000000e+00
+30   -4.048320027329639e-16  +0.000000000000000e+00

