-30   +0.000000000000000e+00  +2.588365598863779e-15
-29   -0.000000000000000e+00  -2.684955005140223e-15
-28   +0.000000000000000e+00  +2.788246113767887e-15
-27   -0.000000000000000e+00  -2.898136721764928e-15
-26   +0.000000000000000e+00  +3.015743543716503e-15
-25   -0.000000000000000e+00  -3.142299228593389e-15
-24   +0.000000000000000e+00  +3.278129914359812e-15
-23   -0.000000000000000e+00  -3.425305729545716e-15
-22   +0.000000000000000e+00  +3.584855303999477e-15
-21   -0.000000000000000e+00  -3.756744687711015e-15
-20   +0.000000000000000e+00  +3.944117012677438e-15
-19   -0.000000000000000e+00  -4.150945148787792e-15
-18   +0.000000000000000e+00  +4.378279805677081e-15
-17   -0.000000000000000e+00  -4.628020299180720e-15
-16   +0.000000000000000e+00  +4.903846265905642e-15
-15   -0.000000000000000e+00  -5.208568516113362e-15
-14   +0.000000000000000e+00  +5.554978453529757e-15
-13   -0.000000000000000e+00  -5.543655539423384e-15
-12   +0.000000000000000e+00  +6.247430861180567e-15
-11   +0.000000000000000e+00  +4.051064266995701e-14
-10   -0.000000000000000e+00  -6.031824814543456e-15
 -9   +0.000000000000000e+00  +5.536364864766120e-12
 -8   -0.000000000000000e+00  -1.198311527075039e-12
 -7   +0.000000000000000e+00  +6.440459522243085e-10
 -6   -0.000000000000000e+00  -9.668695194400908e-11
 -5   +0.000000000000000e+00  +7.327999688188785e-08
 -4   -0.000000000000000e+00  -5.966470170761988e-09
 -3   +0.000000000000000e+00  +7.642146499434299e-06
 -2   +0.000000000000000e+00  +1.807294526727249e-08
 -1   -0.000000000000000e+00  -9.397846316303374e-07
 +0   +0.000000000000000e+00  +0.000000000000000e+00
 +1   +0.000000000000000e+00  +9.397846316303374e-07
 +2   -0.000000000000000e+00  -1.807294526727249e-08
 +3   -0.000000000000000e+00  -7.642146499434299e-06
 +4   +0.000000000000000e+00  +5.966470170761988e-09
 +5   -0.000000000000000e+00  -7.327999688188785e-08
 +6   +0.000000000000000e+00  +9.668695194400908e-11
 +7   -0.000000000000000e+00  -6.440459522243085e-10
 +8   +0.000000000000000e+00  +1.198311527075039e-12
 +9   -0.000000000000000e+00  -5.536364864766120e-12
+10   +0.000000000000000e+00  +6.031824814543456e-15
+11   -0.000000000000000e+00  -4.051064266995701e-14
+12   -0.000000000000000e+00  -6.247430861180567e-15
+13   +0.000000000000000e+00  +5.543655539423384e-15
+14   -0.000000000000000e+00  -5.554978453529757e-15
+15   +0.000000000000000e+00  +5.208568516113362e-15
+16   -0.000000000000000e+00  -4.903846265905642e-15
+17   +0.000000000000000e+00  +4.628020299180720e-15
+18   -0.000000000000000e+00  -4.378279805677081e-15
+19   +0.000000000000000e+00  +4.150945148787792e-15
+20   -0.000000000000000e+00  -3.944117012677438e-15
+21   +0.000000000000000e+00  +3.756744687711015e-15
+22   -0.000000000000000e+00  -3.584855303999477e-15
+23   +0.000000000000000e+00  +3.425305729545716e-15
+24   -0.000000000000000e+00  -3.278129914359812e-15
+25   +0.000000000000000e+00  +3.142299228593389e-15
+26   -0.000000000000000e+00  -3.015743543716503e-15
+27   +0.000000000000000e+00  +2.898136721764928e-15
+28   -0.000000000000000e+00  -2.788246113767887e-15
+29   +0.000000000000000e+00  +2.684955005140223e-15
+30   -0.000000000000000e+00  -2.588365598863779e-15

