-30   -0.000000000000000e+00  -1.896344648437471e-14
-29   +0.000000000000000e+00  +1.965542147830156e-14
-28   -0.000000000000000e+00  -2.041006439146912e-14
-27   +0.000000000000000e+00  +2.121438245492696e-14
-26   -0.000000000000000e+00  -2.207347889559805e-14
-25   +0.000000000000000e+00  +2.301333564659570e-14
-24   -0.000000000000000e+00  -2.400484856928476e-14
-23   +0.000000000000000e+00  +2.508396924958790e-14
-22   -0.000000000000000e+00  -2.623802862733354e-14
-21   +0.000000000000000e+00  +2.751411178626509e-14
-20   -0.000000000000000e+00  -2.890461153868413e-14
-19   +0.000000000000000e+00  +3.039627312019863e-14
-18   -0.000000000000000e+00  -3.206170277698050e-14
-17   +0.000000000000000e+00  +3.385779987103341e-14
-16   -0.000000000000000e+00  -3.591125933551101e-14
-15   +0.000000000000000e+00  +3.813305551371667e-14
-14   -0.000000000000000e+00  -4.070074915474447e-14
-13   +0.000000000000000e+00  +4.339292169527915e-14
-12   -0.000000000000000e+00  -4.661807190320925e-14
-11   +0.000000000000000e+00  +3.320940428279182e-14
-10   -0.000000000000000e+00  -4.258260133545826e-14
 -9   -0.000000000000000e+00  -1.910887744737178e-12
 -8   +0.000000000000000e+00  +7.897048569319263e-13
 -7   -0.000000000000000e+00  -2.135190257894699e-10
 -6   +0.000000000000000e+00  +1.835681740723185e-11
 -5   -0.000000000000000e+00  -1.925885119203184e-08
 -4   -0.000000000000000e+00  -1.100921094927150e-08
 -3   +0.000000000000000e+00  +2.025364296040848e-07
 -2   -0.000000000000000e+00  -1.776861510454738e-08
 -1   +0.000000000000000e+00  +1.235863500511559e-06
 +0   +0.000000000000000e+00  +0.000000000000000e+00
 +1   -0.000000000000000e+00  -1.235863500511559e-06
 +2   +0.000000000000000e+00  +1.776861510454738e-08
 +3   -0.000000000000000e+00  -2.025364296040848e-07
 +4   +0.000000000000000e+00  +1.100921094927150e-08
 +5   +0.000000000000000e+00  +1.925885119203184e-08
 +6   -0.000000000000000e+00  -1.835681740723185e-11
 +7   +0.000000000000000e+00  +2.135190257894699e-10
 +8   -0.000000000000000e+00  -7.897048569319263e-13
 +9   +0.000000000000000e+00  +1.910887744737178e-12
+10   +0.000000000000000e+00  +4.258260133545826e-14
+11   -0.000000000000000e+00  -3.320940428279182e-14
+12   +0.000000000000000e+00  +4.661807190320925e-14
+13   -0.000000000000000e+00  -4.339292169527915e-14
+14   +0.000000000000000e+00  +4.070074915474447e-14
+15   -0.000000000000000e+00  -3.813305551371667e-14
+16   +0.000000000000000e+00  +3.591125933551101e-14
+17   -0.000000000000000e+00  -3.385779987103341e-14
+18   +0.000000000000000e+00  +3.206170277698050e-14
+19   -0.000000000000000e+00  -3.039627312019863e-14
+20   +0.000000000000000e+00  +2.890461153868413e-14
+21   -0.000000000000000e+00  -2.751411178626509e-14
+22   +0.000000000000000e+00  +2.623802862733354e-14
+23   -0.000000000000000e+00  -2.508396924958790e-14
+24   +0.000000000000000e+00  +2.400484856928476e-14
+25   -0.000000000000000e+00  -2.301333564659570e-14
+26   +0.000000000000000e+00  +2.207347889559805e-14
+27   -0.000000000000000e+00  -2.121438245492696e-14
+28   +0.000000000000000e+00  +2.041006439146912e-14
+29   -0.000000000000000e+00  -1.965542147830156e-14
+30   +0.000000000000000e+00  +1.896344648437471e-14

