-30   +1.462126595915862e-16  +0.000000000000000e+00
-29   -1.221715799687100e-16  +0.000000000000000e+00
-28   +1.097698445128783e-16  +0.000000000000000e+00
-27   -8.635960889798929e-17  +0.000000000000000e+00
-26   +5.881543781603876e-17  +0.000000000000000e+00
-25   -3.728186246781491e-17  +0.000000000000000e+00
-24   +5.316691363681502e-18  +0.000000000000000e+00
-23   +1.536523466575509e-17  +0.000000000000000e+00
-22   -3.668253730307984e-17  +0.000000000000000e+00
-21   +9.093429002295905e-17  +0.000000000000000e+00
-20   -1.521246680764759e-16  +0.000000000000000e+00
-19   +1.864441038403013e-16  +0.000000000000000e+00
-18   -2.254768718827284e-16  +0.000000000000000e+00
-17   +3.009735354096316e-16  +0.000000000000000e+00
-16   -4.012414336451863e-16  +0.000000000000000e+00
-15   +5.100621216226422e-16  +0.000000000000000e+00
-14   -6.426368652000516e-16  +0.000000000000000e+00
-13   +9.783441903364741e-16  +0.000000000000000e+00
-12   -1.104292269742581e-15  +0.000000000000000e+00
-11   +3.039402802662760e-14  +0.000000000000000e+00
-10   -1.863883218206282e-14  +0.000000000000000e+00
 -9   +4.121660739007308e-12  +0.000000000000000e+00
 -8   -1.835834721568639e-12  +0.000000000000000e+00
 -7   +6.094781010632736e-10  +0.000000000000000e+00
 -6   -2.028259183549443e-10  +0.000000000000000e+00
 -5   +9.768692580994558e-08  +0.000000000000000e+00
 -4   -2.561928424260648e-08  +0.000000000000000e+00
 -3   +1.836199897237104e-05  +0.000000000000000e+00
 -2   +2.776869459936605e-08  +0.000000000000000e+00
 -1   -1.360021160981886e-06  +0.000000000000000e+00
 +0   +3.740663980203535e-09  +0.000000000000000e+00
 +1   -1.360021160981886e-06  +0.000000000000000e+00
 +2   +2.776869459936605e-08  +0.000000000000000e+00
 +3   +1.836199897237104e-05  +0.000000000000000e+00
 +4   -2.561928424260648e-08  +0.000000000000000e+00
 +5   +9.768692580994558e-08  +0.000000000000000e+00
 +6   -2.028259183549443e-10  +0.000000000000000e+00
 +7   +6.094781010632736e-10  +0.000000000000000e+00
 +8   -1.835834721568639e-12  +0.000000000000000e+00
 +9   +4.121660739007308e-12  +0.000000000000000e+00
+10   -1.863883218206282e-14  +0.000000000000000e+00
+11   +3.039402802662760e-14  +0.000000000000000e+00
+12   -1.104292269742581e-15  +0.000000000000000e+00
+13   +9.783441903364741e-16  +0.000000000000000e+00
+14   -6.426368652000516e-16  +0.000000000000000e+00
+15   +5.100621216226422e-16  +0.000000000000000e+00
+16   -4.012414336451863e-16  +0.000000000000000e+00
+17   +3.009735354096316e-16  +0.000000000000000e+00
+18   -2.254768718827284e-16  +0.000000000000000e+00
+19   +1.864441038403013e-16  +0.000000000000000e+00
+20   -1.521246680764759e-16  +0.000000000000000e+00
+21   +9.093429002295905e-17  +0.000000000000000e+00
+22   -3.668253730307984e-17  +0.000000000000000e+00
+23   +1.536523466575509e-17  +0.000000000000000e+00
+24   +5.316691363681502e-18  +0.000000000000000e+00
+25   -3.728186246781491e-17  +0.000000000000000e+00
+26   +5.881543781603876e-17  +0.000000000000000e+00
+27   -8.635960889798929e-17  +0.000000000000000e+00
+28   +1.097698445128783e-16  +0.000000000000000e+00
+29   -1.221715799687100e-16  +0.000000000000000e+00
+30   +1.462126595915862e-16  +0.000000000000000e+00

