-30   -3.078439325676306e-11  -1.194094908716586e-10
-29   -2.950344357349252e-11  -1.237708855116233e-10
-28   -2.808051318410865e-11  -1.284189303846287e-10
-27   -2.651063096852701e-11  -1.333526068719114e-10
-26   -2.475642764985251e-11  -1.386317466066676e-10
-25   -2.280553350057446e-11  -1.442607162329550e-10
-24   -2.061038252456362e-11  -1.503106594189141e-10
-23   -1.814723993119929e-11  -1.567936817600196e-10
-22   -1.535289042624642e-11  -1.637958051239125e-10
-21   -1.218563083916293e-11  -1.713401385959262e-10
-20   -8.557647419968036e-12  -1.795324864321271e-10
-19   -4.397850508651652e-12  -1.884115484151336e-10
-18   +4.218026019617430e-13  -1.981094118261113e-10
-17   +6.022419802208769e-12  -2.086856981003640e-10
-16   +1.259917780531905e-11  -2.203086958897734e-10
-15   +2.041115209571163e-11  -2.329905770615954e-10
-14   +2.962583703629864e-11  -2.471623508769699e-10
-13   +4.644207735169412e-11  -2.543158235333800e-10
-12   +5.445159524127181e-11  -2.797754788211548e-10
-11   +7.085726488167420e-10  +6.441132698009169e-10
-10   +1.180644478509573e-10  -2.812037641307082e-10
 -9   +7.046002507685958e-08  +1.037092559445928e-07
 -8   +3.868621591464897e-09  +5.129542547474375e-09
 -7   +7.511803462770416e-06  +1.111104013174520e-05
 -6   +4.318315556200084e-07  +6.379119873948325e-07
 -5   +7.431203448161502e-04  +1.099248793707160e-03
 -4   +3.729712470684571e-05  +5.516288096298168e-05
 -3   +5.571721873637176e-02  +8.241887606465811e-02
 -2   -2.567028660072233e-05  -3.850138242818600e-05
 -1   -2.613609976271535e-04  -3.850139286120872e-04
 +0   -1.477242152110360e-06  +0.000000000000000e+00
 +1   -2.613609976271535e-04  +3.850139286120872e-04
 +2   -2.567028660072233e-05  +3.850138242818600e-05
 +3   +5.571721873637176e-02  -8.241887606465811e-02
 +4   +3.729712470684571e-05  -5.516288096298168e-05
 +5   +7.431203448161502e-04  -1.099248793707160e-03
 +6   +4.318315556200084e-07  -6.379119873948325e-07
 +7   +7.511803462770416e-06  -1.111104013174520e-05
 +8   +3.868621591464897e-09  -5.129542547474375e-09
 +9   +7.046002507685958e-08  -1.037092559445928e-07
+10   +1.180644478509573e-10  +2.812037641307082e-10
+11   +7.085726488167420e-10  -6.441132698009169e-10
+12   +5.445159524127181e-11  +2.797754788211548e-10
+13   +4.644207735169412e-11  +2.543158235333800e-10
+14   +2.962583703629864e-11  +2.471623508769699e-10
+15   +2.041115209571163e-11  +2.329905770615954e-10
+16   +1.259917780531905e-11  +2.203086958897734e-10
+17   +6.022419802208769e-12  +2.086856981003640e-10
+18   +4.218026019617430e-13  +1.981094118261113e-10
+19   -4.397850508651652e-12  +1.884115484151336e-10
+20   -8.557647419968036e-12  +1.795324864321271e-10
+21   -1.218563083916293e-11  +1.713401385959262e-10
+22   -1.535289042624642e-11  +1.637958051239125e-10
+23   -1.814723993119929e-11  +1.567936817600196e-10
+24   -2.061038252456362e-11  +1.503106594189141e-10
+25   -2.280553350057446e-11  +1.442607162329550e-10
+26   -2.475642764985251e-11  +1.386317466066676e-10
+27   -2.651063096852701e-11  +1.333526068719114e-10
+28   -2.808051318410865e-11  +1.284189303846287e-10
+29   -2.950344357349252e-11  +1.237708855116233e-10
+30   -3.078439325676306e-11  +1.194094908716586e-10

