-30   -1.714607183792338e-12  -6.189206308569598e-12
-29   -1.657041355538375e-12  -6.420689356424445e-12
-28   -1.592959298606712e-12  -6.667923254126069e-12
-27   -1.522078262978153e-12  -6.931255856812528e-12
-26   -1.442667433649477e-12  -7.213800223558789e-12
-25   -1.354069494665832e-12  -7.516323074234863e-12
-24   -1.254050346343051e-12  -7.842647572097400e-12
-23   -1.141390064164126e-12  -8.194113688063736e-12
-22   -1.013023499418285e-12  -8.575502720724982e-12
-21   -8.668274768949008e-13  -8.989054404797589e-12
-20   -6.984386510610944e-13  -9.440913575465050e-12
-19   -5.041567581570307e-13  -9.934682707439514e-12
-18   -2.774480111847125e-13  -1.047853026243715e-11
-17   -1.183469824146311e-14  -1.107811857292369e-11
-16   +3.030885636380017e-13  -1.174465321726632e-11
-15   +6.789123693045471e-13  -1.248708872743530e-11
-14   +1.133282646404288e-12  -1.332127849654795e-11
-13   +1.688009252875860e-12  -1.426138538032517e-11
-12   +2.366822224964865e-12  -1.532855847168641e-11
-11   +3.248984036730267e-12  -1.655129202096951e-11
-10   +2.760188299304155e-12  -1.751485958286415e-11
 -9   +7.146073069035092e-12  -1.996614310381539e-11
 -8   -2.858628589672561e-10  +9.704141080123688e-11
 -7   +1.456214452698311e-10  -1.211184157215608e-10
 -6   -5.221350644569646e-08  +3.491051957712977e-08
 -5   +6.290681985314320e-09  -1.708676486318673e-08
 -4   -7.462318603647074e-06  +1.081452542934850e-05
 -3   -1.395678628300806e-06  -1.142407319515417e-06
 -2   +3.720999386741033e-04  +2.756023440989656e-03
 -1   +1.635016101192260e-05  +2.455263444406843e-04
 +0   +3.934508953515256e-01  +0.000000000000000e+00
 +1   +1.635016101192260e-05  -2.455263444406843e-04
 +2   +3.720999386741033e-04  -2.756023440989656e-03
 +3   -1.395678628300806e-06  +1.142407319515417e-06
 +4   -7.462318603647074e-06  -1.081452542934850e-05
 +5   +6.290681985314320e-09  +1.708676486318673e-08
 +6   -5.221350644569646e-08  -3.491051957712977e-08
 +7   +1.456214452698311e-10  +1.211184157215608e-10
 +8   -2.858628589672561e-10  -9.704141080123688e-11
 +9   +7.146073069035092e-12  +1.996614310381539e-11
+10   +2.760188299304155e-12  +1.751485958286415e-11
+11   +3.248984036730267e-12  +1.655129202096951e-11
+12   +2.366822224964865e-12  +1.532855847168641e-11
+13   +1.688009252875860e-12  +1.426138538032517e-11
+14   +1.133282646404288e-12  +1.332127849654795e-11
+15   +6.789123693045471e-13  +1.248708872743530e-11
+16   +3.030885636380017e-13  +1.174465321726632e-11
+17   -1.183469824146311e-14  +1.107811857292369e-11
+18   -2.774480111847125e-13  +1.047853026243715e-11
+19   -5.041567581570307e-13  +9.934682707439514e-12
+20   -6.984386510610944e-13  +9.440913575465050e-12
+21   -8.668274768949008e-13  +8.989054404797589e-12
+22   -1.013023499418285e-12  +8.575502720724982e-12
+23   -1.141390064164126e-12  +8.194113688063736e-12
+24   -1.254050346343051e-12  +7.842647572097400e-12
+25   -1.354069494665832e-12  +7.516323074234863e-12
+26   -1.442667433649477e-12  +7.213800223558789e-12
+27   -1.522078262978153e-12  +6.931255856812528e-12
+28   -1.592959298606712e-12  +6.667923254126069e-12
+29   -1.657041355538375e-12  +6.420689356424445e-12
+30   -1.714607183792338e-12  +6.189206308569598e-12

