-30   -1.005356600506095e-11  -9.733005423604601e-11
-29   -7.960140293948899e-12  -1.005438130972224e-10
-28   -5.652141713652528e-12  -1.039233228782071e-10
-27   -3.108365636577908e-12  -1.074657466983913e-10
-26   -2.881735514700283e-13  -1.111941971331550e-10
-25   +2.839906433533239e-12  -1.151047315415932e-10
-24   +6.329596251154244e-12  -1.192207266622416e-10
-23   +1.022734657235483e-11  -1.235351711894036e-10
-22   +1.460594833140227e-11  -1.280691435512646e-10
-21   +1.953397002636166e-11  -1.328084579531581e-10
-20   +2.511240566682788e-11  -1.377662699816704e-10
-19   +3.144282929143662e-11  -1.429123273860699e-10
-18   +3.866805333919017e-11  -1.482394966924712e-10
-17   +4.693814040464066e-11  -1.536822376553538e-10
-16   +5.645929180417436e-11  -1.591874228960728e-10
-15   +6.737708571119149e-11  -1.645627332800829e-10
-14   +8.020405580157482e-11  -1.697971785929639e-10
-13   +8.662772924161428e-11  -1.687524386400700e-10
-12   +1.121125175773030e-10  -1.779790635268694e-10
-11   -8.107329576167080e-10  +4.574401018786824e-10
-10   +1.168065621111916e-10  -1.532916024846096e-10
 -9   -1.038699515315594e-07  +7.016714553768707e-08
 -8   -5.285979423097172e-09  +3.552504127937088e-09
 -7   -1.111118428611173e-05  +7.511468117449153e-06
 -6   -6.381293039557998e-07  +4.314188391778520e-07
 -5   -1.099248350160287e-03  +7.431203523068847e-04
 -4   -5.517022384449158e-05  +3.729183679082610e-05
 -3   -8.241882278998433e-02  +5.571725440835110e-02
 -2   +3.797389379248722e-05  -2.602778602483106e-05
 -1   +3.866154412293379e-04  -2.602789479713226e-04
 +0   +2.188376591289246e-06  +0.000000000000000e+00
 +1   +3.866154412293379e-04  +2.602789479713226e-04
 +2   +3.797389379248722e-05  +2.602778602483106e-05
 +3   -8.241882278998433e-02  -5.571725440835110e-02
 +4   -5.517022384449158e-05  -3.729183679082610e-05
 +5   -1.099248350160287e-03  -7.431203523068847e-04
 +6   -6.381293039557998e-07  -4.314188391778520e-07
 +7   -1.111118428611173e-05  -7.511468117449153e-06
 +8   -5.285979423097172e-09  -3.552504127937088e-09
 +9   -1.038699515315594e-07  -7.016714553768707e-08
+10   +1.168065621111916e-10  +1.532916024846096e-10
+11   -8.107329576167080e-10  -4.574401018786824e-10
+12   +1.121125175773030e-10  +1.779790635268694e-10
+13   +8.662772924161428e-11  +1.687524386400700e-10
+14   +8.020405580157482e-11  +1.697971785929639e-10
+15   +6.737708571119149e-11  +1.645627332800829e-10
+16   +5.645929180417436e-11  +1.591874228960728e-10
+17   +4.693814040464066e-11  +1.536822376553538e-10
+18   +3.866805333919017e-11  +1.482394966924712e-10
+19   +3.144282929143662e-11  +1.429123273860699e-10
+20   +2.511240566682788e-11  +1.377662699816704e-10
+21   +1.953397002636166e-11  +1.328084579531581e-10
+22   +1.460594833140227e-11  +1.280691435512646e-10
+23   +1.022734657235483e-11  +1.235351711894036e-10
+24   +6.329596251154244e-12  +1.192207266622416e-10
+25   +2.839906433533239e-12  +1.151047315415932e-10
+26   -2.881735514700283e-13  +1.111941971331550e-10
+27   -3.108365636577908e-12  +1.074657466983913e-10
+28   -5.652141713652528e-12  +1.039233228782071e-10
+29   -7.960140293948899e-12  +1.005438130972224e-10
+30   -1.005356600506095e-11  +9.733005423604601e-11

