-30   -3.416391909987473e-11  +5.090715304055761e-11
-29   +3.492810803380140e-11  -5.269406328607291e-11
-28   -3.577042861451803e-11  +5.458354157992882e-11
-27   +3.670164522311020e-11  -5.658446847560983e-11
-26   -3.773441129062395e-11  +5.870664277333579e-11
-25   +3.888365302298229e-11  -6.096083001242544e-11
-24   -4.016706584090503e-11  +6.335883402265150e-11
-23   +4.160573096930931e-11  -6.591363908729918e-11
-22   -4.322489188688043e-11  +6.863930043589235e-11
-21   +4.505492879593630e-11  -7.155105243446239e-11
-20   -4.713264414308435e-11  +7.466509034313826e-11
-19   +4.950283274959113e-11  -7.799834579902164e-11
-18   -5.222026986731421e-11  +8.156796566671145e-11
-17   +5.535240159398479e-11  -8.539038790720270e-11
-16   -5.898261488357877e-11  +8.947978413817226e-11
-15   +6.321447081781904e-11  -9.384554972443970e-11
-14   -6.817703105711045e-11  +9.848808292718012e-11
-13   +7.403141377668731e-11  -1.033921999241007e-10
-12   -8.097051625131973e-11  +1.085184857209043e-10
-11   +8.925561671025772e-11  -1.137772620463982e-10
-10   -9.762500334090420e-11  +1.194608875424685e-10
 -9   +1.097660813605380e-10  -1.243689888636230e-10
 -8   +1.680135124379737e-10  +2.467419494005948e-10
 -7   +7.278848664924966e-12  -2.285672497406794e-10
 -6   +5.206417103943958e-08  +3.506820409709425e-08
 -5   -6.086117089426704e-09  -1.718648673547162e-08
 -4   +7.462131269542232e-06  +1.081467572254097e-05
 -3   +1.395912249890389e-06  -1.142516921888348e-06
 -2   -3.721001564010988e-04  +2.756023546402306e-03
 -1   -1.634982200368240e-05  +2.455263226610297e-04
 +0   -3.934508955765536e-01  +0.000000000000000e+00
 +1   -1.634982200368240e-05  -2.455263226610297e-04
 +2   -3.721001564010988e-04  -2.756023546402306e-03
 +3   +1.395912249890389e-06  +1.142516921888348e-06
 +4   +7.462131269542232e-06  -1.081467572254097e-05
 +5   -6.086117089426704e-09  +1.718648673547162e-08
 +6   +5.206417103943958e-08  -3.506820409709425e-08
 +7   +7.278848664924966e-12  +2.285672497406794e-10
 +8   +1.680135124379737e-10  -2.467419494005948e-10
 +9   +1.097660813605380e-10  +1.243689888636230e-10
+10   -9.762500334090420e-11  -1.194608875424685e-10
+11   +8.925561671025772e-11  +1.137772620463982e-10
+12   -8.097051625131973e-11  -1.085184857209043e-10
+13   +7.403141377668731e-11  +1.033921999241007e-10
+14   -6.817703105711045e-11  -9.848808292718012e-11
+15   +6.321447081781904e-11  +9.384554972443970e-11
+16   -5.898261488357877e-11  -8.947978413817226e-11
+17   +5.535240159398479e-11  +8.539038790720270e-11
+18   -5.222026986731421e-11  -8.156796566671145e-11
+19   +4.950283274959113e-11  +7.799834579902164e-11
+20   -4.713264414308435e-11  -7.466509034313826e-11
+21   +4.505492879593630e-11  +7.155105243446239e-11
+22   -4.322489188688043e-11  -6.863930043589235e-11
+23   +4.160573096930931e-11  +6.591363908729918e-11
+24   -4.016706584090503e-11  -6.335883402265150e-11
+25   +3.888365302298229e-11  +6.096083001242544e-11
+26   -3.773441129062395e-11  -5.870664277333579e-11
+27   +3.670164522311020e-11  +5.658446847560983e-11
+28   -3.577042861451803e-11  -5.458354157992882e-11
+29   +3.492810803380140e-11  +5.269406328607291e-11
+30   -3.416391909987473e-11  -5.090715304055761e-11

