-30   +1.429888022200781e-11  +6.017120571366335e-11
-29   +1.356870869420004e-11  +6.236766208196717e-11
-28   +1.275813358593064e-11  +6.470666462806794e-11
-27   +1.186152211531822e-11  +6.719048738296510e-11
-26   +1.085985197560093e-11  +6.984605543678741e-11
-25   +9.742941419197340e-12  +7.267854617059787e-11
-24   +8.485760062463001e-12  +7.572022642346189e-11
-23   +7.071157432659371e-12  +7.898020437996953e-11
-22   +5.464805467098424e-12  +8.249762904992999e-11
-21   +3.638525000076518e-12  +8.628726166539761e-11
-20   +1.542896715595618e-12  +9.039737717990569e-11
-19   -8.686637307188053e-13  +9.485005290960005e-11
-18   -3.670424609923805e-12  +9.970521096492116e-11
-17   -6.939715540585744e-12  +1.049936946674074e-10
-16   -1.079819703162381e-11  +1.107919658401193e-10
-15   -1.524491424164053e-11  +1.170489508978761e-10
-14   -2.091362102600507e-11  +1.241456184082558e-10
-13   -1.200692537347763e-11  +1.212804641512744e-10
-12   -3.884568735678649e-11  +1.423126746206693e-10
-11   +1.776881598749183e-09  -1.082854986525242e-09
-10   -2.913218156854501e-10  +3.165519128661038e-10
 -9   +2.132413596593200e-07  -1.440375441928213e-07
 -8   -1.200504901013125e-08  +8.229701798298765e-09
 -7   +2.479749117990577e-05  -1.676362116738324e-05
 -6   +2.999906654434572e-07  -2.028288454984814e-07
 -5   +2.825510750469316e-03  -1.910116102311111e-03
 -4   +1.812105829011573e-04  -1.225156200081070e-04
 -3   +2.960538192537824e-01  -2.001398044228588e-01
 -2   -1.612420986445512e-04  +1.076888518848108e-04
 -1   -2.497201824254639e-03  +1.696858983114710e-03
 +0   +8.889081135226666e-06  +0.000000000000000e+00
 +1   -2.497201824254639e-03  -1.696858983114710e-03
 +2   -1.612420986445512e-04  -1.076888518848108e-04
 +3   +2.960538192537824e-01  +2.001398044228588e-01
 +4   +1.812105829011573e-04  +1.225156200081070e-04
 +5   +2.825510750469316e-03  +1.910116102311111e-03
 +6   +2.999906654434572e-07  +2.028288454984814e-07
 +7   +2.479749117990577e-05  +1.676362116738324e-05
 +8   -1.200504901013125e-08  -8.229701798298765e-09
 +9   +2.132413596593200e-07  +1.440375441928213e-07
+10   -2.913218156854501e-10  -3.165519128661038e-10
+11   +1.776881598749183e-09  +1.082854986525242e-09
+12   -3.884568735678649e-11  -1.423126746206693e-10
+13   -1.200692537347763e-11  -1.212804641512744e-10
+14   -2.091362102600507e-11  -1.241456184082558e-10
+15   -1.524491424164053e-11  -1.170489508978761e-10
+16   -1.079819703162381e-11  -1.107919658401193e-10
+17   -6.939715540585744e-12  -1.049936946674074e-10
+18   -3.670424609923805e-12  -9.970521096492116e-11
+19   -8.686637307188053e-13  -9.485005290960005e-11
+20   +1.542896715595618e-12  -9.039737717990569e-11
+21   +3.638525000076518e-12  -8.628726166539761e-11
+22   +5.464805467098424e-12  -8.249762904992999e-11
+23   +7.071157432659371e-12  -7.898020437996953e-11
+24   +8.485760062463001e-12  -7.572022642346189e-11
+25   +9.742941419197340e-12  -7.267854617059787e-11
+26   +1.085985197560093e-11  -6.984605543678741e-11
+27   +1.186152211531822e-11  -6.719048738296510e-11
+28   +1.275813358593064e-11  -6.470666462806794e-11
+29   +1.356870869420004e-11  -6.236766208196717e-11
+30   +1.429888022200781e-11  -6.017120571366335e-11

