-30   -6.537258396070472e-13  -1.507195909538670e-12
-29   -6.566556947765162e-13  -1.566192243651140e-12
-28   -6.599567631906364e-13  -1.629359116218966e-12
-27   -6.637093369922027e-13  -1.697172085989967e-12
-26   -6.679937791012880e-13  -1.770206754019366e-12
-25   -6.729163477177322e-13  -1.849115111883489e-12
-24   -6.785996426162335e-13  -1.934679074239937e-12
-23   -6.852274795978182e-13  -2.027814015103412e-12
-22   -6.930093856708507e-13  -2.129627202692488e-12
-21   -7.022351804000558e-13  -2.241436502268307e-12
-20   -7.132736285979118e-13  -2.364847477398498e-12
-19   -7.266375336058884e-13  -2.501812303584410e-12
-18   -7.430067729075064e-13  -2.654775602072593e-12
-17   -7.633393441687734e-13  -2.826769295124894e-12
-16   -7.889871552000451e-13  -3.021649098128496e-12
-15   -8.219113297754578e-13  -3.244321236223214e-12
-14   -8.648652356539263e-13  -3.501360997521488e-12
-13   -9.226469746729322e-13  -3.800526027125091e-12
-12   -9.850184983781984e-13  -4.173603669336836e-12
-11   -1.110582978021767e-12  -4.558069844570564e-12
-10   +9.118182454436422e-13  -7.804594282491568e-12
 -9   -8.443341211952619e-13  -3.789338801285369e-12
 -8   +2.809147774303615e-10  -4.084563740916601e-10
 -7   +1.257425858672426e-10  +1.788882552653482e-10
 -6   +3.351971162586461e-08  -6.492966376098812e-08
 -5   +2.037360136752479e-08  +1.236093327997251e-08
 -4   +2.211241753818604e-06  -1.129381149992187e-05
 -3   +2.099463848595743e-06  -4.305271533699104e-07
 -2   -7.096693030538606e-04  -1.652654190574167e-03
 -1   -2.114512037628944e-05  -1.153159387261063e-04
 +0   -1.807693137239816e-01  +0.000000000000000e+00
 +1   -2.114512037628944e-05  +1.153159387261063e-04
 +2   -7.096693030538606e-04  +1.652654190574167e-03
 +3   +2.099463848595743e-06  +4.305271533699104e-07
 +4   +2.211241753818604e-06  +1.129381149992187e-05
 +5   +2.037360136752479e-08  -1.236093327997251e-08
 +6   +3.351971162586461e-08  +6.492966376098812e-08
 +7   +1.257425858672426e-10  -1.788882552653482e-10
 +8   +2.809147774303615e-10  +4.084563740916601e-10
 +9   -8.443341211952619e-13  +3.789338801285369e-12
+10   +9.118182454436422e-13  +7.804594282491568e-12
+11   -1.110582978021767e-12  +4.558069844570564e-12
+12   -9.850184983781984e-13  +4.173603669336836e-12
+13   -9.226469746729322e-13  +3.800526027125091e-12
+14   -8.648652356539263e-13  +3.501360997521488e-12
+15   -8.219113297754578e-13  +3.244321236223214e-12
+16   -7.889871552000451e-13  +3.021649098128496e-12
+17   -7.633393441687734e-13  +2.826769295124894e-12
+18   -7.430067729075064e-13  +2.654775602072593e-12
+19   -7.266375336058884e-13  +2.501812303584410e-12
+20   -7.132736285979118e-13  +2.364847477398498e-12
+21   -7.022351804000558e-13  +2.241436502268307e-12
+22   -6.930093856708507e-13  +2.129627202692488e-12
+23   -6.852274795978182e-13  +2.027814015103412e-12
+24   -6.785996426162335e-13  +1.934679074239937e-12
+25   -6.729163477177322e-13  +1.849115111883489e-12
+26   -6.679937791012880e-13  +1.770206754019366e-12
+27   -6.637093369922027e-13  +1.697172085989967e-12
+28   -6.599567631906364e-13  +1.629359116218966e-12
+29   -6.566556947765162e-13  +1.566192243651140e-12
+30   -6.537258396070472e-13  +1.507195909538670e-12

