-30   +3.836161230427956e-12  +4.384816979941819e-11
-29   +2.842976547611096e-12  +4.527522431463592e-11
-28   +1.748236149692242e-12  +4.677335260533647e-11
-27   +5.418938128132651e-13  +4.833986957887511e-11
-26   -7.951829517268054e-13  +4.998487141000896e-11
-25   -2.277799660105353e-12  +5.170463633864211e-11
-24   -3.931245821849388e-12  +5.350893850801728e-11
-23   -5.777351533629902e-12  +5.539181642923725e-11
-22   -7.850086527754269e-12  +5.736114624062980e-11
-21   -1.018164456716361e-11  +5.940642590117096e-11
-20   -1.281902498894919e-11  +6.153024766193460e-11
-19   -1.580941156725992e-11  +6.371245566715784e-11
-18   -1.921873441281944e-11  +6.594342266932394e-11
-17   -2.311528194451555e-11  +6.818368909771873e-11
-16   -2.759429061017360e-11  +7.039259068376309e-11
-15   -3.266254708592316e-11  +7.262287717775738e-11
-14   -3.874109127221317e-11  +7.434077952071286e-11
-13   -3.511666723475699e-11  +9.141122343232522e-11
-12   -5.572010045308231e-11  +7.363437017153647e-11
-11   +1.169420741183349e-09  +1.899403362359554e-09
-10   -2.305785477521363e-10  -1.576158000915053e-10
 -9   +1.441223184781854e-07  +2.133873706531848e-07
 -8   -8.147976063629918e-09  -1.184358721576771e-08
 -7   +1.676370906173280e-05  +2.479765533604392e-05
 -6   +2.027943421273550e-07  +3.003500164316630e-07
 -5   +1.910117079001372e-03  +2.825509635377357e-03
 -4   +1.225030711637529e-04  +1.812294885724302e-04
 -3   +2.001399030163243e-01  +2.960536738705596e-01
 -2   -1.090044966552376e-04  -1.592979996784734e-04
 -1   -1.688171701021652e-03  -2.510052037833959e-03
 +0   +6.010085740569779e-06  +0.000000000000000e+00
 +1   -1.688171701021652e-03  +2.510052037833959e-03
 +2   -1.090044966552376e-04  +1.592979996784734e-04
 +3   +2.001399030163243e-01  -2.960536738705596e-01
 +4   +1.225030711637529e-04  -1.812294885724302e-04
 +5   +1.910117079001372e-03  -2.825509635377357e-03
 +6   +2.027943421273550e-07  -3.003500164316630e-07
 +7   +1.676370906173280e-05  -2.479765533604392e-05
 +8   -8.147976063629918e-09  +1.184358721576771e-08
 +9   +1.441223184781854e-07  -2.133873706531848e-07
+10   -2.305785477521363e-10  +1.576158000915053e-10
+11   +1.169420741183349e-09  -1.899403362359554e-09
+12   -5.572010045308231e-11  -7.363437017153647e-11
+13   -3.511666723475699e-11  -9.141122343232522e-11
+14   -3.874109127221317e-11  -7.434077952071286e-11
+15   -3.266254708592316e-11  -7.262287717775738e-11
+16   -2.759429061017360e-11  -7.039259068376309e-11
+17   -2.311528194451555e-11  -6.818368909771873e-11
+18   -1.921873441281944e-11  -6.594342266932394e-11
+19   -1.580941156725992e-11  -6.371245566715784e-11
+20   -1.281902498894919e-11  -6.153024766193460e-11
+21   -1.018164456716361e-11  -5.940642590117096e-11
+22   -7.850086527754269e-12  -5.736114624062980e-11
+23   -5.777351533629902e-12  -5.539181642923725e-11
+24   -3.931245821849388e-12  -5.350893850801728e-11
+25   -2.277799660105353e-12  -5.170463633864211e-11
+26   -7.951829517268054e-13  -4.998487141000896e-11
+27   +5.418938128132651e-13  -4.833986957887511e-11
+28   +1.748236149692242e-12  -4.677335260533647e-11
+29   +2.842976547611096e-12  -4.527522431463592e-11
+30   +3.836161230427956e-12  -4.384816979941819e-11

