-30   +1.579174846686457e-11  -2.351550957497838e-11
-29   -1.614532468204043e-11  +2.434075696103767e-11
-28   +1.653504146256261e-11  -2.521334410974156e-11
-27   -1.696588610674183e-11  +2.613737628565467e-11
-26   +1.744371628138921e-11  -2.711736594831672e-11
-25   -1.797541955048804e-11  +2.815827193328672e-11
-24   +1.856919735044129e-11  -2.926554727182989e-11
-23   -1.923479077354921e-11  +3.044516066993340e-11
-22   +1.998387496091125e-11  -3.170359514163094e-11
-21   -2.083051282571819e-11  +3.304785048087619e-11
-20   +2.179170770755298e-11  -3.448538372619300e-11
-19   -2.288817505046637e-11  +3.602396587260845e-11
-18   +2.414523957682558e-11  -3.767147381575229e-11
-17   -2.559408537258830e-11  +3.943541557971603e-11
-16   +2.727324778827781e-11  -4.132224518055769e-11
-15   -2.923058455668796e-11  +4.333616607315480e-11
-14   +3.152585423988612e-11  -4.547705560576013e-11
-13   -3.423307733198219e-11  +4.773795389328446e-11
-12   +3.746212997188546e-11  -5.007980401344229e-11
-11   -4.127454154315419e-11  +5.250416137220348e-11
-10   +4.805786976246493e-11  -5.221609754041475e-11
 -9   -5.071049395307207e-11  +5.529185160054538e-11
 -8   +3.408464596120202e-10  +3.428103222992596e-10
 -7   +6.230872645534948e-11  -1.258410012605968e-10
 -6   +3.359865461245727e-08  +6.486048247976783e-08
 -5   +2.029138318803024e-08  -1.231020653637640e-08
 -4   +2.211347963474952e-06  +1.129374654633092e-05
 -3   +2.099219344489581e-06  +4.307083117128538e-07
 -2   -7.096691666720422e-04  +1.652654148815379e-03
 -1   -2.114523278110709e-05  +1.153159524205404e-04
 +0   -1.807693135754339e-01  +0.000000000000000e+00
 +1   -2.114523278110709e-05  -1.153159524205404e-04
 +2   -7.096691666720422e-04  -1.652654148815379e-03
 +3   +2.099219344489581e-06  -4.307083117128538e-07
 +4   +2.211347963474952e-06  -1.129374654633092e-05
 +5   +2.029138318803024e-08  +1.231020653637640e-08
 +6   +3.359865461245727e-08  -6.486048247976783e-08
 +7   +6.230872645534948e-11  +1.258410012605968e-10
 +8   +3.408464596120202e-10  -3.428103222992596e-10
 +9   -5.071049395307207e-11  -5.529185160054538e-11
+10   +4.805786976246493e-11  +5.221609754041475e-11
+11   -4.127454154315419e-11  -5.250416137220348e-11
+12   +3.746212997188546e-11  +5.007980401344229e-11
+13   -3.423307733198219e-11  -4.773795389328446e-11
+14   +3.152585423988612e-11  +4.547705560576013e-11
+15   -2.923058455668796e-11  -4.333616607315480e-11
+16   +2.727324778827781e-11  +4.132224518055769e-11
+17   -2.559408537258830e-11  -3.943541557971603e-11
+18   +2.414523957682558e-11  +3.767147381575229e-11
+19   -2.288817505046637e-11  -3.602396587260845e-11
+20   +2.179170770755298e-11  +3.448538372619300e-11
+21   -2.083051282571819e-11  -3.304785048087619e-11
+22   +1.998387496091125e-11  +3.170359514163094e-11
+23   -1.923479077354921e-11  -3.044516066993340e-11
+24   +1.856919735044129e-11  +2.926554727182989e-11
+25   -1.797541955048804e-11  -2.815827193328672e-11
+26   +1.744371628138921e-11  +2.711736594831672e-11
+27   -1.696588610674183e-11  -2.613737628565467e-11
+28   +1.653504146256261e-11  +2.521334410974156e-11
+29   -1.614532468204043e-11  -2.434075696103767e-11
+30   +1.579174846686457e-11  +2.351550957497838e-11

