-30   +1.668142349680199e-17  -2.294042229171824e-15
-29   +3.118432296328038e-17  +2.400014805878412e-15
-28   -1.060672610211714e-16  -2.495204681287930e-15
-27   +1.808952295246698e-16  +2.595091256832839e-15
-26   -2.620749631781438e-16  -2.705996149406828e-15
-25   +3.419533494063749e-16  +2.836705263605430e-15
-24   -4.863960141140666e-16  -2.970562273907531e-15
-23   +6.049979159294791e-16  +3.087839293701409e-15
-22   -7.383438172952126e-16  -3.262986535405892e-15
-21   +9.173469318794145e-16  +3.401294170757255e-15
-20   -1.077546878356540e-15  -3.611782777874529e-15
-19   +1.324884285682253e-15  +3.804686136400383e-15
-18   -1.530618212399380e-15  -4.022635759982614e-15
-17   +1.870927253781048e-15  +4.325215427987389e-15
-16   -2.916274614407627e-15  -4.991208551207746e-15
-15   +2.989416640100966e-15  +5.108891987974414e-15
-14   -8.648360380586009e-14  -5.237423093584393e-14
-13   +2.813085900700277e-14  +1.947866032832392e-14
-12   -1.017635597763813e-11  -5.761415750592716e-12
-11   +2.130627044564668e-12  +1.209701915556510e-12
-10   -1.249799581107909e-09  -7.071558856818120e-10
 -9   +1.611386227456739e-10  +9.124936378087363e-11
 -8   -1.544689860540309e-07  -8.740053754190993e-08
 -7   +7.987032360735794e-09  +4.528133782382062e-09
 -6   -1.920792178501998e-05  -1.086809257655138e-05
 -5   -3.632610516747392e-07  -2.044127863461964e-07
 -4   -2.394099831631281e-03  -1.354613844187023e-03
 -3   -1.659750002326640e-04  -9.377269245556063e-05
 -2   -2.888783005795859e-01  -1.634514381676713e-01
 -1   +1.456687685863824e-04  +8.679256526000622e-05
 +0   +4.364862718767275e-03  +0.000000000000000e+00
 +1   +1.456687685863824e-04  -8.679256526000622e-05
 +2   -2.888783005795859e-01  +1.634514381676713e-01
 +3   -1.659750002326640e-04  +9.377269245556063e-05
 +4   -2.394099831631281e-03  +1.354613844187023e-03
 +5   -3.632610516747392e-07  +2.044127863461964e-07
 +6   -1.920792178501998e-05  +1.086809257655138e-05
 +7   +7.987032360735794e-09  -4.528133782382062e-09
 +8   -1.544689860540309e-07  +8.740053754190993e-08
 +9   +1.611386227456739e-10  -9.124936378087363e-11
+10   -1.249799581107909e-09  +7.071558856818120e-10
+11   +2.130627044564668e-12  -1.209701915556510e-12
+12   -1.017635597763813e-11  +5.761415750592716e-12
+13   +2.813085900700277e-14  -1.947866032832392e-14
+14   -8.648360380586009e-14  +5.237423093584393e-14
+15   +2.989416640100966e-15  -5.108891987974414e-15
+16   -2.916274614407627e-15  +4.991208551207746e-15
+17   +1.870927253781048e-15  -4.325215427987389e-15
+18   -1.530618212399380e-15  +4.022635759982614e-15
+19   +1.324884285682253e-15  -3.804686136400383e-15
+20   -1.077546878356540e-15  +3.611782777874529e-15
+21   +9.173469318794145e-16  -3.401294170757255e-15
+22   -7.383438172952126e-16  +3.262986535405892e-15
+23   +6.049979159294791e-16  -3.087839293701409e-15
+24   -4.863960141140666e-16  +2.970562273907531e-15
+25   +3.419533494063749e-16  -2.836705263605430e-15
+26   -2.620749631781438e-16  +2.705996149406828e-15
+27   +1.808952295246698e-16  -2.595091256832839e-15
+28   -1.060672610211714e-16  +2.495204681287930e-15
+29   +3.118432296328038e-17  -2.400014805878412e-15
+30   +1.668142349680199e-17  +2.294042229171824e-15

