-30   +2.046437664294861e-15  -3.701921589365043e-15
-29   -2.076196234323617e-15  +3.879208134169243e-15
-28   +2.086475126753646e-15  -4.007064484244640e-15
-27   -2.151156274898554e-15  +4.159584939355360e-15
-26   +2.197974194564996e-15  -4.336702959439435e-15
-25   -2.247561825900574e-15  +4.516069301220312e-15
-24   +2.310504561476365e-15  -4.726546027895132e-15
-23   -2.379869944757226e-15  +4.947808930821949e-15
-22   +2.471055702963187e-15  -5.160974544511222e-15
-21   -2.547100843957225e-15  +5.439298747067101e-15
-20   +2.646773551807936e-15  -5.728201415656641e-15
-19   -2.738979020549556e-15  +6.031169158899354e-15
-18   +2.926308196780234e-15  -6.324615596729848e-15
-17   -3.090178330502689e-15  +6.750266157932760e-15
-16   +3.691148267978018e-15  -7.842579644638763e-15
-15   -3.678017808614960e-15  +7.924869347959613e-15
-14   +5.097855611951714e-14  -9.135105035806939e-14
-13   -1.796139289116194e-14  +3.302680472382518e-14
-12   +5.759945249446502e-12  -1.018092450322370e-11
-11   -1.207557665496988e-12  +2.136022408550637e-12
-10   +7.071615376176499e-10  -1.249790738051603e-09
 -9   -9.117716916754086e-11  +1.612667386415477e-10
 -8   +8.740139589074160e-08  -1.544674683519535e-07
 -7   -4.519211644417846e-09  +8.002798753975614e-09
 -6   +1.086819551716695e-05  -1.920773984736606e-05
 -5   +2.055397865943021e-07  -3.612692616847775e-07
 -4   +1.354625729201475e-03  -2.394078826603122e-03
 -3   +9.391170873056770e-05  -1.657293101353379e-04
 -2   +1.634526569877863e-01  -2.888761464960792e-01
 -1   -8.242206917080592e-05  +1.533929715082420e-04
 +0   -2.469719627025707e-03  +0.000000000000000e+00
 +1   -8.242206917080592e-05  -1.533929715082420e-04
 +2   +1.634526569877863e-01  +2.888761464960792e-01
 +3   +9.391170873056770e-05  +1.657293101353379e-04
 +4   +1.354625729201475e-03  +2.394078826603122e-03
 +5   +2.055397865943021e-07  +3.612692616847775e-07
 +6   +1.086819551716695e-05  +1.920773984736606e-05
 +7   -4.519211644417846e-09  -8.002798753975614e-09
 +8   +8.740139589074160e-08  +1.544674683519535e-07
 +9   -9.117716916754086e-11  -1.612667386415477e-10
+10   +7.071615376176499e-10  +1.249790738051603e-09
+11   -1.207557665496988e-12  -2.136022408550637e-12
+12   +5.759945249446502e-12  +1.018092450322370e-11
+13   -1.796139289116194e-14  -3.302680472382518e-14
+14   +5.097855611951714e-14  +9.135105035806939e-14
+15   -3.678017808614960e-15  -7.924869347959613e-15
+16   +3.691148267978018e-15  +7.842579644638763e-15
+17   -3.090178330502689e-15  -6.750266157932760e-15
+18   +2.926308196780234e-15  +6.324615596729848e-15
+19   -2.738979020549556e-15  -6.031169158899354e-15
+20   +2.646773551807936e-15  +5.728201415656641e-15
+21   -2.547100843957225e-15  -5.439298747067101e-15
+22   +2.471055702963187e-15  +5.160974544511222e-15
+23   -2.379869944757226e-15  -4.947808930821949e-15
+24   +2.310504561476365e-15  +4.726546027895132e-15
+25   -2.247561825900574e-15  -4.516069301220312e-15
+26   +2.197974194564996e-15  +4.336702959439435e-15
+27   -2.151156274898554e-15  -4.159584939355360e-15
+28   +2.086475126753646e-15  +4.007064484244640e-15
+29   -2.076196234323617e-15  -3.879208134169243e-15
+30   +2.046437664294861e-15  +3.701921589365043e-15

