-30   -1.062661017505590e-10  -4.129906179495618e-10
-29   -1.018120890089153e-10  -4.280574215700390e-10
-28   -9.686545111447464e-11  -4.441097121864064e-10
-27   -9.140597418939581e-11  -4.611476926905859e-10
-26   -8.530642797976120e-11  -4.793725894708454e-10
-25   -7.852067595349268e-11  -4.988031016280254e-10
-24   -7.088601249792389e-11  -5.196786139466016e-10
-23   -6.231639259445539e-11  -5.420440675863647e-10
-22   -5.259482835920742e-11  -5.661887081239686e-10
-21   -4.157221605156601e-11  -5.921945986976376e-10
-20   -2.894566103031086e-11  -6.204166157094750e-10
-19   -1.446316669856348e-11  -6.509882389885728e-10
-18   +2.318649388405380e-12  -6.843502312925799e-10
-17   +2.182526672422658e-11  -7.207045453180115e-10
-16   +4.474132491223567e-11  -7.606018465662451e-10
-15   +7.174726538758011e-11  -8.042929862636442e-10
-14   +1.041794228096305e-10  -8.526031850429854e-10
-13   +1.374440515677029e-10  -9.019085062126964e-10
-12   +1.982275767180941e-10  -9.697135720132308e-10
-11   -3.868730928241268e-10  -5.994719359960097e-10
-10   +1.019458036282198e-09  -1.572296911577154e-09
 -9   -7.184373194488589e-08  +4.766952286076896e-08
 -8   +5.211390459591744e-08  -3.613235788543475e-08
 -7   -7.942898372145238e-06  +5.368713234073425e-06
 -6   +2.369009763078498e-06  -1.602306669016512e-06
 -5   -8.232376454985850e-04  +5.565285948663960e-04
 -4   -6.479548242045061e-05  +4.380652556389940e-05
 -3   -1.032751337755462e-01  +6.981659760110955e-02
 -2   +6.343752908055868e-05  -4.242255961661932e-05
 -1   +8.054975370215018e-04  -5.474764775943886e-04
 +0   -3.582264497659718e-06  +0.000000000000000e+00
 +1   +8.054975370215018e-04  +5.474764775943886e-04
 +2   +6.343752908055868e-05  +4.242255961661932e-05
 +3   -1.032751337755462e-01  -6.981659760110955e-02
 +4   -6.479548242045061e-05  -4.380652556389940e-05
 +5   -8.232376454985850e-04  -5.565285948663960e-04
 +6   +2.369009763078498e-06  +1.602306669016512e-06
 +7   -7.942898372145238e-06  -5.368713234073425e-06
 +8   +5.211390459591744e-08  +3.613235788543475e-08
 +9   -7.184373194488589e-08  -4.766952286076896e-08
+10   +1.019458036282198e-09  +1.572296911577154e-09
+11   -3.868730928241268e-10  +5.994719359960097e-10
+12   +1.982275767180941e-10  +9.697135720132308e-10
+13   +1.374440515677029e-10  +9.019085062126964e-10
+14   +1.041794228096305e-10  +8.526031850429854e-10
+15   +7.174726538758011e-11  +8.042929862636442e-10
+16   +4.474132491223567e-11  +7.606018465662451e-10
+17   +2.182526672422658e-11  +7.207045453180115e-10
+18   +2.318649388405380e-12  +6.843502312925799e-10
+19   -1.446316669856348e-11  +6.509882389885728e-10
+20   -2.894566103031086e-11  +6.204166157094750e-10
+21   -4.157221605156601e-11  +5.921945986976376e-10
+22   -5.259482835920742e-11  +5.661887081239686e-10
+23   -6.231639259445539e-11  +5.420440675863647e-10
+24   -7.088601249792389e-11  +5.196786139466016e-10
+25   -7.852067595349268e-11  +4.988031016280254e-10
+26   -8.530642797976120e-11  +4.793725894708454e-10
+27   -9.140597418939581e-11  +4.611476926905859e-10
+28   -9.686545111447464e-11  +4.441097121864064e-10
+29   -1.018120890089153e-10  +4.280574215700390e-10
+30   -1.062661017505590e-10  +4.129906179495618e-10

