-30   -1.127138087165349e-11  -3.792373250144296e-11
-29   -1.096779021856979e-11  -3.933918729125126e-11
-28   -1.062960150446050e-11  -4.085040749439005e-11
-27   -1.025577065271317e-11  -4.245975436865724e-11
-26   -9.836699695829551e-12  -4.418583480649941e-11
-25   -9.369435963989958e-12  -4.603343751774289e-11
-24   -8.841653147336312e-12  -4.802539002326167e-11
-23   -8.247397093350140e-12  -5.016993882658033e-11
-22   -7.570121296269667e-12  -5.249567110719604e-11
-21   -6.798955272867681e-12  -5.501611051366349e-11
-20   -5.910521935922889e-12  -5.776789035300755e-11
-19   -4.885673907173565e-12  -6.077248479150452e-11
-18   -3.689447772372131e-12  -6.407816407829974e-11
-17   -2.288109088103794e-12  -6.771841820354316e-11
-16   -6.261807857700391e-13  -7.175881758994235e-11
-15   +1.357188448520593e-12  -7.625115052319325e-11
-14   +3.755972249568049e-12  -8.128694786194620e-11
-13   +6.685192477781512e-12  -8.694516045063381e-11
-12   +1.027554347423563e-11  -9.338984091330673e-11
-11   +1.491260802968009e-11  -1.006522966541201e-10
-10   +1.324082134203354e-11  -1.138703839215833e-10
 -9   +3.291581955938380e-11  -1.216506039490713e-10
 -8   -1.425303297358345e-09  -7.074539681815455e-10
 -7   +5.654964256729490e-10  -7.253259089415472e-10
 -6   -2.968431083196421e-07  -1.518769268431662e-08
 -5   +2.409674343332113e-08  -1.051938500340458e-07
 -4   -5.280813104399767e-05  +2.886656306876460e-05
 -3   -9.523757134952932e-06  -8.778163555533457e-06
 -2   -9.839852894249878e-04  +1.165184985586555e-02
 -1   -3.443348086395048e-05  +8.741929693647967e-04
 +0   +1.334023045308374e+00  +0.000000000000000e+00
 +1   -3.443348086395048e-05  -8.741929693647967e-04
 +2   -9.839852894249878e-04  -1.165184985586555e-02
 +3   -9.523757134952932e-06  +8.778163555533457e-06
 +4   -5.280813104399767e-05  -2.886656306876460e-05
 +5   +2.409674343332113e-08  +1.051938500340458e-07
 +6   -2.968431083196421e-07  +1.518769268431662e-08
 +7   +5.654964256729490e-10  +7.253259089415472e-10
 +8   -1.425303297358345e-09  +7.074539681815455e-10
 +9   +3.291581955938380e-11  +1.216506039490713e-10
+10   +1.324082134203354e-11  +1.138703839215833e-10
+11   +1.491260802968009e-11  +1.006522966541201e-10
+12   +1.027554347423563e-11  +9.338984091330673e-11
+13   +6.685192477781512e-12  +8.694516045063381e-11
+14   +3.755972249568049e-12  +8.128694786194620e-11
+15   +1.357188448520593e-12  +7.625115052319325e-11
+16   -6.261807857700391e-13  +7.175881758994235e-11
+17   -2.288109088103794e-12  +6.771841820354316e-11
+18   -3.689447772372131e-12  +6.407816407829974e-11
+19   -4.885673907173565e-12  +6.077248479150452e-11
+20   -5.910521935922889e-12  +5.776789035300755e-11
+21   -6.798955272867681e-12  +5.501611051366349e-11
+22   -7.570121296269667e-12  +5.249567110719604e-11
+23   -8.247397093350140e-12  +5.016993882658033e-11
+24   -8.841653147336312e-12  +4.802539002326167e-11
+25   -9.369435963989958e-12  +4.603343751774289e-11
+26   -9.836699695829551e-12  +4.418583480649941e-11
+27   -1.025577065271317e-11  +4.245975436865724e-11
+28   -1.062960150446050e-11  +4.085040749439005e-11
+29   -1.096779021856979e-11  +3.933918729125126e-11
+30   -1.127138087165349e-11  +3.792373250144296e-11

