-30   -2.936714397667451e-11  -3.177010504964059e-10
-29   -2.229589035022916e-11  -3.281176517994351e-10
-28   -1.450033049910033e-11  -3.390638053253026e-10
-27   -5.910142262211972e-12  -3.505237648537309e-10
-26   +3.612523485148765e-12  -3.625737972924175e-10
-25   +1.417234273386158e-11  -3.751928571015280e-10
-24   +2.595101480713743e-11  -3.884566369821499e-10
-23   +3.910331208356020e-11  -4.023314930807652e-10
-22   +5.387462851744147e-11  -4.168831688227585e-10
-21   +7.049358419319852e-11  -4.320503041658539e-10
-20   +8.929937990386999e-11  -4.478682063324252e-10
-19   +1.106300625280686e-10  -4.642160842157236e-10
-18   +1.349631913459049e-10  -4.810547276723461e-10
-17   +1.627979619513044e-10  -4.981374167126216e-10
-16   +1.948141529712701e-10  -5.152528969864024e-10
-15   +2.317061911808474e-10  -5.319345842021471e-10
-14   +2.745795662859189e-10  -5.473650167293978e-10
-13   +3.204699963526889e-10  -5.663265920849180e-10
-12   +3.873730589632755e-10  -5.625998836347968e-10
-11   +1.965098895211137e-11  -1.209572079612216e-09
-10   +9.990569362057106e-10  +1.299122452931028e-10
 -9   -4.823127122191472e-08  -7.280444171843473e-08
 -8   +3.558748637820440e-08  +5.107765018354398e-08
 -7   -5.369240353737105e-06  -7.944007570092928e-06
 -6   +1.601840086505963e-06  +2.367763236749272e-06
 -5   -5.565293313896413e-04  -8.232385552122693e-04
 -4   -4.380338176793323e-05  -6.480223464689685e-05
 -3   -6.981661443341068e-02  -1.032751112060607e-01
 -2   +4.288474967267266e-05  +6.275212385314051e-05
 -1   +5.445351765356009e-04  +8.098454544140377e-04
 +0   -2.428011386498783e-06  +0.000000000000000e+00
 +1   +5.445351765356009e-04  -8.098454544140377e-04
 +2   +4.288474967267266e-05  -6.275212385314051e-05
 +3   -6.981661443341068e-02  +1.032751112060607e-01
 +4   -4.380338176793323e-05  +6.480223464689685e-05
 +5   -5.565293313896413e-04  +8.232385552122693e-04
 +6   +1.601840086505963e-06  -2.367763236749272e-06
 +7   -5.369240353737105e-06  +7.944007570092928e-06
 +8   +3.558748637820440e-08  -5.107765018354398e-08
 +9   -4.823127122191472e-08  +7.280444171843473e-08
+10   +9.990569362057106e-10  -1.299122452931028e-10
+11   +1.965098895211137e-11  +1.209572079612216e-09
+12   +3.873730589632755e-10  +5.625998836347968e-10
+13   +3.204699963526889e-10  +5.663265920849180e-10
+14   +2.745795662859189e-10  +5.473650167293978e-10
+15   +2.317061911808474e-10  +5.319345842021471e-10
+16   +1.948141529712701e-10  +5.152528969864024e-10
+17   +1.627979619513044e-10  +4.981374167126216e-10
+18   +1.349631913459049e-10  +4.810547276723461e-10
+19   +1.106300625280686e-10  +4.642160842157236e-10
+20   +8.929937990386999e-11  +4.478682063324252e-10
+21   +7.049358419319852e-11  +4.320503041658539e-10
+22   +5.387462851744147e-11  +4.168831688227585e-10
+23   +3.910331208356020e-11  +4.023314930807652e-10
+24   +2.595101480713743e-11  +3.884566369821499e-10
+25   +1.417234273386158e-11  +3.751928571015280e-10
+26   +3.612523485148765e-12  +3.625737972924175e-10
+27   -5.910142262211972e-12  +3.505237648537309e-10
+28   -1.450033049910033e-11  +3.390638053253026e-10
+29   -2.229589035022916e-11  +3.281176517994351e-10
+30   -2.936714397667451e-11  +3.177010504964059e-10

