-30   -1.154741843626835e-10  +1.719657935112348e-10
-29   +1.180589418459546e-10  -1.780005766518133e-10
-28   -1.209079011539329e-10  +1.843816237371831e-10
-27   +1.240574854348475e-10  -1.911388412900406e-10
-26   -1.275504195736878e-10  +1.983052617065652e-10
-25   +1.314372217207605e-10  -2.059171807661457e-10
-24   -1.357776652526449e-10  +2.140145021129247e-10
-23   +1.406430414155942e-10  -2.226408214862670e-10
-22   -1.461185943479374e-10  +2.318436081042661e-10
-21   +1.523071245465529e-10  -2.416741096692607e-10
-20   -1.593328652933593e-10  +2.521868507686996e-10
-19   +1.673471768645890e-10  -2.634387979317439e-10
-18   -1.765351581158395e-10  +2.754875777350038e-10
-17   +1.871246245964750e-10  -2.883882785057942e-10
-16   -1.993971698620269e-10  +3.021884356856668e-10
-15   +2.137025162742475e-10  -3.169190043394495e-10
-14   -2.304766876581084e-10  +3.325810549019595e-10
-13   +2.502630650412296e-10  -3.491214235067662e-10
-12   -2.737798060425899e-10  +3.664360286903215e-10
-11   +3.017829209676436e-10  -3.841126403517622e-10
-10   -3.427767350298586e-10  +4.067119986823068e-10
 -9   +3.802701256625384e-10  -4.153261921791587e-10
 -8   -1.887842396249848e-09  +1.010892815420149e-09
 -7   +9.955928338765789e-10  +1.412252364588165e-10
 -6   -2.974651795916356e-07  +1.547611877557464e-08
 -5   +2.462904864035236e-08  +1.045919171114036e-07
 -4   -5.280898633377620e-05  -2.886634418907737e-05
 -3   -9.523090130159517e-06  +8.777584401115386e-06
 -2   -9.839864440294036e-04  -1.165184976975876e-02
 -1   -3.443287001608847e-05  -8.741932108512738e-04
 +0   +1.334023043968920e+00  +0.000000000000000e+00
 +1   -3.443287001608847e-05  +8.741932108512738e-04
 +2   -9.839864440294036e-04  +1.165184976975876e-02
 +3   -9.523090130159517e-06  -8.777584401115386e-06
 +4   -5.280898633377620e-05  +2.886634418907737e-05
 +5   +2.462904864035236e-08  -1.045919171114036e-07
 +6   -2.974651795916356e-07  -1.547611877557464e-08
 +7   +9.955928338765789e-10  -1.412252364588165e-10
 +8   -1.887842396249848e-09  -1.010892815420149e-09
 +9   +3.802701256625384e-10  +4.153261921791587e-10
+10   -3.427767350298586e-10  -4.067119986823068e-10
+11   +3.017829209676436e-10  +3.841126403517622e-10
+12   -2.737798060425899e-10  -3.664360286903215e-10
+13   +2.502630650412296e-10  +3.491214235067662e-10
+14   -2.304766876581084e-10  -3.325810549019595e-10
+15   +2.137025162742475e-10  +3.169190043394495e-10
+16   -1.993971698620269e-10  -3.021884356856668e-10
+17   +1.871246245964750e-10  +2.883882785057942e-10
+18   -1.765351581158395e-10  -2.754875777350038e-10
+19   +1.673471768645890e-10  +2.634387979317439e-10
+20   -1.593328652933593e-10  -2.521868507686996e-10
+21   +1.523071245465529e-10  +2.416741096692607e-10
+22   -1.461185943479374e-10  -2.318436081042661e-10
+23   +1.406430414155942e-10  +2.226408214862670e-10
+24   -1.357776652526449e-10  -2.140145021129247e-10
+25   +1.314372217207605e-10  +2.059171807661457e-10
+26   -1.275504195736878e-10  -1.983052617065652e-10
+27   +1.240574854348475e-10  +1.911388412900406e-10
+28   -1.209079011539329e-10  -1.843816237371831e-10
+29   +1.180589418459546e-10  +1.780005766518133e-10
+30   -1.154741843626835e-10  -1.719657935112348e-10

