-30   +2.789483693279297e-11  +9.324045934264973e-11
-29   +2.716616333617381e-11  +9.675236730067412e-11
-28   +2.635766649590690e-11  +1.004979073225229e-10
-27   +2.545941668424205e-11  +1.044987354569970e-10
-26   +2.445560457137925e-11  +1.087867362398392e-10
-25   +2.333109989111161e-11  +1.133913941137132e-10
-24   +2.206378263692367e-11  +1.183543445935167e-10
-23   +2.063078395833294e-11  +1.237162026772356e-10
-22   +1.899933366225144e-11  +1.295327992904966e-10
-21   +1.713398227499373e-11  +1.358608805481073e-10
-20   +1.498521899474103e-11  +1.427772346640523e-10
-19   +1.249542165685930e-11  +1.503634448394614e-10
-18   +9.585851489846661e-12  +1.587278273725152e-10
-17   +6.159210154882129e-12  +1.679903095701587e-10
-16   +2.084187650243363e-12  +1.783105897621613e-10
-15   -2.855153845945956e-12  +1.898051270846525e-10
-14   -8.720074774373049e-12  +2.029760679321706e-10
-13   -2.174076165468632e-11  +2.093713849825109e-10
-12   -2.043272502765886e-11  +2.418335149699290e-10
-11   -8.033263211464719e-10  -8.794102496175538e-10
-10   +3.874605797105465e-10  +9.272682662260029e-10
 -9   -1.074943713413392e-07  -1.585987884327079e-07
 -8   +3.349646047683343e-08  +5.003306359338233e-08
 -7   -1.568918945515895e-05  -2.320742152492341e-05
 -6   +1.409334342859767e-06  +2.085595564211084e-06
 -5   -2.436033708403103e-03  -3.603465425836666e-03
 -4   -2.031911669233320e-04  -3.005421243806557e-04
 -3   -4.111974923650760e-01  -6.082576989368942e-01
 -2   +2.330322982665931e-04  +3.487492873522413e-04
 -1   +2.723029383876994e-03  +3.995472481099284e-03
 +0   -2.253485326052240e-06  +0.000000000000000e+00
 +1   +2.723029383876994e-03  -3.995472481099284e-03
 +2   +2.330322982665931e-04  -3.487492873522413e-04
 +3   -4.111974923650760e-01  +6.082576989368942e-01
 +4   -2.031911669233320e-04  +3.005421243806557e-04
 +5   -2.436033708403103e-03  +3.603465425836666e-03
 +6   +1.409334342859767e-06  -2.085595564211084e-06
 +7   -1.568918945515895e-05  +2.320742152492341e-05
 +8   +3.349646047683343e-08  -5.003306359338233e-08
 +9   -1.074943713413392e-07  +1.585987884327079e-07
+10   +3.874605797105465e-10  -9.272682662260029e-10
+11   -8.033263211464719e-10  +8.794102496175538e-10
+12   -2.043272502765886e-11  -2.418335149699290e-10
+13   -2.174076165468632e-11  -2.093713849825109e-10
+14   -8.720074774373049e-12  -2.029760679321706e-10
+15   -2.855153845945956e-12  -1.898051270846525e-10
+16   +2.084187650243363e-12  -1.783105897621613e-10
+17   +6.159210154882129e-12  -1.679903095701587e-10
+18   +9.585851489846661e-12  -1.587278273725152e-10
+19   +1.249542165685930e-11  -1.503634448394614e-10
+20   +1.498521899474103e-11  -1.427772346640523e-10
+21   +1.713398227499373e-11  -1.358608805481073e-10
+22   +1.899933366225144e-11  -1.295327992904966e-10
+23   +2.063078395833294e-11  -1.237162026772356e-10
+24   +2.206378263692367e-11  -1.183543445935167e-10
+25   +2.333109989111161e-11  -1.133913941137132e-10
+26   +2.445560457137925e-11  -1.087867362398392e-10
+27   +2.545941668424205e-11  -1.044987354569970e-10
+28   +2.635766649590690e-11  -1.004979073225229e-10
+29   +2.716616333617381e-11  -9.675236730067412e-11
+30   +2.789483693279297e-11  -9.324045934264973e-11

