-30   -3.866674854342441e-12  -9.611933233839438e-12
-29   -3.855390320117563e-12  -9.968622547129978e-12
-28   -3.842577448903981e-12  -1.034886214999758e-11
-27   -3.828733208123768e-12  -1.075373192525341e-11
-26   -3.812969909366012e-12  -1.118723406843828e-11
-25   -3.795735951977550e-12  -1.165106398189323e-11
-24   -3.776046805159092e-12  -1.215016036181264e-11
-23   -3.754270934794342e-12  -1.268704939113285e-11
-22   -3.729242910554409e-12  -1.326794582531177e-11
-21   -3.701204557299844e-12  -1.389658361897007e-11
-20   -3.668732633787965e-12  -1.458093196524349e-11
-19   -3.631841109406726e-12  -1.532643582932191e-11
-18   -3.588686041411361e-12  -1.614345121392314e-11
-17   -3.538849297996399e-12  -1.703984215636727e-11
-16   -3.479764494381584e-12  -1.802916728124659e-11
-15   -3.410181937155324e-12  -1.912245731115441e-11
-14   -3.326082190252500e-12  -2.033702847806896e-11
-13   -3.224313277129490e-12  -2.168729935759640e-11
-12   -3.089077906958330e-12  -2.317758884474261e-11
-11   -2.909753421460882e-12  -2.485557883506696e-11
-10   -8.794349455812314e-13  -2.469462224082644e-11
 -9   +1.425378866664629e-12  -2.775370512273112e-11
 -8   +3.662273803560011e-10  +1.943753601497539e-10
 -7   +4.814827950820432e-10  -2.743799950152654e-11
 -6   +7.115643870330292e-08  +1.041778167992323e-08
 -5   +4.918152895262621e-08  -1.896569198798195e-08
 -4   +1.111288384195321e-05  -5.960205834465701e-06
 -3   +2.710053612190391e-06  -3.255749537700310e-06
 -2   -6.557639220804440e-05  -1.982422565680547e-03
 -1   -2.736691056204195e-06  -9.904829635920803e-05
 +0   -1.372669677112167e-01  +0.000000000000000e+00
 +1   -2.736691056204195e-06  +9.904829635920803e-05
 +2   -6.557639220804440e-05  +1.982422565680547e-03
 +3   +2.710053612190391e-06  +3.255749537700310e-06
 +4   +1.111288384195321e-05  +5.960205834465701e-06
 +5   +4.918152895262621e-08  +1.896569198798195e-08
 +6   +7.115643870330292e-08  -1.041778167992323e-08
 +7   +4.814827950820432e-10  +2.743799950152654e-11
 +8   +3.662273803560011e-10  -1.943753601497539e-10
 +9   +1.425378866664629e-12  +2.775370512273112e-11
+10   -8.794349455812314e-13  +2.469462224082644e-11
+11   -2.909753421460882e-12  +2.485557883506696e-11
+12   -3.089077906958330e-12  +2.317758884474261e-11
+13   -3.224313277129490e-12  +2.168729935759640e-11
+14   -3.326082190252500e-12  +2.033702847806896e-11
+15   -3.410181937155324e-12  +1.912245731115441e-11
+16   -3.479764494381584e-12  +1.802916728124659e-11
+17   -3.538849297996399e-12  +1.703984215636727e-11
+18   -3.588686041411361e-12  +1.614345121392314e-11
+19   -3.631841109406726e-12  +1.532643582932191e-11
+20   -3.668732633787965e-12  +1.458093196524349e-11
+21   -3.701204557299844e-12  +1.389658361897007e-11
+22   -3.729242910554409e-12  +1.326794582531177e-11
+23   -3.754270934794342e-12  +1.268704939113285e-11
+24   -3.776046805159092e-12  +1.215016036181264e-11
+25   -3.795735951977550e-12  +1.165106398189323e-11
+26   -3.812969909366012e-12  +1.118723406843828e-11
+27   -3.828733208123768e-12  +1.075373192525341e-11
+28   -3.842577448903981e-12  +1.034886214999758e-11
+29   -3.855390320117563e-12  +9.968622547129978e-12
+30   -3.866674854342441e-12  +9.611933233839438e-12

