-30   +2.809140592604228e-13  +3.721698961805124e-11
-29   -7.728444356586694e-13  +3.840162532262923e-11
-28   -1.935033125951095e-12  +3.963996082294078e-11
-27   -3.219784962169697e-12  +4.093102864780199e-11
-26   -4.645376388132714e-12  +4.227924417018776e-11
-25   -6.231744780966828e-12  +4.368235224042156e-11
-24   -8.004168856284982e-12  +4.514338163648602e-11
-23   -9.991237469032611e-12  +4.665706904251323e-11
-22   -1.222864437393066e-11  +4.822269310491840e-11
-21   -1.475764155420483e-11  +4.982931234761741e-11
-20   -1.763023938395276e-11  +5.146837143344492e-11
-19   -2.090752426070408e-11  +5.311617595971156e-11
-18   -2.466589494023583e-11  +5.474703012978886e-11
-17   -2.899734223531596e-11  +5.631047598071096e-11
-16   -3.401871012551372e-11  +5.774464710633734e-11
-15   -3.980437100116506e-11  +5.889654238417015e-11
-14   -4.679192008665049e-11  +5.979565550456746e-11
-13   -4.645684357803263e-11  +5.429564040672193e-11
-12   -7.152603410971284e-11  +6.399663011273244e-11
-11   +1.057928891771067e-09  -7.095238804454359e-10
-10   -7.394456861085800e-10  +4.917688074252691e-10
 -9   +1.587973335520646e-07  -1.073783485718646e-07
 -8   -4.982024924640133e-08  +3.362653414239602e-08
 -7   +2.320763948528728e-05  -1.568905224978753e-05
 -6   -2.085186665002242e-06  +1.409602297398120e-06
 -5   +3.603464156315979e-03  -2.436034579039638e-03
 -4   +3.005665442232824e-04  -2.031746663447293e-04
 -3   +6.082574549920392e-01  -4.111976573767743e-01
 -2   -3.447122471006431e-04  +2.357649266394876e-04
 -1   -4.027999203945030e-03  +2.701040841223264e-03
 +0   +3.332226627332281e-06  +0.000000000000000e+00
 +1   -4.027999203945030e-03  -2.701040841223264e-03
 +2   -3.447122471006431e-04  -2.357649266394876e-04
 +3   +6.082574549920392e-01  +4.111976573767743e-01
 +4   +3.005665442232824e-04  +2.031746663447293e-04
 +5   +3.603464156315979e-03  +2.436034579039638e-03
 +6   -2.085186665002242e-06  -1.409602297398120e-06
 +7   +2.320763948528728e-05  +1.568905224978753e-05
 +8   -4.982024924640133e-08  -3.362653414239602e-08
 +9   +1.587973335520646e-07  +1.073783485718646e-07
+10   -7.394456861085800e-10  -4.917688074252691e-10
+11   +1.057928891771067e-09  +7.095238804454359e-10
+12   -7.152603410971284e-11  -6.399663011273244e-11
+13   -4.645684357803263e-11  -5.429564040672193e-11
+14   -4.679192008665049e-11  -5.979565550456746e-11
+15   -3.980437100116506e-11  -5.889654238417015e-11
+16   -3.401871012551372e-11  -5.774464710633734e-11
+17   -2.899734223531596e-11  -5.631047598071096e-11
+18   -2.466589494023583e-11  -5.474703012978886e-11
+19   -2.090752426070408e-11  -5.311617595971156e-11
+20   -1.763023938395276e-11  -5.146837143344492e-11
+21   -1.475764155420483e-11  -4.982931234761741e-11
+22   -1.222864437393066e-11  -4.822269310491840e-11
+23   -9.991237469032611e-12  -4.665706904251323e-11
+24   -8.004168856284982e-12  -4.514338163648602e-11
+25   -6.231744780966828e-12  -4.368235224042156e-11
+26   -4.645376388132714e-12  -4.227924417018776e-11
+27   -3.219784962169697e-12  -4.093102864780199e-11
+28   -1.935033125951095e-12  -3.963996082294078e-11
+29   -7.728444356586694e-13  -3.840162532262923e-11
+30   +2.809140592604228e-13  -3.721698961805124e-11

