-30   +1.192035119990807e-11  -1.772644110284745e-11
-29   -1.218763207718366e-11  +1.834813167870228e-11
-28   +1.248222543243199e-11  -1.900545037154351e-11
-27   -1.280787872485828e-11  +1.970146090195990e-11
-26   +1.316901879201841e-11  -2.043955764271982e-11
-25   -1.357086274766226e-11  +2.122346107319540e-11
-24   +1.401957423835987e-11  -2.205726354712935e-11
-23   -1.452251581425021e-11  +2.294541867974325e-11
-22   +1.508848598057808e-11  -2.389279769751740e-11
-21   -1.572809399525124e-11  +2.490462937370318e-11
-20   +1.645415962703047e-11  -2.598646844303455e-11
-19   -1.728226694333030e-11  +2.714413418268592e-11
-18   +1.823152054725689e-11  -2.838345822309796e-11
-17   -1.932538135763516e-11  +2.971001092498057e-11
-16   +2.059286226559942e-11  -3.112853134841426e-11
-15   -2.206992764507444e-11  +3.264202731803895e-11
-14   +2.380136827584310e-11  -3.425021262399675e-11
-13   -2.584340197236306e-11  +3.594789128656426e-11
-12   +2.825556046764907e-11  -3.770359799575213e-11
-11   -3.118201075546631e-11  +3.954801114820844e-11
-10   +3.275803520308917e-11  -3.931263499513987e-11
 -9   -4.263983978623429e-11  +4.403995276265870e-11
 -8   -3.245141517243313e-10  +1.807635130188340e-10
 -7   -5.325761255489895e-10  +5.103042310420763e-11
 -6   -7.109987964735363e-08  +1.040691736136093e-08
 -5   -4.924248880305848e-08  -1.888414243055664e-08
 -4   -1.111280245659781e-05  -5.960212653761503e-06
 -3   -2.709823352039879e-06  -3.255384738173575e-06
 -2   +6.557651766823740e-05  -1.982422567455014e-03
 -1   +2.736642888910687e-06  -9.904826919523794e-05
 +0   +1.372669678704118e-01  +0.000000000000000e+00
 +1   +2.736642888910687e-06  +9.904826919523794e-05
 +2   +6.557651766823740e-05  +1.982422567455014e-03
 +3   -2.709823352039879e-06  +3.255384738173575e-06
 +4   -1.111280245659781e-05  +5.960212653761503e-06
 +5   -4.924248880305848e-08  +1.888414243055664e-08
 +6   -7.109987964735363e-08  -1.040691736136093e-08
 +7   -5.325761255489895e-10  -5.103042310420763e-11
 +8   -3.245141517243313e-10  -1.807635130188340e-10
 +9   -4.263983978623429e-11  -4.403995276265870e-11
+10   +3.275803520308917e-11  +3.931263499513987e-11
+11   -3.118201075546631e-11  -3.954801114820844e-11
+12   +2.825556046764907e-11  +3.770359799575213e-11
+13   -2.584340197236306e-11  -3.594789128656426e-11
+14   +2.380136827584310e-11  +3.425021262399675e-11
+15   -2.206992764507444e-11  -3.264202731803895e-11
+16   +2.059286226559942e-11  +3.112853134841426e-11
+17   -1.932538135763516e-11  -2.971001092498057e-11
+18   +1.823152054725689e-11  +2.838345822309796e-11
+19   -1.728226694333030e-11  -2.714413418268592e-11
+20   +1.645415962703047e-11  +2.598646844303455e-11
+21   -1.572809399525124e-11  -2.490462937370318e-11
+22   +1.508848598057808e-11  +2.389279769751740e-11
+23   -1.452251581425021e-11  -2.294541867974325e-11
+24   +1.401957423835987e-11  +2.205726354712935e-11
+25   -1.357086274766226e-11  -2.122346107319540e-11
+26   +1.316901879201841e-11  +2.043955764271982e-11
+27   -1.280787872485828e-11  -1.970146090195990e-11
+28   +1.248222543243199e-11  +1.900545037154351e-11
+29   -1.218763207718366e-11  -1.834813167870228e-11
+30   +1.192035119990807e-11  +1.772644110284745e-11

