-30   -1.075418493150898e-14  +2.410127299888107e-14
-29   +1.078703398865594e-14  -2.510325626081783e-14
-28   -1.080250069526169e-14  +2.606451252119207e-14
-27   +1.091761529218588e-14  -2.713930202216615e-14
-26   -1.097593979473508e-14  +2.830667973785224e-14
-25   +1.105553878435815e-14  -2.957592202743357e-14
-24   -1.118554888700065e-14  +3.092708219059966e-14
-23   +1.127697117857036e-14  -3.241437671637881e-14
-22   -1.145283469166265e-14  +3.398794104913697e-14
-21   +1.157924129845624e-14  -3.583610451971312e-14
-20   -1.174053159472329e-14  +3.782111057214891e-14
-19   +1.186229824582420e-14  -3.999283985620737e-14
-18   -1.217466408118715e-14  +4.229377692654411e-14
-17   +1.247025621948665e-14  -4.514489478555394e-14
-16   -1.302714144496513e-14  +4.861392299461482e-14
-15   +1.344605803463543e-14  -5.229953884316699e-14
-14   -4.051091434085452e-14  +1.030684963624662e-13
-13   +3.876619097300509e-14  -1.039395850884213e-13
-12   -3.630937450066176e-12  +6.457389188630848e-12
-11   +2.387143057398417e-12  -4.263544265514679e-12
-10   -5.024207675009577e-10  +8.880213609443633e-10
 -9   +2.103792079498530e-10  -3.717813511464052e-10
 -8   -7.231614317768121e-08  +1.278104659134695e-07
 -7   +1.480998832738789e-08  -2.616019344905811e-08
 -6   -1.098198943841085e-05  +1.940941828923143e-05
 -5   +2.690674820406826e-07  -4.731316235996110e-07
 -4   -1.828572029828758e-03  +3.231800943598741e-03
 -3   -1.727603499945730e-04  +3.058035343219056e-04
 -2   -3.708830429783918e-01  +6.555012357012142e-01
 -1   +1.989629664186809e-04  -3.513960228788710e-04
 +0   +4.200763706291232e-03  +0.000000000000000e+00
 +1   +1.989629664186809e-04  +3.513960228788710e-04
 +2   -3.708830429783918e-01  -6.555012357012142e-01
 +3   -1.727603499945730e-04  -3.058035343219056e-04
 +4   -1.828572029828758e-03  -3.231800943598741e-03
 +5   +2.690674820406826e-07  +4.731316235996110e-07
 +6   -1.098198943841085e-05  -1.940941828923143e-05
 +7   +1.480998832738789e-08  +2.616019344905811e-08
 +8   -7.231614317768121e-08  -1.278104659134695e-07
 +9   +2.103792079498530e-10  +3.717813511464052e-10
+10   -5.024207675009577e-10  -8.880213609443633e-10
+11   +2.387143057398417e-12  +4.263544265514679e-12
+12   -3.630937450066176e-12  -6.457389188630848e-12
+13   +3.876619097300509e-14  +1.039395850884213e-13
+14   -4.051091434085452e-14  -1.030684963624662e-13
+15   +1.344605803463543e-14  +5.229953884316699e-14
+16   -1.302714144496513e-14  -4.861392299461482e-14
+17   +1.247025621948665e-14  +4.514489478555394e-14
+18   -1.217466408118715e-14  -4.229377692654411e-14
+19   +1.186229824582420e-14  +3.999283985620737e-14
+20   -1.174053159472329e-14  -3.782111057214891e-14
+21   +1.157924129845624e-14  +3.583610451971312e-14
+22   -1.145283469166265e-14  -3.398794104913697e-14
+23   +1.127697117857036e-14  +3.241437671637881e-14
+24   -1.118554888700065e-14  -3.092708219059966e-14
+25   +1.105553878435815e-14  +2.957592202743357e-14
+26   -1.097593979473508e-14  -2.830667973785224e-14
+27   +1.091761529218588e-14  +2.713930202216615e-14
+28   -1.080250069526169e-14  -2.606451252119207e-14
+29   +1.078703398865594e-14  +2.510325626081783e-14
+30   -1.075418493150898e-14  -2.410127299888107e-14

