-30   +5.348100100994916e-15  -1.325207076204261e-14
-29   -5.364450749400982e-15  +1.381836733654301e-14
-28   +5.345934261835419e-15  -1.435977584750749e-14
-27   -5.379543008819347e-15  +1.496192341811399e-14
-26   +5.354068692800377e-15  -1.558381197071271e-14
-25   -5.381472674752938e-15  +1.631516012897807e-14
-24   +5.288402055629413e-15  -1.707890075148925e-14
-23   -5.308063780645350e-15  +1.784837678532182e-14
-22   +5.301918213972912e-15  -1.881055821859956e-14
-21   -5.249469114560084e-15  +1.973170616701512e-14
-20   +5.300324683392488e-15  -2.088146578505763e-14
-19   -5.200728974713374e-15  +2.206343305087693e-14
-18   +5.330999011829817e-15  -2.341384596980717e-14
-17   -5.203148618180666e-15  +2.503749420153923e-14
-16   +4.835545292649081e-15  -2.695642638917240e-14
-15   -4.578492402464869e-15  +2.905597930971380e-14
-14   -4.219848839157971e-14  -5.771066590592852e-14
-13   +3.811597948976438e-14  +5.821553798709434e-14
-12   -6.385782062221332e-12  -3.652928228832536e-12
-11   +4.185683769174211e-12  +2.411808469357981e-12
-10   -8.879188837279966e-10  -5.024580524711713e-10
 -9   +3.717757684801262e-10  +2.103600655926069e-10
 -8   -1.278080033029433e-07  -7.231751222222428e-08
 -7   +2.617440749874192e-08  +1.480191779441483e-08
 -6   -1.940903559070030e-05  -1.098220594309847e-05
 -5   +4.755367488667986e-07  +2.677065710937451e-07
 -4   -3.231729542871673e-03  -1.828612429603273e-03
 -3   -3.053282665646612e-04  -1.730292659481923e-04
 -2   -6.554807070368246e-01  -3.708946584744149e-01
 -1   +3.516374996469667e-04  +1.988263344282416e-04
 +0   +7.424226090771129e-03  +0.000000000000000e+00
 +1   +3.516374996469667e-04  -1.988263344282416e-04
 +2   -6.554807070368246e-01  +3.708946584744149e-01
 +3   -3.053282665646612e-04  +1.730292659481923e-04
 +4   -3.231729542871673e-03  +1.828612429603273e-03
 +5   +4.755367488667986e-07  -2.677065710937451e-07
 +6   -1.940903559070030e-05  +1.098220594309847e-05
 +7   +2.617440749874192e-08  -1.480191779441483e-08
 +8   -1.278080033029433e-07  +7.231751222222428e-08
 +9   +3.717757684801262e-10  -2.103600655926069e-10
+10   -8.879188837279966e-10  +5.024580524711713e-10
+11   +4.185683769174211e-12  -2.411808469357981e-12
+12   -6.385782062221332e-12  +3.652928228832536e-12
+13   +3.811597948976438e-14  -5.821553798709434e-14
+14   -4.219848839157971e-14  +5.771066590592852e-14
+15   -4.578492402464869e-15  -2.905597930971380e-14
+16   +4.835545292649081e-15  +2.695642638917240e-14
+17   -5.203148618180666e-15  -2.503749420153923e-14
+18   +5.330999011829817e-15  +2.341384596980717e-14
+19   -5.200728974713374e-15  -2.206343305087693e-14
+20   +5.300324683392488e-15  +2.088146578505763e-14
+21   -5.249469114560084e-15  -1.973170616701512e-14
+22   +5.301918213972912e-15  +1.881055821859956e-14
+23   -5.308063780645350e-15  -1.784837678532182e-14
+24   +5.288402055629413e-15  +1.707890075148925e-14
+25   -5.381472674752938e-15  -1.631516012897807e-14
+26   +5.354068692800377e-15  +1.558381197071271e-14
+27   -5.379543008819347e-15  -1.496192341811399e-14
+28   +5.345934261835419e-15  +1.435977584750749e-14
+29   -5.364450749400982e-15  -1.381836733654301e-14
+30   +5.348100100994916e-15  +1.325207076204261e-14

