-30   +2.619663417389049e-12  +2.822164721795552e-12
-29   +2.726593468769505e-12  +2.941711634476569e-12
-28   +2.832930369091674e-12  +3.092546070830585e-12
-27   +2.962501277970395e-12  +3.235844389816849e-12
-26   +3.094224347838967e-12  +3.415607690178760e-12
-25   +3.253379124381765e-12  +3.590597204678083e-12
-24   +3.418601267872303e-12  +3.809162563697021e-12
-23   +3.617149995007125e-12  +4.027576182303125e-12
-22   +3.827281309009935e-12  +4.299748642793911e-12
-21   +4.079023366736922e-12  +4.579612046376326e-12
-20   +4.350527793618303e-12  +4.928446395592615e-12
-19   +4.675477074783721e-12  +5.298686241075608e-12
-18   +5.032107733336029e-12  +5.761938899852100e-12
-17   +5.458970448993441e-12  +6.270884217786415e-12
-16   +5.935781184191512e-12  +6.914876217161028e-12
-15   +6.473867267165635e-12  +7.602244877925017e-12
-14   +7.205242688882846e-12  +8.676011948680732e-12
-13   +4.204287175361953e-12  +4.229889485243539e-12
-12   +1.419847102997516e-11  +1.921889750781830e-11
-11   -4.195974928959000e-10  -6.220887404863563e-10
-10   +4.833183696793048e-10  +7.144669005736596e-10
 -9   -4.883444431929468e-08  -7.223631884133337e-08
 -8   +3.488643527635522e-08  +5.160932728720809e-08
 -7   -5.370046061289630e-06  -7.943541946923134e-06
 -6   +1.600932074392360e-06  +2.368121246833609e-06
 -5   -5.565303184559126e-04  -8.232383592172639e-04
 -4   -4.380438062453541e-05  -6.480227351500308e-05
 -3   -6.981661529800622e-02  -1.032751113465789e-01
 -2   +4.288402712326216e-05  +6.275162259839279e-05
 -1   +5.445349019878256e-04  +8.098450342346304e-04
 +0   -2.423185692486974e-06  +0.000000000000000e+00
 +1   +5.445349019878256e-04  -8.098450342346304e-04
 +2   +4.288402712326216e-05  -6.275162259839279e-05
 +3   -6.981661529800622e-02  +1.032751113465789e-01
 +4   -4.380438062453541e-05  +6.480227351500308e-05
 +5   -5.565303184559126e-04  +8.232383592172639e-04
 +6   +1.600932074392360e-06  -2.368121246833609e-06
 +7   -5.370046061289630e-06  +7.943541946923134e-06
 +8   +3.488643527635522e-08  -5.160932728720809e-08
 +9   -4.883444431929468e-08  +7.223631884133337e-08
+10   +4.833183696793048e-10  -7.144669005736596e-10
+11   -4.195974928959000e-10  +6.220887404863563e-10
+12   +1.419847102997516e-11  -1.921889750781830e-11
+13   +4.204287175361953e-12  -4.229889485243539e-12
+14   +7.205242688882846e-12  -8.676011948680732e-12
+15   +6.473867267165635e-12  -7.602244877925017e-12
+16   +5.935781184191512e-12  -6.914876217161028e-12
+17   +5.458970448993441e-12  -6.270884217786415e-12
+18   +5.032107733336029e-12  -5.761938899852100e-12
+19   +4.675477074783721e-12  -5.298686241075608e-12
+20   +4.350527793618303e-12  -4.928446395592615e-12
+21   +4.079023366736922e-12  -4.579612046376326e-12
+22   +3.827281309009935e-12  -4.299748642793911e-12
+23   +3.617149995007125e-12  -4.027576182303125e-12
+24   +3.418601267872303e-12  -3.809162563697021e-12
+25   +3.253379124381765e-12  -3.590597204678083e-12
+26   +3.094224347838967e-12  -3.415607690178760e-12
+27   +2.962501277970395e-12  -3.235844389816849e-12
+28   +2.832930369091674e-12  -3.092546070830585e-12
+29   +2.726593468769505e-12  -2.941711634476569e-12
+30   +2.619663417389049e-12  -2.822164721795552e-12

