-30   +4.769232345429152e-12  +2.006753486370469e-11
-29   +4.519118796181325e-12  +2.078662322535993e-11
-28   +4.244756795579974e-12  +2.154534172184157e-11
-27   +3.938203484405887e-12  +2.235345374263678e-11
-26   +3.599354426811243e-12  +2.320890190870671e-11
-25   +3.218539765086216e-12  +2.412279869612900e-11
-24   +2.793940819096672e-12  +2.509362123533973e-11
-23   +2.313243234726716e-12  +2.613379430942073e-11
-22   +1.772186558650347e-12  +2.724201102535431e-11
-21   +1.154720012743000e-12  +2.843239058383127e-11
-20   +4.522799359712900e-13  +2.970372295401980e-11
-19   -3.570350291236251e-13  +3.107082340075190e-11
-18   -1.288028361209288e-12  +3.253119692610254e-11
-17   -2.371698976142008e-12  +3.409818616038603e-11
-16   -3.634897847058090e-12  +3.576591255808898e-11
-15   -5.056897341875852e-12  +3.749537903360096e-11
-14   -6.940528544140339e-12  +3.944108947372772e-11
-13   -6.126679546941095e-13  +3.567669804510029e-11
-12   -1.859578094456718e-11  +4.808050388139495e-11
-11   +1.119270440861252e-09  -7.213112851520958e-10
-10   -6.680542664511904e-10  +4.861795072497588e-10
 -9   +1.588807850623316e-07  -1.073746175366291e-07
 -8   -4.972218509011631e-08  +3.364434971594924e-08
 -7   +2.320775552635084e-05  -1.568901266691479e-05
 -6   -2.085047039131051e-06  +1.409677130217678e-06
 -5   +3.603464324994656e-03  -2.436034440866926e-03
 -4   +3.005668012339529e-04  -2.031743800568070e-04
 -3   +6.082574542748633e-01  -4.111976567744419e-01
 -2   -3.447123767202719e-04  +2.357647638887946e-04
 -1   -4.027999294219387e-03  +2.701040816560766e-03
 +0   +3.332624101996719e-06  +0.000000000000000e+00
 +1   -4.027999294219387e-03  -2.701040816560766e-03
 +2   -3.447123767202719e-04  -2.357647638887946e-04
 +3   +6.082574542748633e-01  +4.111976567744419e-01
 +4   +3.005668012339529e-04  +2.031743800568070e-04
 +5   +3.603464324994656e-03  +2.436034440866926e-03
 +6   -2.085047039131051e-06  -1.409677130217678e-06
 +7   +2.320775552635084e-05  +1.568901266691479e-05
 +8   -4.972218509011631e-08  -3.364434971594924e-08
 +9   +1.588807850623316e-07  +1.073746175366291e-07
+10   -6.680542664511904e-10  -4.861795072497588e-10
+11   +1.119270440861252e-09  +7.213112851520958e-10
+12   -1.859578094456718e-11  -4.808050388139495e-11
+13   -6.126679546941095e-13  -3.567669804510029e-11
+14   -6.940528544140339e-12  -3.944108947372772e-11
+15   -5.056897341875852e-12  -3.749537903360096e-11
+16   -3.634897847058090e-12  -3.576591255808898e-11
+17   -2.371698976142008e-12  -3.409818616038603e-11
+18   -1.288028361209288e-12  -3.253119692610254e-11
+19   -3.570350291236251e-13  -3.107082340075190e-11
+20   +4.522799359712900e-13  -2.970372295401980e-11
+21   +1.154720012743000e-12  -2.843239058383127e-11
+22   +1.772186558650347e-12  -2.724201102535431e-11
+23   +2.313243234726716e-12  -2.613379430942073e-11
+24   +2.793940819096672e-12  -2.509362123533973e-11
+25   +3.218539765086216e-12  -2.412279869612900e-11
+26   +3.599354426811243e-12  -2.320890190870671e-11
+27   +3.938203484405887e-12  -2.235345374263678e-11
+28   +4.244756795579974e-12  -2.154534172184157e-11
+29   +4.519118796181325e-12  -2.078662322535993e-11
+30   +4.769232345429152e-12  -2.006753486370469e-11

