-30   +1.501280668910097e-12  +4.099262081446490e-12
-29   +1.485655483993460e-12  +4.257524140682721e-12
-28   +1.471913257399362e-12  +4.419899576337806e-12
-27   +1.452903212192317e-12  +4.600176120486674e-12
-26   +1.435382873173320e-12  +4.786458884626464e-12
-25   +1.411840687143200e-12  +4.993923919476193e-12
-24   +1.389199329673203e-12  +5.210037670240852e-12
-23   +1.359427290221639e-12  +5.451631598797369e-12
-22   +1.329628897297102e-12  +5.705512494424531e-12
-21   +1.291083351028329e-12  +5.990657354275504e-12
-20   +1.250999876668123e-12  +6.293326565796261e-12
-19   +1.199659261362066e-12  +6.635180925031350e-12
-18   +1.144312890678044e-12  +7.002127399421909e-12
-17   +1.074287705595410e-12  +7.418996916520971e-12
-16   +9.946547117742984e-13  +7.873077585344875e-12
-15   +9.676792791590435e-13  +8.343085261159273e-12
-14   +7.768298030780459e-13  +8.966262829174332e-12
-13   +9.030480048255285e-12  +3.947914225076391e-12
-12   +6.563230150668042e-13  +1.022864082949115e-11
-11   +9.434110247018385e-10  -6.263910404139980e-10
-10   +3.899064859641128e-11  -1.419065250538488e-11
 -9   +1.040523032709448e-07  -7.032897481749875e-08
 -8   +5.498300776358572e-09  -3.702458310032202e-09
 -7   +1.111142914873051e-05  -7.511596907957893e-06
 -6   +6.384072896760465e-07  -4.315131241744499e-07
 -5   +1.099248655410859e-03  -7.431203930062006e-04
 -4   +5.517055038009096e-05  -3.729179628074449e-05
 -3   +8.241882295989195e-02  -5.571725425022036e-02
 -2   -3.797372229528489e-05  +2.602789106476192e-05
 -1   -3.866153858243659e-04  +2.602790632330479e-04
 +0   -2.186952602225518e-06  +0.000000000000000e+00
 +1   -3.866153858243659e-04  -2.602790632330479e-04
 +2   -3.797372229528489e-05  -2.602789106476192e-05
 +3   +8.241882295989195e-02  +5.571725425022036e-02
 +4   +5.517055038009096e-05  +3.729179628074449e-05
 +5   +1.099248655410859e-03  +7.431203930062006e-04
 +6   +6.384072896760465e-07  +4.315131241744499e-07
 +7   +1.111142914873051e-05  +7.511596907957893e-06
 +8   +5.498300776358572e-09  +3.702458310032202e-09
 +9   +1.040523032709448e-07  +7.032897481749875e-08
+10   +3.899064859641128e-11  +1.419065250538488e-11
+11   +9.434110247018385e-10  +6.263910404139980e-10
+12   +6.563230150668042e-13  -1.022864082949115e-11
+13   +9.030480048255285e-12  -3.947914225076391e-12
+14   +7.768298030780459e-13  -8.966262829174332e-12
+15   +9.676792791590435e-13  -8.343085261159273e-12
+16   +9.946547117742984e-13  -7.873077585344875e-12
+17   +1.074287705595410e-12  -7.418996916520971e-12
+18   +1.144312890678044e-12  -7.002127399421909e-12
+19   +1.199659261362066e-12  -6.635180925031350e-12
+20   +1.250999876668123e-12  -6.293326565796261e-12
+21   +1.291083351028329e-12  -5.990657354275504e-12
+22   +1.329628897297102e-12  -5.705512494424531e-12
+23   +1.359427290221639e-12  -5.451631598797369e-12
+24   +1.389199329673203e-12  -5.210037670240852e-12
+25   +1.411840687143200e-12  -4.993923919476193e-12
+26   +1.435382873173320e-12  -4.786458884626464e-12
+27   +1.452903212192317e-12  -4.600176120486674e-12
+28   +1.471913257399362e-12  -4.419899576337806e-12
+29   +1.485655483993460e-12  -4.257524140682721e-12
+30   +1.501280668910097e-12  -4.099262081446490e-12

