-30   -6.939195590680332e-13  -5.046238105791830e-12
-29   -5.974188098041608e-13  -5.228760924124097e-12
-28   -4.922950951135146e-13  -5.419485308681304e-12
-27   -3.739430072582801e-13  -5.624817352367102e-12
-26   -2.437969464999870e-13  -5.840273237451359e-12
-25   -9.651972555270143e-14  -6.072877075561789e-12
-24   +6.708590374353541e-14  -6.318025716942269e-12
-23   +2.534710845131043e-13  -6.583418055352910e-12
-22   +4.626701844051507e-13  -6.864299389832687e-12
-21   +7.029659533608483e-13  -7.169303488467743e-12
-20   +9.760723770678603e-13  -7.493327454473407e-12
-19   +1.292810729547187e-12  -7.845949168744257e-12
-18   +1.657676409830809e-12  -8.221599026574910e-12
-17   +2.085087299642089e-12  -8.631755508592040e-12
-16   +2.586737925747373e-12  -9.066268146443291e-12
-15   +3.092809333668441e-12  -9.672406818764830e-12
-14   +3.914866435371616e-12  -1.000575144830179e-11
-13   -5.757666538770176e-12  -2.611852792677595e-11
-12   +7.883534293183218e-12  -8.031630707132090e-12
-11   -1.225211605913753e-09  -1.834529153018906e-09
-10   +1.657984867696382e-10  +2.202046711785757e-10
 -9   -1.441969737366354e-07  -2.133294726021283e-07
 -8   +8.063041062963242e-09  +1.189318153531155e-08
 -7   -1.676380331901892e-05  -2.479761955385283e-05
 -6   -2.028935819149001e-07  -3.003368284546541e-07
 -5   -1.910117169843465e-03  -2.825509654306876e-03
 -4   -1.225031106362258e-04  -1.812295828765241e-04
 -3   -2.001399029087171e-01  -2.960536735348925e-01
 -2   +1.090042575206372e-04  +1.592979956028606e-04
 -1   +1.688171571411694e-03  +2.510051998041203e-03
 +0   -6.009511092196652e-06  +0.000000000000000e+00
 +1   +1.688171571411694e-03  -2.510051998041203e-03
 +2   +1.090042575206372e-04  -1.592979956028606e-04
 +3   -2.001399029087171e-01  +2.960536735348925e-01
 +4   -1.225031106362258e-04  +1.812295828765241e-04
 +5   -1.910117169843465e-03  +2.825509654306876e-03
 +6   -2.028935819149001e-07  +3.003368284546541e-07
 +7   -1.676380331901892e-05  +2.479761955385283e-05
 +8   +8.063041062963242e-09  -1.189318153531155e-08
 +9   -1.441969737366354e-07  +2.133294726021283e-07
+10   +1.657984867696382e-10  -2.202046711785757e-10
+11   -1.225211605913753e-09  +1.834529153018906e-09
+12   +7.883534293183218e-12  +8.031630707132090e-12
+13   -5.757666538770176e-12  +2.611852792677595e-11
+14   +3.914866435371616e-12  +1.000575144830179e-11
+15   +3.092809333668441e-12  +9.672406818764830e-12
+16   +2.586737925747373e-12  +9.066268146443291e-12
+17   +2.085087299642089e-12  +8.631755508592040e-12
+18   +1.657676409830809e-12  +8.221599026574910e-12
+19   +1.292810729547187e-12  +7.845949168744257e-12
+20   +9.760723770678603e-13  +7.493327454473407e-12
+21   +7.029659533608483e-13  +7.169303488467743e-12
+22   +4.626701844051507e-13  +6.864299389832687e-12
+23   +2.534710845131043e-13  +6.583418055352910e-12
+24   +6.708590374353541e-14  +6.318025716942269e-12
+25   -9.651972555270143e-14  +6.072877075561789e-12
+26   -2.437969464999870e-13  +5.840273237451359e-12
+27   -3.739430072582801e-13  +5.624817352367102e-12
+28   -4.922950951135146e-13  +5.419485308681304e-12
+29   -5.974188098041608e-13  +5.228760924124097e-12
+30   -6.939195590680332e-13  +5.046238105791830e-12

