-30   -1.012232194805533e-10  +2.181859022459844e-10
-29   +1.319853329291527e-10  -1.300463322387780e-10
-28   -1.074039585341511e-10  +2.343237368923995e-10
-27   +1.371403837358282e-10  -1.392078738379707e-10
-26   -1.150036094234879e-10  +2.525179467644277e-10
-25   +1.434287617135768e-10  -1.494006115246250e-10
-24   -1.244824448806876e-10  +2.731773054922471e-10
-23   +1.511912119135356e-10  -1.607803380462956e-10
-22   -1.364985970518349e-10  +2.968069443620530e-10
-21   +1.608984975422289e-10  -1.735164528138030e-10
-20   -1.520150088587629e-10  +3.240238723341635e-10
-19   +1.732104378030460e-10  -1.877781493947457e-10
-18   -1.724758656886132e-10  +3.555565709937439e-10
-17   +1.890650419271045e-10  -2.037026069527239e-10
-16   -2.000998947677624e-10  +3.921913380009092e-10
-15   +2.098160776128472e-10  -2.213294738033156e-10
-14   -2.383650479681456e-10  +4.345638161635998e-10
-13   +2.374580967795253e-10  -2.404738134997136e-10
-12   -2.927891111429501e-10  +4.825587655806776e-10
-11   +2.751008266388741e-10  -2.604636725786749e-10
-10   -3.790093768699497e-10  +5.383576564397980e-10
 -9   +3.325573273240885e-10  -2.764000195749209e-10
 -8   -1.948897837229343e-09  +1.156665853529167e-09
 -7   +9.203583061296676e-10  +2.922382611336545e-10
 -6   -2.975538458735180e-07  +1.563313150954045e-08
 -5   +2.452845918720644e-08  +1.047597976816418e-07
 -4   -5.280910548943345e-05  -2.886614920603556e-05
 -3   -9.523262129562848e-06  +8.777820567632168e-06
 -2   -9.839867291315746e-04  -1.165184951992402e-02
 -1   -3.443328876340098e-05  -8.741930433800132e-04
 +0   +1.334023043492554e+00  +0.000000000000000e+00
 +1   -3.443328876340098e-05  +8.741930433800132e-04
 +2   -9.839867291315746e-04  +1.165184951992402e-02
 +3   -9.523262129562848e-06  -8.777820567632168e-06
 +4   -5.280910548943345e-05  +2.886614920603556e-05
 +5   +2.452845918720644e-08  -1.047597976816418e-07
 +6   -2.975538458735180e-07  -1.563313150954045e-08
 +7   +9.203583061296676e-10  -2.922382611336545e-10
 +8   -1.948897837229343e-09  -1.156665853529167e-09
 +9   +3.325573273240885e-10  +2.764000195749209e-10
+10   -3.790093768699497e-10  -5.383576564397980e-10
+11   +2.751008266388741e-10  +2.604636725786749e-10
+12   -2.927891111429501e-10  -4.825587655806776e-10
+13   +2.374580967795253e-10  +2.404738134997136e-10
+14   -2.383650479681456e-10  -4.345638161635998e-10
+15   +2.098160776128472e-10  +2.213294738033156e-10
+16   -2.000998947677624e-10  -3.921913380009092e-10
+17   +1.890650419271045e-10  +2.037026069527239e-10
+18   -1.724758656886132e-10  -3.555565709937439e-10
+19   +1.732104378030460e-10  +1.877781493947457e-10
+20   -1.520150088587629e-10  -3.240238723341635e-10
+21   +1.608984975422289e-10  +1.735164528138030e-10
+22   -1.364985970518349e-10  -2.968069443620530e-10
+23   +1.511912119135356e-10  +1.607803380462956e-10
+24   -1.244824448806876e-10  -2.731773054922471e-10
+25   +1.434287617135768e-10  +1.494006115246250e-10
+26   -1.150036094234879e-10  -2.525179467644277e-10
+27   +1.371403837358282e-10  +1.392078738379707e-10
+28   -1.074039585341511e-10  -2.343237368923995e-10
+29   +1.319853329291527e-10  +1.300463322387780e-10
+30   -1.012232194805533e-10  -2.181859022459844e-10

