-30   +1.199007248370919e-10  +5.393216466347092e-10
-29   +8.727181464174294e-11  +5.946670372216616e-10
-28   +1.026122390647420e-10  +5.775629941959963e-10
-27   +6.698030712414468e-11  +6.377516218471987e-10
-26   +8.156185382060122e-11  +6.202415034369649e-10
-25   +4.212429516596657e-11  +6.859662487808276e-10
-24   +5.562842530639094e-11  +6.680946327633418e-10
-23   +1.129917451808927e-11  +7.401651452131927e-10
-22   +2.327067122458454e-11  +7.219649035432694e-10
-21   -2.743996784003951e-11  +8.013092196900712e-10
-20   -1.765132139716748e-11  +7.827683162042475e-10
-19   -7.680963145883756e-11  +8.704074778710320e-10
-18   -7.012144817775157e-11  +8.513975980017609e-10
-17   -1.406078559577880e-10  +9.483601046832752e-10
-16   -1.382666406202830e-10  +9.284960462730250e-10
-15   -2.240619348243669e-10  +1.035617189667435e-09
-14   -2.275927287476767e-10  +1.014022883508293e-09
-13   -3.339894246463425e-10  +1.131593662629940e-09
-12   -3.447362996639019e-10  +1.106732566447032e-09
-11   -4.781135979145187e-10  +1.234310436883632e-09
-10   -4.975654688603926e-10  +1.206956985415528e-09
 -9   -6.664267724892208e-10  +1.344619019153742e-09
 -8   -1.052461021404511e-09  +1.541738041306625e-09
 -7   -1.380257522782894e-09  +1.487701367651368e-09
 -6   -7.209925408248532e-08  +1.194835768781304e-08
 -5   -5.047226530677602e-08  -1.719904978076324e-08
 -4   -1.111442544501181e-05  -5.958387872632305e-06
 -3   -2.712049785459774e-06  -3.253589696100262e-06
 -2   +6.557365285670319e-05  -1.982421163994945e-03
 -1   +2.733383645318776e-06  -9.904753776672566e-05
 +0   +1.372669645000934e-01  +0.000000000000000e+00
 +1   +2.733383645318776e-06  +9.904753776672566e-05
 +2   +6.557365285670319e-05  +1.982421163994945e-03
 +3   -2.712049785459774e-06  +3.253589696100262e-06
 +4   -1.111442544501181e-05  +5.958387872632305e-06
 +5   -5.047226530677602e-08  +1.719904978076324e-08
 +6   -7.209925408248532e-08  -1.194835768781304e-08
 +7   -1.380257522782894e-09  -1.487701367651368e-09
 +8   -1.052461021404511e-09  -1.541738041306625e-09
 +9   -6.664267724892208e-10  -1.344619019153742e-09
+10   -4.975654688603926e-10  -1.206956985415528e-09
+11   -4.781135979145187e-10  -1.234310436883632e-09
+12   -3.447362996639019e-10  -1.106732566447032e-09
+13   -3.339894246463425e-10  -1.131593662629940e-09
+14   -2.275927287476767e-10  -1.014022883508293e-09
+15   -2.240619348243669e-10  -1.035617189667435e-09
+16   -1.382666406202830e-10  -9.284960462730250e-10
+17   -1.406078559577880e-10  -9.483601046832752e-10
+18   -7.012144817775157e-11  -8.513975980017609e-10
+19   -7.680963145883756e-11  -8.704074778710320e-10
+20   -1.765132139716748e-11  -7.827683162042475e-10
+21   -2.743996784003951e-11  -8.013092196900712e-10
+22   +2.327067122458454e-11  -7.219649035432694e-10
+23   +1.129917451808927e-11  -7.401651452131927e-10
+24   +5.562842530639094e-11  -6.680946327633418e-10
+25   +4.212429516596657e-11  -6.859662487808276e-10
+26   +8.156185382060122e-11  -6.202415034369649e-10
+27   +6.698030712414468e-11  -6.377516218471987e-10
+28   +1.026122390647420e-10  -5.775629941959963e-10
+29   +8.727181464174294e-11  -5.946670372216616e-10
+30   +1.199007248370919e-10  -5.393216466347092e-10

