-30   +5.177171581889452e-11  +3.476394776632999e-11
-29   -1.855274592824769e-11  +1.413374733438680e-10
-28   +5.078035667665178e-11  +3.722563431234673e-11
-27   -2.319038056818652e-11  +1.517155315399774e-10
-26   +4.957795866392198e-11  +3.997124398128489e-11
-25   -2.888380639655242e-11  +1.633715669664191e-10
-24   +4.810462224205528e-11  +4.304711229196639e-11
-23   -3.596545085560623e-11  +1.765361566172495e-10
-22   +4.628044344284445e-11  +4.650577408903037e-11
-21   -4.490152814671096e-11  +1.914805883745927e-10
-20   +4.399968419982065e-11  +5.040402160481910e-11
-19   -5.635583164829445e-11  +2.085125238433017e-10
-18   +4.112639321812754e-11  +5.479767969932267e-11
-17   -7.128453015613527e-11  +2.279537550132582e-10
-16   +3.749999256782010e-11  +5.973277588975917e-11
-15   -9.107133362742710e-11  +2.500788823280669e-10
-14   +3.297526839603395e-11  +6.524113062985785e-11
-13   -1.176964687386643e-10  +2.749817232537382e-10
-12   +2.755504331517407e-11  +7.140033314979514e-11
-11   -1.538723317394431e-10  +3.023700444403374e-10
-10   +2.019942494515985e-11  +7.834230557529515e-11
 -9   -2.017869743250214e-10  +3.319833920241178e-10
 -8   -2.767212106283905e-10  -2.797104402575211e-11
 -7   -1.357169609343394e-10  +4.608667474923505e-10
 -6   -5.221813425585287e-08  -3.481790009316056e-08
 -5   +5.893824061348026e-09  +1.745989427531348e-08
 -4   -7.462386902644944e-06  -1.081438030934637e-05
 -3   -1.396263507598308e-06  +1.142808724312902e-06
 -2   +3.720997006917717e-04  -2.756023312587594e-03
 -1   +1.634929441614617e-05  -2.455261965530481e-04
 +0   +3.934508950263030e-01  +0.000000000000000e+00
 +1   +1.634929441614617e-05  +2.455261965530481e-04
 +2   +3.720997006917717e-04  +2.756023312587594e-03
 +3   -1.396263507598308e-06  -1.142808724312902e-06
 +4   -7.462386902644944e-06  +1.081438030934637e-05
 +5   +5.893824061348026e-09  -1.745989427531348e-08
 +6   -5.221813425585287e-08  +3.481790009316056e-08
 +7   -1.357169609343394e-10  -4.608667474923505e-10
 +8   -2.767212106283905e-10  +2.797104402575211e-11
 +9   -2.017869743250214e-10  -3.319833920241178e-10
+10   +2.019942494515985e-11  -7.834230557529515e-11
+11   -1.538723317394431e-10  -3.023700444403374e-10
+12   +2.755504331517407e-11  -7.140033314979514e-11
+13   -1.176964687386643e-10  -2.749817232537382e-10
+14   +3.297526839603395e-11  -6.524113062985785e-11
+15   -9.107133362742710e-11  -2.500788823280669e-10
+16   +3.749999256782010e-11  -5.973277588975917e-11
+17   -7.128453015613527e-11  -2.279537550132582e-10
+18   +4.112639321812754e-11  -5.479767969932267e-11
+19   -5.635583164829445e-11  -2.085125238433017e-10
+20   +4.399968419982065e-11  -5.040402160481910e-11
+21   -4.490152814671096e-11  -1.914805883745927e-10
+22   +4.628044344284445e-11  -4.650577408903037e-11
+23   -3.596545085560623e-11  -1.765361566172495e-10
+24   +4.810462224205528e-11  -4.304711229196639e-11
+25   -2.888380639655242e-11  -1.633715669664191e-10
+26   +4.957795866392198e-11  -3.997124398128489e-11
+27   -2.319038056818652e-11  -1.517155315399774e-10
+28   +5.078035667665178e-11  -3.722563431234673e-11
+29   -1.855274592824769e-11  -1.413374733438680e-10
+30   +5.177171581889452e-11  -3.476394776632999e-11

