-30   -2.428620161539003e-12  +6.449241045368638e-11
-29   +2.921730633740928e-11  +1.835937847243043e-11
-28   -3.818997792702238e-12  +6.978763026352007e-11
-27   +2.927791783630929e-11  +2.043477435201042e-11
-26   -5.625456913350468e-12  +7.587130342835496e-11
-25   +2.922218495601479e-11  +2.293520789159306e-11
-24   -8.022908034012105e-12  +8.292447019244258e-11
-23   +2.895521787879596e-11  +2.598036761717954e-11
-22   -1.128146577994898e-11  +9.117389516073306e-11
-21   +2.831113134133035e-11  +2.972153052291265e-11
-20   -1.582919042935571e-11  +1.008932609017223e-10
-19   +2.699723666524441e-11  +3.433496704122026e-11
-18   -2.236097656368628e-11  +1.123806563007821e-10
-17   +2.449466299259157e-11  +3.997912928204058e-11
-16   -3.202355626069986e-11  +1.258612489907989e-10
-15   +1.989443703904246e-11  +4.664087327759607e-11
-14   -4.669974443408753e-11  +1.411725857101278e-10
-13   +1.169898916309877e-11  +5.366292383292533e-11
-12   -6.929114221317821e-11  +1.568371194310071e-10
-11   -2.028073544898859e-12  +5.845962376022455e-11
-10   -1.051342142433737e-10  +1.651477419392149e-10
 -9   -2.169873569572886e-11  +5.556966475095669e-11
 -8   -4.279595838198789e-10  -2.399964056210962e-10
 -7   -1.581613632791316e-10  +2.135554486029292e-10
 -6   -3.368841765318754e-08  -6.479076716090749e-08
 -5   -2.035204382434140e-08  +1.237612752027723e-08
 -4   -2.211370440873122e-06  -1.129363573472087e-05
 -3   -2.099262731567027e-06  -4.304889529526909e-07
 -2   +7.096689719469117e-04  -1.652653847757499e-03
 -1   +2.114483341943955e-05  -1.153157302872129e-04
 +0   +1.807693130846183e-01  +0.000000000000000e+00
 +1   +2.114483341943955e-05  +1.153157302872129e-04
 +2   +7.096689719469117e-04  +1.652653847757499e-03
 +3   -2.099262731567027e-06  +4.304889529526909e-07
 +4   -2.211370440873122e-06  +1.129363573472087e-05
 +5   -2.035204382434140e-08  -1.237612752027723e-08
 +6   -3.368841765318754e-08  +6.479076716090749e-08
 +7   -1.581613632791316e-10  -2.135554486029292e-10
 +8   -4.279595838198789e-10  +2.399964056210962e-10
 +9   -2.169873569572886e-11  -5.556966475095669e-11
+10   -1.051342142433737e-10  -1.651477419392149e-10
+11   -2.028073544898859e-12  -5.845962376022455e-11
+12   -6.929114221317821e-11  -1.568371194310071e-10
+13   +1.169898916309877e-11  -5.366292383292533e-11
+14   -4.669974443408753e-11  -1.411725857101278e-10
+15   +1.989443703904246e-11  -4.664087327759607e-11
+16   -3.202355626069986e-11  -1.258612489907989e-10
+17   +2.449466299259157e-11  -3.997912928204058e-11
+18   -2.236097656368628e-11  -1.123806563007821e-10
+19   +2.699723666524441e-11  -3.433496704122026e-11
+20   -1.582919042935571e-11  -1.008932609017223e-10
+21   +2.831113134133035e-11  -2.972153052291265e-11
+22   -1.128146577994898e-11  -9.117389516073306e-11
+23   +2.895521787879596e-11  -2.598036761717954e-11
+24   -8.022908034012105e-12  -8.292447019244258e-11
+25   +2.922218495601479e-11  -2.293520789159306e-11
+26   -5.625456913350468e-12  -7.587130342835496e-11
+27   +2.927791783630929e-11  -2.043477435201042e-11
+28   -3.818997792702238e-12  -6.978763026352007e-11
+29   +2.921730633740928e-11  -1.835937847243043e-11
+30   -2.428620161539003e-12  -6.449241045368638e-11

