-30   +5.343375253279930e-15  -1.326337763793061e-14
-29   -5.367914026274727e-15  +1.381431269908859e-14
-28   +5.345986477590898e-15  -1.433356413184925e-14
-27   -5.356977832600228e-15  +1.497559330207811e-14
-26   +5.350521795708837e-15  -1.559115838471375e-14
-25   -5.384993640945747e-15  +1.630679437822310e-14
-24   +5.289171011167014e-15  -1.708148691384444e-14
-23   -5.306792246285204e-15  +1.783549977476754e-14
-22   +5.352152696823257e-15  -1.883752642415594e-14
-21   -5.263697084515928e-15  +1.973700866328106e-14
-20   +5.295813588011546e-15  -2.087860638145804e-14
-19   -5.215581212206392e-15  +2.207450664059594e-14
-18   +5.318522025286327e-15  -2.344135704307230e-14
-17   -5.193294595167757e-15  +2.506229724361609e-14
-16   +4.836007777219580e-15  -2.695975194807859e-14
-15   -4.581145091647517e-15  +2.908744579870277e-14
-14   -4.217731140369934e-14  -5.770075787811849e-14
-13   +3.812931602546663e-14  +5.821336051739352e-14
-12   -6.385771227483818e-12  -3.652908439874921e-12
-11   +4.185694168549683e-12  +2.411843104575494e-12
-10   -8.879188618032553e-10  -5.024580511438999e-10
 -9   +3.717757652019498e-10  +2.103600624457742e-10
 -8   -1.278080033025919e-07  -7.231751221094973e-08
 -7   +2.617440749754619e-08  +1.480191778674163e-08
 -6   -1.940903559067648e-05  -1.098220594309870e-05
 -5   +4.755367488984660e-07  +2.677065711437772e-07
 -4   -3.231729542871640e-03  -1.828612429603294e-03
 -3   -3.053282665646896e-04  -1.730292659481231e-04
 -2   -6.554807070368248e-01  -3.708946584744151e-01
 -1   +3.516374996470740e-04  +1.988263344281998e-04
 +0   +7.424226090771108e-03  +0.000000000000000e+00
 +1   +3.516374996470740e-04  -1.988263344281998e-04
 +2   -6.554807070368248e-01  +3.708946584744151e-01
 +3   -3.053282665646896e-04  +1.730292659481231e-04
 +4   -3.231729542871640e-03  +1.828612429603294e-03
 +5   +4.755367488984660e-07  -2.677065711437772e-07
 +6   -1.940903559067648e-05  +1.098220594309870e-05
 +7   +2.617440749754619e-08  -1.480191778674163e-08
 +8   -1.278080033025919e-07  +7.231751221094973e-08
 +9   +3.717757652019498e-10  -2.103600624457742e-10
+10   -8.879188618032553e-10  +5.024580511438999e-10
+11   +4.185694168549683e-12  -2.411843104575494e-12
+12   -6.385771227483818e-12  +3.652908439874921e-12
+13   +3.812931602546663e-14  -5.821336051739352e-14
+14   -4.217731140369934e-14  +5.770075787811849e-14
+15   -4.581145091647517e-15  -2.908744579870277e-14
+16   +4.836007777219580e-15  +2.695975194807859e-14
+17   -5.193294595167757e-15  -2.506229724361609e-14
+18   +5.318522025286327e-15  +2.344135704307230e-14
+19   -5.215581212206392e-15  -2.207450664059594e-14
+20   +5.295813588011546e-15  +2.087860638145804e-14
+21   -5.263697084515928e-15  -1.973700866328106e-14
+22   +5.352152696823257e-15  +1.883752642415594e-14
+23   -5.306792246285204e-15  -1.783549977476754e-14
+24   +5.289171011167014e-15  +1.708148691384444e-14
+25   -5.384993640945747e-15  -1.630679437822310e-14
+26   +5.350521795708837e-15  +1.559115838471375e-14
+27   -5.356977832600228e-15  -1.497559330207811e-14
+28   +5.345986477590898e-15  +1.433356413184925e-14
+29   -5.367914026274727e-15  -1.381431269908859e-14
+30   +5.343375253279930e-15  +1.326337763793061e-14

