-30   -2.045103299285108e-15  +3.695254694611449e-15
-29   +2.076319961421038e-15  -3.880523812080525e-15
-28   -2.091613844333439e-15  +3.998802537535142e-15
-27   +2.147247666711373e-15  -4.146698303889114e-15
-26   -2.200976206035041e-15  +4.336899742864171e-15
-25   +2.243974300576188e-15  -4.519056699575900e-15
-24   -2.311367451599954e-15  +4.736117566111389e-15
-23   +2.371268594705746e-15  -4.956823048341034e-15
-22   -2.475913128045921e-15  +5.165908316429907e-15
-21   +2.553831403961800e-15  -5.445105826871544e-15
-20   -2.644794669942600e-15  +5.724442440953655e-15
-19   +2.743814528481803e-15  -6.029384504773360e-15
-18   -2.918770324038135e-15  +6.314716767817174e-15
-17   +3.086278352241065e-15  -6.759269907658363e-15
-16   -3.686050511072431e-15  +7.842792223514740e-15
-15   +3.681090857996554e-15  -7.920157268424646e-15
-14   -5.098118929701194e-14  +9.135604532310787e-14
-13   +1.796450186479346e-14  -3.302478248049852e-14
-12   -5.759938625311089e-12  +1.018092834597781e-11
-11   +1.207559433892112e-12  -2.136019280145613e-12
-10   -7.071615353596285e-10  +1.249790737136830e-09
 -9   +9.117716516540581e-11  -1.612667400658815e-10
 -8   -8.740139588401514e-08  +1.544674683501235e-07
 -7   +4.519211637352704e-09  -8.002798749311376e-09
 -6   -1.086819551716221e-05  +1.920773984735970e-05
 -5   -2.055397865707520e-07  +3.612692616654199e-07
 -4   -1.354625729201489e-03  +2.394078826603105e-03
 -3   -9.391170873052452e-05  +1.657293101353384e-04
 -2   -1.634526569877863e-01  +2.888761464960793e-01
 -1   +8.242206917079125e-05  -1.533929715082513e-04
 +0   +2.469719627025747e-03  +0.000000000000000e+00
 +1   +8.242206917079125e-05  +1.533929715082513e-04
 +2   -1.634526569877863e-01  -2.888761464960793e-01
 +3   -9.391170873052452e-05  -1.657293101353384e-04
 +4   -1.354625729201489e-03  -2.394078826603105e-03
 +5   -2.055397865707520e-07  -3.612692616654199e-07
 +6   -1.086819551716221e-05  -1.920773984735970e-05
 +7   +4.519211637352704e-09  +8.002798749311376e-09
 +8   -8.740139588401514e-08  -1.544674683501235e-07
 +9   +9.117716516540581e-11  +1.612667400658815e-10
+10   -7.071615353596285e-10  -1.249790737136830e-09
+11   +1.207559433892112e-12  +2.136019280145613e-12
+12   -5.759938625311089e-12  -1.018092834597781e-11
+13   +1.796450186479346e-14  +3.302478248049852e-14
+14   -5.098118929701194e-14  -9.135604532310787e-14
+15   +3.681090857996554e-15  +7.920157268424646e-15
+16   -3.686050511072431e-15  -7.842792223514740e-15
+17   +3.086278352241065e-15  +6.759269907658363e-15
+18   -2.918770324038135e-15  -6.314716767817174e-15
+19   +2.743814528481803e-15  +6.029384504773360e-15
+20   -2.644794669942600e-15  -5.724442440953655e-15
+21   +2.553831403961800e-15  +5.445105826871544e-15
+22   -2.475913128045921e-15  -5.165908316429907e-15
+23   +2.371268594705746e-15  +4.956823048341034e-15
+24   -2.311367451599954e-15  -4.736117566111389e-15
+25   +2.243974300576188e-15  +4.519056699575900e-15
+26   -2.200976206035041e-15  -4.336899742864171e-15
+27   +2.147247666711373e-15  +4.146698303889114e-15
+28   -2.091613844333439e-15  -3.998802537535142e-15
+29   +2.076319961421038e-15  +3.880523812080525e-15
+30   -2.045103299285108e-15  -3.695254694611449e-15

