-30   +6.646800163621391e-12  +2.072931928935469e-11
-29   +6.503228850529423e-12  +2.152624601792863e-11
-28   +6.360655738807834e-12  +2.234462464292923e-11
-27   +6.184280883866842e-12  +2.325153336287854e-11
-26   +6.004356090119800e-12  +2.418932997566298e-11
-25   +5.783831146801510e-12  +2.523181725500619e-11
-24   +5.552938079452302e-12  +2.631808777860850e-11
-23   +5.271475585577745e-12  +2.753007496524673e-11
-22   +4.969185176592177e-12  +2.880367755294753e-11
-21   +4.601211174088856e-12  +3.023103243773117e-11
-20   +4.195741733814349e-12  +3.174506095480372e-11
-19   +3.700664283868742e-12  +3.345079983311890e-11
-18   +3.140478464260392e-12  +3.527885529847292e-11
-17   +2.451340983612622e-12  +3.735077148330034e-11
-16   +1.647196728168289e-12  +3.959721447733491e-11
-15   +6.928609536462649e-13  +4.212750000658264e-11
-14   -6.438632736938689e-13  +4.502490766456553e-11
-13   +3.392936214147606e-12  +4.448190628553661e-11
-12   -1.203562312293986e-11  +5.718055322517197e-11
-11   +6.286135848865270e-10  -3.735191123424228e-10
-10   -7.087136925856995e-10  +5.328432936553807e-10
 -9   +7.224097454692949e-08  -4.878090828608122e-08
 -8   -5.160666715565456e-08  +3.494408901959028e-08
 -7   +7.943546819959914e-06  -5.369980209500757e-06
 -6   -2.368177493288975e-06  +1.600964590735348e-06
 -5   +8.232387180051903e-04  -5.565299948871764e-04
 -4   +6.479688161068847e-05  -4.380793554567230e-05
 -3   +1.032751354147873e-01  -6.981659890710444e-02
 -2   -6.343531165340677e-05  +4.242137091006071e-05
 -1   -8.054949001151608e-04  +5.474757893604898e-04
 +0   +3.583313916070378e-06  +0.000000000000000e+00
 +1   -8.054949001151608e-04  -5.474757893604898e-04
 +2   -6.343531165340677e-05  -4.242137091006071e-05
 +3   +1.032751354147873e-01  +6.981659890710444e-02
 +4   +6.479688161068847e-05  +4.380793554567230e-05
 +5   +8.232387180051903e-04  +5.565299948871764e-04
 +6   -2.368177493288975e-06  -1.600964590735348e-06
 +7   +7.943546819959914e-06  +5.369980209500757e-06
 +8   -5.160666715565456e-08  -3.494408901959028e-08
 +9   +7.224097454692949e-08  +4.878090828608122e-08
+10   -7.087136925856995e-10  -5.328432936553807e-10
+11   +6.286135848865270e-10  +3.735191123424228e-10
+12   -1.203562312293986e-11  -5.718055322517197e-11
+13   +3.392936214147606e-12  -4.448190628553661e-11
+14   -6.438632736938689e-13  -4.502490766456553e-11
+15   +6.928609536462649e-13  -4.212750000658264e-11
+16   +1.647196728168289e-12  -3.959721447733491e-11
+17   +2.451340983612622e-12  -3.735077148330034e-11
+18   +3.140478464260392e-12  -3.527885529847292e-11
+19   +3.700664283868742e-12  -3.345079983311890e-11
+20   +4.195741733814349e-12  -3.174506095480372e-11
+21   +4.601211174088856e-12  -3.023103243773117e-11
+22   +4.969185176592177e-12  -2.880367755294753e-11
+23   +5.271475585577745e-12  -2.753007496524673e-11
+24   +5.552938079452302e-12  -2.631808777860850e-11
+25   +5.783831146801510e-12  -2.523181725500619e-11
+26   +6.004356090119800e-12  -2.418932997566298e-11
+27   +6.184280883866842e-12  -2.325153336287854e-11
+28   +6.360655738807834e-12  -2.234462464292923e-11
+29   +6.503228850529423e-12  -2.152624601792863e-11
+30   +6.646800163621391e-12  -2.072931928935469e-11

