-30   -1.486087010672651e-11  -4.163339205905471e-11
-29   -1.469857909078606e-11  -4.323951395748354e-11
-28   -1.452090729918857e-11  -4.494938302416148e-11
-27   -1.431846798368192e-11  -4.678804058731659e-11
-26   -1.409413455014714e-11  -4.875661259509142e-11
-25   -1.383678489187861e-11  -5.088535762220500e-11
-24   -1.354782503391939e-11  -5.317931465373256e-11
-23   -1.321357880412404e-11  -5.567622471877571e-11
-22   -1.283240644853237e-11  -5.838732936604042e-11
-21   -1.238653684053131e-11  -6.136076187294370e-11
-20   -1.186948428377423e-11  -6.461790689509974e-11
-19   -1.125551656415611e-11  -6.822285122082877e-11
-18   -1.052897252026746e-11  -7.221300455612630e-11
-17   -9.649283013513766e-12  -7.667691476769549e-11
-16   -8.583381238844408e-12  -8.168050601471637e-11
-15   -7.217521975403606e-12  -8.728673164657348e-11
-14   -5.654551052106354e-12  -9.386878138334789e-11
-13   +2.143860580201237e-12  -9.288381106892017e-11
-12   -5.604396678620714e-12  -1.169871747730259e-10
-11   +7.692454544686908e-10  +1.013753959256883e-09
-10   -4.317919098077133e-10  -7.819884457299653e-10
 -9   +1.074367089533955e-07  +1.587567694343262e-07
 -8   -3.357200349082670e-08  -4.985998832820557e-08
 -7   +1.568908892319860e-05  +2.320761307469386e-05
 -6   -1.409472475840463e-06  -2.085379366142685e-06
 -5   +2.436033505711149e-03  +3.603465673712701e-03
 -4   +2.031908154130833e-04  +3.005424665681411e-04
 -3   +4.111974916950050e-01  +6.082576983159630e-01
 -2   -2.330322206105662e-04  -3.487493027334783e-04
 -1   -2.723029459956763e-03  -3.995472449660404e-03
 +0   +2.253185951464042e-06  +0.000000000000000e+00
 +1   -2.723029459956763e-03  +3.995472449660404e-03
 +2   -2.330322206105662e-04  +3.487493027334783e-04
 +3   +4.111974916950050e-01  -6.082576983159630e-01
 +4   +2.031908154130833e-04  -3.005424665681411e-04
 +5   +2.436033505711149e-03  -3.603465673712701e-03
 +6   -1.409472475840463e-06  +2.085379366142685e-06
 +7   +1.568908892319860e-05  -2.320761307469386e-05
 +8   -3.357200349082670e-08  +4.985998832820557e-08
 +9   +1.074367089533955e-07  -1.587567694343262e-07
+10   -4.317919098077133e-10  +7.819884457299653e-10
+11   +7.692454544686908e-10  -1.013753959256883e-09
+12   -5.604396678620714e-12  +1.169871747730259e-10
+13   +2.143860580201237e-12  +9.288381106892017e-11
+14   -5.654551052106354e-12  +9.386878138334789e-11
+15   -7.217521975403606e-12  +8.728673164657348e-11
+16   -8.583381238844408e-12  +8.168050601471637e-11
+17   -9.649283013513766e-12  +7.667691476769549e-11
+18   -1.052897252026746e-11  +7.221300455612630e-11
+19   -1.125551656415611e-11  +6.822285122082877e-11
+20   -1.186948428377423e-11  +6.461790689509974e-11
+21   -1.238653684053131e-11  +6.136076187294370e-11
+22   -1.283240644853237e-11  +5.838732936604042e-11
+23   -1.321357880412404e-11  +5.567622471877571e-11
+24   -1.354782503391939e-11  +5.317931465373256e-11
+25   -1.383678489187861e-11  +5.088535762220500e-11
+26   -1.409413455014714e-11  +4.875661259509142e-11
+27   -1.431846798368192e-11  +4.678804058731659e-11
+28   -1.452090729918857e-11  +4.494938302416148e-11
+29   -1.469857909078606e-11  +4.323951395748354e-11
+30   -1.486087010672651e-11  +4.163339205905471e-11

