-30   -5.149202328518738e-13  -9.987513415932691e-13
-29   -5.206369912817737e-13  -1.045861830841219e-12
-28   -5.316993521811892e-13  -1.087837260470099e-12
-27   -5.390420807737274e-13  -1.142698437690048e-12
-26   -5.521170802212276e-13  -1.192773481445864e-12
-25   -5.615595452707364e-13  -1.257681124228853e-12
-24   -5.772368304039809e-13  -1.318478284541810e-12
-23   -5.894383657122814e-13  -1.396745072220532e-12
-22   -6.085087273732600e-13  -1.472182406646647e-12
-21   -6.243238443934803e-13  -1.568752387449536e-12
-20   -6.479125165617582e-13  -1.664789450545904e-12
-19   -6.685131736340099e-13  -1.787374703748326e-12
-18   -6.980373029851876e-13  -1.913593636764591e-12
-17   -7.244612394741315e-13  -2.074189976827384e-12
-16   -7.620693330776445e-13  -2.247403058736123e-12
-15   -7.465831702273572e-13  -2.394927933918574e-12
-14   -8.426029651361894e-13  -2.716642453142672e-12
-13   +4.796892762670320e-12  +5.365777151207139e-12
-12   -7.948502291695613e-13  -3.206264500185236e-12
-11   +6.366487224162675e-10  +9.392823176995790e-10
-10   +2.539176521417198e-11  +3.452115279289690e-11
 -9   +7.034128536922372e-08  +1.040474165228699e-07
 -8   +3.716623999709650e-09  +5.492012264392938e-09
 -7   +7.511608525238999e-06  +1.111142812800272e-05
 -6   +4.315801335812290e-07  +6.383258797241733e-07
 -5   +7.431200173719406e-04  +1.099249229666734e-03
 -4   +3.729668971334607e-05  +5.516333915653851e-05
 -3   +5.571721814391629e-02  +8.241887637690334e-02
 -2   -2.567091168480689e-05  -3.850105109011472e-05
 -1   -2.613617578700645e-04  -3.850137328877198e-04
 +0   -1.478569020196793e-06  +0.000000000000000e+00
 +1   -2.613617578700645e-04  +3.850137328877198e-04
 +2   -2.567091168480689e-05  +3.850105109011472e-05
 +3   +5.571721814391629e-02  -8.241887637690334e-02
 +4   +3.729668971334607e-05  -5.516333915653851e-05
 +5   +7.431200173719406e-04  -1.099249229666734e-03
 +6   +4.315801335812290e-07  -6.383258797241733e-07
 +7   +7.511608525238999e-06  -1.111142812800272e-05
 +8   +3.716623999709650e-09  -5.492012264392938e-09
 +9   +7.034128536922372e-08  -1.040474165228699e-07
+10   +2.539176521417198e-11  -3.452115279289690e-11
+11   +6.366487224162675e-10  -9.392823176995790e-10
+12   -7.948502291695613e-13  +3.206264500185236e-12
+13   +4.796892762670320e-12  -5.365777151207139e-12
+14   -8.426029651361894e-13  +2.716642453142672e-12
+15   -7.465831702273572e-13  +2.394927933918574e-12
+16   -7.620693330776445e-13  +2.247403058736123e-12
+17   -7.244612394741315e-13  +2.074189976827384e-12
+18   -6.980373029851876e-13  +1.913593636764591e-12
+19   -6.685131736340099e-13  +1.787374703748326e-12
+20   -6.479125165617582e-13  +1.664789450545904e-12
+21   -6.243238443934803e-13  +1.568752387449536e-12
+22   -6.085087273732600e-13  +1.472182406646647e-12
+23   -5.894383657122814e-13  +1.396745072220532e-12
+24   -5.772368304039809e-13  +1.318478284541810e-12
+25   -5.615595452707364e-13  +1.257681124228853e-12
+26   -5.521170802212276e-13  +1.192773481445864e-12
+27   -5.390420807737274e-13  +1.142698437690048e-12
+28   -5.316993521811892e-13  +1.087837260470099e-12
+29   -5.206369912817737e-13  +1.045861830841219e-12
+30   -5.149202328518738e-13  +9.987513415932691e-13

