-30   +4.302347932843336e-12  +1.397347031001267e-11
-29   +4.200454755850486e-12  +1.450875788496727e-11
-28   +4.089960213393781e-12  +1.507516363969644e-11
-27   +3.963930412484514e-12  +1.568650694773791e-11
-26   +3.825652264680134e-12  +1.633703986402474e-11
-25   +3.667180050469996e-12  +1.704275094286406e-11
-24   +3.491018445401903e-12  +1.779866587273109e-11
-23   +3.287751230553922e-12  +1.862345195766371e-11
-22   +3.058578757895854e-12  +1.951343981479930e-11
-21   +2.791850062140030e-12  +2.049127554850569e-11
-20   +2.486249509844303e-12  +2.155558978029139e-11
-19   +2.126223939643501e-12  +2.273443798406137e-11
-18   +1.706231360447608e-12  +2.403037544431323e-11
-17   +1.204721412575961e-12  +2.547891429250326e-11
-16   +6.040220400118883e-13  +2.709200209452500e-11
-15   +4.924723170490097e-15  +2.882570733053106e-11
-14   -1.059053762162587e-12  +3.099527186036996e-11
-13   +1.339185363620550e-11  +2.282319659881323e-11
-12   -6.675812095568847e-12  +3.812601377148046e-11
-11   +1.817395812860820e-09  -1.193103189101132e-09
-10   -2.403572003503378e-10  +1.999803204079828e-10
 -9   +2.133055816398460e-07  -1.441603655765288e-07
 -8   -1.192366313494268e-08  +8.101243627992415e-09
 -7   +2.479759522378101e-05  -1.676375328355976e-05
 -6   +3.001259893087319e-07  -2.029596519669710e-07
 -5   +2.825510926470519e-03  -1.910116218626900e-03
 -4   +1.812108441078897e-04  -1.225156805704643e-04
 -3   +2.960538191004257e-01  -2.001398043348432e-01
 -2   -1.612418889382352e-04  +1.076885948154729e-04
 -1   -2.497201517167382e-03  +1.696858857528819e-03
 +0   +8.889177644853692e-06  +0.000000000000000e+00
 +1   -2.497201517167382e-03  -1.696858857528819e-03
 +2   -1.612418889382352e-04  -1.076885948154729e-04
 +3   +2.960538191004257e-01  +2.001398043348432e-01
 +4   +1.812108441078897e-04  +1.225156805704643e-04
 +5   +2.825510926470519e-03  +1.910116218626900e-03
 +6   +3.001259893087319e-07  +2.029596519669710e-07
 +7   +2.479759522378101e-05  +1.676375328355976e-05
 +8   -1.192366313494268e-08  -8.101243627992415e-09
 +9   +2.133055816398460e-07  +1.441603655765288e-07
+10   -2.403572003503378e-10  -1.999803204079828e-10
+11   +1.817395812860820e-09  +1.193103189101132e-09
+12   -6.675812095568847e-12  -3.812601377148046e-11
+13   +1.339185363620550e-11  -2.282319659881323e-11
+14   -1.059053762162587e-12  -3.099527186036996e-11
+15   +4.924723170490097e-15  -2.882570733053106e-11
+16   +6.040220400118883e-13  -2.709200209452500e-11
+17   +1.204721412575961e-12  -2.547891429250326e-11
+18   +1.706231360447608e-12  -2.403037544431323e-11
+19   +2.126223939643501e-12  -2.273443798406137e-11
+20   +2.486249509844303e-12  -2.155558978029139e-11
+21   +2.791850062140030e-12  -2.049127554850569e-11
+22   +3.058578757895854e-12  -1.951343981479930e-11
+23   +3.287751230553922e-12  -1.862345195766371e-11
+24   +3.491018445401903e-12  -1.779866587273109e-11
+25   +3.667180050469996e-12  -1.704275094286406e-11
+26   +3.825652264680134e-12  -1.633703986402474e-11
+27   +3.963930412484514e-12  -1.568650694773791e-11
+28   +4.089960213393781e-12  -1.507516363969644e-11
+29   +4.200454755850486e-12  -1.450875788496727e-11
+30   +4.302347932843336e-12  -1.397347031001267e-11

