-30   +1.271177845849461e-12  +4.395977516700110e-12
-29   +1.206665702291312e-12  +4.622386245908182e-12
-28   +1.187445753686397e-12  +4.733519065433461e-12
-27   +1.113768489902031e-12  +4.987251398061784e-12
-26   +1.083895061263918e-12  +5.117757492733859e-12
-25   +9.979890271429476e-13  +5.404635308734264e-12
-24   +9.537989034386054e-13  +5.559402412245514e-12
-23   +8.511963062940613e-13  +5.886918009532430e-12
-22   +7.872927003219061e-13  +6.072584203813556e-12
-21   +6.613869704986757e-13  +6.450821333622316e-12
-20   +5.694823003588390e-13  +6.676343616249804e-12
-19   +4.100588420219522e-13  +7.118958802926480e-12
-18   +2.771632927195784e-13  +7.396541560435084e-12
-17   +6.774139342283191e-14  +7.922297205823994e-12
-16   -1.275227876809923e-13  +8.269175414849215e-12
-15   -4.149086673780220e-13  +8.904364529857337e-12
-14   -7.094477321276670e-13  +9.344895925941556e-12
-13   -1.125280718651785e-12  +1.012673389862578e-11
-12   -1.547835205616923e-12  +1.072944928784250e-11
-11   -2.264868125903892e-12  +1.169427952928966e-11
-10   +4.468836986538429e-12  +1.732932590610377e-11
 -9   -8.684794525060845e-12  +1.684116869108394e-11
 -8   +1.458243185482744e-09  +5.927027574155904e-10
 -7   -5.207878157178267e-10  +5.997886349233466e-10
 -6   +2.969041358370765e-07  +1.504968747171292e-08
 -5   -2.401036756320061e-08  +1.050404643862817e-07
 -4   +5.280824842159207e-05  -2.886672486651866e-05
 -3   +9.524206212757271e-06  +8.777609233401604e-06
 -2   +9.839855147870508e-04  -1.165185000434058e-02
 -1   +3.443376786868805e-05  -8.741930586310731e-04
 +0   -1.334023044992868e+00  +0.000000000000000e+00
 +1   +3.443376786868805e-05  +8.741930586310731e-04
 +2   +9.839855147870508e-04  +1.165185000434058e-02
 +3   +9.524206212757271e-06  -8.777609233401604e-06
 +4   +5.280824842159207e-05  +2.886672486651866e-05
 +5   -2.401036756320061e-08  -1.050404643862817e-07
 +6   +2.969041358370765e-07  -1.504968747171292e-08
 +7   -5.207878157178267e-10  -5.997886349233466e-10
 +8   +1.458243185482744e-09  -5.927027574155904e-10
 +9   -8.684794525060845e-12  -1.684116869108394e-11
+10   +4.468836986538429e-12  -1.732932590610377e-11
+11   -2.264868125903892e-12  -1.169427952928966e-11
+12   -1.547835205616923e-12  -1.072944928784250e-11
+13   -1.125280718651785e-12  -1.012673389862578e-11
+14   -7.094477321276670e-13  -9.344895925941556e-12
+15   -4.149086673780220e-13  -8.904364529857337e-12
+16   -1.275227876809923e-13  -8.269175414849215e-12
+17   +6.774139342283191e-14  -7.922297205823994e-12
+18   +2.771632927195784e-13  -7.396541560435084e-12
+19   +4.100588420219522e-13  -7.118958802926480e-12
+20   +5.694823003588390e-13  -6.676343616249804e-12
+21   +6.613869704986757e-13  -6.450821333622316e-12
+22   +7.872927003219061e-13  -6.072584203813556e-12
+23   +8.511963062940613e-13  -5.886918009532430e-12
+24   +9.537989034386054e-13  -5.559402412245514e-12
+25   +9.979890271429476e-13  -5.404635308734264e-12
+26   +1.083895061263918e-12  -5.117757492733859e-12
+27   +1.113768489902031e-12  -4.987251398061784e-12
+28   +1.187445753686397e-12  -4.733519065433461e-12
+29   +1.206665702291312e-12  -4.622386245908182e-12
+30   +1.271177845849461e-12  -4.395977516700110e-12

