-30   +4.895207283713786e-12  +1.306961181044768e-11
-29   +4.859094398034295e-12  +1.354887996239631e-11
-28   +4.813162517512929e-12  +1.407346010681137e-11
-27   +4.768132937682686e-12  +1.461807852013982e-11
-26   +4.711953668412379e-12  +1.521607293209239e-11
-25   +4.655117019833520e-12  +1.584078437129093e-11
-24   +4.585214197147212e-12  +1.652924069018815e-11
-23   +4.512360236617986e-12  +1.725339873476558e-11
-22   +4.423650522261560e-12  +1.805485814056130e-11
-21   +4.328599765304820e-12  +1.890424616212751e-11
-20   +4.213429512289046e-12  +1.984890655983842e-11
-19   +4.086684267817398e-12  +2.085835009431137e-11
-18   +3.933136655427214e-12  +2.198732331760715e-11
-17   +3.759553361648350e-12  +2.320449046605416e-11
-16   +3.548216125105423e-12  +2.457419671938372e-11
-15   +3.302603443856993e-12  +2.606457620188893e-11
-14   +3.000123614886189e-12  +2.775214294652357e-11
-13   +2.637580696038798e-12  +2.960411556960990e-11
-12   +2.173698271422700e-12  +3.169527604849219e-11
-11   +1.587866934806397e-12  +3.402050907338941e-11
-10   -9.672651063177012e-13  +3.463846538000648e-11
 -9   -3.947109765909382e-12  +3.854616122178533e-11
 -8   -3.696516724668582e-10  -1.825647158904129e-10
 -7   -4.860339995175854e-10  +4.041220575843165e-11
 -6   -7.116277350248032e-08  -1.040360237374229e-08
 -5   -4.917662281331904e-08  +1.899106778083487e-08
 -4   -1.111289480804642e-05  +5.960223224633906e-06
 -3   -2.707773292547881e-06  +3.257445601131151e-06
 -2   +6.557636774194598e-05  +1.982422579921269e-03
 -1   +2.736646180151826e-06  +9.904829476263242e-05
 +0   +1.372669676788875e-01  +0.000000000000000e+00
 +1   +2.736646180151826e-06  -9.904829476263242e-05
 +2   +6.557636774194598e-05  -1.982422579921269e-03
 +3   -2.707773292547881e-06  -3.257445601131151e-06
 +4   -1.111289480804642e-05  -5.960223224633906e-06
 +5   -4.917662281331904e-08  -1.899106778083487e-08
 +6   -7.116277350248032e-08  +1.040360237374229e-08
 +7   -4.860339995175854e-10  -4.041220575843165e-11
 +8   -3.696516724668582e-10  +1.825647158904129e-10
 +9   -3.947109765909382e-12  -3.854616122178533e-11
+10   -9.672651063177012e-13  -3.463846538000648e-11
+11   +1.587866934806397e-12  -3.402050907338941e-11
+12   +2.173698271422700e-12  -3.169527604849219e-11
+13   +2.637580696038798e-12  -2.960411556960990e-11
+14   +3.000123614886189e-12  -2.775214294652357e-11
+15   +3.302603443856993e-12  -2.606457620188893e-11
+16   +3.548216125105423e-12  -2.457419671938372e-11
+17   +3.759553361648350e-12  -2.320449046605416e-11
+18   +3.933136655427214e-12  -2.198732331760715e-11
+19   +4.086684267817398e-12  -2.085835009431137e-11
+20   +4.213429512289046e-12  -1.984890655983842e-11
+21   +4.328599765304820e-12  -1.890424616212751e-11
+22   +4.423650522261560e-12  -1.805485814056130e-11
+23   +4.512360236617986e-12  -1.725339873476558e-11
+24   +4.585214197147212e-12  -1.652924069018815e-11
+25   +4.655117019833520e-12  -1.584078437129093e-11
+26   +4.711953668412379e-12  -1.521607293209239e-11
+27   +4.768132937682686e-12  -1.461807852013982e-11
+28   +4.813162517512929e-12  -1.407346010681137e-11
+29   +4.859094398034295e-12  -1.354887996239631e-11
+30   +4.895207283713786e-12  -1.306961181044768e-11

