-30   +1.247783196146620e-12  +3.735150010506180e-12
-29   +1.234735047779232e-12  +3.855691367021302e-12
-28   +1.204586814603692e-12  +4.022938480849959e-12
-27   +1.186811856892409e-12  +4.160947467229104e-12
-26   +1.151236093878335e-12  +4.350772611999338e-12
-25   +1.127183707805406e-12  +4.510338172815111e-12
-24   +1.084336459918180e-12  +4.727923258572939e-12
-23   +1.051749554252814e-12  +4.914455027431806e-12
-22   +9.989031643327335e-13  +5.166684265154461e-12
-21   +9.544563218026554e-13  +5.387445671148809e-12
-20   +8.875087915005873e-13  +5.683604097912161e-12
-19   +8.260902029455435e-13  +5.948499403310345e-12
-18   +7.386166927098935e-13  +6.301348175482220e-12
-17   +6.520200362609181e-13  +6.624141010844111e-12
-16   +5.335249814736329e-13  +7.051481524467218e-12
-15   +4.081230455478935e-13  +7.451546665509003e-12
-14   +2.405645120849150e-13  +7.978526877397366e-12
-13   +5.233866917267677e-14  +8.483126653003993e-12
-12   -2.053387287930315e-13  +9.146869010268004e-12
-11   -4.822883244680656e-13  +9.790516555644660e-12
-10   -2.468093372474246e-12  +1.107459678743503e-11
 -9   -1.102435528108461e-14  +1.107518859087674e-11
 -8   -2.955976101049490e-10  +1.310311831608108e-10
 -7   +1.324507389035512e-10  -8.390628392241453e-11
 -6   -5.223155930186942e-08  +3.495141532780200e-08
 -5   +6.269939618386393e-09  -1.703919414941096e-08
 -4   -7.462353105487968e-06  +1.081457346543821e-05
 -3   -1.395415940455156e-06  -1.142131093207472e-06
 -2   +3.720998717008747e-04  +2.756023484933404e-03
 -1   +1.635007387543109e-05  +2.455263707121532e-04
 +0   +3.934508952580726e-01  +0.000000000000000e+00
 +1   +1.635007387543109e-05  -2.455263707121532e-04
 +2   +3.720998717008747e-04  -2.756023484933404e-03
 +3   -1.395415940455156e-06  +1.142131093207472e-06
 +4   -7.462353105487968e-06  -1.081457346543821e-05
 +5   +6.269939618386393e-09  +1.703919414941096e-08
 +6   -5.223155930186942e-08  -3.495141532780200e-08
 +7   +1.324507389035512e-10  +8.390628392241453e-11
 +8   -2.955976101049490e-10  -1.310311831608108e-10
 +9   -1.102435528108461e-14  -1.107518859087674e-11
+10   -2.468093372474246e-12  -1.107459678743503e-11
+11   -4.822883244680656e-13  -9.790516555644660e-12
+12   -2.053387287930315e-13  -9.146869010268004e-12
+13   +5.233866917267677e-14  -8.483126653003993e-12
+14   +2.405645120849150e-13  -7.978526877397366e-12
+15   +4.081230455478935e-13  -7.451546665509003e-12
+16   +5.335249814736329e-13  -7.051481524467218e-12
+17   +6.520200362609181e-13  -6.624141010844111e-12
+18   +7.386166927098935e-13  -6.301348175482220e-12
+19   +8.260902029455435e-13  -5.948499403310345e-12
+20   +8.875087915005873e-13  -5.683604097912161e-12
+21   +9.544563218026554e-13  -5.387445671148809e-12
+22   +9.989031643327335e-13  -5.166684265154461e-12
+23   +1.051749554252814e-12  -4.914455027431806e-12
+24   +1.084336459918180e-12  -4.727923258572939e-12
+25   +1.127183707805406e-12  -4.510338172815111e-12
+26   +1.151236093878335e-12  -4.350772611999338e-12
+27   +1.186811856892409e-12  -4.160947467229104e-12
+28   +1.204586814603692e-12  -4.022938480849959e-12
+29   +1.234735047779232e-12  -3.855691367021302e-12
+30   +1.247783196146620e-12  -3.735150010506180e-12

