-30   -2.021594024746149e-12  -6.094524979703682e-12
-29   -1.991790217895082e-12  -6.316228777639041e-12
-28   -1.951426376992710e-12  -6.570961351167577e-12
-27   -1.914074769133409e-12  -6.824271304409383e-12
-26   -1.865065840566863e-12  -7.115623296311669e-12
-25   -1.817764606643066e-12  -7.408092477448867e-12
-24   -1.757234604718914e-12  -7.745033322373099e-12
-23   -1.696530537032254e-12  -8.086816244760562e-12
-22   -1.620322460342839e-12  -8.481460132397915e-12
-21   -1.541175097770618e-12  -8.886403212366773e-12
-20   -1.443136844188256e-12  -9.355490226477027e-12
-19   -1.337962058373686e-12  -9.843048767150393e-12
-18   -1.208698222243837e-12  -1.041037040323817e-11
-17   -1.065768621983509e-12  -1.100856830955668e-11
-16   -8.905123760148216e-13  -1.170887349837511e-11
-15   -6.910900758975634e-13  -1.245939677728009e-11
-14   -4.457550748685166e-13  -1.334526867967624e-11
-13   -1.591234452552165e-13  -1.431176921758023e-11
-12   +2.126148151486250e-13  -1.548426084354074e-11
-11   +6.243651871862941e-13  -1.673051134280785e-11
-10   +3.340695284404875e-12  -2.101460713188111e-11
 -9   +2.479318145709966e-12  -1.813129182812979e-11
 -8   +2.854322698232097e-10  -4.241572277530039e-10
 -7   +1.319399503698091e-10  +1.616236709822976e-10
 -6   +3.352808398945867e-08  -6.494854302502944e-08
 -5   +2.039293721928752e-08  +1.232971562362690e-08
 -4   +2.211258323210843e-06  -1.129383425449657e-05
 -3   +2.100303639581248e-06  -4.316676671627226e-07
 -2   -7.096692726628000e-04  -1.652654210220187e-03
 -1   -2.114508779426255e-05  -1.153159417985376e-04
 +0   -1.807693136809244e-01  +0.000000000000000e+00
 +1   -2.114508779426255e-05  +1.153159417985376e-04
 +2   -7.096692726628000e-04  +1.652654210220187e-03
 +3   +2.100303639581248e-06  +4.316676671627226e-07
 +4   +2.211258323210843e-06  +1.129383425449657e-05
 +5   +2.039293721928752e-08  -1.232971562362690e-08
 +6   +3.352808398945867e-08  +6.494854302502944e-08
 +7   +1.319399503698091e-10  -1.616236709822976e-10
 +8   +2.854322698232097e-10  +4.241572277530039e-10
 +9   +2.479318145709966e-12  +1.813129182812979e-11
+10   +3.340695284404875e-12  +2.101460713188111e-11
+11   +6.243651871862941e-13  +1.673051134280785e-11
+12   +2.126148151486250e-13  +1.548426084354074e-11
+13   -1.591234452552165e-13  +1.431176921758023e-11
+14   -4.457550748685166e-13  +1.334526867967624e-11
+15   -6.910900758975634e-13  +1.245939677728009e-11
+16   -8.905123760148216e-13  +1.170887349837511e-11
+17   -1.065768621983509e-12  +1.100856830955668e-11
+18   -1.208698222243837e-12  +1.041037040323817e-11
+19   -1.337962058373686e-12  +9.843048767150393e-12
+20   -1.443136844188256e-12  +9.355490226477027e-12
+21   -1.541175097770618e-12  +8.886403212366773e-12
+22   -1.620322460342839e-12  +8.481460132397915e-12
+23   -1.696530537032254e-12  +8.086816244760562e-12
+24   -1.757234604718914e-12  +7.745033322373099e-12
+25   -1.817764606643066e-12  +7.408092477448867e-12
+26   -1.865065840566863e-12  +7.115623296311669e-12
+27   -1.914074769133409e-12  +6.824271304409383e-12
+28   -1.951426376992710e-12  +6.570961351167577e-12
+29   -1.991790217895082e-12  +6.316228777639041e-12
+30   -2.021594024746149e-12  +6.094524979703682e-12

