-30   +1.073949999562950e-14  -2.408620745220450e-14
-29   -1.079106080292116e-14  +2.510543869894184e-14
-28   +1.080026891607099e-14  -2.607121038573720e-14
-27   -1.090690385820020e-14  +2.713606725773007e-14
-26   +1.097354689250339e-14  -2.831163526988799e-14
-25   -1.106505374672911e-14  +2.957965128360276e-14
-24   +1.119485336537802e-14  -3.093581744137942e-14
-23   -1.128353196525421e-14  +3.244098555529209e-14
-22   +1.147197849794235e-14  -3.402301802939394e-14
-21   -1.157718253735794e-14  +3.582735345917133e-14
-20   +1.174403010276837e-14  -3.781176300895888e-14
-19   -1.187992907737781e-14  +3.997975393416298e-14
-18   +1.218284139296718e-14  -4.229352262896613e-14
-17   -1.246069128089567e-14  +4.515542483088301e-14
-16   +1.303337631946245e-14  -4.861167805949158e-14
-15   -1.345247360456886e-14  +5.229495125825761e-14
-14   +4.050521302556140e-14  -1.030797725225346e-13
-13   -3.879010992150497e-14  +1.039284958622045e-13
-12   +3.630944837768982e-12  -6.457373598428975e-12
-11   -2.387148885241126e-12  +4.263547895214754e-12
-10   +5.024207527497754e-10  -8.880213693584410e-10
 -9   -2.103792040160787e-10  +3.717813472364765e-10
 -8   +7.231614315590668e-08  -1.278104659159504e-07
 -7   -1.480998832668600e-08  +2.616019342454385e-08
 -6   +1.098198943839956e-05  -1.940941828922487e-05
 -5   -2.690674820902950e-07  +4.731316236253206e-07
 -4   +1.828572029828786e-03  -3.231800943598703e-03
 -3   +1.727603499945227e-04  -3.058035343219130e-04
 -2   +3.708830429783919e-01  -6.555012357012145e-01
 -1   -1.989629664186253e-04  +3.513960228788553e-04
 +0   -4.200763706291316e-03  +0.000000000000000e+00
 +1   -1.989629664186253e-04  -3.513960228788553e-04
 +2   +3.708830429783919e-01  +6.555012357012145e-01
 +3   +1.727603499945227e-04  +3.058035343219130e-04
 +4   +1.828572029828786e-03  +3.231800943598703e-03
 +5   -2.690674820902950e-07  -4.731316236253206e-07
 +6   +1.098198943839956e-05  +1.940941828922487e-05
 +7   -1.480998832668600e-08  -2.616019342454385e-08
 +8   +7.231614315590668e-08  +1.278104659159504e-07
 +9   -2.103792040160787e-10  -3.717813472364765e-10
+10   +5.024207527497754e-10  +8.880213693584410e-10
+11   -2.387148885241126e-12  -4.263547895214754e-12
+12   +3.630944837768982e-12  +6.457373598428975e-12
+13   -3.879010992150497e-14  -1.039284958622045e-13
+14   +4.050521302556140e-14  +1.030797725225346e-13
+15   -1.345247360456886e-14  -5.229495125825761e-14
+16   +1.303337631946245e-14  +4.861167805949158e-14
+17   -1.246069128089567e-14  -4.515542483088301e-14
+18   +1.218284139296718e-14  +4.229352262896613e-14
+19   -1.187992907737781e-14  -3.997975393416298e-14
+20   +1.174403010276837e-14  +3.781176300895888e-14
+21   -1.157718253735794e-14  -3.582735345917133e-14
+22   +1.147197849794235e-14  +3.402301802939394e-14
+23   -1.128353196525421e-14  -3.244098555529209e-14
+24   +1.119485336537802e-14  +3.093581744137942e-14
+25   -1.106505374672911e-14  -2.957965128360276e-14
+26   +1.097354689250339e-14  +2.831163526988799e-14
+27   -1.090690385820020e-14  -2.713606725773007e-14
+28   +1.080026891607099e-14  +2.607121038573720e-14
+29   -1.079106080292116e-14  -2.510543869894184e-14
+30   +1.073949999562950e-14  +2.408620745220450e-14

