-30   +1.382133049034776e-17  -2.301302766587284e-15
-29   +3.433967749587750e-17  +2.394698241719728e-15
-28   -1.098630827890871e-16  -2.486849433149974e-15
-27   +1.767292583010146e-16  +2.601418876577573e-15
-26   -2.625357210330514e-16  -2.706657154730403e-15
-25   +3.383846305969576e-16  +2.834411283416127e-15
-24   -4.873077711710993e-16  -2.971808981835037e-15
-23   +6.068824431083130e-16  +3.087163731382095e-15
-22   -7.372323064035242e-16  -3.250902345055736e-15
-21   +9.135168943961160e-16  +3.405712665692620e-15
-20   -1.077837925693049e-15  -3.611654674888604e-15
-19   +1.321775668234595e-15  +3.802988054591662e-15
-18   -1.530479694953925e-15  -4.018077473447675e-15
-17   +1.874041349864442e-15  +4.331706925015256e-15
-16   -2.916251051548200e-15  -4.996768875760189e-15
-15   +2.985930262322452e-15  +5.118930506503051e-15
-14   -8.647054900224536e-14  -5.237065053516829e-14
-13   +2.813182837747226e-14  +1.947986043098643e-14
-12   -1.017635958268708e-11  -5.761414024505292e-12
-11   +2.130631602885327e-12  +1.209718529287890e-12
-10   -1.249799573340044e-09  -7.071558875023908e-10
 -9   +1.611386303787712e-10  +9.124936247323410e-11
 -8   -1.544689860545688e-07  -8.740053753639341e-08
 -7   +7.987032369401976e-09  +4.528133788830969e-09
 -6   -1.920792178500790e-05  -1.086809257655076e-05
 -5   -3.632610516660966e-07  -2.044127863257636e-07
 -4   -2.394099831631268e-03  -1.354613844187034e-03
 -3   -1.659750002326692e-04  -9.377269245552305e-05
 -2   -2.888783005795860e-01  -1.634514381676713e-01
 -1   +1.456687685864297e-04  +8.679256525998723e-05
 +0   +4.364862718767263e-03  +0.000000000000000e+00
 +1   +1.456687685864297e-04  -8.679256525998723e-05
 +2   -2.888783005795860e-01  +1.634514381676713e-01
 +3   -1.659750002326692e-04  +9.377269245552305e-05
 +4   -2.394099831631268e-03  +1.354613844187034e-03
 +5   -3.632610516660966e-07  +2.044127863257636e-07
 +6   -1.920792178500790e-05  +1.086809257655076e-05
 +7   +7.987032369401976e-09  -4.528133788830969e-09
 +8   -1.544689860545688e-07  +8.740053753639341e-08
 +9   +1.611386303787712e-10  -9.124936247323410e-11
+10   -1.249799573340044e-09  +7.071558875023908e-10
+11   +2.130631602885327e-12  -1.209718529287890e-12
+12   -1.017635958268708e-11  +5.761414024505292e-12
+13   +2.813182837747226e-14  -1.947986043098643e-14
+14   -8.647054900224536e-14  +5.237065053516829e-14
+15   +2.985930262322452e-15  -5.118930506503051e-15
+16   -2.916251051548200e-15  +4.996768875760189e-15
+17   +1.874041349864442e-15  -4.331706925015256e-15
+18   -1.530479694953925e-15  +4.018077473447675e-15
+19   +1.321775668234595e-15  -3.802988054591662e-15
+20   -1.077837925693049e-15  +3.611654674888604e-15
+21   +9.135168943961160e-16  -3.405712665692620e-15
+22   -7.372323064035242e-16  +3.250902345055736e-15
+23   +6.068824431083130e-16  -3.087163731382095e-15
+24   -4.873077711710993e-16  +2.971808981835037e-15
+25   +3.383846305969576e-16  -2.834411283416127e-15
+26   -2.625357210330514e-16  +2.706657154730403e-15
+27   +1.767292583010146e-16  -2.601418876577573e-15
+28   -1.098630827890871e-16  +2.486849433149974e-15
+29   +3.433967749587750e-17  -2.394698241719728e-15
+30   +1.382133049034776e-17  +2.301302766587284e-15

