-30   +3.705101004006833e-16  -2.560839679068345e-15
-29   -3.206942639876909e-16  +2.657625637229125e-15
-28   +3.325502278681152e-16  -2.741175250798915e-15
-27   -2.619866453873597e-16  +2.848021492480548e-15
-26   +2.075281718688670e-16  -2.963299455782016e-15
-25   -1.402163603220368e-16  +3.163758652204279e-15
-24   +7.544920842607472e-17  -3.254770337929298e-15
-23   +1.794335446768944e-17  +3.385605702071331e-15
-22   -1.400004906215099e-16  -3.526034787008248e-15
-21   +2.082388551524673e-16  +3.689234768518193e-15
-20   -3.785004810560405e-16  -3.977672386208522e-15
-19   +4.891860815664499e-16  +4.116368760330173e-15
-18   -6.938946650771042e-16  -4.328032095642589e-15
-17   +8.777403600554805e-16  +4.563520296287300e-15
-16   -1.123246654216616e-15  -4.850045813642147e-15
-15   +1.424337116467269e-15  +5.207023726826129e-15
-14   -1.767857621984203e-15  -5.467937130076385e-15
-13   +2.384540903019839e-15  +5.865961311338785e-15
-12   -2.733113110084839e-15  -6.299819792174609e-15
-11   +2.852125827268925e-14  +6.809446647821109e-15
-10   -9.956844674041411e-15  -7.409700238052121e-15
 -9   +2.809929242976133e-12  +7.991574300058606e-15
 -8   -5.479352645551785e-13  -8.768936714940554e-15
 -7   +3.054376837338977e-10  +9.632319570862581e-15
 -6   -4.886131709401326e-11  -1.058653679782257e-14
 -5   +3.165880244634709e-08  +1.155851182260379e-14
 -4   -3.877269121780815e-09  -1.243362612781649e-14
 -3   +2.827501363391875e-06  +1.272223385596311e-14
 -2   +1.141822759414170e-09  -1.149798269905166e-14
 -1   +3.840670370915459e-07  +7.301175694110061e-15
 +0   -5.625400452350777e+00  +0.000000000000000e+00
 +1   +3.840670370915459e-07  -7.301175694110061e-15
 +2   +1.141822759414170e-09  +1.149798269905166e-14
 +3   +2.827501363391875e-06  -1.272223385596311e-14
 +4   -3.877269121780815e-09  +1.243362612781649e-14
 +5   +3.165880244634709e-08  -1.155851182260379e-14
 +6   -4.886131709401326e-11  +1.058653679782257e-14
 +7   +3.054376837338977e-10  -9.632319570862581e-15
 +8   -5.479352645551785e-13  +8.768936714940554e-15
 +9   +2.809929242976133e-12  -7.991574300058606e-15
+10   -9.956844674041411e-15  +7.409700238052121e-15
+11   +2.852125827268925e-14  -6.809446647821109e-15
+12   -2.733113110084839e-15  +6.299819792174609e-15
+13   +2.384540903019839e-15  -5.865961311338785e-15
+14   -1.767857621984203e-15  +5.467937130076385e-15
+15   +1.424337116467269e-15  -5.207023726826129e-15
+16   -1.123246654216616e-15  +4.850045813642147e-15
+17   +8.777403600554805e-16  -4.563520296287300e-15
+18   -6.938946650771042e-16  +4.328032095642589e-15
+19   +4.891860815664499e-16  -4.116368760330173e-15
+20   -3.785004810560405e-16  +3.977672386208522e-15
+21   +2.082388551524673e-16  -3.689234768518193e-15
+22   -1.400004906215099e-16  +3.526034787008248e-15
+23   +1.794335446768944e-17  -3.385605702071331e-15
+24   +7.544920842607472e-17  +3.254770337929298e-15
+25   -1.402163603220368e-16  -3.163758652204279e-15
+26   +2.075281718688670e-16  +2.963299455782016e-15
+27   -2.619866453873597e-16  -2.848021492480548e-15
+28   +3.325502278681152e-16  +2.741175250798915e-15
+29   -3.206942639876909e-16  -2.657625637229125e-15
+30   +3.705101004006833e-16  +2.560839679068345e-15

