-30   +9.446474979376146e-16  -2.588365598863779e-15
-29   -9.353730388289057e-16  +2.684955005140223e-15
-28   +9.252006303768093e-16  -2.788246113767887e-15
-27   -9.134717135013368e-16  +2.898136721764928e-15
-26   +9.010637071478971e-16  -3.015743543716503e-15
-25   -8.870716955427808e-16  +3.142299228593389e-15
-24   +8.708284807867147e-16  -3.278129914359812e-15
-23   -8.526918839054590e-16  +3.425305729545716e-15
-22   +8.326591781892359e-16  -3.584855303999477e-15
-21   -8.093266267344363e-16  +3.756744687711015e-15
-20   +7.822840929209686e-16  -3.944117012677438e-15
-19   -7.514598097909697e-16  +4.150945148787792e-15
-18   +7.148018119583468e-16  -4.378279805677081e-15
-17   -6.728272738109153e-16  +4.628020299180720e-15
-16   +6.223132006532152e-16  -4.903846265905642e-15
-15   -5.618126274705619e-16  +5.208568516113362e-15
-14   +4.896860388919080e-16  -5.554978453529757e-15
-13   -4.016131120540463e-16  +5.543655539423384e-15
-12   +2.911389244473068e-16  -6.247430861180567e-15
-11   -1.535645615192823e-16  -4.051064266995701e-14
-10   -2.074771106483976e-17  +6.031824814543456e-15
 -9   +2.516847035948407e-16  -5.536364864766120e-12
 -8   -5.585988096358815e-16  +1.198311527075039e-12
 -7   +9.725931945311000e-16  -6.440459522243085e-10
 -6   -1.548878134661877e-15  +9.668695194400908e-11
 -5   +2.369176268879490e-15  -7.327999688188785e-08
 -4   -3.503694583608158e-15  +5.966470170761988e-09
 -3   +5.142020392987729e-15  -7.642146499434299e-06
 -2   -7.403078048426855e-15  -1.807294526727249e-08
 -1   +9.699681982310114e-15  +9.397846316303374e-07
 +0   -1.072190362879219e-14  +0.000000000000000e+00
 +1   +9.699681982310114e-15  -9.397846316303374e-07
 +2   -7.403078048426855e-15  +1.807294526727249e-08
 +3   +5.142020392987729e-15  +7.642146499434299e-06
 +4   -3.503694583608158e-15  -5.966470170761988e-09
 +5   +2.369176268879490e-15  +7.327999688188785e-08
 +6   -1.548878134661877e-15  -9.668695194400908e-11
 +7   +9.725931945311000e-16  +6.440459522243085e-10
 +8   -5.585988096358815e-16  -1.198311527075039e-12
 +9   +2.516847035948407e-16  +5.536364864766120e-12
+10   -2.074771106483976e-17  -6.031824814543456e-15
+11   -1.535645615192823e-16  +4.051064266995701e-14
+12   +2.911389244473068e-16  +6.247430861180567e-15
+13   -4.016131120540463e-16  -5.543655539423384e-15
+14   +4.896860388919080e-16  +5.554978453529757e-15
+15   -5.618126274705619e-16  -5.208568516113362e-15
+16   +6.223132006532152e-16  +4.903846265905642e-15
+17   -6.728272738109153e-16  -4.628020299180720e-15
+18   +7.148018119583468e-16  +4.378279805677081e-15
+19   -7.514598097909697e-16  -4.150945148787792e-15
+20   +7.822840929209686e-16  +3.944117012677438e-15
+21   -8.093266267344363e-16  -3.756744687711015e-15
+22   +8.326591781892359e-16  +3.584855303999477e-15
+23   -8.526918839054590e-16  -3.425305729545716e-15
+24   +8.708284807867147e-16  +3.278129914359812e-15
+25   -8.870716955427808e-16  -3.142299228593389e-15
+26   +9.010637071478971e-16  +3.015743543716503e-15
+27   -9.134717135013368e-16  -2.898136721764928e-15
+28   +9.252006303768093e-16  +2.788246113767887e-15
+29   -9.353730388289057e-16  -2.684955005140223e-15
+30   +9.446474979376146e-16  +2.588365598863779e-15

