-30   +1.593338924405678e-17  -8.052170836491407e-17
-29   -1.011278567003640e-17  +8.301478051788068e-17
-28   +9.173087858609928e-18  -8.676963287602201e-17
-27   -9.296135053124741e-18  +9.021114919755095e-17
-26   +6.457405604119928e-18  -9.300639765611660e-17
-25   -4.205741188559024e-18  +9.876652602682300e-17
-24   +1.436439883402397e-18  -1.038292038833341e-16
-23   +2.804324580330774e-19  +1.076327281823616e-16
-22   -4.025218957386050e-18  -1.110326904546295e-16
-21   +6.410832749755510e-18  +1.163928995418063e-16
-20   -8.127396617584078e-18  -1.243022620690163e-16
-19   +1.599633929547434e-17  +1.289052262577664e-16
-18   -2.124010769324404e-17  -1.363520717727606e-16
-17   +2.764556217658354e-17  +1.437508968310950e-16
-16   -3.597840620402176e-17  -1.530284632357926e-16
-15   +4.433693050011390e-17  +1.645555595409996e-16
-14   -5.596051137261784e-17  -1.740587345874115e-16
-13   +7.660563621246675e-17  +1.852801788237611e-16
-12   -8.467964309266053e-17  -1.988128349618286e-16
-11   +9.006937505372261e-16  +2.154350440956652e-16
-10   -2.574054476191171e-16  -2.340063669865057e-16
 -9   +8.878435481248904e-14  +2.525380791277986e-16
 -8   -1.316527239245431e-14  -2.775745623273037e-16
 -7   +9.651593625474382e-12  +3.045334088175244e-16
 -6   -1.335338286656850e-12  -3.336413499831423e-16
 -5   +1.000432872608907e-09  +3.651731395030731e-16
 -4   -1.225510436719878e-10  -3.925938564826554e-16
 -3   +8.935028349048268e-08  +4.005570479755243e-16
 -2   +3.613581495690515e-11  -3.631208243217901e-16
 -1   +1.213668637538264e-08  +2.318751482585860e-16
 +0   +1.777651224066643e-01  +0.000000000000000e+00
 +1   +1.213668637538264e-08  -2.318751482585860e-16
 +2   +3.613581495690515e-11  +3.631208243217901e-16
 +3   +8.935028349048268e-08  -4.005570479755243e-16
 +4   -1.225510436719878e-10  +3.925938564826554e-16
 +5   +1.000432872608907e-09  -3.651731395030731e-16
 +6   -1.335338286656850e-12  +3.336413499831423e-16
 +7   +9.651593625474382e-12  -3.045334088175244e-16
 +8   -1.316527239245431e-14  +2.775745623273037e-16
 +9   +8.878435481248904e-14  -2.525380791277986e-16
+10   -2.574054476191171e-16  +2.340063669865057e-16
+11   +9.006937505372261e-16  -2.154350440956652e-16
+12   -8.467964309266053e-17  +1.988128349618286e-16
+13   +7.660563621246675e-17  -1.852801788237611e-16
+14   -5.596051137261784e-17  +1.740587345874115e-16
+15   +4.433693050011390e-17  -1.645555595409996e-16
+16   -3.597840620402176e-17  +1.530284632357926e-16
+17   +2.764556217658354e-17  -1.437508968310950e-16
+18   -2.124010769324404e-17  +1.363520717727606e-16
+19   +1.599633929547434e-17  -1.289052262577664e-16
+20   -8.127396617584078e-18  +1.243022620690163e-16
+21   +6.410832749755510e-18  -1.163928995418063e-16
+22   -4.025218957386050e-18  +1.110326904546295e-16
+23   +2.804324580330774e-19  -1.076327281823616e-16
+24   +1.436439883402397e-18  +1.038292038833341e-16
+25   -4.205741188559024e-18  -9.876652602682300e-17
+26   +6.457405604119928e-18  +9.300639765611660e-17
+27   -9.296135053124741e-18  -9.021114919755095e-17
+28   +9.173087858609928e-18  +8.676963287602201e-17
+29   -1.011278567003640e-17  -8.301478051788068e-17
+30   +1.593338924405678e-17  +8.052170836491407e-17

