-30   +4.140210704605205e-16  -2.567869222447629e-15
-29   -3.597891671943813e-16  +2.648403326386061e-15
-28   +3.128892340928630e-16  -2.748753161655239e-15
-27   -2.637329657267161e-16  +2.859441547262477e-15
-26   +2.010086696584084e-16  -2.975478829763298e-15
-25   -1.375355903030606e-16  +3.107124163167981e-15
-24   +5.430432453434663e-17  -3.231830441470101e-15
-23   +2.891920441415517e-17  +3.385270260085735e-15
-22   -1.239954952055851e-16  -3.537044112403597e-15
-21   +2.402396228627915e-16  +3.711834848471486e-15
-20   -3.557646177179253e-16  -3.881984460253287e-15
-19   +5.155262569749440e-16  +4.098476541799840e-15
-18   -6.844123539239335e-16  -4.320417472234756e-15
-17   +8.815575839581089e-16  +4.566753123771693e-15
-16   -1.118324850227535e-15  -4.839193372527791e-15
-15   +1.398197265062558e-15  +5.146053371738276e-15
-14   -1.744101278776364e-15  -5.489824636604651e-15
-13   +2.395043471855250e-15  +5.871801066340901e-15
-12   -2.748973109009379e-15  -6.312481025091542e-15
-11   +2.851062492847462e-14  +6.803931927354690e-15
-10   -9.895165042548051e-15  -7.359140023787432e-15
 -9   +2.809898864055962e-12  +8.024564630348451e-15
 -8   -5.479356908843256e-13  -8.773830582631250e-15
 -7   +3.054376782954249e-10  +9.641247563667731e-15
 -6   -4.886131461129968e-11  -1.058293633319377e-14
 -5   +3.165880243051810e-08  +1.159311319790847e-14
 -4   -3.877269139677441e-09  -1.242332418631534e-14
 -3   +2.827501363412973e-06  +1.271382095530656e-14
 -2   +1.141822742012047e-09  -1.150299790553261e-14
 -1   +3.840670371138287e-07  +7.304658020300354e-15
 +0   +9.999999963983817e-01  +0.000000000000000e+00
 +1   +3.840670371138287e-07  -7.304658020300354e-15
 +2   +1.141822742012047e-09  +1.150299790553261e-14
 +3   +2.827501363412973e-06  -1.271382095530656e-14
 +4   -3.877269139677441e-09  +1.242332418631534e-14
 +5   +3.165880243051810e-08  -1.159311319790847e-14
 +6   -4.886131461129968e-11  +1.058293633319377e-14
 +7   +3.054376782954249e-10  -9.641247563667731e-15
 +8   -5.479356908843256e-13  +8.773830582631250e-15
 +9   +2.809898864055962e-12  -8.024564630348451e-15
+10   -9.895165042548051e-15  +7.359140023787432e-15
+11   +2.851062492847462e-14  -6.803931927354690e-15
+12   -2.748973109009379e-15  +6.312481025091542e-15
+13   +2.395043471855250e-15  -5.871801066340901e-15
+14   -1.744101278776364e-15  +5.489824636604651e-15
+15   +1.398197265062558e-15  -5.146053371738276e-15
+16   -1.118324850227535e-15  +4.839193372527791e-15
+17   +8.815575839581089e-16  -4.566753123771693e-15
+18   -6.844123539239335e-16  +4.320417472234756e-15
+19   +5.155262569749440e-16  -4.098476541799840e-15
+20   -3.557646177179253e-16  +3.881984460253287e-15
+21   +2.402396228627915e-16  -3.711834848471486e-15
+22   -1.239954952055851e-16  +3.537044112403597e-15
+23   +2.891920441415517e-17  -3.385270260085735e-15
+24   +5.430432453434663e-17  +3.231830441470101e-15
+25   -1.375355903030606e-16  -3.107124163167981e-15
+26   +2.010086696584084e-16  +2.975478829763298e-15
+27   -2.637329657267161e-16  -2.859441547262477e-15
+28   +3.128892340928630e-16  +2.748753161655239e-15
+29   -3.597891671943813e-16  -2.648403326386061e-15
+30   +4.140210704605205e-16  +2.567869222447629e-15

