-30   -4.057216327045171e-16  +2.555234094087848e-15
-29   +3.571111561371985e-16  -2.646258730131541e-15
-28   -3.175714488393664e-16  +2.744266028223399e-15
-27   +2.579406588206112e-16  -2.860589061130651e-15
-26   -2.085579622775801e-16  +2.976477988444865e-15
-25   +1.227266290474310e-16  -3.100853577751957e-15
-24   -5.052814136023033e-17  +3.235725816218070e-15
-23   -4.212715971618658e-17  -3.386529209632565e-15
-22   +1.274897181441616e-16  +3.536265422703660e-15
-21   -2.358141572929233e-16  -3.717874814838241e-15
-20   +3.779690782104284e-16  +3.909607185157513e-15
-19   -5.177447648997320e-16  -4.100765621549689e-15
-18   +6.799394441401909e-16  +4.324713626113626e-15
-17   -8.867534150367005e-16  -4.565478191079921e-15
-16   +1.116392913405400e-15  +4.840799813500501e-15
-15   -1.436349167606201e-15  -5.145556063476321e-15
-14   +1.755429447516659e-15  +5.488313585417831e-15
-13   -2.385612464333945e-15  -5.867893121307446e-15
-12   +2.877761628531661e-15  +6.312160299358904e-15
-11   -2.855256536184462e-14  -6.803598482439421e-15
-10   +2.024385224772144e-14  +7.391202903768636e-15
 -9   -2.811853782523765e-12  -8.018426953095142e-15
 -8   +1.286640799314954e-12  +8.775241717458648e-15
 -7   -3.055037439961801e-10  -9.640820398194969e-15
 -6   +8.601343359187958e-11  +1.058073523839839e-14
 -5   -3.165865569505211e-08  -1.156820784183823e-14
 -4   +3.872349249097237e-09  +1.242074071445738e-14
 -3   -2.827501409094357e-06  -1.271979757743074e-14
 -2   -1.132260702501787e-09  +1.150241481603402e-14
 -1   -3.840671297690321e-07  -7.299323531206512e-15
 +0   +1.000000003558614e+00  +0.000000000000000e+00
 +1   -3.840671297690321e-07  +7.299323531206512e-15
 +2   -1.132260702501787e-09  -1.150241481603402e-14
 +3   -2.827501409094357e-06  +1.271979757743074e-14
 +4   +3.872349249097237e-09  -1.242074071445738e-14
 +5   -3.165865569505211e-08  +1.156820784183823e-14
 +6   +8.601343359187958e-11  -1.058073523839839e-14
 +7   -3.055037439961801e-10  +9.640820398194969e-15
 +8   +1.286640799314954e-12  -8.775241717458648e-15
 +9   -2.811853782523765e-12  +8.018426953095142e-15
+10   +2.024385224772144e-14  -7.391202903768636e-15
+11   -2.855256536184462e-14  +6.803598482439421e-15
+12   +2.877761628531661e-15  -6.312160299358904e-15
+13   -2.385612464333945e-15  +5.867893121307446e-15
+14   +1.755429447516659e-15  -5.488313585417831e-15
+15   -1.436349167606201e-15  +5.145556063476321e-15
+16   +1.116392913405400e-15  -4.840799813500501e-15
+17   -8.867534150367005e-16  +4.565478191079921e-15
+18   +6.799394441401909e-16  -4.324713626113626e-15
+19   -5.177447648997320e-16  +4.100765621549689e-15
+20   +3.779690782104284e-16  -3.909607185157513e-15
+21   -2.358141572929233e-16  +3.717874814838241e-15
+22   +1.274897181441616e-16  -3.536265422703660e-15
+23   -4.212715971618658e-17  +3.386529209632565e-15
+24   -5.052814136023033e-17  -3.235725816218070e-15
+25   +1.227266290474310e-16  +3.100853577751957e-15
+26   -2.085579622775801e-16  -2.976477988444865e-15
+27   +2.579406588206112e-16  +2.860589061130651e-15
+28   -3.175714488393664e-16  -2.744266028223399e-15
+29   +3.571111561371985e-16  +2.646258730131541e-15
+30   -4.057216327045171e-16  -2.555234094087848e-15

