-30   -3.799252182259493e-14  -2.369461795577191e-14
-29   +3.856002195660995e-14  -3.914088549739007e-14
-28   +1.855234969988581e-14  +7.960066704741850e-15
-27   +2.340451272536923e-14  +1.624731897331090e-14
-26   -2.174803878248992e-14  +8.272023039731645e-15
-25   +6.783715742629305e-16  -5.682434054207732e-15
-24   +3.937662273949220e-14  +3.317543858223527e-14
-23   -3.017910327929259e-14  -2.049905390122314e-14
-22   +2.141296091317841e-14  -2.362786158206216e-14
-21   +6.270981125973185e-14  -3.829273507553934e-15
-20   -2.563388871112159e-14  -1.029314632674406e-14
-19   -4.798346425039298e-15  +2.087594358623508e-14
-18   -6.369959182906374e-15  +6.766540909045247e-15
-17   +6.526921429317205e-14  -2.402351425606508e-14
-16   -3.643829416989378e-14  +7.929073227203182e-14
-15   -4.693800548654907e-12  -1.718562382147274e-14
-14   +1.325082177708862e-12  -2.303059554182470e-14
-13   -5.381265365940417e-10  +5.149162793655406e-15
-12   +1.173876853210599e-10  -4.790463976216460e-16
-11   -6.251749878202641e-08  +4.050093107512404e-14
-10   +1.005193530065106e-08  -1.384586538776997e-14
 -9   -7.256246603743417e-06  -1.122180664473377e-13
 -8   +7.549407151066380e-07  -2.389418135636790e-14
 -7   -8.410728935822836e-04  +3.002667292707757e-14
 -6   +4.056179820079683e-05  +1.689118937564422e-14
 -5   -9.727278885299585e-02  +1.948765223265999e-14
 -4   -5.217003535365020e-04  -7.346662544975498e-15
 -3   -1.120655750056141e+01  +3.188250349831412e-14
 -2   -5.753862808652184e-01  -7.007956631587490e-15
 -1   -1.287195593473481e+03  +4.709130422286584e-14
 +0   -5.126565589935340e+00  +0.000000000000000e+00
 +1   -1.287195593473481e+03  -4.709130422286584e-14
 +2   -5.753862808652184e-01  +7.007956631587490e-15
 +3   -1.120655750056141e+01  -3.188250349831412e-14
 +4   -5.217003535365020e-04  +7.346662544975498e-15
 +5   -9.727278885299585e-02  -1.948765223265999e-14
 +6   +4.056179820079683e-05  -1.689118937564422e-14
 +7   -8.410728935822836e-04  -3.002667292707757e-14
 +8   +7.549407151066380e-07  +2.389418135636790e-14
 +9   -7.256246603743417e-06  +1.122180664473377e-13
+10   +1.005193530065106e-08  +1.384586538776997e-14
+11   -6.251749878202641e-08  -4.050093107512404e-14
+12   +1.173876853210599e-10  +4.790463976216460e-16
+13   -5.381265365940417e-10  -5.149162793655406e-15
+14   +1.325082177708862e-12  +2.303059554182470e-14
+15   -4.693800548654907e-12  +1.718562382147274e-14
+16   -3.643829416989378e-14  -7.929073227203182e-14
+17   +6.526921429317205e-14  +2.402351425606508e-14
+18   -6.369959182906374e-15  -6.766540909045247e-15
+19   -4.798346425039298e-15  -2.087594358623508e-14
+20   -2.563388871112159e-14  +1.029314632674406e-14
+21   +6.270981125973185e-14  +3.829273507553934e-15
+22   +2.141296091317841e-14  +2.362786158206216e-14
+23   -3.017910327929259e-14  +2.049905390122314e-14
+24   +3.937662273949220e-14  -3.317543858223527e-14
+25   +6.783715742629305e-16  +5.682434054207732e-15
+26   -2.174803878248992e-14  -8.272023039731645e-15
+27   +2.340451272536923e-14  -1.624731897331090e-14
+28   +1.855234969988581e-14  -7.960066704741850e-15
+29   +3.856002195660995e-14  +3.914088549739007e-14
+30   -3.799252182259493e-14  +2.369461795577191e-14

