-30   +6.820971017031620e-15  -1.553034863637486e-14
-29   +3.596994644677045e-15  +8.622974197721342e-15
-28   +3.451216441030158e-15  -3.337704591926289e-14
-27   +2.379807623858110e-14  -4.084253140445548e-15
-26   +1.554313590780132e-14  -2.043267433215598e-14
-25   +3.191722998964544e-14  -3.222011727865693e-14
-24   +2.636963551816423e-14  -1.289862056826891e-14
-23   +8.589028341750766e-15  +4.248869487698645e-14
-22   +1.624502716604987e-14  -2.926524001837523e-15
-21   -2.303451335403816e-14  -1.136888193014724e-14
-20   -1.698409042181834e-14  -1.929054742604236e-14
-19   +4.961814935841794e-14  +2.935909204121906e-14
-18   -8.007535406970082e-15  -1.097951683250928e-14
-17   -2.986697151870795e-15  -2.121572742880447e-14
-16   +2.247865289669888e-14  +7.930290241889456e-15
-15   -4.603849645710532e-14  +4.592717413828058e-12
-14   +6.936936854323665e-14  -1.246734755819256e-12
-13   -9.070407200701489e-14  +5.381907083814192e-10
-12   +2.582122742808544e-14  -1.174016848650099e-10
-11   -3.286546188334415e-14  +6.252602973853239e-08
-10   +4.864761897353108e-14  -1.005490332203105e-08
 -9   +2.542991067127518e-14  +7.257566556643219e-06
 -8   +1.742029077977819e-14  -7.553008445351542e-07
 -7   -4.798388612398325e-14  +8.412916770616866e-04
 -6   +3.370255634762834e-14  -4.060868260618792e-05
 -5   -1.038428602366063e-14  +9.731323448749793e-02
 -4   -2.436022392605492e-14  +5.154245652488618e-04
 -3   +4.963606654288362e-14  +1.121578986881467e+01
 -2   -1.705780610391110e-14  +5.745146802391008e-01
 -1   +1.355195280172692e-13  +1.291104128262218e+03
 +0   -8.881784197001252e-15  +0.000000000000000e+00
 +1   +1.355195280172692e-13  -1.291104128262218e+03
 +2   -1.705780610391110e-14  -5.745146802391008e-01
 +3   +4.963606654288362e-14  -1.121578986881467e+01
 +4   -2.436022392605492e-14  -5.154245652488618e-04
 +5   -1.038428602366063e-14  -9.731323448749793e-02
 +6   +3.370255634762834e-14  +4.060868260618792e-05
 +7   -4.798388612398325e-14  -8.412916770616866e-04
 +8   +1.742029077977819e-14  +7.553008445351542e-07
 +9   +2.542991067127518e-14  -7.257566556643219e-06
+10   +4.864761897353108e-14  +1.005490332203105e-08
+11   -3.286546188334415e-14  -6.252602973853239e-08
+12   +2.582122742808544e-14  +1.174016848650099e-10
+13   -9.070407200701489e-14  -5.381907083814192e-10
+14   +6.936936854323665e-14  +1.246734755819256e-12
+15   -4.603849645710532e-14  -4.592717413828058e-12
+16   +2.247865289669888e-14  -7.930290241889456e-15
+17   -2.986697151870795e-15  +2.121572742880447e-14
+18   -8.007535406970082e-15  +1.097951683250928e-14
+19   +4.961814935841794e-14  -2.935909204121906e-14
+20   -1.698409042181834e-14  +1.929054742604236e-14
+21   -2.303451335403816e-14  +1.136888193014724e-14
+22   +1.624502716604987e-14  +2.926524001837523e-15
+23   +8.589028341750766e-15  -4.248869487698645e-14
+24   +2.636963551816423e-14  +1.289862056826891e-14
+25   +3.191722998964544e-14  +3.222011727865693e-14
+26   +1.554313590780132e-14  +2.043267433215598e-14
+27   +2.379807623858110e-14  +4.084253140445548e-15
+28   +3.451216441030158e-15  +3.337704591926289e-14
+29   +3.596994644677045e-15  -8.622974197721342e-15
+30   +6.820971017031620e-15  +1.553034863637486e-14

