-30   +7.484854069968185e-22  +4.362492648602341e-21
-29   -5.243418025726075e-21  +9.240440476792955e-22
-28   +1.834765953370778e-21  -3.401480146941314e-22
-27   -3.396565794806943e-21  -1.423963537110357e-24
-26   +1.463197533458393e-21  -2.122472760505957e-21
-25   -9.215786208890182e-22  +5.861438615502684e-21
-24   +2.299917330037892e-21  +8.258676342930734e-22
-23   +1.272708934343327e-21  -1.624114335454631e-22
-22   -4.173357155253572e-21  -1.901344953991391e-21
-21   -2.156153690882278e-21  -3.648120084772198e-22
-20   +0.000000000000000e+00  +0.000000000000000e+00
-19   -2.178164726095499e-21  -4.061333202270049e-21
-18   +1.203700083883709e-21  +1.189229884986385e-21
-17   +1.610981069402769e-21  +3.768109510229112e-21
-16   +3.305401091181184e-21  +1.555850073104874e-22
-15   -2.999835942845567e-21  -3.798062032700109e-21
-14   -2.613781127661927e-20  +3.672033187691633e-22
-13   +1.915350175147103e-20  +9.418768363423477e-22
-12   -3.759568009048198e-18  +3.343267720638004e-21
-11   +2.372553680089256e-18  -1.771892306504549e-21
-10   -5.812210821069682e-16  -1.939153743822702e-21
 -9   +3.373292621345162e-16  -2.636417584247781e-21
 -8   -9.583579833776092e-14  +1.327297583706219e-21
 -7   +5.101566864919473e-14  -5.569202778795890e-22
 -6   -1.753118149283981e-11  -2.802016433151083e-22
 -5   +8.561870485561420e-12  +6.750603207586786e-22
 -4   -3.886789590012846e-09  -4.298802498063915e-21
 -3   +1.710407093494247e-09  -8.492387622211085e-24
 -2   -1.391809470800201e-06  +2.080524676693375e-21
 -1   -4.671662492670231e-07  -2.935939720821546e-21
 +0   +3.878532817769701e-04  +0.000000000000000e+00
 +1   -4.671662492670231e-07  +2.935939720821546e-21
 +2   -1.391809470800201e-06  -2.080524676693375e-21
 +3   +1.710407093494247e-09  +8.492387622211085e-24
 +4   -3.886789590012846e-09  +4.298802498063915e-21
 +5   +8.561870485561420e-12  -6.750603207586786e-22
 +6   -1.753118149283981e-11  +2.802016433151083e-22
 +7   +5.101566864919473e-14  +5.569202778795890e-22
 +8   -9.583579833776092e-14  -1.327297583706219e-21
 +9   +3.373292621345162e-16  +2.636417584247781e-21
+10   -5.812210821069682e-16  +1.939153743822702e-21
+11   +2.372553680089256e-18  +1.771892306504549e-21
+12   -3.759568009048198e-18  -3.343267720638004e-21
+13   +1.915350175147103e-20  -9.418768363423477e-22
+14   -2.613781127661927e-20  -3.672033187691633e-22
+15   -2.999835942845567e-21  +3.798062032700109e-21
+16   +3.305401091181184e-21  -1.555850073104874e-22
+17   +1.610981069402769e-21  -3.768109510229112e-21
+18   +1.203700083883709e-21  -1.189229884986385e-21
+19   -2.178164726095499e-21  +4.061333202270049e-21
+20   +0.000000000000000e+00  -0.000000000000000e+00
+21   -2.156153690882278e-21  +3.648120084772198e-22
+22   -4.173357155253572e-21  +1.901344953991391e-21
+23   +1.272708934343327e-21  +1.624114335454631e-22
+24   +2.299917330037892e-21  -8.258676342930734e-22
+25   -9.215786208890182e-22  -5.861438615502684e-21
+26   +1.463197533458393e-21  +2.122472760505957e-21
+27   -3.396565794806943e-21  +1.423963537110357e-24
+28   +1.834765953370778e-21  +3.401480146941314e-22
+29   -5.243418025726075e-21  -9.240440476792955e-22
+30   +7.484854069968185e-22  -4.362492648602341e-21

