-30   -3.018352387095321e-14  -2.018254089702233e-14
-29   +1.336537989255570e-14  -3.807434407492740e-14
-28   +1.682596427005164e-14  -2.959964170239227e-15
-27   +1.225673064070502e-14  +2.432917008274750e-14
-26   -1.551781601067936e-14  -6.982070643328042e-15
-25   +5.671899881079098e-16  -1.621927855088640e-14
-24   +2.175284054105831e-14  +3.550368457493952e-14
-23   -3.228551971319982e-14  -5.525794293087945e-15
-22   +2.035855379601816e-14  -2.652937461039877e-14
-21   +6.183300082102481e-14  -1.415658563342449e-14
-20   -2.108732649162231e-14  -8.068601666759798e-15
-19   +1.813856392049029e-14  +2.205766502422983e-14
-18   -9.519137037576958e-15  +4.896584041700211e-15
-17   +5.439076724103267e-14  -3.189534774782630e-14
-16   -6.314088931960963e-15  +8.775316834473670e-14
-15   -4.699619797370435e-12  -2.890415931764085e-14
-14   +1.330348003853405e-12  -7.304278309494360e-15
-13   -5.381248543658397e-10  -1.104946170173269e-14
-12   +1.174019206499986e-10  +1.079513890797896e-14
-11   -6.251753251041554e-08  +9.012286547761935e-14
-10   +1.005194300459148e-08  -7.235340901717108e-15
 -9   -7.256249410114839e-06  -6.512004620540900e-14
 -8   +7.549412587733375e-07  -2.573684857944321e-14
 -7   -8.410731990447245e-04  +2.016542500496197e-14
 -6   +4.056184705990254e-05  -2.742871598446866e-15
 -5   -9.727282051180582e-02  +2.098830368761166e-14
 -4   -5.216964762802997e-04  -1.113043416276163e-14
 -3   -1.120656032806277e+01  +1.867084950527476e-14
 -2   -5.753862820070322e-01  -7.413188035575672e-15
 -1   -1.287195593857548e+03  +5.845998799502745e-14
 +0   -5.126565586333714e+00  +0.000000000000000e+00
 +1   -1.287195593857548e+03  -5.845998799502745e-14
 +2   -5.753862820070322e-01  +7.413188035575672e-15
 +3   -1.120656032806277e+01  -1.867084950527476e-14
 +4   -5.216964762802997e-04  +1.113043416276163e-14
 +5   -9.727282051180582e-02  -2.098830368761166e-14
 +6   +4.056184705990254e-05  +2.742871598446866e-15
 +7   -8.410731990447245e-04  -2.016542500496197e-14
 +8   +7.549412587733375e-07  +2.573684857944321e-14
 +9   -7.256249410114839e-06  +6.512004620540900e-14
+10   +1.005194300459148e-08  +7.235340901717108e-15
+11   -6.251753251041554e-08  -9.012286547761935e-14
+12   +1.174019206499986e-10  -1.079513890797896e-14
+13   -5.381248543658397e-10  +1.104946170173269e-14
+14   +1.330348003853405e-12  +7.304278309494360e-15
+15   -4.699619797370435e-12  +2.890415931764085e-14
+16   -6.314088931960963e-15  -8.775316834473670e-14
+17   +5.439076724103267e-14  +3.189534774782630e-14
+18   -9.519137037576958e-15  -4.896584041700211e-15
+19   +1.813856392049029e-14  -2.205766502422983e-14
+20   -2.108732649162231e-14  +8.068601666759798e-15
+21   +6.183300082102481e-14  +1.415658563342449e-14
+22   +2.035855379601816e-14  +2.652937461039877e-14
+23   -3.228551971319982e-14  +5.525794293087945e-15
+24   +2.175284054105831e-14  -3.550368457493952e-14
+25   +5.671899881079098e-16  +1.621927855088640e-14
+26   -1.551781601067936e-14  +6.982070643328042e-15
+27   +1.225673064070502e-14  -2.432917008274750e-14
+28   +1.682596427005164e-14  +2.959964170239227e-15
+29   +1.336537989255570e-14  +3.807434407492740e-14
+30   -3.018352387095321e-14  +2.018254089702233e-14

