-30   +1.159281957923936e-14  -4.674764129261442e-15
-29   +6.517090782856233e-14  +8.976137601310717e-15
-28   -6.452958685335569e-16  -3.365197470015365e-14
-27   +3.181569381170451e-14  +2.195824113592411e-15
-26   +6.043104727808259e-15  -2.669646709317412e-14
-25   +2.718903641937175e-14  -2.728627779846723e-14
-24   +1.572670920243763e-14  +1.000180978451109e-14
-23   -2.811368318251937e-15  +2.922142723181016e-14
-22   +8.604305845528500e-15  -1.029439311227575e-14
-21   -1.844958999186581e-14  +3.066000047869418e-14
-20   -1.530888814886040e-14  -2.373159213657393e-14
-19   +2.311455180620151e-14  -1.062550302294147e-14
-18   +4.604345376455280e-15  -6.073806529754549e-15
-17   -6.691244667414182e-15  -4.265165156727679e-14
-16   +3.920639408382776e-14  +4.848804689043277e-14
-15   -5.001998497026006e-14  +4.580014309314490e-12
-14   +5.584497911858803e-14  -1.270562635376656e-12
-13   -8.265075831200793e-14  +5.381783586932715e-10
-12   +2.372713735487386e-14  -1.174068010084345e-10
-11   -1.379124556932417e-14  +6.252608584729200e-08
-10   +5.865513580449021e-14  -1.005489870924961e-08
 -9   +9.170605734821322e-15  +7.257572090814656e-06
 -8   +3.488516705861978e-14  -7.553020516847300e-07
 -7   -4.505352527273107e-14  +8.412923210935648e-04
 -6   +3.238516634357691e-14  -4.060877928167591e-05
 -5   -8.023211724624464e-15  +9.731330776750585e-02
 -4   -3.614855718409514e-14  +5.154185987760684e-04
 -3   +4.833340486065676e-14  +1.121579751096118e+01
 -2   -1.312206548161492e-14  +5.745146983120560e-01
 -1   +1.307825764455351e-13  +1.291104127322433e+03
 +0   -5.743553780727477e-15  +0.000000000000000e+00
 +1   +1.307825764455351e-13  -1.291104127322433e+03
 +2   -1.312206548161492e-14  -5.745146983120560e-01
 +3   +4.833340486065676e-14  -1.121579751096118e+01
 +4   -3.614855718409514e-14  -5.154185987760684e-04
 +5   -8.023211724624464e-15  -9.731330776750585e-02
 +6   +3.238516634357691e-14  +4.060877928167591e-05
 +7   -4.505352527273107e-14  -8.412923210935648e-04
 +8   +3.488516705861978e-14  +7.553020516847300e-07
 +9   +9.170605734821322e-15  -7.257572090814656e-06
+10   +5.865513580449021e-14  +1.005489870924961e-08
+11   -1.379124556932417e-14  -6.252608584729200e-08
+12   +2.372713735487386e-14  +1.174068010084345e-10
+13   -8.265075831200793e-14  -5.381783586932715e-10
+14   +5.584497911858803e-14  +1.270562635376656e-12
+15   -5.001998497026006e-14  -4.580014309314490e-12
+16   +3.920639408382776e-14  -4.848804689043277e-14
+17   -6.691244667414182e-15  +4.265165156727679e-14
+18   +4.604345376455280e-15  +6.073806529754549e-15
+19   +2.311455180620151e-14  +1.062550302294147e-14
+20   -1.530888814886040e-14  +2.373159213657393e-14
+21   -1.844958999186581e-14  -3.066000047869418e-14
+22   +8.604305845528500e-15  +1.029439311227575e-14
+23   -2.811368318251937e-15  -2.922142723181016e-14
+24   +1.572670920243763e-14  -1.000180978451109e-14
+25   +2.718903641937175e-14  +2.728627779846723e-14
+26   +6.043104727808259e-15  +2.669646709317412e-14
+27   +3.181569381170451e-14  -2.195824113592411e-15
+28   -6.452958685335569e-16  +3.365197470015365e-14
+29   +6.517090782856233e-14  -8.976137601310717e-15
+30   +1.159281957923936e-14  +4.674764129261442e-15

