-30   -5.292591069118738e-22  +3.084748134688799e-21
-29   -5.112098885936276e-21  +5.369521547003143e-22
-28   -2.664020998636955e-22  +5.145642629138322e-22
-27   -5.135668336192593e-25  +1.357789831780316e-22
-26   -1.229549938912286e-21  -1.175432518575156e-21
-25   +1.721899361679847e-22  +3.849359738205119e-21
-24   -8.955261922850871e-22  +1.576662468871989e-22
-23   +2.058073315455162e-21  -9.999867386797807e-22
-22   +1.653289871823521e-21  -5.368839563050350e-22
-21   +6.478625390790704e-22  -1.709071340798748e-21
-20   +5.421010862427522e-21  +3.129822080702415e-21
-19   -2.293160976296838e-21  -1.695758999944930e-21
-18   -3.153388811736747e-22  -2.933720937071991e-22
-17   -7.717774645631481e-23  +1.450494005075029e-21
-16   +5.569270415081198e-21  -1.098526728786370e-21
-15   -7.076469296191019e-22  -9.846277009221938e-22
-14   -2.779238070428696e-20  -4.411855443438074e-22
-13   +2.251220264315037e-20  +3.647057809345338e-22
-12   -3.756106311879709e-18  +2.724869919950672e-21
-11   +2.375863162112264e-18  -5.682601926911075e-22
-10   -5.811194003239938e-16  +5.959275781856198e-21
 -9   +3.372275045591829e-16  +1.765182918642559e-21
 -8   -9.582020638309466e-14  +2.197101089955736e-21
 -7   +5.100351433052219e-14  -6.573794889760276e-23
 -6   -1.752878926987263e-11  +1.468889552207102e-21
 -5   +8.560544721940200e-12  +6.377490359891863e-22
 -4   -3.886425511965179e-09  -1.053537071190747e-21
 -3   +1.710410150759459e-09  +6.140125254582914e-23
 -2   -1.391810362880484e-06  -1.941534532676462e-21
 -1   -4.671662479810331e-07  +5.400095605742851e-22
 +0   +3.878532818662914e-04  +0.000000000000000e+00
 +1   -4.671662479810331e-07  -5.400095605742851e-22
 +2   -1.391810362880484e-06  +1.941534532676462e-21
 +3   +1.710410150759459e-09  -6.140125254582914e-23
 +4   -3.886425511965179e-09  +1.053537071190747e-21
 +5   +8.560544721940200e-12  -6.377490359891863e-22
 +6   -1.752878926987263e-11  -1.468889552207102e-21
 +7   +5.100351433052219e-14  +6.573794889760276e-23
 +8   -9.582020638309466e-14  -2.197101089955736e-21
 +9   +3.372275045591829e-16  -1.765182918642559e-21
+10   -5.811194003239938e-16  -5.959275781856198e-21
+11   +2.375863162112264e-18  +5.682601926911075e-22
+12   -3.756106311879709e-18  -2.724869919950672e-21
+13   +2.251220264315037e-20  -3.647057809345338e-22
+14   -2.779238070428696e-20  +4.411855443438074e-22
+15   -7.076469296191019e-22  +9.846277009221938e-22
+16   +5.569270415081198e-21  +1.098526728786370e-21
+17   -7.717774645631481e-23  -1.450494005075029e-21
+18   -3.153388811736747e-22  +2.933720937071991e-22
+19   -2.293160976296838e-21  +1.695758999944930e-21
+20   +5.421010862427522e-21  -3.129822080702415e-21
+21   +6.478625390790704e-22  +1.709071340798748e-21
+22   +1.653289871823521e-21  +5.368839563050350e-22
+23   +2.058073315455162e-21  +9.999867386797807e-22
+24   -8.955261922850871e-22  -1.576662468871989e-22
+25   +1.721899361679847e-22  -3.849359738205119e-21
+26   -1.229549938912286e-21  +1.175432518575156e-21
+27   -5.135668336192593e-25  -1.357789831780316e-22
+28   -2.664020998636955e-22  -5.145642629138322e-22
+29   -5.112098885936276e-21  -5.369521547003143e-22
+30   -5.292591069118738e-22  -3.084748134688799e-21

