-30   -1.522048997895801e-29  +0.000000000000000e+00
-29   +2.417886100583054e-27  +0.000000000000000e+00
-28   -1.644166999752095e-27  +0.000000000000000e+00
-27   +2.814957037180299e-25  +0.000000000000000e+00
-26   -1.751383999998189e-25  +0.000000000000000e+00
-25   +3.276930526576674e-23  +0.000000000000000e+00
-24   -1.849268500501292e-23  +0.000000000000000e+00
-23   +3.814275077514032e-21  +0.000000000000000e+00
-22   -1.931886474377001e-21  +0.000000000000000e+00
-21   +4.439075800332799e-19  +0.000000000000000e+00
-20   -1.991642437927645e-19  +0.000000000000000e+00
-19   +5.165244998365617e-17  +0.000000000000000e+00
-18   -2.018922488982614e-17  +0.000000000000000e+00
-17   +6.008729960266921e-15  +0.000000000000000e+00
-16   -2.001687536397882e-15  +0.000000000000000e+00
-15   +6.987690568436286e-13  +0.000000000000000e+00
-14   -1.925033836257797e-13  +0.000000000000000e+00
-13   +8.122585912380443e-11  +0.000000000000000e+00
-12   -1.770774710144014e-11  +0.000000000000000e+00
-11   +9.436037513812693e-09  +0.000000000000000e+00
-10   -1.517198441942585e-09  +0.000000000000000e+00
 -9   +1.095216729595099e-06  +0.000000000000000e+00
 -8   -1.139465010587236e-07  +0.000000000000000e+00
 -7   +1.269467718285818e-04  +0.000000000000000e+00
 -6   -6.122172894339363e-06  +0.000000000000000e+00
 -5   +1.468180244564355e-02  +0.000000000000000e+00
 -4   +7.874187836391418e-05  +0.000000000000000e+00
 -3   +1.691454035835446e+00  +0.000000000000000e+00
 -2   +8.684551016319073e-02  +0.000000000000000e+00
 -1   +1.942819311549032e+02  +0.000000000000000e+00
 +0   -6.314069567735052e-02  +0.000000000000000e+00
 +1   +1.942819311549032e+02  +0.000000000000000e+00
 +2   +8.684551016319071e-02  +0.000000000000000e+00
 +3   +1.691454035835445e+00  +0.000000000000000e+00
 +4   +7.874187836391404e-05  +0.000000000000000e+00
 +5   +1.468180244564355e-02  +0.000000000000000e+00
 +6   -6.122172894339365e-06  +0.000000000000000e+00
 +7   +1.269467718285818e-04  +0.000000000000000e+00
 +8   -1.139465010587237e-07  +0.000000000000000e+00
 +9   +1.095216729595098e-06  +0.000000000000000e+00
+10   -1.517198441942586e-09  +0.000000000000000e+00
+11   +9.436037513812688e-09  +0.000000000000000e+00
+12   -1.770774710144016e-11  +0.000000000000000e+00
+13   +8.122585912380439e-11  +0.000000000000000e+00
+14   -1.925033836257799e-13  +0.000000000000000e+00
+15   +6.987690568436284e-13  +0.000000000000000e+00
+16   -2.001687536397884e-15  +0.000000000000000e+00
+17   +6.008729960266920e-15  +0.000000000000000e+00
+18   -2.018922488982614e-17  +0.000000000000000e+00
+19   +5.165244998365615e-17  +0.000000000000000e+00
+20   -1.991642437927646e-19  +0.000000000000000e+00
+21   +4.439075800332800e-19  +0.000000000000000e+00
+22   -1.931886474377002e-21  +0.000000000000000e+00
+23   +3.814275077514033e-21  +0.000000000000000e+00
+24   -1.849268500501292e-23  +0.000000000000000e+00
+25   +3.276930526576674e-23  +0.000000000000000e+00
+26   -1.751383999998189e-25  +0.000000000000000e+00
+27   +2.814957037180298e-25  +0.000000000000000e+00
+28   -1.644166999752096e-27  +0.000000000000000e+00
+29   +2.417886100583054e-27  +0.000000000000000e+00
+30   -1.522048997895801e-29  +0.000000000000000e+00

