-30   -0.000000000000000e+00  -4.091218534048307e-18
-29   +0.000000000000000e+00  +8.634654787774416e-18
-28   +0.000000000000000e+00  +1.009028469650692e-18
-27   +0.000000000000000e+00  +5.467129840215513e-18
-26   +0.000000000000000e+00  +4.672253276309452e-18
-25   +0.000000000000000e+00  +1.962073587125482e-18
-24   +0.000000000000000e+00  +2.768221333350953e-18
-23   +0.000000000000000e+00  +3.451229192722368e-18
-22   +0.000000000000000e+00  +1.067874562183018e-18
-21   +0.000000000000000e+00  +4.742258788547122e-20
-20   +0.000000000000000e+00  +2.357250077391243e-18
-19   +0.000000000000000e+00  +7.722732230860538e-18
-18   +0.000000000000000e+00  +2.768591975062617e-18
-17   +0.000000000000000e+00  +2.307045009636978e-17
-16   -0.000000000000000e+00  -5.409836507242189e-18
-15   -0.000000000000000e+00  -5.655768113676686e-17
-14   -0.000000000000000e+00  -7.364483914413296e-17
-13   -0.000000000000000e+00  -7.947928801616645e-15
-12   -0.000000000000000e+00  -1.141443772883652e-14
-11   -0.000000000000000e+00  -1.197962259082588e-12
-10   -0.000000000000000e+00  -1.833070243802093e-12
 -9   -0.000000000000000e+00  -1.898489845163915e-10
 -8   -0.000000000000000e+00  -3.121727074589185e-10
 -7   -0.000000000000000e+00  -3.255060766041900e-08
 -6   -0.000000000000000e+00  -5.848628289205108e-08
 -5   -0.000000000000000e+00  -6.377306625591185e-06
 -4   -0.000000000000000e+00  -1.304451741440192e-05
 -3   -0.000000000000000e+00  -1.647347704858259e-03
 -2   -0.000000000000000e+00  -4.408017192179009e-03
 -1   -0.000000000000000e+00  -1.104104979558266e+00
 +0   +0.000000000000000e+00  +0.000000000000000e+00
 +1   +0.000000000000000e+00  +1.104104979558266e+00
 +2   +0.000000000000000e+00  +4.408017192179009e-03
 +3   +0.000000000000000e+00  +1.647347704858259e-03
 +4   +0.000000000000000e+00  +1.304451741440192e-05
 +5   +0.000000000000000e+00  +6.377306625591185e-06
 +6   +0.000000000000000e+00  +5.848628289205108e-08
 +7   +0.000000000000000e+00  +3.255060766041900e-08
 +8   +0.000000000000000e+00  +3.121727074589185e-10
 +9   +0.000000000000000e+00  +1.898489845163915e-10
+10   +0.000000000000000e+00  +1.833070243802093e-12
+11   +0.000000000000000e+00  +1.197962259082588e-12
+12   +0.000000000000000e+00  +1.141443772883652e-14
+13   +0.000000000000000e+00  +7.947928801616645e-15
+14   +0.000000000000000e+00  +7.364483914413296e-17
+15   +0.000000000000000e+00  +5.655768113676686e-17
+16   +0.000000000000000e+00  +5.409836507242189e-18
+17   -0.000000000000000e+00  -2.307045009636978e-17
+18   -0.000000000000000e+00  -2.768591975062617e-18
+19   -0.000000000000000e+00  -7.722732230860538e-18
+20   -0.000000000000000e+00  -2.357250077391243e-18
+21   -0.000000000000000e+00  -4.742258788547122e-20
+22   -0.000000000000000e+00  -1.067874562183018e-18
+23   -0.000000000000000e+00  -3.451229192722368e-18
+24   -0.000000000000000e+00  -2.768221333350953e-18
+25   -0.000000000000000e+00  -1.962073587125482e-18
+26   -0.000000000000000e+00  -4.672253276309452e-18
+27   -0.000000000000000e+00  -5.467129840215513e-18
+28   -0.000000000000000e+00  -1.009028469650692e-18
+29   -0.000000000000000e+00  -8.634654787774416e-18
+30   +0.000000000000000e+00  +4.091218534048307e-18

