-30   -1.145221425539770e-32  +0.000000000000000e+00
-29   +7.872083174952997e-32  +0.000000000000000e+00
-28   -1.403827908360717e-30  +0.000000000000000e+00
-27   +1.007867394787213e-29  +0.000000000000000e+00
-26   -1.685608303252799e-28  +0.000000000000000e+00
-25   +1.298877873874852e-27  +0.000000000000000e+00
-24   -2.027423589650079e-26  +0.000000000000000e+00
-23   +1.692232415564346e-25  +0.000000000000000e+00
-22   -2.443096657027495e-24  +0.000000000000000e+00
-21   +2.232960028121317e-23  +0.000000000000000e+00
-20   -2.949874344373497e-22  +0.000000000000000e+00
-19   +2.991360967170891e-21  +0.000000000000000e+00
-18   -3.569211466553526e-20  +0.000000000000000e+00
-17   +4.081337353692201e-19  +0.000000000000000e+00
-16   -4.327474655584266e-18  +0.000000000000000e+00
-15   +5.696069878201039e-17  +0.000000000000000e+00
-14   -5.255946684384298e-16  +0.000000000000000e+00
-13   +8.182657490419799e-15  +0.000000000000000e+00
-12   -6.388056882665171e-14  +0.000000000000000e+00
-11   +1.221333494434320e-12  +0.000000000000000e+00
-10   -7.746619440519983e-12  +0.000000000000000e+00
 -9   +1.922905952659534e-10  +0.000000000000000e+00
 -8   -9.293118699586810e-10  +0.000000000000000e+00
 -7   +3.280079336139680e-08  +0.000000000000000e+00
 -6   -1.070866268608584e-07  +0.000000000000000e+00
 -5   +6.402234962203825e-06  +0.000000000000000e+00
 -4   -1.017502409774746e-05  +0.000000000000000e+00
 -3   +1.648919927522842e-03  +0.000000000000000e+00
 -2   +7.669365462114047e-04  +0.000000000000000e+00
 -1   +1.084915776824168e+00  +0.000000000000000e+00
 +0   -1.011458708029090e+00  +0.000000000000000e+00
 +1   +1.084915776824168e+00  +0.000000000000000e+00
 +2   +7.669365462113977e-04  +0.000000000000000e+00
 +3   +1.648919927522842e-03  +0.000000000000000e+00
 +4   -1.017502409774737e-05  +0.000000000000000e+00
 +5   +6.402234962203825e-06  +0.000000000000000e+00
 +6   -1.070866268608597e-07  +0.000000000000000e+00
 +7   +3.280079336139680e-08  +0.000000000000000e+00
 +8   -9.293118699587045e-10  +0.000000000000000e+00
 +9   +1.922905952659535e-10  +0.000000000000000e+00
+10   -7.746619440519252e-12  +0.000000000000000e+00
+11   +1.221333494434318e-12  +0.000000000000000e+00
+12   -6.388056882665126e-14  +0.000000000000000e+00
+13   +8.182657490419801e-15  +0.000000000000000e+00
+14   -5.255946684384424e-16  +0.000000000000000e+00
+15   +5.696069878201061e-17  +0.000000000000000e+00
+16   -4.327474655584319e-18  +0.000000000000000e+00
+17   +4.081337353692220e-19  +0.000000000000000e+00
+18   -3.569211466552834e-20  +0.000000000000000e+00
+19   +2.991360967170903e-21  +0.000000000000000e+00
+20   -2.949874344374385e-22  +0.000000000000000e+00
+21   +2.232960028121319e-23  +0.000000000000000e+00
+22   -2.443096657027603e-24  +0.000000000000000e+00
+23   +1.692232415564315e-25  +0.000000000000000e+00
+24   -2.027423589650027e-26  +0.000000000000000e+00
+25   +1.298877873874830e-27  +0.000000000000000e+00
+26   -1.685608303252976e-28  +0.000000000000000e+00
+27   +1.007867394787233e-29  +0.000000000000000e+00
+28   -1.403827908359665e-30  +0.000000000000000e+00
+29   +7.872083174953761e-32  +0.000000000000000e+00
+30   -1.145221425541183e-32  +0.000000000000000e+00

