+0 +9.991191447865080e-01
+1 -2.845530849635877e-04
+2 -7.174060971254664e-03
+3 +4.406662974354518e-06
+4 -2.001788241290248e-05
+5 +2.361730674400246e-08
+6 -9.026232787590389e-08
+7 +1.525628555359525e-10
+8 -4.933324294346089e-10
+9 +1.079253998108719e-12
+10 -2.991469710195279e-12
+11 +8.022883636073824e-15
+12 -1.935847305928691e-14
+13 +6.147377562010758e-17
+14 -1.309784850736245e-16
+15 +4.805998014027266e-19
+16 -9.153879655437721e-19
+17 +3.811082124743974e-21
+18 -6.557127429397271e-21
+19 +3.054098423294976e-23
+20 -4.788892164748076e-23
+21 +2.467336087564203e-25
+22 -3.552578401738390e-25
+23 +2.006088522436195e-27
+24 -2.669585033095746e-27
+25 +1.639534278711503e-29
+26 -2.027824505503416e-29
+27 +1.345701917806833e-31
+28 -1.556716733456270e-31
+29 +1.108911116384566e-33
+30 +1.054319909139686e-31
