+0 -1.011458708029090e+00
+1 +2.169831553648337e+00
+2 +1.533873092422802e-03
+3 +3.297839855045684e-03
+4 -2.035004819549482e-05
+5 +1.280446992440765e-05
+6 -2.141732537217181e-07
+7 +6.560158672279360e-08
+8 -1.858623739917385e-09
+9 +3.845811905319070e-10
+10 -1.549323888103924e-11
+11 +2.442666988868638e-12
+12 -1.277611376533030e-13
+13 +1.636531498083960e-14
+14 -1.051189336876872e-15
+15 +1.139213975640210e-16
+16 -8.654949311168585e-18
+17 +8.162674707384421e-19
+18 -7.138422933106360e-20
+19 +5.982721934341794e-21
+20 -5.899748688747882e-22
+21 +4.465920056242636e-23
+22 -4.886193314055098e-24
+23 +3.384464831128662e-25
+24 -4.054847179300106e-26
+25 +2.597755747749682e-27
+26 -3.371216606505775e-28
+27 +2.015734789574447e-29
+28 -2.807655816720382e-30
+29 +1.574416634990676e-31
+30 -2.290442851080953e-32
