+0 -9.755242328703195e-04
+1 +2.154764362707827e+00
+2 +3.657484469269303e-04
+3 +3.295673376849958e-03
+4 +3.301025281329059e-07
+5 +1.278840761805898e-05
+6 -2.627639789489922e-09
+7 +6.534260384347759e-08
+8 -3.893230462085615e-11
+9 +3.814145349908893e-10
+10 -3.910934565793620e-13
+11 +2.408574047744010e-12
+12 -3.556718674671303e-15
+13 +1.599270431783181e-14
+14 -2.434112867034880e-17
+15 +1.016446150996295e-16
+16 +1.947922323146021e-18
+17 -3.160548174749267e-17
+18 -5.211828114028079e-18
+19 +1.906864823597793e-17
+20 -7.952548124096473e-18
+21 -5.603738523439841e-18
+22 +6.478131826094124e-18
+23 -1.675163395899061e-17
+24 +6.606095910379959e-18
+25 +5.094616822295816e-18
+26 -1.014033126883573e-18
+27 +1.775139771307468e-17
+28 +8.938818063203842e-18
+29 -1.044795183543573e-17
+30 +2.593263799632892e-18
