-30   +5.173651722605721e-19  +0.000000000000000e+00
-29   +1.916057449658374e-18  +0.000000000000000e+00
-28   +1.755209232467144e-18  +0.000000000000000e+00
-27   +1.110721629409396e-18  +0.000000000000000e+00
-26   +3.844581939805905e-18  +0.000000000000000e+00
-25   -1.488271005336047e-18  +0.000000000000000e+00
-24   +3.300795936291561e-18  +0.000000000000000e+00
-23   +3.335196091529850e-18  +0.000000000000000e+00
-22   +1.102547239747094e-18  +0.000000000000000e+00
-21   +2.928694491722548e-18  +0.000000000000000e+00
-20   +8.260058490724140e-19  +0.000000000000000e+00
-19   +1.200539244838587e-18  +0.000000000000000e+00
-18   -6.739879226147306e-19  +0.000000000000000e+00
-17   +1.873895068859285e-18  +0.000000000000000e+00
-16   +1.596583712801335e-17  +0.000000000000000e+00
-15   -1.214677765599741e-17  +0.000000000000000e+00
-14   +3.445666296196223e-15  +0.000000000000000e+00
-13   -1.277599356968407e-15  +0.000000000000000e+00
-12   +4.040967960096892e-13  +0.000000000000000e+00
-11   -1.257081144298538e-13  +0.000000000000000e+00
-10   +4.745740897952512e-11  +0.000000000000000e+00
 -9   -1.193713946872397e-11  +0.000000000000000e+00
 -8   +5.585843574021031e-09  +0.000000000000000e+00
 -7   -1.068274594548935e-09  +0.000000000000000e+00
 -6   +6.598068407582479e-07  +0.000000000000000e+00
 -5   -8.538812966237959e-08  +0.000000000000000e+00
 -4   +7.843540680322705e-05  +0.000000000000000e+00
 -3   -4.955879401635932e-06  +0.000000000000000e+00
 -2   +9.448437200864763e-03  +0.000000000000000e+00
 -1   +2.817062998637768e-04  +0.000000000000000e+00
 +0   +1.000000000000000e+00  +0.000000000000000e+00
 +1   +2.817062998637768e-04  +0.000000000000000e+00
 +2   +9.448437200864763e-03  +0.000000000000000e+00
 +3   -4.955879401635932e-06  +0.000000000000000e+00
 +4   +7.843540680322705e-05  +0.000000000000000e+00
 +5   -8.538812966237959e-08  +0.000000000000000e+00
 +6   +6.598068407582479e-07  +0.000000000000000e+00
 +7   -1.068274594548935e-09  +0.000000000000000e+00
 +8   +5.585843574021031e-09  +0.000000000000000e+00
 +9   -1.193713946872397e-11  +0.000000000000000e+00
+10   +4.745740897952512e-11  +0.000000000000000e+00
+11   -1.257081144298538e-13  +0.000000000000000e+00
+12   +4.040967960096892e-13  +0.000000000000000e+00
+13   -1.277599356968407e-15  +0.000000000000000e+00
+14   +3.445666296196223e-15  +0.000000000000000e+00
+15   -1.214677765599741e-17  +0.000000000000000e+00
+16   +1.596583712801335e-17  +0.000000000000000e+00
+17   +1.873895068859285e-18  +0.000000000000000e+00
+18   -6.739879226147306e-19  +0.000000000000000e+00
+19   +1.200539244838587e-18  +0.000000000000000e+00
+20   +8.260058490724140e-19  +0.000000000000000e+00
+21   +2.928694491722548e-18  +0.000000000000000e+00
+22   +1.102547239747094e-18  +0.000000000000000e+00
+23   +3.335196091529850e-18  +0.000000000000000e+00
+24   +3.300795936291561e-18  +0.000000000000000e+00
+25   -1.488271005336047e-18  +0.000000000000000e+00
+26   +3.844581939805905e-18  +0.000000000000000e+00
+27   +1.110721629409396e-18  +0.000000000000000e+00
+28   +1.755209232467144e-18  +0.000000000000000e+00
+29   +1.916057449658374e-18  +0.000000000000000e+00
+30   +5.173651722605721e-19  +0.000000000000000e+00

