-30   +1.065045560705007e-31  +0.000000000000000e+00
-29   +1.924785710601017e-35  +0.000000000000000e+00
-28   -5.545862001021387e-33  +0.000000000000000e+00
-27   +4.478316296894958e-33  +0.000000000000000e+00
-26   -7.002930003856881e-31  +0.000000000000000e+00
-25   +5.975727864085102e-31  +0.000000000000000e+00
-24   -1.007866981643558e-28  +0.000000000000000e+00
-23   +8.086057189592112e-29  +0.000000000000000e+00
-22   -1.478794292642827e-26  +0.000000000000000e+00
-21   +1.112850310952648e-26  +0.000000000000000e+00
-20   -2.220557646859502e-24  +0.000000000000000e+00
-19   +1.564262345790116e-24  +0.000000000000000e+00
-18   -3.429928756687691e-22  +0.000000000000000e+00
-17   +2.258953948474005e-22  +0.000000000000000e+00
-16   -5.488015782510024e-20  +0.000000000000000e+00
-15   +3.380085041875553e-20  +0.000000000000000e+00
-14   -9.186858365362751e-18  +0.000000000000000e+00
-13   +5.308143618732451e-18  +0.000000000000000e+00
-12   -1.632871624420174e-15  +0.000000000000000e+00
-11   +8.928049972451838e-16  +0.000000000000000e+00
-10   -3.154155239864047e-13  +0.000000000000000e+00
 -9   +1.663800807688685e-13  +0.000000000000000e+00
 -8   -6.890434133134186e-11  +0.000000000000000e+00
 -7   +3.651496341331382e-11  +0.000000000000000e+00
 -6   -1.837482295545735e-08  +0.000000000000000e+00
 -5   +1.065003785134921e-08  +0.000000000000000e+00
 -4   -7.133768397961597e-06  +0.000000000000000e+00
 -3   +5.426245091530682e-06  +0.000000000000000e+00
 -2   -7.167650240886492e-03  +0.000000000000000e+00
 -1   -2.832975854825553e-04  +0.000000000000000e+00
 +0   +9.982648397496333e-01  +0.000000000000000e+00
 +1   -2.832975854825552e-04  +0.000000000000000e+00
 +2   -7.167650240886492e-03  +0.000000000000000e+00
 +3   +5.426245091530695e-06  +0.000000000000000e+00
 +4   -7.133768397960303e-06  +0.000000000000000e+00
 +5   +1.065003785134755e-08  +0.000000000000000e+00
 +6   -1.837482295546917e-08  +0.000000000000000e+00
 +7   +3.651496341334838e-11  +0.000000000000000e+00
 +8   -6.890434133155011e-11  +0.000000000000000e+00
 +9   +1.663800807688748e-13  +0.000000000000000e+00
+10   -3.154155239842276e-13  +0.000000000000000e+00
+11   +8.928049972432484e-16  +0.000000000000000e+00
+12   -1.632871624400692e-15  +0.000000000000000e+00
+13   +5.308143618769006e-18  +0.000000000000000e+00
+14   -9.186858365492779e-18  +0.000000000000000e+00
+15   +3.380085041897127e-20  +0.000000000000000e+00
+16   -5.488015782504703e-20  +0.000000000000000e+00
+17   +2.258953948404561e-22  +0.000000000000000e+00
+18   -3.429928756746326e-22  +0.000000000000000e+00
+19   +1.564262345950514e-24  +0.000000000000000e+00
+20   -2.220557646871109e-24  +0.000000000000000e+00
+21   +1.112850310784029e-26  +0.000000000000000e+00
+22   -1.478794292522935e-26  +0.000000000000000e+00
+23   +8.086057189633635e-29  +0.000000000000000e+00
+24   -1.007866981720458e-28  +0.000000000000000e+00
+25   +5.975727863970820e-31  +0.000000000000000e+00
+26   -7.002930005634767e-31  +0.000000000000000e+00
+27   +4.478316297679959e-33  +0.000000000000000e+00
+28   -5.545861999503483e-33  +0.000000000000000e+00
+29   +1.924785710544855e-35  +0.000000000000000e+00
+30   +1.065045560705107e-31  +0.000000000000000e+00

