-30   +5.271599545698145e-32  +0.000000000000000e+00
-29   +5.544555581918834e-34  +0.000000000000000e+00
-28   -7.783583667302994e-32  +0.000000000000000e+00
-27   +6.728509589019051e-32  +0.000000000000000e+00
-26   -1.013912252747137e-29  +0.000000000000000e+00
-25   +8.197671393564834e-30  +0.000000000000000e+00
-24   -1.334792516546852e-27  +0.000000000000000e+00
-23   +1.003044261218704e-27  +0.000000000000000e+00
-22   -1.776289200871918e-25  +0.000000000000000e+00
-21   +1.233668043785129e-25  +0.000000000000000e+00
-20   -2.394446082373424e-23  +0.000000000000000e+00
-19   +1.527049211643919e-23  +0.000000000000000e+00
-18   -3.278563714697413e-21  +0.000000000000000e+00
-17   +1.905541062373403e-21  +0.000000000000000e+00
-16   -4.576939827719154e-19  +0.000000000000000e+00
-15   +2.402999007012903e-19  +0.000000000000000e+00
-14   -6.548924253680064e-17  +0.000000000000000e+00
-13   +3.073688781004443e-17  +0.000000000000000e+00
-12   -9.679236529649006e-15  +0.000000000000000e+00
-11   +4.011441818037130e-15  +0.000000000000000e+00
-10   -1.495734855097982e-12  +0.000000000000000e+00
 -9   +5.396269990543457e-13  +0.000000000000000e+00
 -8   -2.466662147172491e-10  +0.000000000000000e+00
 -7   +7.628142776796981e-11  +0.000000000000000e+00
 -6   -4.513116393795015e-08  +0.000000000000000e+00
 -5   +1.180865337200159e-08  +0.000000000000000e+00
 -4   -1.000894120645156e-05  +0.000000000000000e+00
 -3   +2.203331487177256e-06  +0.000000000000000e+00
 -2   -3.587030485627332e-03  +0.000000000000000e+00
 -1   -1.422765424817939e-04  +0.000000000000000e+00
 +0   +9.991191447865080e-01  +0.000000000000000e+00
 +1   -1.422765424817939e-04  +0.000000000000000e+00
 +2   -3.587030485627332e-03  +0.000000000000000e+00
 +3   +2.203331487177263e-06  +0.000000000000000e+00
 +4   -1.000894120645092e-05  +0.000000000000000e+00
 +5   +1.180865337200088e-08  +0.000000000000000e+00
 +6   -4.513116393795375e-08  +0.000000000000000e+00
 +7   +7.628142776798267e-11  +0.000000000000000e+00
 +8   -2.466662147173598e-10  +0.000000000000000e+00
 +9   +5.396269990543730e-13  +0.000000000000000e+00
+10   -1.495734855097297e-12  +0.000000000000000e+00
+11   +4.011441818036694e-15  +0.000000000000000e+00
+12   -9.679236529637906e-15  +0.000000000000000e+00
+13   +3.073688781006315e-17  +0.000000000000000e+00
+14   -6.548924253682391e-17  +0.000000000000000e+00
+15   +2.402999007014364e-19  +0.000000000000000e+00
+16   -4.576939827718567e-19  +0.000000000000000e+00
+17   +1.905541062370570e-21  +0.000000000000000e+00
+18   -3.278563714699858e-21  +0.000000000000000e+00
+19   +1.527049211651058e-23  +0.000000000000000e+00
+20   -2.394446082374652e-23  +0.000000000000000e+00
+21   +1.233668043779074e-25  +0.000000000000000e+00
+22   -1.776289200866472e-25  +0.000000000000000e+00
+23   +1.003044261217490e-27  +0.000000000000000e+00
+24   -1.334792516548894e-27  +0.000000000000000e+00
+25   +8.197671393550197e-30  +0.000000000000000e+00
+26   -1.013912252756280e-29  +0.000000000000000e+00
+27   +6.728509589049277e-32  +0.000000000000000e+00
+28   -7.783583667259706e-32  +0.000000000000000e+00
+29   +5.544555581926820e-34  +0.000000000000000e+00
+30   +5.271599545698712e-32  +0.000000000000000e+00

