-30   -4.047389637616165e-34  +0.000000000000000e+00
-29   +6.970621130029257e-32  +0.000000000000000e+00
-28   -4.812704432957348e-32  +0.000000000000000e+00
-27   +9.050388333521864e-30  +0.000000000000000e+00
-26   -5.721847806046168e-30  +0.000000000000000e+00
-25   +1.184975973830162e-27  +0.000000000000000e+00
-24   -6.801103660647348e-28  +0.000000000000000e+00
-23   +1.566784649803320e-25  +0.000000000000000e+00
-22   -8.078183036179006e-26  +0.000000000000000e+00
-21   +2.095778910480491e-23  +0.000000000000000e+00
-20   -9.580787100388022e-24  +0.000000000000000e+00
-19   +2.842713355189588e-21  +0.000000000000000e+00
-18   -1.133099974898305e-21  +0.000000000000000e+00
-17   +3.922197070191226e-19  +0.000000000000000e+00
-16   -1.333214779359932e-19  +0.000000000000000e+00
-15   +5.528501133264913e-17  +0.000000000000000e+00
-14   -1.553792706876682e-17  +0.000000000000000e+00
-13   +8.010410089533224e-15  +0.000000000000000e+00
-12   -1.777694881809414e-15  +0.000000000000000e+00
-11   +1.204278946246313e-12  +0.000000000000000e+00
-10   -1.955429944951014e-13  +0.000000000000000e+00
 -9   +1.907072577712499e-10  +0.000000000000000e+00
 -8   -1.946614952989018e-11  +0.000000000000000e+00
 -7   +3.267130192914831e-08  +0.000000000000000e+00
 -6   -1.313819891624016e-09  +0.000000000000000e+00
 -5   +6.394203809053780e-06  +0.000000000000000e+00
 -4   +1.650512640706590e-07  +0.000000000000000e+00
 -3   +1.647836688424946e-03  +0.000000000000000e+00
 -2   +1.828742234634771e-04  +0.000000000000000e+00
 -1   +1.077382181353913e+00  +0.000000000000000e+00
 +0   -9.755242328703548e-04  +0.000000000000000e+00
 +1   +1.077382181353913e+00  +0.000000000000000e+00
 +2   +1.828742234634771e-04  +0.000000000000000e+00
 +3   +1.647836688424946e-03  +0.000000000000000e+00
 +4   +1.650512640706590e-07  +0.000000000000000e+00
 +5   +6.394203809053780e-06  +0.000000000000000e+00
 +6   -1.313819891624016e-09  +0.000000000000000e+00
 +7   +3.267130192914831e-08  +0.000000000000000e+00
 +8   -1.946614952989018e-11  +0.000000000000000e+00
 +9   +1.907072577712499e-10  +0.000000000000000e+00
+10   -1.955429944951014e-13  +0.000000000000000e+00
+11   +1.204278946246313e-12  +0.000000000000000e+00
+12   -1.777694881809414e-15  +0.000000000000000e+00
+13   +8.010410089533224e-15  +0.000000000000000e+00
+14   -1.553792706876682e-17  +0.000000000000000e+00
+15   +5.528501133264913e-17  +0.000000000000000e+00
+16   -1.333214779359932e-19  +0.000000000000000e+00
+17   +3.922197070191226e-19  +0.000000000000000e+00
+18   -1.133099974898305e-21  +0.000000000000000e+00
+19   +2.842713355189588e-21  +0.000000000000000e+00
+20   -9.580787100388022e-24  +0.000000000000000e+00
+21   +2.095778910480491e-23  +0.000000000000000e+00
+22   -8.078183036179006e-26  +0.000000000000000e+00
+23   +1.566784649803320e-25  +0.000000000000000e+00
+24   -6.801103660647348e-28  +0.000000000000000e+00
+25   +1.184975973830162e-27  +0.000000000000000e+00
+26   -5.721847806046168e-30  +0.000000000000000e+00
+27   +9.050388333521864e-30  +0.000000000000000e+00
+28   -4.812704432957348e-32  +0.000000000000000e+00
+29   +6.970621130029257e-32  +0.000000000000000e+00
+30   -4.047389637616165e-34  +0.000000000000000e+00

