-30   +0.000000000000000e+00  -4.809730476652860e-34
-29   +0.000000000000000e+00  -6.882931851609155e-32
-28   +0.000000000000000e+00  -5.968114756069799e-32
-27   +0.000000000000000e+00  -8.951258358885415e-30
-26   +0.000000000000000e+00  -8.327681949869833e-30
-25   +0.000000000000000e+00  -1.172846473561845e-27
-24   +0.000000000000000e+00  -1.167402801447495e-27
-23   +0.000000000000000e+00  -1.551868421359976e-25
-22   +0.000000000000000e+00  -1.647523986881726e-25
-21   +0.000000000000000e+00  -2.077323830296602e-23
-20   +0.000000000000000e+00  -2.346484277799750e-23
-19   +0.000000000000000e+00  -2.819707804620122e-21
-18   +0.000000000000000e+00  -3.382870857295570e-21
-17   +0.000000000000000e+00  -3.893246849712511e-19
-16   +0.000000000000000e+00  -4.955934340780941e-19
-15   +0.000000000000000e+00  -5.491625110272200e-17
-14   +0.000000000000000e+00  -7.417114403219748e-17
-13   +0.000000000000000e+00  -7.962683359904682e-15
-12   +0.000000000000000e+00  -1.142635545552055e-14
-11   +0.000000000000000e+00  -1.197968854015420e-12
-10   +0.000000000000000e+00  -1.833067769214958e-12
 -9   +0.000000000000000e+00  -1.898489902429088e-10
 -8   +0.000000000000000e+00  -3.121727201255808e-10
 -7   +0.000000000000000e+00  -3.255060765472073e-08
 -6   +0.000000000000000e+00  -5.848628289340392e-08
 -5   +0.000000000000000e+00  -6.377306625620906e-06
 -4   +0.000000000000000e+00  -1.304451741442054e-05
 -3   +0.000000000000000e+00  -1.647347704858303e-03
 -2   +0.000000000000000e+00  -4.408017192179038e-03
 -1   +0.000000000000000e+00  -1.104104979558265e+00
 +0   +0.000000000000000e+00  +5.252201241754022e-20
 +1   +0.000000000000000e+00  +1.104104979558265e+00
 +2   +0.000000000000000e+00  +4.408017192179039e-03
 +3   +0.000000000000000e+00  +1.647347704858303e-03
 +4   +0.000000000000000e+00  +1.304451741442054e-05
 +5   +0.000000000000000e+00  +6.377306625620906e-06
 +6   +0.000000000000000e+00  +5.848628289340228e-08
 +7   +0.000000000000000e+00  +3.255060765472073e-08
 +8   +0.000000000000000e+00  +3.121727201256043e-10
 +9   +0.000000000000000e+00  +1.898489902429088e-10
+10   +0.000000000000000e+00  +1.833067769214701e-12
+11   +0.000000000000000e+00  +1.197968854015419e-12
+12   +0.000000000000000e+00  +1.142635545552349e-14
+13   +0.000000000000000e+00  +7.962683359904680e-15
+14   +0.000000000000000e+00  +7.417114403216248e-17
+15   +0.000000000000000e+00  +5.491625110272207e-17
+16   +0.000000000000000e+00  +4.955934340786509e-19
+17   +0.000000000000000e+00  +3.893246849712514e-19
+18   +0.000000000000000e+00  +3.382870857304177e-21
+19   +0.000000000000000e+00  +2.819707804620090e-21
+20   +0.000000000000000e+00  +2.346484277782191e-23
+21   +0.000000000000000e+00  +2.077323830296614e-23
+22   +0.000000000000000e+00  +1.647523986882511e-25
+23   +0.000000000000000e+00  +1.551868421360032e-25
+24   +0.000000000000000e+00  +1.167402801447903e-27
+25   +0.000000000000000e+00  +1.172846473561781e-27
+26   +0.000000000000000e+00  +8.327681950015660e-30
+27   +0.000000000000000e+00  +8.951258358884584e-30
+28   +0.000000000000000e+00  +5.968114755873028e-32
+29   +0.000000000000000e+00  +6.882931851611084e-32
+30   +0.000000000000000e+00  +4.809730476863424e-34

