-30   +1.199151695982976e-32  +0.000000000000000e+00
-29   -9.910338658090319e-33  +0.000000000000000e+00
-28   +1.445785109160817e-30  +0.000000000000000e+00
-27   -1.110866244608622e-30  +0.000000000000000e+00
-26   +1.747458051692973e-28  +0.000000000000000e+00
-25   -1.240996344218358e-28  +0.000000000000000e+00
-24   +2.118184588388301e-26  +0.000000000000000e+00
-23   -1.380876779094852e-26  +0.000000000000000e+00
-22   +2.576242392182336e-24  +0.000000000000000e+00
-21   -1.529178534770208e-24  +0.000000000000000e+00
-20   +3.145912782169671e-22  +0.000000000000000e+00
-19   -1.683450155549864e-22  +0.000000000000000e+00
-18   +3.860100557332073e-20  +0.000000000000000e+00
-17   -1.839559792846833e-20  +0.000000000000000e+00
-16   +4.764527149712745e-18  +0.000000000000000e+00
-15   -1.990825270097190e-18  +0.000000000000000e+00
-14   +5.924796180270236e-16  +0.000000000000000e+00
-13   -2.126593134557583e-16  +0.000000000000000e+00
-12   +7.439088509272220e-14  +0.000000000000000e+00
-11   -2.229760370295719e-14  +0.000000000000000e+00
-10   +9.462923685987003e-12  +0.000000000000000e+00
 -9   -2.272028072721481e-12  +0.000000000000000e+00
 -8   +1.226299957068924e-09  +0.000000000000000e+00
 -7   -2.203478751849890e-10  +0.000000000000000e+00
 -6   +1.635338754290386e-07  +0.000000000000000e+00
 -5   -1.924341831765833e-08  +0.000000000000000e+00
 -4   +2.292879485625311e-05  +0.000000000000000e+00
 -3   -1.175591573471116e-06  +0.000000000000000e+00
 -2   +3.593588999306509e-03  +0.000000000000000e+00
 -1   +1.435460874957646e-04  +0.000000000000000e+00
 +0   +1.000907457708159e+00  +0.000000000000000e+00
 +1   +1.435460874957646e-04  +0.000000000000000e+00
 +2   +3.593588999306509e-03  +0.000000000000000e+00
 +3   -1.175591573471117e-06  +0.000000000000000e+00
 +4   +2.292879485625311e-05  +0.000000000000000e+00
 +5   -1.924341831765833e-08  +0.000000000000000e+00
 +6   +1.635338754290386e-07  +0.000000000000000e+00
 +7   -2.203478751849892e-10  +0.000000000000000e+00
 +8   +1.226299957068924e-09  +0.000000000000000e+00
 +9   -2.272028072721483e-12  +0.000000000000000e+00
+10   +9.462923685987001e-12  +0.000000000000000e+00
+11   -2.229760370295722e-14  +0.000000000000000e+00
+12   +7.439088509272220e-14  +0.000000000000000e+00
+13   -2.126593134557583e-16  +0.000000000000000e+00
+14   +5.924796180270237e-16  +0.000000000000000e+00
+15   -1.990825270097191e-18  +0.000000000000000e+00
+16   +4.764527149712745e-18  +0.000000000000000e+00
+17   -1.839559792846833e-20  +0.000000000000000e+00
+18   +3.860100557332073e-20  +0.000000000000000e+00
+19   -1.683450155549867e-22  +0.000000000000000e+00
+20   +3.145912782169670e-22  +0.000000000000000e+00
+21   -1.529178534770209e-24  +0.000000000000000e+00
+22   +2.576242392182337e-24  +0.000000000000000e+00
+23   -1.380876779094853e-26  +0.000000000000000e+00
+24   +2.118184588388301e-26  +0.000000000000000e+00
+25   -1.240996344218357e-28  +0.000000000000000e+00
+26   +1.747458051692972e-28  +0.000000000000000e+00
+27   -1.110866244608623e-30  +0.000000000000000e+00
+28   +1.445785109160817e-30  +0.000000000000000e+00
+29   -9.910338658090312e-33  +0.000000000000000e+00
+30   +1.199151695982977e-32  +0.000000000000000e+00

