-30   +0.000000000000000e+00  -4.757773389392163e-37
-29   +0.000000000000000e+00  +8.236599817183041e-35
-28   +0.000000000000000e+00  -5.652166937054325e-35
-27   +0.000000000000000e+00  +1.069389908652284e-32
-26   +0.000000000000000e+00  -6.715581426222603e-33
-25   +0.000000000000000e+00  +1.400134223759078e-30
-24   +0.000000000000000e+00  -7.976041838982099e-31
-23   +0.000000000000000e+00  +1.851225432101143e-28
-22   +0.000000000000000e+00  -9.464540641090978e-29
-21   +0.000000000000000e+00  +2.476188159773546e-26
-20   +0.000000000000000e+00  -1.121109368369457e-26
-19   +0.000000000000000e+00  +3.358592579053073e-24
-18   +0.000000000000000e+00  -1.323743577949313e-24
-17   +0.000000000000000e+00  +4.633798236400901e-22
-16   +0.000000000000000e+00  -1.554020230003373e-22
-15   +0.000000000000000e+00  +6.531234423201546e-20
-14   +0.000000000000000e+00  -1.805181994082990e-20
-13   +0.000000000000000e+00  +9.462778245478969e-18
-12   +0.000000000000000e+00  -2.054554979125141e-18
-11   +0.000000000000000e+00  +1.422532198573192e-15
-10   +0.000000000000000e+00  -2.238679141537870e-16
 -9   +0.000000000000000e+00  +2.252518339175912e-13
 -8   +0.000000000000000e+00  -2.180126396792486e-14
 -7   +0.000000000000000e+00  +3.858630836775314e-11
 -6   +0.000000000000000e+00  -1.330059722315772e-12
 -5   +0.000000000000000e+00  +7.551788638608648e-09
 -4   +0.000000000000000e+00  +2.448314185017274e-10
 -3   +0.000000000000000e+00  +1.947417252884493e-06
 -2   +0.000000000000000e+00  +2.378162294204219e-07
 -1   +0.000000000000000e+00  +1.295978347648407e-03
 +0   +0.000000000000000e+00  +0.000000000000000e+00
 +1   +0.000000000000000e+00  -1.295978347648406e-03
 +2   +0.000000000000000e+00  -2.378162294204219e-07
 +3   +0.000000000000000e+00  -1.947417252884493e-06
 +4   +0.000000000000000e+00  -2.448314185017273e-10
 +5   +0.000000000000000e+00  -7.551788638608648e-09
 +6   +0.000000000000000e+00  +1.330059722315771e-12
 +7   +0.000000000000000e+00  -3.858630836775313e-11
 +8   +0.000000000000000e+00  +2.180126396792487e-14
 +9   +0.000000000000000e+00  -2.252518339175912e-13
+10   +0.000000000000000e+00  +2.238679141537870e-16
+11   +0.000000000000000e+00  -1.422532198573192e-15
+12   +0.000000000000000e+00  +2.054554979125141e-18
+13   +0.000000000000000e+00  -9.462778245478968e-18
+14   +0.000000000000000e+00  +1.805181994082990e-20
+15   +0.000000000000000e+00  -6.531234423201546e-20
+16   +0.000000000000000e+00  +1.554020230003372e-22
+17   +0.000000000000000e+00  -4.633798236400901e-22
+18   +0.000000000000000e+00  +1.323743577949313e-24
+19   +0.000000000000000e+00  -3.358592579053074e-24
+20   +0.000000000000000e+00  +1.121109368369457e-26
+21   +0.000000000000000e+00  -2.476188159773547e-26
+22   +0.000000000000000e+00  +9.464540641090977e-29
+23   +0.000000000000000e+00  -1.851225432101143e-28
+24   +0.000000000000000e+00  +7.976041838982099e-31
+25   +0.000000000000000e+00  -1.400134223759078e-30
+26   +0.000000000000000e+00  +6.715581426222604e-33
+27   +0.000000000000000e+00  -1.069389908652284e-32
+28   +0.000000000000000e+00  +5.652166937054325e-35
+29   +0.000000000000000e+00  -8.236599817183040e-35
+30   +0.000000000000000e+00  +4.757773389392163e-37

