+0 +6.614889613079270e-06
+1 +4.134385458900317e-10
+2 +1.292020284735290e-14
+3 +4.037640981379306e-19
+4 +1.261787054516231e-23
+5 +3.943160321304407e-28
+6 +1.232261280844316e-32
+7 +3.850890505425254e-37
+8 +1.203426409260676e-41
+9 +3.760779800063716e-46
+10 +1.175266272680214e-50
+11 +3.672777682107953e-55
+12 +1.147765082327064e-59
+13 +3.586834810685201e-64
+14 +1.120907418882173e-68
+15 +3.502902999497424e-73
+16 +1.094678223838027e-77
+17 +3.420935189804298e-82
+18 +1.069062791055664e-86
+19 +3.340885424038412e-91
+20 +1.044046758519272e-95
+21 +3.262708820037842e-100
+22 +1.019616100283714e-104
+23 +3.186361545881718e-109
+24 +9.957571186104872e-114
+25 +3.111800795314604e-118
+26 +9.724564362876972e-123
+27 +3.038984763745972e-127
+28 +9.497009891297482e-132
+29 +2.967872621912848e-136
+30 +0.000000000000000e+00
