+0 +7.480401937840189e-02
+1 -2.909305645624340e-05
+2 -1.092443733438194e-08
+3 -1.384340140492381e-07
+4 -2.212839198670817e-11
+5 -8.764234166273815e-10
+6 +1.878065980992161e-13
+7 -6.213236614071662e-12
+8 +4.020505539434344e-15
+9 -4.639922895155786e-14
+10 +5.127039181090189e-17
+11 -3.569911173363254e-16
+12 +5.626013367180466e-19
+13 -2.800236349075475e-18
+14 +5.753310932395157e-21
+15 -2.226417366744231e-20
+16 +5.650759065978228e-23
+17 -1.787970669682348e-22
+18 +5.408155802612310e-25
+19 -1.446951582093508e-24
+20 +5.084101659484590e-27
+21 -1.178139153320035e-26
+22 +4.717443661233247e-29
+23 -9.640330978076310e-29
+24 +4.334045406989776e-31
+25 -7.920848513713866e-31
+26 +3.951016734858560e-33
+27 -6.530628320503504e-33
+28 +3.579466182695355e-35
+29 -5.400359170159203e-35
+30 +3.226948451573994e-37
