+0 +1.075828746487720e+00
+1 -3.913376378472104e+02
+2 -1.749309192207120e-01
+3 -3.407057068952095e+00
+4 -1.586079595526323e-04
+5 -2.957321792233410e-02
+6 +1.233175244936176e-05
+7 -2.557059708227746e-04
+8 +2.295198242755280e-07
+9 -2.206069941280508e-06
+10 +3.056055447337163e-09
+11 -1.900679835655621e-08
+12 +3.567095534165398e-11
+13 -1.636077964710962e-10
+14 +3.885863975488201e-13
+15 -1.408430997679620e-12
+16 -8.448006093523891e-16
+17 -1.007255751962532e-14
+18 -2.070557004565143e-16
+19 -1.586317402944570e-15
+20 +2.595887714036697e-15
+21 +1.421903641995209e-15
+22 -9.550374565326452e-16
+23 +1.055076541251966e-15
+24 -2.716471600189910e-15
+25 +9.802476899425622e-16
+26 -6.202387051384510e-16
+27 -1.412927605971473e-15
+28 -2.226470314147821e-15
+29 +1.005389428573048e-15
+30 -2.295537858590155e-15
