-30   +3.618321110168363e-17  -1.137321090879123e-17
-29   +9.196562986951725e-17  -3.763908728554727e-17
-28   -3.574119344927449e-17  +1.233249003931182e-16
-27   +7.337920410293117e-17  -4.031040502971800e-17
-26   +4.244026646285916e-17  +7.184709019732227e-17
-25   -7.243690731236939e-17  -5.037061009234809e-17
-24   +2.234489279016895e-17  -6.254270707184378e-17
-23   +4.819791820581504e-17  +1.938930314517622e-16
-22   -7.907109650948006e-17  +4.489972133715483e-17
-21   -1.119810645340302e-17  +1.066845765087896e-16
-20   +3.018597690423414e-17  +7.686988072005820e-17
-19   +1.586572791207703e-16  +1.050991399680104e-16
-18   -9.975203265380788e-17  -6.712291111774922e-17
-17   -2.555506016362410e-16  -5.030809759898272e-16
-16   +3.672677545860563e-16  +7.083904839374271e-16
-15   -4.560005645470057e-14  -5.014251846457758e-14
-14   +3.397297209449950e-14  +3.823906589254621e-14
-13   -4.340897885425830e-12  -4.862473426035869e-12
-12   +2.643014916440607e-12  +3.078729759114769e-12
-11   -3.980202788737399e-10  -4.585463392389607e-10
-10   +1.911927011336418e-10  +2.314424705778001e-10
 -9   -3.464183193200575e-08  -4.149908204822736e-08
 -8   +1.235740966847837e-08  +1.576252411545345e-08
 -7   -2.778374753621236e-06  -3.528521043643452e-06
 -6   +6.670990842906550e-07  +9.130868197546554e-07
 -5   -1.926273301034795e-04  -2.695642799471945e-04
 -4   +2.499329451092160e-05  +3.683286260809204e-05
 -3   -9.756409145122717e-03  -1.639831062907273e-02
 -2   -6.804233235920896e-04  -1.166162375490550e-03
 -1   -5.182174150384247e-01  -6.242806238075641e-01
 +0   -1.138974614807388e-03  +0.000000000000000e+00
 +1   -5.182174150384247e-01  +6.242806238075641e-01
 +2   -6.804233235920896e-04  +1.166162375490550e-03
 +3   -9.756409145122717e-03  +1.639831062907273e-02
 +4   +2.499329451092160e-05  -3.683286260809204e-05
 +5   -1.926273301034795e-04  +2.695642799471945e-04
 +6   +6.670990842906550e-07  -9.130868197546554e-07
 +7   -2.778374753621236e-06  +3.528521043643452e-06
 +8   +1.235740966847837e-08  -1.576252411545345e-08
 +9   -3.464183193200575e-08  +4.149908204822736e-08
+10   +1.911927011336418e-10  -2.314424705778001e-10
+11   -3.980202788737399e-10  +4.585463392389607e-10
+12   +2.643014916440607e-12  -3.078729759114769e-12
+13   -4.340897885425830e-12  +4.862473426035869e-12
+14   +3.397297209449950e-14  -3.823906589254621e-14
+15   -4.560005645470057e-14  +5.014251846457758e-14
+16   +3.672677545860563e-16  -7.083904839374271e-16
+17   -2.555506016362410e-16  +5.030809759898272e-16
+18   -9.975203265380788e-17  +6.712291111774922e-17
+19   +1.586572791207703e-16  -1.050991399680104e-16
+20   +3.018597690423414e-17  -7.686988072005820e-17
+21   -1.119810645340302e-17  -1.066845765087896e-16
+22   -7.907109650948006e-17  -4.489972133715483e-17
+23   +4.819791820581504e-17  -1.938930314517622e-16
+24   +2.234489279016895e-17  +6.254270707184378e-17
+25   -7.243690731236939e-17  +5.037061009234809e-17
+26   +4.244026646285916e-17  -7.184709019732227e-17
+27   +7.337920410293117e-17  +4.031040502971800e-17
+28   -3.574119344927449e-17  -1.233249003931182e-16
+29   +9.196562986951725e-17  +3.763908728554727e-17
+30   +3.618321110168363e-17  +1.137321090879123e-17

