-30   +1.083922600321340e-18  +1.525194912016163e-17
-29   +8.938033644869545e-18  +4.325707736386624e-18
-28   -5.002820276428246e-18  +4.267959081030825e-18
-27   -4.121892448931486e-18  +1.706061995834851e-17
-26   +1.278746447013568e-18  +4.936617276210549e-18
-25   -6.133287783133998e-18  -8.051128973886322e-18
-24   +9.287324121620336e-18  -6.708252334789868e-18
-23   +1.255601039286029e-18  -5.600506680571883e-19
-22   +6.250854143231825e-18  +3.153012438458481e-18
-21   -2.614003928793659e-18  +1.981945477848580e-18
-20   +2.709132205861357e-18  +4.692354624973019e-18
-19   -4.479942124643057e-18  +3.173041814777890e-18
-18   -9.500101159020423e-18  -2.099218491455400e-17
-17   +6.275771056062682e-18  +6.669938818945460e-18
-16   -1.120595222252621e-16  -1.710100244939131e-15
-15   +6.263634346367967e-17  +1.029045943633697e-15
-14   -1.146871899045529e-14  -1.823309742966639e-13
-13   +5.384910150696144e-15  +9.266988130408319e-14
-12   -1.212492813713392e-12  -1.895926800253952e-11
-11   +4.584054401589539e-13  +7.881517885151341e-12
-10   -1.251454060877009e-10  -1.913785217918853e-09
 -9   +3.577831632838399e-11  +6.144605471927460e-10
 -8   -1.243891029084887e-08  -1.839528377905297e-07
 -7   +2.359848515389898e-09  +4.077906221641745e-08
 -6   -1.153366248550196e-06  -1.608732815146367e-05
 -5   +9.688037467595839e-08  +1.772944707993249e-06
 -4   -9.051960613013903e-05  -1.096468371986697e-03
 -3   -4.269250891735218e-06  -4.490930996604409e-05
 -2   -2.925744111046175e-03  -2.366599958547659e-06
 -1   +6.309442472331026e-05  +5.732514192811806e-05
 +0   -5.008087204607303e-01  +0.000000000000000e+00
 +1   +6.309442472331026e-05  -5.732514192811806e-05
 +2   -2.925744111046175e-03  +2.366599958547659e-06
 +3   -4.269250891735218e-06  +4.490930996604409e-05
 +4   -9.051960613013903e-05  +1.096468371986697e-03
 +5   +9.688037467595839e-08  -1.772944707993249e-06
 +6   -1.153366248550196e-06  +1.608732815146367e-05
 +7   +2.359848515389898e-09  -4.077906221641745e-08
 +8   -1.243891029084887e-08  +1.839528377905297e-07
 +9   +3.577831632838399e-11  -6.144605471927460e-10
+10   -1.251454060877009e-10  +1.913785217918853e-09
+11   +4.584054401589539e-13  -7.881517885151341e-12
+12   -1.212492813713392e-12  +1.895926800253952e-11
+13   +5.384910150696144e-15  -9.266988130408319e-14
+14   -1.146871899045529e-14  +1.823309742966639e-13
+15   +6.263634346367967e-17  -1.029045943633697e-15
+16   -1.120595222252621e-16  +1.710100244939131e-15
+17   +6.275771056062682e-18  -6.669938818945460e-18
+18   -9.500101159020423e-18  +2.099218491455400e-17
+19   -4.479942124643057e-18  -3.173041814777890e-18
+20   +2.709132205861357e-18  -4.692354624973019e-18
+21   -2.614003928793659e-18  -1.981945477848580e-18
+22   +6.250854143231825e-18  -3.153012438458481e-18
+23   +1.255601039286029e-18  +5.600506680571883e-19
+24   +9.287324121620336e-18  +6.708252334789868e-18
+25   -6.133287783133998e-18  +8.051128973886322e-18
+26   +1.278746447013568e-18  -4.936617276210549e-18
+27   -4.121892448931486e-18  -1.706061995834851e-17
+28   -5.002820276428246e-18  -4.267959081030825e-18
+29   +8.938033644869545e-18  -4.325707736386624e-18
+30   +1.083922600321340e-18  -1.525194912016163e-17

