-30   -4.598694085580763e-18  -2.310241153303638e-17
-29   -8.630353880729461e-18  +2.533101482485004e-17
-28   -6.485382976019211e-18  -2.159546363569953e-17
-27   +3.625328662966474e-17  +9.640173156397509e-18
-26   -1.870770088259488e-17  +2.062827227880679e-17
-25   +1.647056042564597e-17  +4.971126927500760e-17
-24   +4.120240606368267e-17  +2.415373903376754e-17
-23   -2.542391767044384e-17  +5.019071232019494e-17
-22   +6.232441847535638e-17  -6.001084646247900e-19
-21   +2.018419642489860e-17  +1.703315528534448e-17
-20   +3.971656636003325e-17  +1.949532828664177e-17
-19   +3.027967528836620e-17  +3.588956715399058e-17
-18   -5.465352986605198e-17  +1.860285377977734e-16
-17   +4.317517234982960e-17  -9.863308548933242e-17
-16   -6.604020135985149e-15  +1.887072930273164e-14
-15   +5.723607217583161e-15  -1.582235568125456e-14
-14   -6.376507796247240e-13  +1.813197077132553e-12
-13   +4.618847680407378e-13  -1.277130464678087e-12
-12   -5.935996785716344e-11  +1.685814996948080e-10
-11   +3.470092592335471e-11  -9.532780048431617e-11
-10   -5.266150999912873e-09  +1.493139696491147e-08
 -9   +2.336631279188829e-09  -6.359089726691969e-09
 -8   -4.329587678645291e-07  +1.224844624502239e-06
 -7   +1.292568822155532e-07  -3.468111163544383e-07
 -6   -3.096756311356443e-05  +8.732027226200058e-05
 -5   +4.239669016402968e-06  -1.112635472029924e-05
 -4   -1.576573709703589e-03  +4.416958069509654e-03
 -3   -1.958357587013451e-04  +4.701070092343158e-04
 -2   -4.281836665969016e-03  -5.016676240263769e-04
 -1   +2.676137413828011e-04  +2.923844515065238e-04
 +0   -5.160328816892977e-01  +0.000000000000000e+00
 +1   +2.676137413828011e-04  -2.923844515065238e-04
 +2   -4.281836665969016e-03  +5.016676240263769e-04
 +3   -1.958357587013451e-04  -4.701070092343158e-04
 +4   -1.576573709703589e-03  -4.416958069509654e-03
 +5   +4.239669016402968e-06  +1.112635472029924e-05
 +6   -3.096756311356443e-05  -8.732027226200058e-05
 +7   +1.292568822155532e-07  +3.468111163544383e-07
 +8   -4.329587678645291e-07  -1.224844624502239e-06
 +9   +2.336631279188829e-09  +6.359089726691969e-09
+10   -5.266150999912873e-09  -1.493139696491147e-08
+11   +3.470092592335471e-11  +9.532780048431617e-11
+12   -5.935996785716344e-11  -1.685814996948080e-10
+13   +4.618847680407378e-13  +1.277130464678087e-12
+14   -6.376507796247240e-13  -1.813197077132553e-12
+15   +5.723607217583161e-15  +1.582235568125456e-14
+16   -6.604020135985149e-15  -1.887072930273164e-14
+17   +4.317517234982960e-17  +9.863308548933242e-17
+18   -5.465352986605198e-17  -1.860285377977734e-16
+19   +3.027967528836620e-17  -3.588956715399058e-17
+20   +3.971656636003325e-17  -1.949532828664177e-17
+21   +2.018419642489860e-17  -1.703315528534448e-17
+22   +6.232441847535638e-17  +6.001084646247900e-19
+23   -2.542391767044384e-17  -5.019071232019494e-17
+24   +4.120240606368267e-17  -2.415373903376754e-17
+25   +1.647056042564597e-17  -4.971126927500760e-17
+26   -1.870770088259488e-17  -2.062827227880679e-17
+27   +3.625328662966474e-17  -9.640173156397509e-18
+28   -6.485382976019211e-18  +2.159546363569953e-17
+29   -8.630353880729461e-18  -2.533101482485004e-17
+30   -4.598694085580763e-18  +2.310241153303638e-17

