-30   +1.849574015681376e-17  -2.612171470912427e-17
-29   -3.770695878656450e-17  -1.436477066067741e-17
-28   -3.546221979327566e-18  -3.685023674113539e-17
-27   +5.559031268587915e-17  +4.744247957093495e-17
-26   -3.505688570923174e-17  -2.933918090770498e-17
-25   -3.760345829653826e-17  -8.622449238957821e-17
-24   +2.988707102223400e-17  +4.121444419344993e-18
-23   -4.799255271334826e-17  -3.617656700539299e-17
-22   -3.363978807397280e-17  -3.585963564809968e-18
-21   -1.788920631109982e-17  +3.596320145218154e-19
-20   -9.162865436457096e-19  -1.368089630369344e-17
-19   -7.075530749734284e-17  +4.229365150304968e-17
-18   +5.206741314419921e-17  -4.036346803989795e-17
-17   -5.048635328614080e-16  -4.678998950039689e-16
-16   +3.906155649429785e-16  +3.950859007297436e-16
-15   -4.710623126038194e-14  -4.565005887849797e-14
-14   +3.008209157152342e-14  +3.450472731105091e-14
-13   -4.446256170913357e-12  -4.339869165488977e-12
-12   +2.267851611262239e-12  +2.701640363268642e-12
-11   -4.026294955671228e-10  -3.959970960993413e-10
-10   +1.543449546831173e-10  +1.951179622438080e-10
 -9   -3.417527458167312e-08  -3.401021798230374e-08
 -8   +8.937374047156434e-09  +1.246472471888109e-08
 -7   -2.589542652197587e-06  -2.631911943947796e-06
 -6   +3.826177512593626e-07  +6.450369601442359e-07
 -5   -1.518923991146078e-04  -1.625132851296061e-04
 -4   +7.365489666987805e-06  +2.036352850987866e-05
 -3   -2.277275913583159e-03  -3.837138176085199e-03
 -2   -5.186351332486024e-04  -1.192707659957008e-03
 -1   +5.298685611871465e-01  +5.869896048940826e-01
 +0   -5.147609343180287e-04  +0.000000000000000e+00
 +1   +5.298685611871465e-01  -5.869896048940826e-01
 +2   -5.186351332486024e-04  +1.192707659957008e-03
 +3   -2.277275913583159e-03  +3.837138176085199e-03
 +4   +7.365489666987805e-06  -2.036352850987866e-05
 +5   -1.518923991146078e-04  +1.625132851296061e-04
 +6   +3.826177512593626e-07  -6.450369601442359e-07
 +7   -2.589542652197587e-06  +2.631911943947796e-06
 +8   +8.937374047156434e-09  -1.246472471888109e-08
 +9   -3.417527458167312e-08  +3.401021798230374e-08
+10   +1.543449546831173e-10  -1.951179622438080e-10
+11   -4.026294955671228e-10  +3.959970960993413e-10
+12   +2.267851611262239e-12  -2.701640363268642e-12
+13   -4.446256170913357e-12  +4.339869165488977e-12
+14   +3.008209157152342e-14  -3.450472731105091e-14
+15   -4.710623126038194e-14  +4.565005887849797e-14
+16   +3.906155649429785e-16  -3.950859007297436e-16
+17   -5.048635328614080e-16  +4.678998950039689e-16
+18   +5.206741314419921e-17  +4.036346803989795e-17
+19   -7.075530749734284e-17  -4.229365150304968e-17
+20   -9.162865436457096e-19  +1.368089630369344e-17
+21   -1.788920631109982e-17  -3.596320145218154e-19
+22   -3.363978807397280e-17  +3.585963564809968e-18
+23   -4.799255271334826e-17  +3.617656700539299e-17
+24   +2.988707102223400e-17  -4.121444419344993e-18
+25   -3.760345829653826e-17  +8.622449238957821e-17
+26   -3.505688570923174e-17  +2.933918090770498e-17
+27   +5.559031268587915e-17  -4.744247957093495e-17
+28   -3.546221979327566e-18  +3.685023674113539e-17
+29   -3.770695878656450e-17  +1.436477066067741e-17
+30   +1.849574015681376e-17  +2.612171470912427e-17

