-30   +2.660100934499819e-17  +6.901596091598161e-17
-29   +8.612561978721451e-18  +1.045243358846170e-16
-28   +8.063455905637029e-17  +6.660909618248173e-17
-27   -7.827891013075495e-17  +5.325935221922283e-17
-26   -8.955776168062729e-17  +1.783057919428256e-16
-25   -3.287995543611545e-17  +3.647121178258511e-17
-24   +1.792658140434849e-16  +1.477516480091113e-17
-23   +5.637887591082340e-17  -5.816692557432145e-17
-22   +6.014951547172745e-17  -2.005935699836422e-17
-21   +9.537681787898572e-17  -1.813826981391248e-17
-20   +8.994034580130033e-18  -3.311400928659081e-17
-19   -8.522664607887769e-17  +1.285232959249648e-16
-18   -1.523684666019183e-17  +5.709900082974415e-17
-17   +6.486519255397731e-17  +1.360091268475858e-16
-16   +1.935708149169469e-15  -5.939731463917194e-16
-15   -1.693708096470181e-15  +2.904581457616997e-16
-14   +2.121957888259378e-13  -6.610196305030303e-14
-13   -1.341478203787412e-13  +2.769116107207159e-14
-12   +2.018180657519849e-11  -5.969025413682089e-12
-11   -1.030921653730696e-11  +1.766226256356619e-12
-10   +1.847763674957949e-09  -5.065918882109007e-10
 -9   -7.315218855779544e-10  +9.154752399834061e-11
 -8   +1.597303905750221e-07  -3.874216227773465e-08
 -7   -4.667883844546183e-08  +3.199527597003663e-09
 -6   +1.252087494062959e-05  -2.385580229200210e-06
 -5   -2.622869505752295e-06  +7.290999702269936e-08
 -4   +7.945680391822212e-04  -6.460024423370230e-05
 -3   -1.375553035318726e-04  +1.963445307732505e-05
 -2   +1.924952609484041e-02  +1.103778360397321e-02
 -1   +3.575190383676016e-03  +3.326697115605249e-04
 +0   -1.753847463087852e-03  +0.000000000000000e+00
 +1   +3.575190383676016e-03  -3.326697115605249e-04
 +2   +1.924952609484041e-02  -1.103778360397321e-02
 +3   -1.375553035318726e-04  -1.963445307732505e-05
 +4   +7.945680391822212e-04  +6.460024423370230e-05
 +5   -2.622869505752295e-06  -7.290999702269936e-08
 +6   +1.252087494062959e-05  +2.385580229200210e-06
 +7   -4.667883844546183e-08  -3.199527597003663e-09
 +8   +1.597303905750221e-07  +3.874216227773465e-08
 +9   -7.315218855779544e-10  -9.154752399834061e-11
+10   +1.847763674957949e-09  +5.065918882109007e-10
+11   -1.030921653730696e-11  -1.766226256356619e-12
+12   +2.018180657519849e-11  +5.969025413682089e-12
+13   -1.341478203787412e-13  -2.769116107207159e-14
+14   +2.121957888259378e-13  +6.610196305030303e-14
+15   -1.693708096470181e-15  -2.904581457616997e-16
+16   +1.935708149169469e-15  +5.939731463917194e-16
+17   +6.486519255397731e-17  -1.360091268475858e-16
+18   -1.523684666019183e-17  -5.709900082974415e-17
+19   -8.522664607887769e-17  -1.285232959249648e-16
+20   +8.994034580130033e-18  +3.311400928659081e-17
+21   +9.537681787898572e-17  +1.813826981391248e-17
+22   +6.014951547172745e-17  +2.005935699836422e-17
+23   +5.637887591082340e-17  +5.816692557432145e-17
+24   +1.792658140434849e-16  -1.477516480091113e-17
+25   -3.287995543611545e-17  -3.647121178258511e-17
+26   -8.955776168062729e-17  -1.783057919428256e-16
+27   -7.827891013075495e-17  -5.325935221922283e-17
+28   +8.063455905637029e-17  -6.660909618248173e-17
+29   +8.612561978721451e-18  -1.045243358846170e-16
+30   +2.660100934499819e-17  -6.901596091598161e-17

