-30   -6.542519414630276e-17  +1.524721095787082e-16
-29   +1.668940570210468e-16  -4.708358477572667e-17
-28   -1.413736397617720e-16  +1.044637446982328e-17
-27   +6.390640140852328e-17  -2.537079847970909e-17
-26   -1.251958374016047e-16  +1.471721707877436e-16
-25   -7.103099191217720e-17  -4.885815829979177e-17
-24   +6.267859409451041e-17  -2.016588218370224e-16
-23   +1.517908025073698e-16  +6.836814158393202e-17
-22   +2.816485116013820e-17  -6.151357967998700e-17
-21   +2.159955271900119e-16  -4.452421814307281e-17
-20   -1.814196227020621e-16  -1.227038103300480e-16
-19   +7.977823447431442e-17  -1.569494121266130e-17
-18   -2.908024721972284e-16  -2.616638643939211e-16
-17   +6.611539098719141e-17  -1.710473830184554e-16
-16   +2.130751575897103e-15  +2.666471144442786e-16
-15   -1.884030956961268e-15  -3.701160590637785e-16
-14   +2.213955091615721e-13  +1.671512789127387e-14
-13   -1.360878117511402e-13  +1.282978931471567e-15
-12   +2.095082890873867e-11  +1.851482822816982e-12
-11   -1.036558623785579e-11  +1.741690945288539e-13
-10   +1.904094351879139e-09  +1.992261817896757e-10
 -9   -7.286385242719929e-10  +2.262201439014693e-11
 -8   +1.628737010723686e-07  +2.098688906298962e-08
 -7   -4.620835307013575e-08  +2.788766372018132e-09
 -6   +1.255732845525949e-05  +2.130973488364125e-06
 -5   -2.635680427216999e-06  +3.195072395240852e-07
 -4   +7.726762005131183e-04  +1.995401080306671e-04
 -3   -1.505003686270422e-04  +3.036959935556594e-05
 -2   +1.708625700559097e-02  +1.366588977410192e-02
 -1   +3.617353630556638e-03  +4.152182829255131e-05
 +0   -1.482671267604995e-03  +0.000000000000000e+00
 +1   +3.617353630556638e-03  -4.152182829255131e-05
 +2   +1.708625700559097e-02  -1.366588977410192e-02
 +3   -1.505003686270422e-04  -3.036959935556594e-05
 +4   +7.726762005131183e-04  -1.995401080306671e-04
 +5   -2.635680427216999e-06  -3.195072395240852e-07
 +6   +1.255732845525949e-05  -2.130973488364125e-06
 +7   -4.620835307013575e-08  -2.788766372018132e-09
 +8   +1.628737010723686e-07  -2.098688906298962e-08
 +9   -7.286385242719929e-10  -2.262201439014693e-11
+10   +1.904094351879139e-09  -1.992261817896757e-10
+11   -1.036558623785579e-11  -1.741690945288539e-13
+12   +2.095082890873867e-11  -1.851482822816982e-12
+13   -1.360878117511402e-13  -1.282978931471567e-15
+14   +2.213955091615721e-13  -1.671512789127387e-14
+15   -1.884030956961268e-15  +3.701160590637785e-16
+16   +2.130751575897103e-15  -2.666471144442786e-16
+17   +6.611539098719141e-17  +1.710473830184554e-16
+18   -2.908024721972284e-16  +2.616638643939211e-16
+19   +7.977823447431442e-17  +1.569494121266130e-17
+20   -1.814196227020621e-16  +1.227038103300480e-16
+21   +2.159955271900119e-16  +4.452421814307281e-17
+22   +2.816485116013820e-17  +6.151357967998700e-17
+23   +1.517908025073698e-16  -6.836814158393202e-17
+24   +6.267859409451041e-17  +2.016588218370224e-16
+25   -7.103099191217720e-17  +4.885815829979177e-17
+26   -1.251958374016047e-16  -1.471721707877436e-16
+27   +6.390640140852328e-17  +2.537079847970909e-17
+28   -1.413736397617720e-16  -1.044637446982328e-17
+29   +1.668940570210468e-16  +4.708358477572667e-17
+30   -6.542519414630276e-17  -1.524721095787082e-16

