-30   +4.833979301992526e-18  +5.329447710761445e-18
-29   -3.815998370956174e-18  +6.200933357143594e-18
-28   +1.196201062990674e-18  +6.670104132292818e-18
-27   +4.221098366062306e-18  +2.169372504131005e-18
-26   +2.437368427913893e-18  +4.520284058848726e-18
-25   +2.494211173008139e-18  +6.720999895249283e-18
-24   +2.201782587483496e-18  +6.879451988943301e-18
-23   -7.398273786095175e-19  -3.802689424372720e-18
-22   +3.462117272465673e-18  +5.456587497721371e-18
-21   +2.476330783737021e-18  +4.002702241356735e-18
-20   +2.217776256187737e-18  +5.071915857273251e-18
-19   +7.022551147955096e-18  +1.806276426349964e-18
-18   +2.260539796336533e-17  +6.938576421121421e-18
-17   -1.095950891386716e-17  +2.234743342505761e-18
-16   +1.720958182862843e-15  -1.162840225460816e-17
-15   -1.028364011852699e-15  +1.082461861001215e-17
-14   +1.826888020177630e-13  -1.618734031236487e-15
-13   -9.283324856765342e-14  +6.210507869511769e-16
-12   +1.899703554447261e-11  -1.882618203778967e-13
-11   -7.894983823408975e-12  +6.039807319136839e-14
-10   +1.917745930812458e-09  -2.180894734480561e-11
 -9   -6.155214330427045e-10  +5.712842216285955e-12
 -8   +1.843554841778003e-07  -2.519732821026005e-09
 -7   -4.084988715935930e-08  +5.105325445832767e-10
 -6   +1.612603584367915e-05  -2.896960969341757e-07
 -5   -1.775908445159682e-06  +4.112986959133609e-08
 -4   +1.099735811807841e-03  -3.292570105655521e-05
 -3   +4.504250011172583e-05  +2.536244577680149e-06
 -2   +1.515870801154700e-04  -3.590284988787547e-03
 -1   -6.857435193916017e-05  -7.145448288080678e-05
 +0   +2.853367048793092e-02  +0.000000000000000e+00
 +1   -6.857435193916017e-05  +7.145448288080678e-05
 +2   +1.515870801154700e-04  +3.590284988787547e-03
 +3   +4.504250011172583e-05  -2.536244577680149e-06
 +4   +1.099735811807841e-03  +3.292570105655521e-05
 +5   -1.775908445159682e-06  -4.112986959133609e-08
 +6   +1.612603584367915e-05  +2.896960969341757e-07
 +7   -4.084988715935930e-08  -5.105325445832767e-10
 +8   +1.843554841778003e-07  +2.519732821026005e-09
 +9   -6.155214330427045e-10  -5.712842216285955e-12
+10   +1.917745930812458e-09  +2.180894734480561e-11
+11   -7.894983823408975e-12  -6.039807319136839e-14
+12   +1.899703554447261e-11  +1.882618203778967e-13
+13   -9.283324856765342e-14  -6.210507869511769e-16
+14   +1.826888020177630e-13  +1.618734031236487e-15
+15   -1.028364011852699e-15  -1.082461861001215e-17
+16   +1.720958182862843e-15  +1.162840225460816e-17
+17   -1.095950891386716e-17  -2.234743342505761e-18
+18   +2.260539796336533e-17  -6.938576421121421e-18
+19   +7.022551147955096e-18  -1.806276426349964e-18
+20   +2.217776256187737e-18  -5.071915857273251e-18
+21   +2.476330783737021e-18  -4.002702241356735e-18
+22   +3.462117272465673e-18  -5.456587497721371e-18
+23   -7.398273786095175e-19  +3.802689424372720e-18
+24   +2.201782587483496e-18  -6.879451988943301e-18
+25   +2.494211173008139e-18  -6.720999895249283e-18
+26   +2.437368427913893e-18  -4.520284058848726e-18
+27   +4.221098366062306e-18  -2.169372504131005e-18
+28   +1.196201062990674e-18  -6.670104132292818e-18
+29   -3.815998370956174e-18  -6.200933357143594e-18
+30   +4.833979301992526e-18  -5.329447710761445e-18

