-30   +2.036920726358019e-16  +3.716995442255646e-17
-29   -6.324782892850501e-18  +1.466806538184565e-16
-28   -7.895688248643965e-18  +7.922573073130874e-17
-27   +4.438165493732032e-17  +1.338995633799715e-16
-26   +6.396061256522351e-17  +9.094062363234686e-17
-25   +1.083179686623717e-17  +5.534862713266253e-17
-24   +8.156555679588066e-17  +9.160305192908988e-17
-23   -1.728864120599423e-18  +9.641337027173265e-17
-22   +2.387792953732825e-17  +7.523679621620111e-17
-21   -3.768998115104877e-17  +1.457128719228050e-16
-20   +1.384538601499328e-16  +1.320758066892849e-16
-19   -1.798072285185427e-17  +8.606882273922075e-17
-18   +6.347956349577825e-17  +4.786739556903028e-17
-17   +3.180729630546845e-16  -4.704436653787727e-16
-16   -3.076791286292231e-16  +8.015562470440484e-16
-15   +3.258138871713895e-14  -5.938741748457824e-14
-14   -2.433197323162065e-14  +4.493533481621928e-14
-13   +3.209670798193361e-12  -5.677484075096945e-12
-12   -1.986390306456000e-12  +3.537621113066080e-12
-11   +3.071896566551025e-10  -5.243090952732945e-10
-10   -1.508967551144358e-10  +2.594226552649753e-10
 -9   +2.835948362617734e-08  -4.609522515792913e-08
 -8   -1.040040144559270e-08  +1.710508529103034e-08
 -7   +2.480460186500317e-06  -3.754158906738064e-06
 -6   -6.088186576617445e-07  +9.517587568093852e-07
 -5   +1.979560222943817e-04  -2.671717756435059e-04
 -4   -2.432507657165517e-05  +3.728238353546177e-05
 -3   +1.297775297628930e-02  -1.422053073891907e-02
 -2   +8.082384923171734e-04  -1.032789016671408e-03
 -1   +4.276878400568029e-01  -6.709771126766666e-01
 +0   +1.018419157440505e-03  +0.000000000000000e+00
 +1   +4.276878400568029e-01  +6.709771126766666e-01
 +2   +8.082384923171734e-04  +1.032789016671408e-03
 +3   +1.297775297628930e-02  +1.422053073891907e-02
 +4   -2.432507657165517e-05  -3.728238353546177e-05
 +5   +1.979560222943817e-04  +2.671717756435059e-04
 +6   -6.088186576617445e-07  -9.517587568093852e-07
 +7   +2.480460186500317e-06  +3.754158906738064e-06
 +8   -1.040040144559270e-08  -1.710508529103034e-08
 +9   +2.835948362617734e-08  +4.609522515792913e-08
+10   -1.508967551144358e-10  -2.594226552649753e-10
+11   +3.071896566551025e-10  +5.243090952732945e-10
+12   -1.986390306456000e-12  -3.537621113066080e-12
+13   +3.209670798193361e-12  +5.677484075096945e-12
+14   -2.433197323162065e-14  -4.493533481621928e-14
+15   +3.258138871713895e-14  +5.938741748457824e-14
+16   -3.076791286292231e-16  -8.015562470440484e-16
+17   +3.180729630546845e-16  +4.704436653787727e-16
+18   +6.347956349577825e-17  -4.786739556903028e-17
+19   -1.798072285185427e-17  -8.606882273922075e-17
+20   +1.384538601499328e-16  -1.320758066892849e-16
+21   -3.768998115104877e-17  -1.457128719228050e-16
+22   +2.387792953732825e-17  -7.523679621620111e-17
+23   -1.728864120599423e-18  -9.641337027173265e-17
+24   +8.156555679588066e-17  -9.160305192908988e-17
+25   +1.083179686623717e-17  -5.534862713266253e-17
+26   +6.396061256522351e-17  -9.094062363234686e-17
+27   +4.438165493732032e-17  -1.338995633799715e-16
+28   -7.895688248643965e-18  -7.922573073130874e-17
+29   -6.324782892850501e-18  -1.466806538184565e-16
+30   +2.036920726358019e-16  -3.716995442255646e-17

