-30   -6.152252283101729e-17  -3.465361756186255e-17
-29   -1.248878464651504e-17  -6.576396056754590e-17
-28   +9.398175606022772e-18  -6.965556086280470e-17
-27   -1.581040694895947e-17  -4.511432652588249e-17
-26   -3.590599732124099e-17  -7.100797650777938e-17
-25   +2.562536956900301e-18  -6.724831913000618e-17
-24   +1.042774692482427e-17  -1.041613278606168e-16
-23   -1.296652222417213e-17  -1.202509936797670e-17
-22   +2.547647720236360e-17  -8.506444799076612e-17
-21   +8.522437508170472e-18  -9.083460420249494e-17
-20   +2.775557561562888e-18  -4.872052209618726e-17
-19   -1.433381042006680e-17  -6.046190066735885e-17
-18   -2.206001223639203e-16  -9.948033344375816e-17
-17   +2.086233953778018e-16  -4.831005856701269e-17
-16   -1.995287381603327e-14  -2.594737178377185e-16
-15   +1.693482011701412e-14  -3.013443953529006e-17
-14   -1.922029598138629e-12  -2.033955130192152e-14
-13   +1.358176879840583e-12  -1.161743409442678e-16
-12   -1.787239214059465e-10  -2.228618268394474e-12
-11   +1.014438725627665e-10  -5.367146684009673e-14
-10   -1.583245572821057e-08  -2.428446160438312e-10
 -9   +6.774463935706668e-09  -1.119645684667911e-11
 -8   -1.299061293878307e-06  -2.602635507776961e-08
 -7   +3.700880335622646e-07  -1.767702322661180e-09
 -6   -9.264144022240635e-05  -2.710365682187994e-06
 -5   +1.190568204607615e-05  -2.372475013897950e-07
 -4   -4.688824230568892e-03  -2.653915101441492e-04
 -3   -5.090200412025815e-04  -2.529711019873841e-05
 -2   -1.030528087814072e-03  -2.084645975167188e-02
 -1   +4.440245850642057e-05  -1.844307940719468e-04
 +0   -1.314590220140448e-01  +0.000000000000000e+00
 +1   +4.440245850642057e-05  +1.844307940719468e-04
 +2   -1.030528087814072e-03  +2.084645975167188e-02
 +3   -5.090200412025815e-04  +2.529711019873841e-05
 +4   -4.688824230568892e-03  +2.653915101441492e-04
 +5   +1.190568204607615e-05  +2.372475013897950e-07
 +6   -9.264144022240635e-05  +2.710365682187994e-06
 +7   +3.700880335622646e-07  +1.767702322661180e-09
 +8   -1.299061293878307e-06  +2.602635507776961e-08
 +9   +6.774463935706668e-09  +1.119645684667911e-11
+10   -1.583245572821057e-08  +2.428446160438312e-10
+11   +1.014438725627665e-10  +5.367146684009673e-14
+12   -1.787239214059465e-10  +2.228618268394474e-12
+13   +1.358176879840583e-12  +1.161743409442678e-16
+14   -1.922029598138629e-12  +2.033955130192152e-14
+15   +1.693482011701412e-14  +3.013443953529006e-17
+16   -1.995287381603327e-14  +2.594737178377185e-16
+17   +2.086233953778018e-16  +4.831005856701269e-17
+18   -2.206001223639203e-16  +9.948033344375816e-17
+19   -1.433381042006680e-17  +6.046190066735885e-17
+20   +2.775557561562888e-18  +4.872052209618726e-17
+21   +8.522437508170472e-18  +9.083460420249494e-17
+22   +2.547647720236360e-17  +8.506444799076612e-17
+23   -1.296652222417213e-17  +1.202509936797670e-17
+24   +1.042774692482427e-17  +1.041613278606168e-16
+25   +2.562536956900301e-18  +6.724831913000618e-17
+26   -3.590599732124099e-17  +7.100797650777938e-17
+27   -1.581040694895947e-17  +4.511432652588249e-17
+28   +9.398175606022772e-18  +6.965556086280470e-17
+29   -1.248878464651504e-17  +6.576396056754590e-17
+30   -6.152252283101729e-17  +3.465361756186255e-17

