-30   +1.866809441907686e-17  -1.334146701259676e-17
-29   -1.232538736711101e-17  +1.893530702643916e-17
-28   -3.631628443967276e-17  -3.463546172371631e-17
-27   +4.253191959384843e-17  +2.186591099109105e-17
-26   -2.508341408917885e-17  +2.962831817259222e-17
-25   -4.036010541081610e-17  -4.104817241862775e-17
-24   +7.177729540867950e-18  +4.229862880635823e-17
-23   +1.035107238885009e-19  -4.170566051162076e-17
-22   -2.002898340006231e-17  +2.325334248913520e-17
-21   +1.223629770186996e-17  +1.754138269629035e-17
-20   +2.244465626617530e-17  +1.279750296703562e-17
-19   -7.624714609993468e-17  +2.502720810278157e-17
-18   +1.781477730096589e-17  +7.503295305127552e-17
-17   -2.910385676447410e-16  -5.895410183292121e-16
-16   +2.479969604743169e-16  +5.678779844669528e-16
-15   -2.697247403261997e-14  -5.971591298004560e-14
-14   +2.218980889393880e-14  +4.008356692719319e-14
-13   -2.553496847868806e-12  -5.663796409223738e-12
-12   +1.765927376219969e-12  +3.050226087539509e-12
-11   -2.326063239928557e-10  -5.145570893330817e-10
-10   +1.304510812397049e-10  +2.115265361091627e-10
 -9   -1.992819873717217e-08  -4.389714041733515e-08
 -8   +8.640140416323395e-09  +1.264919326807357e-08
 -7   -1.536045045273778e-06  -3.356698954272801e-06
 -6   +4.777859631305507e-07  +5.781881628720509e-07
 -5   -9.409169338184610e-05  -2.014154225778196e-04
 -4   +1.779798526818662e-05  +1.336152939768406e-05
 -3   -2.114608616259569e-03  -3.814087832062049e-03
 -2   -6.329491281122855e-04  -1.056884986146612e-03
 -1   +4.619036262331576e-01  +6.502314818744426e-01
 +0   -6.524485840555326e-04  +0.000000000000000e+00
 +1   +4.619036262331576e-01  -6.502314818744426e-01
 +2   -6.329491281122855e-04  +1.056884986146612e-03
 +3   -2.114608616259569e-03  +3.814087832062049e-03
 +4   +1.779798526818662e-05  -1.336152939768406e-05
 +5   -9.409169338184610e-05  +2.014154225778196e-04
 +6   +4.777859631305507e-07  -5.781881628720509e-07
 +7   -1.536045045273778e-06  +3.356698954272801e-06
 +8   +8.640140416323395e-09  -1.264919326807357e-08
 +9   -1.992819873717217e-08  +4.389714041733515e-08
+10   +1.304510812397049e-10  -2.115265361091627e-10
+11   -2.326063239928557e-10  +5.145570893330817e-10
+12   +1.765927376219969e-12  -3.050226087539509e-12
+13   -2.553496847868806e-12  +5.663796409223738e-12
+14   +2.218980889393880e-14  -4.008356692719319e-14
+15   -2.697247403261997e-14  +5.971591298004560e-14
+16   +2.479969604743169e-16  -5.678779844669528e-16
+17   -2.910385676447410e-16  +5.895410183292121e-16
+18   +1.781477730096589e-17  -7.503295305127552e-17
+19   -7.624714609993468e-17  -2.502720810278157e-17
+20   +2.244465626617530e-17  -1.279750296703562e-17
+21   +1.223629770186996e-17  -1.754138269629035e-17
+22   -2.002898340006231e-17  -2.325334248913520e-17
+23   +1.035107238885009e-19  +4.170566051162076e-17
+24   +7.177729540867950e-18  -4.229862880635823e-17
+25   -4.036010541081610e-17  +4.104817241862775e-17
+26   -2.508341408917885e-17  -2.962831817259222e-17
+27   +4.253191959384843e-17  -2.186591099109105e-17
+28   -3.631628443967276e-17  +3.463546172371631e-17
+29   -1.232538736711101e-17  -1.893530702643916e-17
+30   +1.866809441907686e-17  +1.334146701259676e-17

