-30   -2.373103374353230e-17  +7.773088126097347e-17
-29   +4.405293521758095e-17  -2.741030123147294e-18
-28   +1.051707988646839e-16  +6.770630004754096e-17
-27   +3.435024325813437e-17  -4.826309099603585e-18
-26   -1.253785049327518e-17  +5.173905591212670e-17
-25   +5.700201067084662e-17  -8.256681419687227e-17
-24   -4.330213529043306e-17  +6.839576369522764e-18
-23   -5.847016858068582e-17  +1.456076046803043e-16
-22   +8.765504417844574e-17  +8.408310736353335e-17
-21   -6.439204946288795e-17  -4.961946896471391e-17
-20   +8.310630539422901e-17  +9.760798039225727e-17
-19   +1.171297042732558e-16  +1.058940983276337e-16
-18   +4.525867276808073e-17  -1.256111629860155e-16
-17   -2.719179883767999e-16  -4.488057804835534e-16
-16   +1.606090304347222e-16  +6.204490886511152e-16
-15   -3.252198578734163e-14  -5.948501541891098e-14
-14   +2.442079783130848e-14  +4.492411713603625e-14
-13   -3.209678711899362e-12  -5.677388483636740e-12
-12   +1.986534740351348e-12  +3.537486947366771e-12
-11   -3.071891461971701e-10  -5.243091152194756e-10
-10   +1.508966908698878e-10  +2.594224086732629e-10
 -9   -2.835948341414550e-08  -4.609522545229180e-08
 -8   +1.040040187113578e-08  +1.710508536630557e-08
 -7   -2.480460186386429e-06  -3.754158907040855e-06
 -6   +6.088186576594921e-07  +9.517587565906103e-07
 -5   -1.979560222940825e-04  -2.671717756435896e-04
 -4   +2.432507657198308e-05  +3.728238353505961e-05
 -3   -1.297775297628832e-02  -1.422053073891893e-02
 -2   -8.082384923167994e-04  -1.032789016668114e-03
 -1   -4.276878400568199e-01  -6.709771126766622e-01
 +0   -1.018419157456656e-03  +0.000000000000000e+00
 +1   -4.276878400568199e-01  +6.709771126766622e-01
 +2   -8.082384923167994e-04  +1.032789016668114e-03
 +3   -1.297775297628832e-02  +1.422053073891893e-02
 +4   +2.432507657198308e-05  -3.728238353505961e-05
 +5   -1.979560222940825e-04  +2.671717756435896e-04
 +6   +6.088186576594921e-07  -9.517587565906103e-07
 +7   -2.480460186386429e-06  +3.754158907040855e-06
 +8   +1.040040187113578e-08  -1.710508536630557e-08
 +9   -2.835948341414550e-08  +4.609522545229180e-08
+10   +1.508966908698878e-10  -2.594224086732629e-10
+11   -3.071891461971701e-10  +5.243091152194756e-10
+12   +1.986534740351348e-12  -3.537486947366771e-12
+13   -3.209678711899362e-12  +5.677388483636740e-12
+14   +2.442079783130848e-14  -4.492411713603625e-14
+15   -3.252198578734163e-14  +5.948501541891098e-14
+16   +1.606090304347222e-16  -6.204490886511152e-16
+17   -2.719179883767999e-16  +4.488057804835534e-16
+18   +4.525867276808073e-17  +1.256111629860155e-16
+19   +1.171297042732558e-16  -1.058940983276337e-16
+20   +8.310630539422901e-17  -9.760798039225727e-17
+21   -6.439204946288795e-17  +4.961946896471391e-17
+22   +8.765504417844574e-17  -8.408310736353335e-17
+23   -5.847016858068582e-17  -1.456076046803043e-16
+24   -4.330213529043306e-17  -6.839576369522764e-18
+25   +5.700201067084662e-17  +8.256681419687227e-17
+26   -1.253785049327518e-17  -5.173905591212670e-17
+27   +3.435024325813437e-17  +4.826309099603585e-18
+28   +1.051707988646839e-16  -6.770630004754096e-17
+29   +4.405293521758095e-17  +2.741030123147294e-18
+30   -2.373103374353230e-17  -7.773088126097347e-17

