-30   -5.912028867121899e-17  -1.142238841191235e-16
-29   -1.930903947927824e-17  -1.418667962265281e-16
-28   -8.281297911864805e-17  -8.250003956564022e-17
-27   -5.468263024565293e-17  -5.287609697901922e-17
-26   -4.007153651114037e-17  -1.538208291321707e-16
-25   -3.035703401520561e-17  -1.163213491063600e-16
-24   -2.038885692845651e-17  -2.042327539625310e-16
-23   -3.521628445444891e-17  -1.173822361437616e-16
-22   -1.757880737305343e-17  -1.192883718426483e-16
-21   +4.405161344097311e-18  -1.994746550523093e-16
-20   -6.286217905415083e-17  -1.433882973718993e-16
-19   +2.929492347882285e-18  -1.535834540011788e-16
-18   -9.457018637206940e-17  -2.222072773572345e-16
-17   +2.544255610852041e-16  -7.906342411079983e-16
-16   -3.165362601325345e-16  +2.915533034250867e-16
-15   +2.684101901578000e-14  -6.006544632764646e-14
-14   -2.222558095065649e-14  +3.971860530149270e-14
-13   +2.553521389849893e-12  -5.664169509987969e-12
-12   -1.765931122074683e-12  +3.049758263242058e-12
-11   +2.326061165338643e-10  -5.145573738884238e-10
-10   -1.304510592881686e-10  +2.115260431207439e-10
 -9   +1.992819847018494e-08  -4.389714093342574e-08
 -8   -8.640140864372640e-09  +1.264919273478791e-08
 -7   +1.536045045122041e-06  -3.356698954971585e-06
 -6   -4.777859631625545e-07  +5.781881622390046e-07
 -5   +9.409169338147212e-05  -2.014154225788141e-04
 -4   -1.779798526888290e-05  +1.336152939610221e-05
 -3   +2.114608616258026e-03  -3.814087832063822e-03
 -2   +6.329491281037783e-04  -1.056884986156491e-03
 -1   -4.619036262331498e-01  +6.502314818744300e-01
 +0   +6.524485840608066e-04  +0.000000000000000e+00
 +1   -4.619036262331498e-01  -6.502314818744300e-01
 +2   +6.329491281037783e-04  +1.056884986156491e-03
 +3   +2.114608616258026e-03  +3.814087832063822e-03
 +4   -1.779798526888290e-05  -1.336152939610221e-05
 +5   +9.409169338147212e-05  +2.014154225788141e-04
 +6   -4.777859631625545e-07  -5.781881622390046e-07
 +7   +1.536045045122041e-06  +3.356698954971585e-06
 +8   -8.640140864372640e-09  -1.264919273478791e-08
 +9   +1.992819847018494e-08  +4.389714093342574e-08
+10   -1.304510592881686e-10  -2.115260431207439e-10
+11   +2.326061165338643e-10  +5.145573738884238e-10
+12   -1.765931122074683e-12  -3.049758263242058e-12
+13   +2.553521389849893e-12  +5.664169509987969e-12
+14   -2.222558095065649e-14  -3.971860530149270e-14
+15   +2.684101901578000e-14  +6.006544632764646e-14
+16   -3.165362601325345e-16  -2.915533034250867e-16
+17   +2.544255610852041e-16  +7.906342411079983e-16
+18   -9.457018637206940e-17  +2.222072773572345e-16
+19   +2.929492347882285e-18  +1.535834540011788e-16
+20   -6.286217905415083e-17  +1.433882973718993e-16
+21   +4.405161344097311e-18  +1.994746550523093e-16
+22   -1.757880737305343e-17  +1.192883718426483e-16
+23   -3.521628445444891e-17  +1.173822361437616e-16
+24   -2.038885692845651e-17  +2.042327539625310e-16
+25   -3.035703401520561e-17  +1.163213491063600e-16
+26   -4.007153651114037e-17  +1.538208291321707e-16
+27   -5.468263024565293e-17  +5.287609697901922e-17
+28   -8.281297911864805e-17  +8.250003956564022e-17
+29   -1.930903947927824e-17  +1.418667962265281e-16
+30   -5.912028867121899e-17  +1.142238841191235e-16

