-30   +6.441431337380602e-18  +3.490699222442674e-18
-29   -3.413543777947369e-18  +3.271009329858308e-18
-28   +3.118788504735545e-19  +6.524782914743567e-18
-27   +4.681526423657301e-18  +4.130882974388895e-18
-26   +3.855771380822654e-18  +4.593270490792969e-18
-25   +3.788304110280979e-18  +3.297355636247013e-18
-24   +3.232526270309719e-18  +5.567294246525915e-18
-23   -3.244996022992010e-19  -2.971873010666831e-18
-22   +5.101374849249779e-18  +6.060367076574424e-18
-21   +2.003434744643094e-18  +4.268560829614156e-18
-20   +4.299444427359905e-18  +4.671298630943342e-18
-19   +6.425026075650368e-18  +3.217466428442786e-18
-18   +2.305493030170050e-17  +9.095264228103422e-18
-17   -9.770548525306149e-18  +1.731288288580918e-18
-16   +1.722905352005427e-15  +1.593652134270906e-17
-15   -1.030008617260614e-15  -9.866542319502839e-19
-14   +1.826892170744473e-13  +1.627024280788059e-15
-13   -9.283245376984075e-14  -6.109764642907934e-16
-12   +1.899703723867116e-11  +1.882894002191859e-13
-11   -7.894986551395046e-12  -6.037795854005989e-14
-10   +1.917745934248183e-09  +2.180896708546094e-11
 -9   -6.155214359049624e-10  -5.712835342635711e-12
 -8   +1.843554841779614e-07  +2.519732852751301e-09
 -7   -4.084988716084475e-08  -5.105325239159611e-10
 -6   +1.612603584368102e-05  +2.896960969503696e-07
 -5   -1.775908445158444e-06  -4.112986960695783e-08
 -4   +1.099735811807842e-03  +3.292570105655075e-05
 -3   +4.504250011172494e-05  -2.536244578163263e-06
 -2   +1.515870801154684e-04  +3.590284988787562e-03
 -1   -6.857435193916023e-05  +7.145448288201586e-05
 +0   +2.853367048793092e-02  +0.000000000000000e+00
 +1   -6.857435193916023e-05  -7.145448288201586e-05
 +2   +1.515870801154684e-04  -3.590284988787562e-03
 +3   +4.504250011172494e-05  +2.536244578163263e-06
 +4   +1.099735811807842e-03  -3.292570105655075e-05
 +5   -1.775908445158444e-06  +4.112986960695783e-08
 +6   +1.612603584368102e-05  -2.896960969503696e-07
 +7   -4.084988716084475e-08  +5.105325239159611e-10
 +8   +1.843554841779614e-07  -2.519732852751301e-09
 +9   -6.155214359049624e-10  +5.712835342635711e-12
+10   +1.917745934248183e-09  -2.180896708546094e-11
+11   -7.894986551395046e-12  +6.037795854005989e-14
+12   +1.899703723867116e-11  -1.882894002191859e-13
+13   -9.283245376984075e-14  +6.109764642907934e-16
+14   +1.826892170744473e-13  -1.627024280788059e-15
+15   -1.030008617260614e-15  +9.866542319502839e-19
+16   +1.722905352005427e-15  -1.593652134270906e-17
+17   -9.770548525306149e-18  -1.731288288580918e-18
+18   +2.305493030170050e-17  -9.095264228103422e-18
+19   +6.425026075650368e-18  -3.217466428442786e-18
+20   +4.299444427359905e-18  -4.671298630943342e-18
+21   +2.003434744643094e-18  -4.268560829614156e-18
+22   +5.101374849249779e-18  -6.060367076574424e-18
+23   -3.244996022992010e-19  +2.971873010666831e-18
+24   +3.232526270309719e-18  -5.567294246525915e-18
+25   +3.788304110280979e-18  -3.297355636247013e-18
+26   +3.855771380822654e-18  -4.593270490792969e-18
+27   +4.681526423657301e-18  -4.130882974388895e-18
+28   +3.118788504735545e-19  -6.524782914743567e-18
+29   -3.413543777947369e-18  -3.271009329858308e-18
+30   +6.441431337380602e-18  -3.490699222442674e-18

