-30   -6.594322281883829e-17  -4.954686034854150e-19
-29   +3.706848312441320e-17  -1.589977906382352e-18
-28   +3.168326898829347e-18  +1.965479599945311e-17
-27   -1.568604546737713e-17  +2.299256800895074e-18
-26   -3.302468782559680e-17  -3.899684917192675e-17
-25   -4.658021776757822e-17  +4.805703738753033e-17
-24   +1.555667499439909e-17  -3.086981701117561e-17
-23   -5.831615666721765e-18  +1.690608904681423e-18
-22   -4.662329083758217e-17  +1.181864424537751e-17
-21   -2.169665548204591e-17  +2.831638237361230e-17
-20   -2.416988429119762e-17  +2.775557561562890e-18
-19   -2.681280484042236e-17  +4.304685353089185e-17
-18   -2.562003776057084e-16  +1.162707788461508e-17
-17   +2.032092789294787e-16  +2.677147739236460e-17
-16   -2.001360623508038e-14  +1.805625822762076e-16
-15   +1.682562553933647e-14  +6.341196981847043e-17
-14   -1.922065633339409e-12  +2.024192621391117e-14
-13   +1.358020130004023e-12  +6.341224766662822e-17
-12   -1.787240297594413e-10  +2.228552689790969e-12
-11   +1.014436728168106e-10  +5.359908272644376e-14
-10   -1.583245591673796e-08  +2.428445098064264e-10
 -9   +6.774463822103037e-09  +1.119648664089023e-11
 -8   -1.299061294190413e-06  +2.602635493819607e-08
 -7   +3.700880330731067e-07  +1.767702004503146e-09
 -6   -9.264144022293990e-05  +2.710365682193246e-06
 -5   +1.190568204498104e-05  +2.372475013560043e-07
 -4   -4.688824230570277e-03  +2.653915101441018e-04
 -3   -5.090200412054038e-04  +2.529711020574733e-05
 -2   -1.030528087822223e-03  +2.084645975168272e-02
 -1   +4.440245846478549e-05  +1.844307940698339e-04
 +0   -1.314590220140323e-01  +0.000000000000000e+00
 +1   +4.440245846478549e-05  -1.844307940698339e-04
 +2   -1.030528087822223e-03  -2.084645975168272e-02
 +3   -5.090200412054038e-04  -2.529711020574733e-05
 +4   -4.688824230570277e-03  -2.653915101441018e-04
 +5   +1.190568204498104e-05  -2.372475013560043e-07
 +6   -9.264144022293990e-05  -2.710365682193246e-06
 +7   +3.700880330731067e-07  -1.767702004503146e-09
 +8   -1.299061294190413e-06  -2.602635493819607e-08
 +9   +6.774463822103037e-09  -1.119648664089023e-11
+10   -1.583245591673796e-08  -2.428445098064264e-10
+11   +1.014436728168106e-10  -5.359908272644376e-14
+12   -1.787240297594413e-10  -2.228552689790969e-12
+13   +1.358020130004023e-12  -6.341224766662822e-17
+14   -1.922065633339409e-12  -2.024192621391117e-14
+15   +1.682562553933647e-14  -6.341196981847043e-17
+16   -2.001360623508038e-14  -1.805625822762076e-16
+17   +2.032092789294787e-16  -2.677147739236460e-17
+18   -2.562003776057084e-16  -1.162707788461508e-17
+19   -2.681280484042236e-17  -4.304685353089185e-17
+20   -2.416988429119762e-17  -2.775557561562890e-18
+21   -2.169665548204591e-17  -2.831638237361230e-17
+22   -4.662329083758217e-17  -1.181864424537751e-17
+23   -5.831615666721765e-18  -1.690608904681423e-18
+24   +1.555667499439909e-17  +3.086981701117561e-17
+25   -4.658021776757822e-17  -4.805703738753033e-17
+26   -3.302468782559680e-17  +3.899684917192675e-17
+27   -1.568604546737713e-17  -2.299256800895074e-18
+28   +3.168326898829347e-18  -1.965479599945311e-17
+29   +3.706848312441320e-17  +1.589977906382352e-18
+30   -6.594322281883829e-17  +4.954686034854150e-19

