-30   +9.658997177152420e-17  -4.941697880692675e-17
-29   -1.096479446940226e-16  +1.702632210236422e-17
-28   +9.193133671734917e-17  +1.084647439955281e-16
-27   -1.941280908152296e-16  +7.419505956170134e-17
-26   -4.469503597978066e-17  +1.570349238185904e-16
-25   +2.433153174996005e-17  -8.265863922050134e-17
-24   +1.722182246736412e-16  +2.740782266934042e-16
-23   -1.093951798861745e-16  -1.971767884221820e-16
-22   -3.604911516461715e-17  +7.282512039888414e-17
-21   -1.106606114619389e-16  +9.201476746779186e-17
-20   +3.014976678500452e-16  -1.612661109830713e-17
-19   -2.781158965250515e-16  -2.443091163198270e-17
-18   +2.023563212506356e-16  +1.810679877217263e-16
-17   -3.013252526572312e-17  +2.000648166088642e-16
-16   +1.969918170945083e-15  -2.700986145493884e-16
-15   -1.513283406202657e-15  +1.303849472249763e-16
-14   +2.213857604188990e-13  -1.696487767061079e-14
-13   -1.360373184237042e-13  -1.601943557845782e-15
-12   +2.095057155143477e-11  -1.851869410425214e-12
-11   -1.036544318946669e-11  -1.744185642374910e-13
-10   +1.904094184651159e-09  -1.992262514650378e-10
 -9   -7.286383993728912e-10  -2.262226223419785e-11
 -8   +1.628737010768840e-07  -2.098688928684826e-08
 -7   -4.620835315915443e-08  -2.788766777963506e-09
 -6   +1.255732845610616e-05  -2.130973488695802e-06
 -5   -2.635680427414479e-06  -3.195072399085686e-07
 -4   +7.726762005130911e-04  -1.995401080309777e-04
 -3   -1.505003686261088e-04  -3.036959935715778e-05
 -2   +1.708625700558976e-02  -1.366588977410340e-02
 -1   +3.617353630552123e-03  -4.152182830632956e-05
 +0   -1.482671267598947e-03  +0.000000000000000e+00
 +1   +3.617353630552123e-03  +4.152182830632956e-05
 +2   +1.708625700558976e-02  +1.366588977410340e-02
 +3   -1.505003686261088e-04  +3.036959935715778e-05
 +4   +7.726762005130911e-04  +1.995401080309777e-04
 +5   -2.635680427414479e-06  +3.195072399085686e-07
 +6   +1.255732845610616e-05  +2.130973488695802e-06
 +7   -4.620835315915443e-08  +2.788766777963506e-09
 +8   +1.628737010768840e-07  +2.098688928684826e-08
 +9   -7.286383993728912e-10  +2.262226223419785e-11
+10   +1.904094184651159e-09  +1.992262514650378e-10
+11   -1.036544318946669e-11  +1.744185642374910e-13
+12   +2.095057155143477e-11  +1.851869410425214e-12
+13   -1.360373184237042e-13  +1.601943557845782e-15
+14   +2.213857604188990e-13  +1.696487767061079e-14
+15   -1.513283406202657e-15  -1.303849472249763e-16
+16   +1.969918170945083e-15  +2.700986145493884e-16
+17   -3.013252526572312e-17  -2.000648166088642e-16
+18   +2.023563212506356e-16  -1.810679877217263e-16
+19   -2.781158965250515e-16  +2.443091163198270e-17
+20   +3.014976678500452e-16  +1.612661109830713e-17
+21   -1.106606114619389e-16  -9.201476746779186e-17
+22   -3.604911516461715e-17  -7.282512039888414e-17
+23   -1.093951798861745e-16  +1.971767884221820e-16
+24   +1.722182246736412e-16  -2.740782266934042e-16
+25   +2.433153174996005e-17  +8.265863922050134e-17
+26   -4.469503597978066e-17  -1.570349238185904e-16
+27   -1.941280908152296e-16  -7.419505956170134e-17
+28   +9.193133671734917e-17  -1.084647439955281e-16
+29   -1.096479446940226e-16  -1.702632210236422e-17
+30   +9.658997177152420e-17  +4.941697880692675e-17

