-30   +7.401486880223246e-18  +5.233641504532604e-18
-29   -8.449509761711992e-19  +3.190399629836527e-18
-28   +1.746352171256210e-18  +4.022630004528491e-18
-27   -2.031497764405920e-18  +5.768977751843989e-19
-26   +1.421763826433397e-18  +1.267184128453117e-17
-25   +1.909980308120760e-19  +1.458007728798839e-17
-24   +1.378251690310634e-17  +7.652265146946189e-18
-23   +6.430347305050057e-18  +1.672899420030916e-17
-22   +1.211663317920573e-18  +5.641318483287395e-18
-21   +7.563329408637483e-19  -3.262078162804640e-18
-20   +1.011061903669573e-17  -2.709132205861358e-18
-19   -8.084528605995502e-18  +5.035346627563646e-18
-18   +5.268328999613954e-19  +2.648426506020044e-17
-17   +2.242546724434963e-17  +2.572154624409406e-18
-16   -1.021949103567349e-16  +1.731737049590322e-15
-15   +6.996581916365329e-17  -1.023387036896955e-15
-14   -1.146101641806130e-14  +1.823330998046161e-13
-13   +5.388286805911584e-15  -9.265561048882265e-14
-12   -1.212501316079029e-12  +1.895926702657349e-11
-11   +4.584052745461735e-13  -7.881498842544284e-12
-10   -1.251454152004178e-10  +1.913785247992219e-09
 -9   +3.577832047197391e-11  -6.144605241071050e-10
 -8   -1.243891027908954e-08  +1.839528378051849e-07
 -7   +2.359848515751049e-09  -4.077906221043803e-08
 -6   -1.153366248532516e-06  +1.608732815150835e-05
 -5   +9.688037469387304e-08  -1.772944707938568e-06
 -4   -9.051960613013695e-05  +1.096468371986723e-03
 -3   -4.269250891153313e-06  +4.490930996605885e-05
 -2   -2.925744111046222e-03  +2.366599958630720e-06
 -1   +6.309442472261273e-05  -5.732514192876357e-05
 +0   -5.008087204607307e-01  +0.000000000000000e+00
 +1   +6.309442472261273e-05  +5.732514192876357e-05
 +2   -2.925744111046222e-03  -2.366599958630720e-06
 +3   -4.269250891153313e-06  -4.490930996605885e-05
 +4   -9.051960613013695e-05  -1.096468371986723e-03
 +5   +9.688037469387304e-08  +1.772944707938568e-06
 +6   -1.153366248532516e-06  -1.608732815150835e-05
 +7   +2.359848515751049e-09  +4.077906221043803e-08
 +8   -1.243891027908954e-08  -1.839528378051849e-07
 +9   +3.577832047197391e-11  +6.144605241071050e-10
+10   -1.251454152004178e-10  -1.913785247992219e-09
+11   +4.584052745461735e-13  +7.881498842544284e-12
+12   -1.212501316079029e-12  -1.895926702657349e-11
+13   +5.388286805911584e-15  +9.265561048882265e-14
+14   -1.146101641806130e-14  -1.823330998046161e-13
+15   +6.996581916365329e-17  +1.023387036896955e-15
+16   -1.021949103567349e-16  -1.731737049590322e-15
+17   +2.242546724434963e-17  -2.572154624409406e-18
+18   +5.268328999613954e-19  -2.648426506020044e-17
+19   -8.084528605995502e-18  -5.035346627563646e-18
+20   +1.011061903669573e-17  +2.709132205861358e-18
+21   +7.563329408637483e-19  +3.262078162804640e-18
+22   +1.211663317920573e-18  -5.641318483287395e-18
+23   +6.430347305050057e-18  -1.672899420030916e-17
+24   +1.378251690310634e-17  -7.652265146946189e-18
+25   +1.909980308120760e-19  -1.458007728798839e-17
+26   +1.421763826433397e-18  -1.267184128453117e-17
+27   -2.031497764405920e-18  -5.768977751843989e-19
+28   +1.746352171256210e-18  -4.022630004528491e-18
+29   -8.449509761711992e-19  -3.190399629836527e-18
+30   +7.401486880223246e-18  -5.233641504532604e-18

