-30   -1.046728342307863e-17  +1.263512845243619e-17
-29   +1.755472298938901e-17  -3.741677724039687e-18
-28   +2.726238582449255e-17  -3.621249212450063e-17
-27   -4.007666490571832e-17  -2.116902868272089e-17
-26   -2.064450067529612e-17  -5.327483852619805e-17
-25   -2.395350502642535e-17  -2.763429867763492e-17
-24   -9.975072440969006e-18  -2.156206781689147e-17
-23   +5.065972968421236e-18  -4.839937607233505e-17
-22   +1.585982572093805e-17  -9.698582838722800e-18
-21   -4.651542382421823e-17  -6.661877577572013e-18
-20   +3.033185711008720e-17  -6.932251368337075e-17
-19   -3.644416145520111e-17  +5.222767515304647e-17
-18   -6.420313685433776e-17  -2.307650914184100e-16
-17   +2.928243512244929e-17  +1.609312548786418e-16
-16   -6.648752786862153e-15  -1.891736097762756e-14
-15   +5.671737086055022e-15  +1.585663472965407e-14
-14   -6.376873593905454e-13  -1.813283171446486e-12
-13   +4.618724194428028e-13  +1.277141560830391e-12
-12   -5.935994579671451e-11  -1.685814432413553e-10
-11   +3.470098708039644e-11  +9.532782931025230e-11
-10   -5.266151075277704e-09  -1.493139698590081e-08
 -9   +2.336631124830712e-09  +6.359089828196015e-09
 -8   -4.329587679943624e-07  -1.224844624526631e-06
 -7   +1.292568821222517e-07  +3.468111162619644e-07
 -6   -3.096756311370126e-05  -8.732027226203618e-05
 -5   +4.239669016088798e-06  +1.112635472035163e-05
 -4   -1.576573709703995e-03  -4.416958069509810e-03
 -3   -1.958357587081273e-04  -4.701070092323261e-04
 -2   -4.281836665980421e-03  +5.016676240300021e-04
 -1   +2.676137413800760e-04  -2.923844515078829e-04
 +0   -5.160328816893015e-01  +0.000000000000000e+00
 +1   +2.676137413800760e-04  +2.923844515078829e-04
 +2   -4.281836665980421e-03  -5.016676240300021e-04
 +3   -1.958357587081273e-04  +4.701070092323261e-04
 +4   -1.576573709703995e-03  +4.416958069509810e-03
 +5   +4.239669016088798e-06  -1.112635472035163e-05
 +6   -3.096756311370126e-05  +8.732027226203618e-05
 +7   +1.292568821222517e-07  -3.468111162619644e-07
 +8   -4.329587679943624e-07  +1.224844624526631e-06
 +9   +2.336631124830712e-09  -6.359089828196015e-09
+10   -5.266151075277704e-09  +1.493139698590081e-08
+11   +3.470098708039644e-11  -9.532782931025230e-11
+12   -5.935994579671451e-11  +1.685814432413553e-10
+13   +4.618724194428028e-13  -1.277141560830391e-12
+14   -6.376873593905454e-13  +1.813283171446486e-12
+15   +5.671737086055022e-15  -1.585663472965407e-14
+16   -6.648752786862153e-15  +1.891736097762756e-14
+17   +2.928243512244929e-17  -1.609312548786418e-16
+18   -6.420313685433776e-17  +2.307650914184100e-16
+19   -3.644416145520111e-17  -5.222767515304647e-17
+20   +3.033185711008720e-17  +6.932251368337075e-17
+21   -4.651542382421823e-17  +6.661877577572013e-18
+22   +1.585982572093805e-17  +9.698582838722800e-18
+23   +5.065972968421236e-18  +4.839937607233505e-17
+24   -9.975072440969006e-18  +2.156206781689147e-17
+25   -2.395350502642535e-17  +2.763429867763492e-17
+26   -2.064450067529612e-17  +5.327483852619805e-17
+27   -4.007666490571832e-17  +2.116902868272089e-17
+28   +2.726238582449255e-17  +3.621249212450063e-17
+29   +1.755472298938901e-17  +3.741677724039687e-18
+30   -1.046728342307863e-17  -1.263512845243619e-17

