-30   +1.456986852219819e-16  +2.642019241406506e-16
-29   +9.920865789373793e-17  +2.135311963783288e-16
-28   +3.611835807393319e-17  +1.453858427925361e-16
-27   +1.112927639387636e-16  +3.191142501402774e-16
-26   +3.453055009877952e-17  +1.897550148932099e-16
-25   +7.863391801672553e-17  +1.739771481404437e-16
-24   +4.077892577560514e-17  +2.505985268732066e-16
-23   -2.499579084612933e-17  +3.367020592222873e-16
-22   +1.131557797163550e-16  +2.071876441798663e-16
-21   +6.417670280951101e-17  +2.182916377368688e-16
-20   +5.652418032256459e-17  +2.484796186249325e-16
-19   +1.792534578541538e-16  +2.642418551583509e-16
-18   +1.636810744368862e-16  +2.055734182307793e-16
-17   +3.742605840664206e-16  -2.382182040782669e-17
-16   -2.945861686816914e-16  +8.602385992423059e-16
-15   +4.561554968160094e-14  -4.992534962732944e-14
-14   -3.377124055326057e-14  +3.868719297898994e-14
-13   +4.340789426337835e-12  -4.862272610787993e-12
-12   -2.642893824533536e-12  +3.079236644192212e-12
-11   +3.980207643278465e-10  -4.585460180929699e-10
-10   -1.911927550554384e-10  +2.314431185538941e-10
 -9   +3.464183198115647e-08  -4.149908155359183e-08
 -8   -1.235740917344486e-08  +1.576252448277905e-08
 -7   +2.778374753848423e-06  -3.528521043093942e-06
 -6   -6.670990841288151e-07  +9.130868203080313e-07
 -5   +1.926273301040441e-04  -2.695642799462037e-04
 -4   -2.499329451073794e-05  +3.683286260925830e-05
 -3   +9.756409145123617e-03  -1.639831062907206e-02
 -2   +6.804233235904952e-04  -1.166162375490154e-03
 -1   +5.182174150384209e-01  -6.242806238075829e-01
 +0   +1.138974614784159e-03  +0.000000000000000e+00
 +1   +5.182174150384209e-01  +6.242806238075829e-01
 +2   +6.804233235904952e-04  +1.166162375490154e-03
 +3   +9.756409145123617e-03  +1.639831062907206e-02
 +4   -2.499329451073794e-05  -3.683286260925830e-05
 +5   +1.926273301040441e-04  +2.695642799462037e-04
 +6   -6.670990841288151e-07  -9.130868203080313e-07
 +7   +2.778374753848423e-06  +3.528521043093942e-06
 +8   -1.235740917344486e-08  -1.576252448277905e-08
 +9   +3.464183198115647e-08  +4.149908155359183e-08
+10   -1.911927550554384e-10  -2.314431185538941e-10
+11   +3.980207643278465e-10  +4.585460180929699e-10
+12   -2.642893824533536e-12  -3.079236644192212e-12
+13   +4.340789426337835e-12  +4.862272610787993e-12
+14   -3.377124055326057e-14  -3.868719297898994e-14
+15   +4.561554968160094e-14  +4.992534962732944e-14
+16   -2.945861686816914e-16  -8.602385992423059e-16
+17   +3.742605840664206e-16  +2.382182040782669e-17
+18   +1.636810744368862e-16  -2.055734182307793e-16
+19   +1.792534578541538e-16  -2.642418551583509e-16
+20   +5.652418032256459e-17  -2.484796186249325e-16
+21   +6.417670280951101e-17  -2.182916377368688e-16
+22   +1.131557797163550e-16  -2.071876441798663e-16
+23   -2.499579084612933e-17  -3.367020592222873e-16
+24   +4.077892577560514e-17  -2.505985268732066e-16
+25   +7.863391801672553e-17  -1.739771481404437e-16
+26   +3.453055009877952e-17  -1.897550148932099e-16
+27   +1.112927639387636e-16  -3.191142501402774e-16
+28   +3.611835807393319e-17  -1.453858427925361e-16
+29   +9.920865789373793e-17  -2.135311963783288e-16
+30   +1.456986852219819e-16  -2.642019241406506e-16

