-30   -6.925760976526671e-17  -1.403657919411684e-16
-29   -3.946980943649852e-17  -1.791336160940530e-16
-28   -1.043276366075505e-16  -7.530898240222880e-17
-27   -6.562799855881307e-17  -1.177134244936547e-16
-26   -3.553912664941968e-17  -1.797197561641327e-16
-25   -8.757987911915194e-17  -1.916361614058378e-16
-24   -7.128068887246571e-17  -2.042267945806928e-16
-23   +1.823567521694115e-18  -1.274138242747048e-16
-22   -3.832242078773365e-17  -1.870236856612478e-16
-21   +2.821375136635490e-17  -1.671327896441577e-16
-20   -4.698042623715493e-17  -1.565706535618552e-16
-19   -8.376681657916620e-17  -1.821550196250617e-16
-18   -1.255200785808331e-16  -2.100567982379780e-16
-17   +4.535291851988292e-16  -7.140075849417337e-16
-16   -4.764073382579677e-16  +1.572446758544294e-16
-15   +4.700500344896062e-14  -4.595645419191282e-14
-14   -3.017651922794692e-14  +3.414041751974828e-14
-13   +4.446213918373422e-12  -4.340172475504098e-12
-12   -2.267862045523679e-12  +2.701272136335034e-12
-11   +4.026293369980639e-10  -3.959975105695131e-10
-10   -1.543449781973862e-10  +1.951174939171484e-10
 -9   +3.417527425352966e-08  -3.401021852032038e-08
 -8   -8.937374545300857e-09  +1.246472428385164e-08
 -7   +2.589542652047053e-06  -2.631911944539614e-06
 -6   -3.826177513927950e-07  +6.450369595204880e-07
 -5   +1.518923991140597e-04  -1.625132851304517e-04
 -4   -7.365489667554703e-06  +2.036352850814119e-05
 -3   +2.277275913581678e-03  -3.837138176087302e-03
 -2   +5.186351332367765e-04  -1.192707659962044e-03
 -1   -5.298685611871584e-01  +5.869896048940956e-01
 +0   +5.147609343112722e-04  +0.000000000000000e+00
 +1   -5.298685611871584e-01  -5.869896048940956e-01
 +2   +5.186351332367765e-04  +1.192707659962044e-03
 +3   +2.277275913581678e-03  +3.837138176087302e-03
 +4   -7.365489667554703e-06  -2.036352850814119e-05
 +5   +1.518923991140597e-04  +1.625132851304517e-04
 +6   -3.826177513927950e-07  -6.450369595204880e-07
 +7   +2.589542652047053e-06  +2.631911944539614e-06
 +8   -8.937374545300857e-09  -1.246472428385164e-08
 +9   +3.417527425352966e-08  +3.401021852032038e-08
+10   -1.543449781973862e-10  -1.951174939171484e-10
+11   +4.026293369980639e-10  +3.959975105695131e-10
+12   -2.267862045523679e-12  -2.701272136335034e-12
+13   +4.446213918373422e-12  +4.340172475504098e-12
+14   -3.017651922794692e-14  -3.414041751974828e-14
+15   +4.700500344896062e-14  +4.595645419191282e-14
+16   -4.764073382579677e-16  -1.572446758544294e-16
+17   +4.535291851988292e-16  +7.140075849417337e-16
+18   -1.255200785808331e-16  +2.100567982379780e-16
+19   -8.376681657916620e-17  +1.821550196250617e-16
+20   -4.698042623715493e-17  +1.565706535618552e-16
+21   +2.821375136635490e-17  +1.671327896441577e-16
+22   -3.832242078773365e-17  +1.870236856612478e-16
+23   +1.823567521694115e-18  +1.274138242747048e-16
+24   -7.128068887246571e-17  +2.042267945806928e-16
+25   -8.757987911915194e-17  +1.916361614058378e-16
+26   -3.553912664941968e-17  +1.797197561641327e-16
+27   -6.562799855881307e-17  +1.177134244936547e-16
+28   -1.043276366075505e-16  +7.530898240222880e-17
+29   -3.946980943649852e-17  +1.791336160940530e-16
+30   -6.925760976526671e-17  +1.403657919411684e-16

