-30   +1.995355409716732e-17  +7.940650037599075e-17
-29   +8.231862795907540e-17  +1.324998511865503e-17
-28   -3.029491656359389e-17  +2.424189008288321e-17
-27   -7.889951714857512e-17  +1.253710101338300e-17
-26   -1.685497167039831e-17  +1.585466871522906e-16
-25   -4.912935520071629e-17  -5.063810371065369e-17
-24   +6.611506446865903e-17  +7.369356630312884e-17
-23   +1.197610257283501e-17  -1.389966452154463e-17
-22   +2.234412816814811e-17  -4.327387536149929e-17
-21   +4.897988535518380e-17  -1.978704496553915e-17
-20   +5.252534393357705e-17  -1.211800018984057e-16
-19   -5.547169816497474e-17  -9.624326635938972e-17
-18   -7.279031220899269e-17  +1.858126241279628e-17
-17   +5.064770728854493e-17  -2.999377338107648e-18
-16   +1.993898295708806e-15  +6.949595913333567e-16
-15   -1.712564677221802e-15  -5.426846258310497e-16
-14   +2.120921115010053e-13  +6.600297079136123e-14
-13   -1.341277389278707e-13  -2.795304092144755e-14
-12   +2.018177362327925e-11  +5.968798339781465e-12
-11   -1.030920651283547e-11  -1.766139623035469e-12
-10   +1.847763533691576e-09  +5.065918824905143e-10
 -9   -7.315217467306715e-10  -9.154748095964595e-11
 -8   +1.597303904539129e-07  +3.874216225558783e-08
 -7   -4.667883839933985e-08  -3.199527796777501e-09
 -6   +1.252087494056557e-05  +2.385580229270167e-06
 -5   -2.622869505646603e-06  -7.290999723182224e-08
 -4   +7.945680391824056e-04  +6.460024423387085e-05
 -3   -1.375553035317399e-04  -1.963445307839638e-05
 -2   +1.924952609484091e-02  -1.103778360397407e-02
 -1   +3.575190383670675e-03  -3.326697115718463e-04
 +0   -1.753847463099364e-03  +0.000000000000000e+00
 +1   +3.575190383670675e-03  +3.326697115718463e-04
 +2   +1.924952609484091e-02  +1.103778360397407e-02
 +3   -1.375553035317399e-04  +1.963445307839638e-05
 +4   +7.945680391824056e-04  -6.460024423387085e-05
 +5   -2.622869505646603e-06  +7.290999723182224e-08
 +6   +1.252087494056557e-05  -2.385580229270167e-06
 +7   -4.667883839933985e-08  +3.199527796777501e-09
 +8   +1.597303904539129e-07  -3.874216225558783e-08
 +9   -7.315217467306715e-10  +9.154748095964595e-11
+10   +1.847763533691576e-09  -5.065918824905143e-10
+11   -1.030920651283547e-11  +1.766139623035469e-12
+12   +2.018177362327925e-11  -5.968798339781465e-12
+13   -1.341277389278707e-13  +2.795304092144755e-14
+14   +2.120921115010053e-13  -6.600297079136123e-14
+15   -1.712564677221802e-15  +5.426846258310497e-16
+16   +1.993898295708806e-15  -6.949595913333567e-16
+17   +5.064770728854493e-17  +2.999377338107648e-18
+18   -7.279031220899269e-17  -1.858126241279628e-17
+19   -5.547169816497474e-17  +9.624326635938972e-17
+20   +5.252534393357705e-17  +1.211800018984057e-16
+21   +4.897988535518380e-17  +1.978704496553915e-17
+22   +2.234412816814811e-17  +4.327387536149929e-17
+23   +1.197610257283501e-17  +1.389966452154463e-17
+24   +6.611506446865903e-17  -7.369356630312884e-17
+25   -4.912935520071629e-17  +5.063810371065369e-17
+26   -1.685497167039831e-17  -1.585466871522906e-16
+27   -7.889951714857512e-17  -1.253710101338300e-17
+28   -3.029491656359389e-17  -2.424189008288321e-17
+29   +8.231862795907540e-17  -1.324998511865503e-17
+30   +1.995355409716732e-17  -7.940650037599075e-17

