-30   +0.000000000000000e+00  +1.454307030961714e-18
-29   -0.000000000000000e+00  -1.407755262681695e-18
-28   +0.000000000000000e+00  +1.467807857681899e-18
-27   -0.000000000000000e+00  -1.595166519342935e-18
-26   +0.000000000000000e+00  +1.614892909061643e-18
-25   -0.000000000000000e+00  -1.652446572617960e-18
-24   +0.000000000000000e+00  +1.768966001611038e-18
-23   -0.000000000000000e+00  -1.852457216715638e-18
-22   +0.000000000000000e+00  +1.896002725853891e-18
-21   -0.000000000000000e+00  -1.984074781930219e-18
-20   +0.000000000000000e+00  +2.092060712069235e-18
-19   -0.000000000000000e+00  -2.175525031682713e-18
-18   +0.000000000000000e+00  +2.521379728689646e-18
-17   -0.000000000000000e+00  -2.679322351192094e-18
-16   +0.000000000000000e+00  +2.636924592979485e-18
-15   -0.000000000000000e+00  -5.065838446265124e-18
-14   +0.000000000000000e+00  +3.207795743039662e-18
-13   -0.000000000000000e+00  -2.668159733493565e-16
-12   +0.000000000000000e+00  +2.898370844426012e-17
-11   -0.000000000000000e+00  -3.072769902390934e-14
-10   +0.000000000000000e+00  +1.342458907526963e-15
 -9   -0.000000000000000e+00  -3.575530639566799e-12
 -8   -0.000000000000000e+00  -2.413173658048803e-14
 -7   -0.000000000000000e+00  -4.134768477875071e-10
 -6   -0.000000000000000e+00  -2.131654569886654e-11
 -5   -0.000000000000000e+00  -4.682082560905121e-08
 -4   -0.000000000000000e+00  -3.669340683304369e-09
 -3   -0.000000000000000e+00  -4.750879466568111e-06
 -2   +0.000000000000000e+00  +1.521409507964981e-07
 -1   +0.000000000000000e+00  +4.787698421141986e-04
 +0   +0.000000000000000e+00  +0.000000000000000e+00
 +1   -0.000000000000000e+00  -4.787698421141986e-04
 +2   -0.000000000000000e+00  -1.521409507964981e-07
 +3   +0.000000000000000e+00  +4.750879466568111e-06
 +4   +0.000000000000000e+00  +3.669340683304369e-09
 +5   +0.000000000000000e+00  +4.682082560905121e-08
 +6   +0.000000000000000e+00  +2.131654569886654e-11
 +7   +0.000000000000000e+00  +4.134768477875071e-10
 +8   +0.000000000000000e+00  +2.413173658048803e-14
 +9   +0.000000000000000e+00  +3.575530639566799e-12
+10   -0.000000000000000e+00  -1.342458907526963e-15
+11   +0.000000000000000e+00  +3.072769902390934e-14
+12   -0.000000000000000e+00  -2.898370844426012e-17
+13   +0.000000000000000e+00  +2.668159733493565e-16
+14   -0.000000000000000e+00  -3.207795743039662e-18
+15   +0.000000000000000e+00  +5.065838446265124e-18
+16   -0.000000000000000e+00  -2.636924592979485e-18
+17   +0.000000000000000e+00  +2.679322351192094e-18
+18   -0.000000000000000e+00  -2.521379728689646e-18
+19   +0.000000000000000e+00  +2.175525031682713e-18
+20   -0.000000000000000e+00  -2.092060712069235e-18
+21   +0.000000000000000e+00  +1.984074781930219e-18
+22   -0.000000000000000e+00  -1.896002725853891e-18
+23   +0.000000000000000e+00  +1.852457216715638e-18
+24   -0.000000000000000e+00  -1.768966001611038e-18
+25   +0.000000000000000e+00  +1.652446572617960e-18
+26   -0.000000000000000e+00  -1.614892909061643e-18
+27   +0.000000000000000e+00  +1.595166519342935e-18
+28   -0.000000000000000e+00  -1.467807857681899e-18
+29   +0.000000000000000e+00  +1.407755262681695e-18
+30   -0.000000000000000e+00  -1.454307030961714e-18

