-30   +1.495770387709755e-19  +0.000000000000000e+00
-29   -1.943560028449938e-19  +0.000000000000000e+00
-28   +2.061882884175405e-19  +0.000000000000000e+00
-27   -2.146397316447332e-19  +0.000000000000000e+00
-26   +2.690788276477049e-19  +0.000000000000000e+00
-25   -2.637157381586672e-19  +0.000000000000000e+00
-24   +3.773246248140779e-19  +0.000000000000000e+00
-23   -3.537613384307024e-19  +0.000000000000000e+00
-22   +4.173755027707818e-19  +0.000000000000000e+00
-21   -4.958186785269101e-19  +0.000000000000000e+00
-20   +5.063385606222732e-19  +0.000000000000000e+00
-19   -5.508597523052627e-19  +0.000000000000000e+00
-18   +6.102926206327795e-19  +0.000000000000000e+00
-17   -6.389606388367007e-19  +0.000000000000000e+00
-16   +5.599820300418095e-19  +0.000000000000000e+00
-15   +1.442453531520016e-18  +0.000000000000000e+00
-14   +5.322164066187654e-19  +0.000000000000000e+00
-13   +2.325772466959293e-16  +0.000000000000000e+00
-12   -2.589086457308277e-17  +0.000000000000000e+00
-11   +2.706230594987942e-14  +0.000000000000000e+00
-10   -1.479244539044382e-15  +0.000000000000000e+00
 -9   +3.129282729582262e-12  +0.000000000000000e+00
 -8   +1.572487441985553e-14  +0.000000000000000e+00
 -7   +3.596876139569445e-10  +0.000000000000000e+00
 -6   +2.134000857888893e-11  +0.000000000000000e+00
 -5   +4.065000052396502e-08  +0.000000000000000e+00
 -4   +3.758205205379875e-09  +0.000000000000000e+00
 -3   +4.235585420041232e-06  +0.000000000000000e+00
 -2   -1.667497892333460e-07  +0.000000000000000e+00
 -1   -2.225718047687652e-04  +0.000000000000000e+00
 +0   +1.961256751042222e-07  +0.000000000000000e+00
 +1   -2.225718047687652e-04  +0.000000000000000e+00
 +2   -1.667497892333460e-07  +0.000000000000000e+00
 +3   +4.235585420041232e-06  +0.000000000000000e+00
 +4   +3.758205205379875e-09  +0.000000000000000e+00
 +5   +4.065000052396502e-08  +0.000000000000000e+00
 +6   +2.134000857888893e-11  +0.000000000000000e+00
 +7   +3.596876139569445e-10  +0.000000000000000e+00
 +8   +1.572487441985553e-14  +0.000000000000000e+00
 +9   +3.129282729582262e-12  +0.000000000000000e+00
+10   -1.479244539044382e-15  +0.000000000000000e+00
+11   +2.706230594987942e-14  +0.000000000000000e+00
+12   -2.589086457308277e-17  +0.000000000000000e+00
+13   +2.325772466959293e-16  +0.000000000000000e+00
+14   +5.322164066187654e-19  +0.000000000000000e+00
+15   +1.442453531520016e-18  +0.000000000000000e+00
+16   +5.599820300418095e-19  +0.000000000000000e+00
+17   -6.389606388367007e-19  +0.000000000000000e+00
+18   +6.102926206327795e-19  +0.000000000000000e+00
+19   -5.508597523052627e-19  +0.000000000000000e+00
+20   +5.063385606222732e-19  +0.000000000000000e+00
+21   -4.958186785269101e-19  +0.000000000000000e+00
+22   +4.173755027707818e-19  +0.000000000000000e+00
+23   -3.537613384307024e-19  +0.000000000000000e+00
+24   +3.773246248140779e-19  +0.000000000000000e+00
+25   -2.637157381586672e-19  +0.000000000000000e+00
+26   +2.690788276477049e-19  +0.000000000000000e+00
+27   -2.146397316447332e-19  +0.000000000000000e+00
+28   +2.061882884175405e-19  +0.000000000000000e+00
+29   -1.943560028449938e-19  +0.000000000000000e+00
+30   +1.495770387709755e-19  +0.000000000000000e+00

