-30   -0.000000000000000e+00  -6.229431543201008e-18
-29   +0.000000000000000e+00  +6.966787014684343e-18
-28   -0.000000000000000e+00  -7.358887421492040e-18
-27   +0.000000000000000e+00  +7.410488124062278e-18
-26   -0.000000000000000e+00  -8.643872250198952e-18
-25   +0.000000000000000e+00  +8.487012365339040e-18
-24   -0.000000000000000e+00  -1.047384195347764e-17
-23   +0.000000000000000e+00  +9.830814336369202e-18
-22   -0.000000000000000e+00  -1.049738692402080e-17
-21   +0.000000000000000e+00  +1.226921534338921e-17
-20   -0.000000000000000e+00  -1.186926903754886e-17
-19   +0.000000000000000e+00  +1.211892726896282e-17
-18   -0.000000000000000e+00  -1.303209872251163e-17
-17   +0.000000000000000e+00  +1.343725452567624e-17
-16   -0.000000000000000e+00  -1.107633118006807e-17
-15   +0.000000000000000e+00  +1.074765618335763e-17
-14   -0.000000000000000e+00  -1.431976469218591e-17
-13   +0.000000000000000e+00  +3.583922419482670e-17
-12   -0.000000000000000e+00  -1.574033135613924e-18
-11   +0.000000000000000e+00  +1.775039481760956e-15
-10   +0.000000000000000e+00  +1.233011569568300e-15
 -9   +0.000000000000000e+00  +5.555155115713169e-15
 -8   +0.000000000000000e+00  +4.875888366856704e-14
 -7   -0.000000000000000e+00  -5.335044326510769e-11
 -6   -0.000000000000000e+00  -1.239571254404719e-11
 -5   -0.000000000000000e+00  -2.391268193289073e-08
 -4   -0.000000000000000e+00  -5.157599480879313e-09
 -3   -0.000000000000000e+00  -1.102833959028812e-05
 -2   +0.000000000000000e+00  +7.451259651596638e-08
 -1   -0.000000000000000e+00  -2.711583214112317e-04
 +0   +0.000000000000000e+00  +0.000000000000000e+00
 +1   +0.000000000000000e+00  +2.711583214112317e-04
 +2   -0.000000000000000e+00  -7.451259651596638e-08
 +3   +0.000000000000000e+00  +1.102833959028812e-05
 +4   +0.000000000000000e+00  +5.157599480879313e-09
 +5   +0.000000000000000e+00  +2.391268193289073e-08
 +6   +0.000000000000000e+00  +1.239571254404719e-11
 +7   +0.000000000000000e+00  +5.335044326510769e-11
 +8   -0.000000000000000e+00  -4.875888366856704e-14
 +9   -0.000000000000000e+00  -5.555155115713169e-15
+10   -0.000000000000000e+00  -1.233011569568300e-15
+11   -0.000000000000000e+00  -1.775039481760956e-15
+12   +0.000000000000000e+00  +1.574033135613924e-18
+13   -0.000000000000000e+00  -3.583922419482670e-17
+14   +0.000000000000000e+00  +1.431976469218591e-17
+15   -0.000000000000000e+00  -1.074765618335763e-17
+16   +0.000000000000000e+00  +1.107633118006807e-17
+17   -0.000000000000000e+00  -1.343725452567624e-17
+18   +0.000000000000000e+00  +1.303209872251163e-17
+19   -0.000000000000000e+00  -1.211892726896282e-17
+20   +0.000000000000000e+00  +1.186926903754886e-17
+21   -0.000000000000000e+00  -1.226921534338921e-17
+22   +0.000000000000000e+00  +1.049738692402080e-17
+23   -0.000000000000000e+00  -9.830814336369202e-18
+24   +0.000000000000000e+00  +1.047384195347764e-17
+25   -0.000000000000000e+00  -8.487012365339040e-18
+26   +0.000000000000000e+00  +8.643872250198952e-18
+27   -0.000000000000000e+00  -7.410488124062278e-18
+28   +0.000000000000000e+00  +7.358887421492040e-18
+29   -0.000000000000000e+00  -6.966787014684343e-18
+30   +0.000000000000000e+00  +6.229431543201008e-18

