-30   +1.730506216817567e-18  +0.000000000000000e+00
-29   +1.084970452835739e-18  +0.000000000000000e+00
-28   -1.099750125557942e-18  +0.000000000000000e+00
-27   -8.159606520049188e-19  +0.000000000000000e+00
-26   -6.300064487431984e-20  +0.000000000000000e+00
-25   +1.378606391113962e-18  +0.000000000000000e+00
-24   -4.336014781557086e-19  +0.000000000000000e+00
-23   -3.789432955537820e-19  +0.000000000000000e+00
-22   -1.169777447842266e-18  +0.000000000000000e+00
-21   +9.200700358583321e-19  +0.000000000000000e+00
-20   -1.037078713246736e-18  +0.000000000000000e+00
-19   +1.180585680996880e-18  +0.000000000000000e+00
-18   +2.307572730128495e-18  +0.000000000000000e+00
-17   -1.867311851127331e-18  +0.000000000000000e+00
-16   -1.359356971788984e-18  +0.000000000000000e+00
-15   +1.105745154987974e-18  +0.000000000000000e+00
-14   -3.004063737494705e-18  +0.000000000000000e+00
-13   -4.467373480329874e-17  +0.000000000000000e+00
-12   -9.950535685871074e-18  +0.000000000000000e+00
-11   -6.894477095268078e-15  +0.000000000000000e+00
-10   -9.896132217871996e-16  +0.000000000000000e+00
 -9   -1.175765732792965e-12  +0.000000000000000e+00
 -8   -8.876217201171782e-14  +0.000000000000000e+00
 -7   -2.225668509943752e-10  +0.000000000000000e+00
 -6   -9.404604019548743e-12  +0.000000000000000e+00
 -5   -5.023963320092319e-08  +0.000000000000000e+00
 -4   -1.874161430281112e-09  +0.000000000000000e+00
 -3   -1.578604887191116e-05  +0.000000000000000e+00
 -2   -6.879913921194013e-08  +0.000000000000000e+00
 -1   +2.196006739471573e-04  +0.000000000000000e+00
 +0   +7.036773682796082e-08  +0.000000000000000e+00
 +1   +2.196006739471573e-04  +0.000000000000000e+00
 +2   -6.879913921194013e-08  +0.000000000000000e+00
 +3   -1.578604887191116e-05  +0.000000000000000e+00
 +4   -1.874161430281112e-09  +0.000000000000000e+00
 +5   -5.023963320092319e-08  +0.000000000000000e+00
 +6   -9.404604019548743e-12  +0.000000000000000e+00
 +7   -2.225668509943752e-10  +0.000000000000000e+00
 +8   -8.876217201171782e-14  +0.000000000000000e+00
 +9   -1.175765732792965e-12  +0.000000000000000e+00
+10   -9.896132217871996e-16  +0.000000000000000e+00
+11   -6.894477095268078e-15  +0.000000000000000e+00
+12   -9.950535685871074e-18  +0.000000000000000e+00
+13   -4.467373480329874e-17  +0.000000000000000e+00
+14   -3.004063737494705e-18  +0.000000000000000e+00
+15   +1.105745154987974e-18  +0.000000000000000e+00
+16   -1.359356971788984e-18  +0.000000000000000e+00
+17   -1.867311851127331e-18  +0.000000000000000e+00
+18   +2.307572730128495e-18  +0.000000000000000e+00
+19   +1.180585680996880e-18  +0.000000000000000e+00
+20   -1.037078713246736e-18  +0.000000000000000e+00
+21   +9.200700358583321e-19  +0.000000000000000e+00
+22   -1.169777447842266e-18  +0.000000000000000e+00
+23   -3.789432955537820e-19  +0.000000000000000e+00
+24   -4.336014781557086e-19  +0.000000000000000e+00
+25   +1.378606391113962e-18  +0.000000000000000e+00
+26   -6.300064487431984e-20  +0.000000000000000e+00
+27   -8.159606520049188e-19  +0.000000000000000e+00
+28   -1.099750125557942e-18  +0.000000000000000e+00
+29   +1.084970452835739e-18  +0.000000000000000e+00
+30   +1.730506216817567e-18  +0.000000000000000e+00

