-30   +4.864034464877999e-18  -1.645774464235779e-17
-29   -1.610028185370884e-17  +2.788166328047459e-17
-28   +1.354310974954190e-17  -2.425250363922359e-17
-27   -2.780401553371914e-17  +1.863948770847257e-17
-26   +7.666171856588896e-18  -9.109952950681191e-18
-25   -1.173862768272493e-17  +1.338803623211089e-17
-24   +8.450765189265879e-18  -2.299997415392298e-17
-23   -2.380263166662331e-18  +2.232443922665454e-17
-22   +1.899541111044405e-17  -1.634938690054957e-17
-21   -2.065065806538284e-17  +3.780586249287110e-17
-20   +1.575692253826952e-17  -4.672959264835881e-17
-19   -8.310549510801176e-18  +4.285980862683902e-17
-18   +9.404888089124027e-18  -3.575721519831936e-17
-17   -2.361491770865036e-17  +3.971183333290662e-17
-16   -7.393294474117142e-19  -6.518643313234470e-17
-15   +2.021225341485126e-15  -1.379606055878976e-15
-14   -6.625194584007589e-16  +3.801128253422979e-16
-13   +2.328988385627514e-13  -1.654737595435268e-13
-12   -5.684807495851939e-14  +3.852407511300499e-14
-11   +2.698513936534447e-11  -1.918017966796004e-11
-10   -4.717867409994684e-12  +3.140081466674750e-12
 -9   +3.119683079301281e-09  -2.217700046682884e-09
 -8   -3.279034829584450e-10  +2.084501502930006e-10
 -7   +3.591329895087303e-07  -2.553683714049620e-07
 -6   -1.270796644314830e-08  +6.190880540106846e-09
 -5   +4.096334373695998e-05  -2.914652110228855e-05
 -4   +1.295698057669781e-06  -1.252829159269627e-06
 -3   +4.543836618504929e-03  -3.240555897754201e-03
 -2   +3.462081498155088e-04  -2.911449261269135e-04
 -1   +4.016659883009993e-01  -2.967445373373204e-01
 +0   -5.607759453683405e-04  +0.000000000000000e+00
 +1   +4.016659883009993e-01  +2.967445373373204e-01
 +2   +3.462081498155088e-04  +2.911449261269135e-04
 +3   +4.543836618504929e-03  +3.240555897754201e-03
 +4   +1.295698057669781e-06  +1.252829159269627e-06
 +5   +4.096334373695998e-05  +2.914652110228855e-05
 +6   -1.270796644314830e-08  -6.190880540106846e-09
 +7   +3.591329895087303e-07  +2.553683714049620e-07
 +8   -3.279034829584450e-10  -2.084501502930006e-10
 +9   +3.119683079301281e-09  +2.217700046682884e-09
+10   -4.717867409994684e-12  -3.140081466674750e-12
+11   +2.698513936534447e-11  +1.918017966796004e-11
+12   -5.684807495851939e-14  -3.852407511300499e-14
+13   +2.328988385627514e-13  +1.654737595435268e-13
+14   -6.625194584007589e-16  -3.801128253422979e-16
+15   +2.021225341485126e-15  +1.379606055878976e-15
+16   -7.393294474117142e-19  +6.518643313234470e-17
+17   -2.361491770865036e-17  -3.971183333290662e-17
+18   +9.404888089124027e-18  +3.575721519831936e-17
+19   -8.310549510801176e-18  -4.285980862683902e-17
+20   +1.575692253826952e-17  +4.672959264835881e-17
+21   -2.065065806538284e-17  -3.780586249287110e-17
+22   +1.899541111044405e-17  +1.634938690054957e-17
+23   -2.380263166662331e-18  -2.232443922665454e-17
+24   +8.450765189265879e-18  +2.299997415392298e-17
+25   -1.173862768272493e-17  -1.338803623211089e-17
+26   +7.666171856588896e-18  +9.109952950681191e-18
+27   -2.780401553371914e-17  -1.863948770847257e-17
+28   +1.354310974954190e-17  +2.425250363922359e-17
+29   -1.610028185370884e-17  -2.788166328047459e-17
+30   +4.864034464877999e-18  +1.645774464235779e-17

