-30   -2.482128125491302e-17  +6.145677195961457e-17
-29   +2.814649421145442e-17  -8.370406510776511e-17
-28   -3.537213102464330e-17  +8.231427233178519e-17
-27   +2.005807942856937e-17  -7.145451066914993e-17
-26   -2.921990641299540e-17  +8.020031403273873e-17
-25   +5.206168163988421e-17  -9.010114736889976e-17
-24   -1.028436805077525e-17  +9.557249128151329e-17
-23   +2.162698469547852e-18  -1.023462612208282e-16
-22   -5.116140936381210e-17  +1.191122504236174e-16
-21   +2.654027752046038e-17  -9.107069812576061e-17
-20   -1.358125827014113e-17  +9.852990887249905e-17
-19   +2.945905028184116e-17  -1.337036225634157e-16
-18   -3.314261588758442e-18  +1.251510720182111e-16
-17   +2.114218482259149e-17  -1.318757740899136e-16
-16   -3.494398798376292e-17  +2.084858894675889e-16
-15   +4.220594914040435e-17  -1.399420131043641e-16
-14   +1.735027370051409e-15  +8.737775151568275e-15
-13   -7.191194543945526e-17  -1.828995497460588e-15
-12   +2.010206145660775e-13  +9.945735995150358e-13
-11   +1.398233128815045e-15  -1.224040723983746e-13
-10   +2.329213621362488e-11  +1.152017660845348e-10
 -9   +1.778083092108175e-12  -6.231258266511729e-12
 -8   +2.691394392468257e-09  +1.331207425770211e-08
 -7   +3.904107004458091e-10  +1.948291939597596e-10
 -6   +3.094496418574890e-07  +1.530773266947704e-06
 -5   +6.504577985975021e-08  +1.246647704573828e-07
 -4   +3.517028255275796e-05  +1.740283995473583e-04
 -3   +8.942415415458816e-06  +2.379012866937340e-05
 -2   +3.837818702643978e-03  +1.899447396022604e-02
 -1   -5.559967182663829e-05  +1.062185782969943e-03
 +0   -3.381162256796060e-01  +0.000000000000000e+00
 +1   -5.559967182663829e-05  -1.062185782969943e-03
 +2   +3.837818702643978e-03  -1.899447396022604e-02
 +3   +8.942415415458816e-06  -2.379012866937340e-05
 +4   +3.517028255275796e-05  -1.740283995473583e-04
 +5   +6.504577985975021e-08  -1.246647704573828e-07
 +6   +3.094496418574890e-07  -1.530773266947704e-06
 +7   +3.904107004458091e-10  -1.948291939597596e-10
 +8   +2.691394392468257e-09  -1.331207425770211e-08
 +9   +1.778083092108175e-12  +6.231258266511729e-12
+10   +2.329213621362488e-11  -1.152017660845348e-10
+11   +1.398233128815045e-15  +1.224040723983746e-13
+12   +2.010206145660775e-13  -9.945735995150358e-13
+13   -7.191194543945526e-17  +1.828995497460588e-15
+14   +1.735027370051409e-15  -8.737775151568275e-15
+15   +4.220594914040435e-17  +1.399420131043641e-16
+16   -3.494398798376292e-17  -2.084858894675889e-16
+17   +2.114218482259149e-17  +1.318757740899136e-16
+18   -3.314261588758442e-18  -1.251510720182111e-16
+19   +2.945905028184116e-17  +1.337036225634157e-16
+20   -1.358125827014113e-17  -9.852990887249905e-17
+21   +2.654027752046038e-17  +9.107069812576061e-17
+22   -5.116140936381210e-17  -1.191122504236174e-16
+23   +2.162698469547852e-18  +1.023462612208282e-16
+24   -1.028436805077525e-17  -9.557249128151329e-17
+25   +5.206168163988421e-17  +9.010114736889976e-17
+26   -2.921990641299540e-17  -8.020031403273873e-17
+27   +2.005807942856937e-17  +7.145451066914993e-17
+28   -3.537213102464330e-17  -8.231427233178519e-17
+29   +2.814649421145442e-17  +8.370406510776511e-17
+30   -2.482128125491302e-17  -6.145677195961457e-17

