-30   -3.352154946879975e-17  +1.241329569014236e-16
-29   +5.581484169407758e-17  -1.184202658926118e-16
-28   -2.214027869565514e-17  +9.180579726686716e-17
-27   +1.963631575313757e-17  -1.029536607259988e-16
-26   -3.441455435420556e-17  +1.168702334761325e-16
-25   +6.254880560325674e-17  -1.251556915892178e-16
-24   -4.799583787706420e-17  +1.321223847338616e-16
-23   +3.973308575161450e-17  -1.289233410605411e-16
-22   -2.586479367619114e-17  +1.685837046841480e-16
-21   +2.076934602761001e-18  -1.596246212306026e-16
-20   -4.332657105210671e-17  +1.476133858620612e-16
-19   +3.110920745451799e-17  -1.726930221011334e-16
-18   -2.673962393063666e-17  +1.851168095571896e-16
-17   +1.507752822092860e-18  -1.871605221678090e-16
-16   -1.270280574323141e-17  +1.822428452521227e-16
-15   +2.075525840316195e-15  +1.212986577715708e-15
-14   -6.954919710326064e-16  -2.011935359017901e-16
-13   +2.329028352447383e-13  +1.652772668716905e-13
-12   -5.685484080721705e-14  -3.829101668543384e-14
-11   +2.698516663376602e-11  +1.917990554538833e-11
-10   -4.717871696119081e-12  -3.139866199059975e-12
 -9   +3.119683158069267e-09  +2.217699816612074e-09
 -8   -3.279035122303485e-10  -2.084497038683737e-10
 -7   +3.591329895823726e-07  +2.553683710414869e-07
 -6   -1.270796644929522e-08  -6.190880266787679e-09
 -5   +4.096334373697626e-05  +2.914652110190523e-05
 -4   +1.295698057594136e-06  +1.252829159867375e-06
 -3   +4.543836618505006e-03  +3.240555897753303e-03
 -2   +3.462081498154915e-04  +2.911449261291221e-04
 -1   +4.016659883010039e-01  +2.967445373373171e-01
 +0   -5.607759453782298e-04  +0.000000000000000e+00
 +1   +4.016659883010039e-01  -2.967445373373171e-01
 +2   +3.462081498154915e-04  -2.911449261291221e-04
 +3   +4.543836618505006e-03  -3.240555897753303e-03
 +4   +1.295698057594136e-06  -1.252829159867375e-06
 +5   +4.096334373697626e-05  -2.914652110190523e-05
 +6   -1.270796644929522e-08  +6.190880266787679e-09
 +7   +3.591329895823726e-07  -2.553683710414869e-07
 +8   -3.279035122303485e-10  +2.084497038683737e-10
 +9   +3.119683158069267e-09  -2.217699816612074e-09
+10   -4.717871696119081e-12  +3.139866199059975e-12
+11   +2.698516663376602e-11  -1.917990554538833e-11
+12   -5.685484080721705e-14  +3.829101668543384e-14
+13   +2.329028352447383e-13  -1.652772668716905e-13
+14   -6.954919710326064e-16  +2.011935359017901e-16
+15   +2.075525840316195e-15  -1.212986577715708e-15
+16   -1.270280574323141e-17  -1.822428452521227e-16
+17   +1.507752822092860e-18  +1.871605221678090e-16
+18   -2.673962393063666e-17  -1.851168095571896e-16
+19   +3.110920745451799e-17  +1.726930221011334e-16
+20   -4.332657105210671e-17  -1.476133858620612e-16
+21   +2.076934602761001e-18  +1.596246212306026e-16
+22   -2.586479367619114e-17  -1.685837046841480e-16
+23   +3.973308575161450e-17  +1.289233410605411e-16
+24   -4.799583787706420e-17  -1.321223847338616e-16
+25   +6.254880560325674e-17  +1.251556915892178e-16
+26   -3.441455435420556e-17  -1.168702334761325e-16
+27   +1.963631575313757e-17  +1.029536607259988e-16
+28   -2.214027869565514e-17  -9.180579726686716e-17
+29   +5.581484169407758e-17  +1.184202658926118e-16
+30   -3.352154946879975e-17  -1.241329569014236e-16

