-30   -9.450045896037451e-17  +1.672679950428522e-16
-29   +7.424123738912907e-17  -1.814012640829058e-16
-28   -6.868882032754347e-17  +1.930630250313390e-16
-27   +6.912031843004886e-17  -1.795895131534437e-16
-26   -8.452358822077226e-17  +2.056782664257116e-16
-25   +8.199476649923612e-17  -2.129847147016086e-16
-24   -7.182641790666358e-17  +2.267628092762742e-16
-23   +6.729524143662328e-17  -2.443995087181371e-16
-22   -8.838213142638299e-17  +2.608338117859043e-16
-21   +7.389456184340991e-17  -2.532750091355483e-16
-20   -5.564400194266087e-17  +2.831329302683149e-16
-19   +8.864083632354403e-17  -3.109071027584649e-16
-18   -8.031905480026577e-17  +2.997977534711105e-16
-17   +6.363507566773076e-17  -3.215091108296440e-16
-16   -1.026677561710028e-16  +4.210489993478169e-16
-15   +1.041424362923175e-16  -3.633273896783840e-16
-14   -1.808481181005737e-15  +8.965359727205856e-15
-13   +1.999536675232283e-16  -2.096471513607183e-15
-12   -2.011456632673038e-13  +9.948612434158968e-13
-11   -1.359877792095176e-15  -1.227011938297572e-13
-10   -2.329220065606156e-11  +1.152020957838810e-10
 -9   -1.777990004583732e-12  -6.231628447115269e-12
 -8   -2.691394454305580e-09  +1.331207470803539e-08
 -7   -3.904106399203467e-10  +1.948287071998483e-10
 -6   -3.094496418852293e-07  +1.530773267481274e-06
 -5   -6.504577983609635e-08  +1.246647698111423e-07
 -4   -3.517028255289358e-05  +1.740283995482158e-04
 -3   -8.942415415423388e-06  +2.379012866816339e-05
 -2   -3.837818702644319e-03  +1.899447396022781e-02
 -1   +5.559967183735599e-05  +1.062185782966373e-03
 +0   +3.381162256796001e-01  +0.000000000000000e+00
 +1   +5.559967183735599e-05  -1.062185782966373e-03
 +2   -3.837818702644319e-03  -1.899447396022781e-02
 +3   -8.942415415423388e-06  -2.379012866816339e-05
 +4   -3.517028255289358e-05  -1.740283995482158e-04
 +5   -6.504577983609635e-08  -1.246647698111423e-07
 +6   -3.094496418852293e-07  -1.530773267481274e-06
 +7   -3.904106399203467e-10  -1.948287071998483e-10
 +8   -2.691394454305580e-09  -1.331207470803539e-08
 +9   -1.777990004583732e-12  +6.231628447115269e-12
+10   -2.329220065606156e-11  -1.152020957838810e-10
+11   -1.359877792095176e-15  +1.227011938297572e-13
+12   -2.011456632673038e-13  -9.948612434158968e-13
+13   +1.999536675232283e-16  +2.096471513607183e-15
+14   -1.808481181005737e-15  -8.965359727205856e-15
+15   +1.041424362923175e-16  +3.633273896783840e-16
+16   -1.026677561710028e-16  -4.210489993478169e-16
+17   +6.363507566773076e-17  +3.215091108296440e-16
+18   -8.031905480026577e-17  -2.997977534711105e-16
+19   +8.864083632354403e-17  +3.109071027584649e-16
+20   -5.564400194266087e-17  -2.831329302683149e-16
+21   +7.389456184340991e-17  +2.532750091355483e-16
+22   -8.838213142638299e-17  -2.608338117859043e-16
+23   +6.729524143662328e-17  +2.443995087181371e-16
+24   -7.182641790666358e-17  -2.267628092762742e-16
+25   +8.199476649923612e-17  +2.129847147016086e-16
+26   -8.452358822077226e-17  -2.056782664257116e-16
+27   +6.912031843004886e-17  +1.795895131534437e-16
+28   -6.868882032754347e-17  -1.930630250313390e-16
+29   +7.424123738912907e-17  +1.814012640829058e-16
+30   -9.450045896037451e-17  -1.672679950428522e-16

