-30   -1.253683237355574e-16  +1.987435720805545e-16
-29   +6.831923155615805e-17  -2.406316449389117e-16
-28   -9.508246516907664e-17  +2.380587898065963e-16
-27   +9.235777017987667e-17  -2.197455605228668e-16
-26   -1.272849160459498e-16  +2.619428963440736e-16
-25   +6.864520161448651e-17  -2.788755648681385e-16
-24   -9.631107005667109e-17  +2.544508145153583e-16
-23   +5.765005391595293e-17  -2.815900625464340e-16
-22   -6.857704479438920e-17  +2.594375065017409e-16
-21   +1.073094279979736e-16  -3.397857868346815e-16
-20   -9.750746954807601e-17  +3.422606009388713e-16
-19   +4.938940152328126e-17  -3.533722447053459e-16
-18   -9.229591709706139e-17  +2.973971424452306e-16
-17   +1.033483956122884e-16  -3.964552633031245e-16
-16   -7.405776710610429e-17  +4.385014674029343e-16
-15   -1.557485545571254e-15  -2.701264748654557e-15
-14   +2.007270487014063e-16  +8.675473970570476e-16
-13   -1.919144031892755e-13  -2.708567294973478e-13
-12   +2.658204903828016e-14  +4.115655632946882e-14
-11   -2.255527796592588e-11  -3.175655541205736e-11
-10   +1.976675466334514e-12  +3.138510573894356e-12
 -9   -2.655165676076662e-09  -3.738661884677742e-09
 -8   +1.031552787136162e-10  +1.874710197640765e-10
 -7   -3.137019030300989e-07  -4.417983076438056e-07
 -6   -1.661749620146821e-09  +2.766380749356730e-09
 -5   -3.731420152294702e-05  -5.257021417052792e-05
 -4   -1.461863191098148e-06  -1.413172444649453e-06
 -3   -4.509100476170897e-03  -6.358357788968072e-03
 -2   -1.796851268357695e-04  -1.518033760367838e-04
 -1   -5.821879948371577e-01  -8.243871473142044e-01
 +0   +1.840203090538950e-04  +0.000000000000000e+00
 +1   -5.821879948371577e-01  +8.243871473142044e-01
 +2   -1.796851268357695e-04  +1.518033760367838e-04
 +3   -4.509100476170897e-03  +6.358357788968072e-03
 +4   -1.461863191098148e-06  +1.413172444649453e-06
 +5   -3.731420152294702e-05  +5.257021417052792e-05
 +6   -1.661749620146821e-09  -2.766380749356730e-09
 +7   -3.137019030300989e-07  +4.417983076438056e-07
 +8   +1.031552787136162e-10  -1.874710197640765e-10
 +9   -2.655165676076662e-09  +3.738661884677742e-09
+10   +1.976675466334514e-12  -3.138510573894356e-12
+11   -2.255527796592588e-11  +3.175655541205736e-11
+12   +2.658204903828016e-14  -4.115655632946882e-14
+13   -1.919144031892755e-13  +2.708567294973478e-13
+14   +2.007270487014063e-16  -8.675473970570476e-16
+15   -1.557485545571254e-15  +2.701264748654557e-15
+16   -7.405776710610429e-17  -4.385014674029343e-16
+17   +1.033483956122884e-16  +3.964552633031245e-16
+18   -9.229591709706139e-17  -2.973971424452306e-16
+19   +4.938940152328126e-17  +3.533722447053459e-16
+20   -9.750746954807601e-17  -3.422606009388713e-16
+21   +1.073094279979736e-16  +3.397857868346815e-16
+22   -6.857704479438920e-17  -2.594375065017409e-16
+23   +5.765005391595293e-17  +2.815900625464340e-16
+24   -9.631107005667109e-17  -2.544508145153583e-16
+25   +6.864520161448651e-17  +2.788755648681385e-16
+26   -1.272849160459498e-16  -2.619428963440736e-16
+27   +9.235777017987667e-17  +2.197455605228668e-16
+28   -9.508246516907664e-17  -2.380587898065963e-16
+29   +6.831923155615805e-17  +2.406316449389117e-16
+30   -1.253683237355574e-16  -1.987435720805545e-16

