-30   +1.454899478651881e-16  -3.007032918763937e-16
-29   -1.226834912189344e-16  +2.293620848912145e-16
-28   +1.568862680307770e-16  -2.184865566281614e-16
-27   -1.436210059532371e-16  +2.367621202156183e-16
-26   +1.206528008590465e-16  -2.847570530226847e-16
-25   -1.285297684382267e-16  +3.037655770196718e-16
-24   +1.084001022204899e-16  -3.419020854531212e-16
-23   -1.191415812929288e-16  +2.902228492206081e-16
-22   +7.217771159023747e-17  -2.800095420823550e-16
-21   -7.617622996281631e-17  +3.284253754633692e-16
-20   +1.440632917784642e-16  -3.166697251890414e-16
-19   -1.608231369476059e-16  +3.694941545741408e-16
-18   +1.864239153202081e-16  -4.270721761467043e-16
-17   -1.677347611209056e-16  +4.463499660433295e-16
-16   +2.251232719748489e-16  -4.971775056298979e-16
-15   -1.544520046797914e-16  +5.340260404275980e-16
-14   +1.003359110721388e-14  -2.522217848911720e-15
-13   -9.524776512083612e-16  +5.457593360635940e-16
-12   +1.154654791685606e-12  -2.342863637233877e-13
-11   -4.171664622006013e-14  -1.633649676768169e-14
-10   +1.356135376854840e-10  -2.744739780933580e-11
 -9   +1.878849179143985e-12  -3.339375516838390e-12
 -8   +1.596235590940779e-08  -3.231536825771267e-09
 -7   +9.616131461297916e-10  -5.368854562593320e-10
 -6   +1.885278390713078e-06  -3.818477267850113e-07
 -5   +1.871528433429505e-07  -7.691586479210875e-08
 -4   +2.239962225251005e-04  -4.541006125743767e-05
 -3   +2.638284617536789e-05  -9.493131522949831e-06
 -2   +2.691232791220161e-02  -5.469468970680446e-03
 -1   +2.399149393802726e-05  +1.399036863920883e-04
 +0   +2.831723280369526e+00  +0.000000000000000e+00
 +1   +2.399149393802726e-05  -1.399036863920883e-04
 +2   +2.691232791220161e-02  +5.469468970680446e-03
 +3   +2.638284617536789e-05  +9.493131522949831e-06
 +4   +2.239962225251005e-04  +4.541006125743767e-05
 +5   +1.871528433429505e-07  +7.691586479210875e-08
 +6   +1.885278390713078e-06  +3.818477267850113e-07
 +7   +9.616131461297916e-10  +5.368854562593320e-10
 +8   +1.596235590940779e-08  +3.231536825771267e-09
 +9   +1.878849179143985e-12  +3.339375516838390e-12
+10   +1.356135376854840e-10  +2.744739780933580e-11
+11   -4.171664622006013e-14  +1.633649676768169e-14
+12   +1.154654791685606e-12  +2.342863637233877e-13
+13   -9.524776512083612e-16  -5.457593360635940e-16
+14   +1.003359110721388e-14  +2.522217848911720e-15
+15   -1.544520046797914e-16  -5.340260404275980e-16
+16   +2.251232719748489e-16  +4.971775056298979e-16
+17   -1.677347611209056e-16  -4.463499660433295e-16
+18   +1.864239153202081e-16  +4.270721761467043e-16
+19   -1.608231369476059e-16  -3.694941545741408e-16
+20   +1.440632917784642e-16  +3.166697251890414e-16
+21   -7.617622996281631e-17  -3.284253754633692e-16
+22   +7.217771159023747e-17  +2.800095420823550e-16
+23   -1.191415812929288e-16  -2.902228492206081e-16
+24   +1.084001022204899e-16  +3.419020854531212e-16
+25   -1.285297684382267e-16  -3.037655770196718e-16
+26   +1.206528008590465e-16  +2.847570530226847e-16
+27   -1.436210059532371e-16  -2.367621202156183e-16
+28   +1.568862680307770e-16  +2.184865566281614e-16
+29   -1.226834912189344e-16  -2.293620848912145e-16
+30   +1.454899478651881e-16  +3.007032918763937e-16

