-30   -6.820638998684377e-17  +1.884679012869084e-16
-29   +9.390304131443844e-17  -1.658292069623000e-16
-28   -5.941111827832301e-17  +2.042436459739260e-16
-27   +3.758683035855920e-17  -2.214052612272150e-16
-26   -5.546262080123306e-17  +2.306269386093941e-16
-25   +4.348306334859713e-17  -2.309170131847535e-16
-24   -9.646407553392473e-17  +2.065892494282155e-16
-23   +8.493752029711178e-17  -2.531619982760070e-16
-22   -7.354218373926749e-17  +2.627687814343672e-16
-21   +6.928176171953917e-17  -2.283338683791641e-16
-20   -4.600813251671338e-17  +2.713898870220613e-16
-19   +2.479496616200229e-18  -3.170230831384192e-16
-18   -8.713603753353388e-18  +2.863791164970732e-16
-17   +1.244711288231631e-17  -3.113582303832035e-16
-16   -5.755719370110638e-17  +2.621456031213890e-16
-15   +1.743484392039833e-15  -2.616515773877463e-15
-14   -3.952313644535952e-16  +8.705183578365920e-16
-13   +1.921440890627565e-13  -2.707739659157993e-13
-12   -2.681516768242452e-14  +4.108929289522664e-14
-11   +2.255543493248012e-11  -3.175654001002139e-11
-10   -1.976846358341265e-12  +3.138434666065211e-12
 -9   +2.655165798905268e-09  -3.738661713323361e-09
 -8   -1.031553807140298e-10  +1.874708516015936e-10
 -7   +3.137019030808315e-07  -4.417983074440561e-07
 -6   +1.661749496980149e-09  +2.766380498593055e-09
 -5   +3.731420152295702e-05  -5.257021417032191e-05
 -4   +1.461863190877094e-06  -1.413172444840454e-06
 -3   +4.509100476170833e-03  -6.358357788967785e-03
 -2   +1.796851268380380e-04  -1.518033760374186e-04
 -1   +5.821879948371522e-01  -8.243871473142128e-01
 +0   -1.840203089126034e-04  +0.000000000000000e+00
 +1   +5.821879948371522e-01  +8.243871473142128e-01
 +2   +1.796851268380380e-04  +1.518033760374186e-04
 +3   +4.509100476170833e-03  +6.358357788967785e-03
 +4   +1.461863190877094e-06  +1.413172444840454e-06
 +5   +3.731420152295702e-05  +5.257021417032191e-05
 +6   +1.661749496980149e-09  -2.766380498593055e-09
 +7   +3.137019030808315e-07  +4.417983074440561e-07
 +8   -1.031553807140298e-10  -1.874708516015936e-10
 +9   +2.655165798905268e-09  +3.738661713323361e-09
+10   -1.976846358341265e-12  -3.138434666065211e-12
+11   +2.255543493248012e-11  +3.175654001002139e-11
+12   -2.681516768242452e-14  -4.108929289522664e-14
+13   +1.921440890627565e-13  +2.707739659157993e-13
+14   -3.952313644535952e-16  -8.705183578365920e-16
+15   +1.743484392039833e-15  +2.616515773877463e-15
+16   -5.755719370110638e-17  -2.621456031213890e-16
+17   +1.244711288231631e-17  +3.113582303832035e-16
+18   -8.713603753353388e-18  -2.863791164970732e-16
+19   +2.479496616200229e-18  +3.170230831384192e-16
+20   -4.600813251671338e-17  -2.713898870220613e-16
+21   +6.928176171953917e-17  +2.283338683791641e-16
+22   -7.354218373926749e-17  -2.627687814343672e-16
+23   +8.493752029711178e-17  +2.531619982760070e-16
+24   -9.646407553392473e-17  -2.065892494282155e-16
+25   +4.348306334859713e-17  +2.309170131847535e-16
+26   -5.546262080123306e-17  -2.306269386093941e-16
+27   +3.758683035855920e-17  +2.214052612272150e-16
+28   -5.941111827832301e-17  -2.042436459739260e-16
+29   +9.390304131443844e-17  +1.658292069623000e-16
+30   -6.820638998684377e-17  -1.884679012869084e-16

