-30   -7.042306460529321e-17  +2.144252386685869e-16
-29   +4.258061658810381e-17  -2.294206305530804e-16
-28   -5.237561062948941e-17  +2.707003796842557e-16
-27   +8.949883853456061e-17  -2.921752950547109e-16
-26   -1.015893484141654e-16  +2.701117075128004e-16
-25   +9.170368650831319e-17  -3.235946611104840e-16
-24   -4.350160442363548e-17  +3.231229748089166e-16
-23   +7.792243949459639e-17  -3.487752692203008e-16
-22   -9.758138464969337e-17  +3.486235175425084e-16
-21   +7.719984643470853e-17  -3.624076999503506e-16
-20   -7.932889676446614e-18  +4.123576511442760e-16
-19   -1.848480204304299e-17  -4.114625514233194e-16
-18   -1.460650314025790e-17  +3.986468982501499e-16
-17   -8.747783765177538e-18  -4.396563227499276e-16
-16   +8.282103299695620e-17  +5.036189608470456e-16
-15   -1.829721083337466e-17  -4.769000448848155e-16
-14   +9.875802493091287e-15  +2.532147792961569e-15
-13   -8.018405502060124e-16  -4.930969449996352e-16
-12   +1.154509815894374e-12  +2.342196773581706e-13
-11   -4.158582839962231e-14  +1.636805124647418e-14
-10   +1.356134819302398e-10  +2.744738821569759e-11
 -9   +1.878946005042234e-12  +3.339412603778108e-12
 -8   +1.596235577735325e-08  +3.231536817486912e-09
 -7   +9.616131842002158e-10  +5.368856909145966e-10
 -6   +1.885278390720671e-06  +3.818477263629952e-07
 -5   +1.871528433012103e-07  +7.691586497875174e-08
 -4   +2.239962225251623e-04  +4.541006125747025e-05
 -3   +2.638284617498508e-05  +9.493131523220587e-06
 -2   +2.691232791220290e-02  +5.469468970680434e-03
 -1   +2.399149393361050e-05  -1.399036864164915e-04
 +0   +2.831723280369530e+00  +0.000000000000000e+00
 +1   +2.399149393361050e-05  +1.399036864164915e-04
 +2   +2.691232791220290e-02  -5.469468970680434e-03
 +3   +2.638284617498508e-05  -9.493131523220587e-06
 +4   +2.239962225251623e-04  -4.541006125747025e-05
 +5   +1.871528433012103e-07  -7.691586497875174e-08
 +6   +1.885278390720671e-06  -3.818477263629952e-07
 +7   +9.616131842002158e-10  -5.368856909145966e-10
 +8   +1.596235577735325e-08  -3.231536817486912e-09
 +9   +1.878946005042234e-12  -3.339412603778108e-12
+10   +1.356134819302398e-10  -2.744738821569759e-11
+11   -4.158582839962231e-14  -1.636805124647418e-14
+12   +1.154509815894374e-12  -2.342196773581706e-13
+13   -8.018405502060124e-16  +4.930969449996352e-16
+14   +9.875802493091287e-15  -2.532147792961569e-15
+15   -1.829721083337466e-17  +4.769000448848155e-16
+16   +8.282103299695620e-17  -5.036189608470456e-16
+17   -8.747783765177538e-18  +4.396563227499276e-16
+18   -1.460650314025790e-17  -3.986468982501499e-16
+19   -1.848480204304299e-17  +4.114625514233194e-16
+20   -7.932889676446614e-18  -4.123576511442760e-16
+21   +7.719984643470853e-17  +3.624076999503506e-16
+22   -9.758138464969337e-17  -3.486235175425084e-16
+23   +7.792243949459639e-17  +3.487752692203008e-16
+24   -4.350160442363548e-17  -3.231229748089166e-16
+25   +9.170368650831319e-17  +3.235946611104840e-16
+26   -1.015893484141654e-16  -2.701117075128004e-16
+27   +8.949883853456061e-17  +2.921752950547109e-16
+28   -5.237561062948941e-17  -2.707003796842557e-16
+29   +4.258061658810381e-17  +2.294206305530804e-16
+30   -7.042306460529321e-17  -2.144252386685869e-16

