-30   +3.572061816240663e-18  -2.035175239756103e-18
-29   -1.578579137239161e-17  +7.461377393876042e-18
-28   -5.493839035525511e-18  -1.021519878128480e-17
-27   -1.590857112369728e-17  +8.754804886711163e-18
-26   +1.116738675895740e-17  -1.041300166645985e-17
-25   -1.623154876761177e-17  +1.336382120896177e-17
-24   -2.931216400139349e-18  -2.411843676959400e-17
-23   -7.527899827560918e-18  +3.923230836336731e-18
-22   +1.061924234981507e-18  -1.120969389845909e-17
-21   -2.110593654553731e-17  +7.879360583646188e-18
-20   +7.492225554178089e-18  -1.537291165086500e-17
-19   -1.390961076992832e-17  -1.680264717012111e-17
-18   +1.471537165407346e-17  -1.953024473632497e-17
-17   -2.941069006434875e-17  +2.866203169587892e-17
-16   +2.224454732626330e-18  -5.614559799228927e-17
-15   +3.513634990230794e-16  -2.960552013456430e-16
-14   -1.038741591320743e-16  +4.892454227727531e-17
-13   +3.992850610220999e-14  -4.213718013979303e-14
-12   -7.581517782041472e-15  +8.024745065539097e-15
-11   +5.051100372143986e-12  -5.336437740111484e-12
-10   -7.432079479090747e-13  +7.927109218938613e-13
 -9   +6.496459179068480e-10  -6.864981858427691e-10
 -8   -6.879375199488279e-11  +7.367684730581898e-11
 -7   +8.561225538314793e-08  -9.049955217368156e-08
 -6   -5.635793210874659e-09  +6.088851484609588e-09
 -5   +1.174954690767137e-05  -1.242763888704856e-05
 -4   -3.150694349878557e-07  +3.515574801648087e-07
 -3   +1.750491303836226e-03  -1.853914774924791e-03
 -2   +2.295757650552221e-05  -2.167086333111910e-05
 -1   +3.412957615907633e-01  -3.634459108608919e-01
 +0   +2.476019774758416e-04  +0.000000000000000e+00
 +1   +3.412957615907633e-01  +3.634459108608919e-01
 +2   +2.295757650552221e-05  +2.167086333111910e-05
 +3   +1.750491303836226e-03  +1.853914774924791e-03
 +4   -3.150694349878557e-07  -3.515574801648087e-07
 +5   +1.174954690767137e-05  +1.242763888704856e-05
 +6   -5.635793210874659e-09  -6.088851484609588e-09
 +7   +8.561225538314793e-08  +9.049955217368156e-08
 +8   -6.879375199488279e-11  -7.367684730581898e-11
 +9   +6.496459179068480e-10  +6.864981858427691e-10
+10   -7.432079479090747e-13  -7.927109218938613e-13
+11   +5.051100372143986e-12  +5.336437740111484e-12
+12   -7.581517782041472e-15  -8.024745065539097e-15
+13   +3.992850610220999e-14  +4.213718013979303e-14
+14   -1.038741591320743e-16  -4.892454227727531e-17
+15   +3.513634990230794e-16  +2.960552013456430e-16
+16   +2.224454732626330e-18  +5.614559799228927e-17
+17   -2.941069006434875e-17  -2.866203169587892e-17
+18   +1.471537165407346e-17  +1.953024473632497e-17
+19   -1.390961076992832e-17  +1.680264717012111e-17
+20   +7.492225554178089e-18  +1.537291165086500e-17
+21   -2.110593654553731e-17  -7.879360583646188e-18
+22   +1.061924234981507e-18  +1.120969389845909e-17
+23   -7.527899827560918e-18  -3.923230836336731e-18
+24   -2.931216400139349e-18  +2.411843676959400e-17
+25   -1.623154876761177e-17  -1.336382120896177e-17
+26   +1.116738675895740e-17  +1.041300166645985e-17
+27   -1.590857112369728e-17  -8.754804886711163e-18
+28   -5.493839035525511e-18  +1.021519878128480e-17
+29   -1.578579137239161e-17  -7.461377393876042e-18
+30   +3.572061816240663e-18  +2.035175239756103e-18

