-30   +7.331747433645027e-18  +5.798849320130641e-18
-29   +1.143351892050811e-17  -6.760079848210520e-18
-28   -1.232051655355792e-17  +7.577537662984119e-19
-27   +8.601736280761550e-18  -2.078381644576843e-17
-26   +1.285044226633043e-17  +4.705652585349825e-18
-25   +1.122062279178679e-17  -3.920001194011026e-18
-24   -8.180397054995110e-18  +9.853703686846185e-18
-23   +1.208622383378201e-17  -5.145167694261045e-18
-22   -6.653665940298341e-18  +2.405561091087980e-17
-21   -2.052856377779074e-17  +2.037772507541039e-17
-20   -8.000187842777094e-18  +9.140063821169583e-18
-19   +2.192166332993050e-18  +6.774767542678033e-18
-18   -1.222305304692671e-18  +3.277614210098498e-17
-17   -7.394225585776493e-18  -1.229759338500172e-17
-16   -2.205929208548240e-18  +1.692949565640942e-17
-15   +3.303131998903182e-16  +3.046365831791200e-16
-14   -7.160803706533975e-17  -4.362026009552622e-17
-13   +3.989146705371410e-14  +4.216239194556432e-14
-12   -7.566020942270580e-15  -8.033311561058382e-15
-11   +5.051085365158768e-12  +5.336418607950786e-12
-10   -7.431827113351329e-13  -7.927095435550211e-13
 -9   +6.496459569710340e-10  +6.864982006353795e-10
 -8   -6.879372967870887e-11  -7.367685247447926e-11
 -7   +8.561225539162641e-08  +9.049955216523560e-08
 -6   -5.635793161502341e-09  -6.088851483505029e-09
 -5   +1.174954690767211e-05  +1.242763888706989e-05
 -4   -3.150694350332277e-07  -3.515574801510534e-07
 -3   +1.750491303836233e-03  +1.853914774924852e-03
 -2   +2.295757650562955e-05  +2.167086333107090e-05
 -1   +3.412957615907632e-01  +3.634459108608924e-01
 +0   +2.476019774754918e-04  +0.000000000000000e+00
 +1   +3.412957615907632e-01  -3.634459108608924e-01
 +2   +2.295757650562955e-05  -2.167086333107090e-05
 +3   +1.750491303836233e-03  -1.853914774924852e-03
 +4   -3.150694350332277e-07  +3.515574801510534e-07
 +5   +1.174954690767211e-05  -1.242763888706989e-05
 +6   -5.635793161502341e-09  +6.088851483505029e-09
 +7   +8.561225539162641e-08  -9.049955216523560e-08
 +8   -6.879372967870887e-11  +7.367685247447926e-11
 +9   +6.496459569710340e-10  -6.864982006353795e-10
+10   -7.431827113351329e-13  +7.927095435550211e-13
+11   +5.051085365158768e-12  -5.336418607950786e-12
+12   -7.566020942270580e-15  +8.033311561058382e-15
+13   +3.989146705371410e-14  -4.216239194556432e-14
+14   -7.160803706533975e-17  +4.362026009552622e-17
+15   +3.303131998903182e-16  -3.046365831791200e-16
+16   -2.205929208548240e-18  -1.692949565640942e-17
+17   -7.394225585776493e-18  +1.229759338500172e-17
+18   -1.222305304692671e-18  -3.277614210098498e-17
+19   +2.192166332993050e-18  -6.774767542678033e-18
+20   -8.000187842777094e-18  -9.140063821169583e-18
+21   -2.052856377779074e-17  -2.037772507541039e-17
+22   -6.653665940298341e-18  -2.405561091087980e-17
+23   +1.208622383378201e-17  +5.145167694261045e-18
+24   -8.180397054995110e-18  -9.853703686846185e-18
+25   +1.122062279178679e-17  +3.920001194011026e-18
+26   +1.285044226633043e-17  -4.705652585349825e-18
+27   +8.601736280761550e-18  +2.078381644576843e-17
+28   -1.232051655355792e-17  -7.577537662984119e-19
+29   +1.143351892050811e-17  +6.760079848210520e-18
+30   +7.331747433645027e-18  -5.798849320130641e-18

