-30   +1.003361722119433e-16  -2.320230278907119e-16
-29   -9.156266269595911e-17  +2.533927740349117e-16
-28   +8.140764792134340e-17  -2.430723928733664e-16
-27   -7.649834638784557e-17  +2.462865713174023e-16
-26   +1.005598082547489e-16  -2.563772197823590e-16
-25   -9.059608061496736e-17  +2.671274822635916e-16
-24   +9.484408861322561e-17  -2.993719775999486e-16
-23   -8.049687526165566e-17  +3.266500331124325e-16
-22   +9.053022907765944e-17  -3.183916472769820e-16
-21   -1.063873108820953e-16  +3.175068094772999e-16
-20   +8.916538280595377e-17  -3.393943046539646e-16
-19   -8.955178155932956e-17  +3.916727959568560e-16
-18   +9.664436005285713e-17  -3.927182100860526e-16
-17   -1.076929272094292e-16  +4.134909947332663e-16
-16   +1.065694198684703e-16  -4.556326658992318e-16
-15   +1.641315180021668e-16  +7.856895630008981e-16
-14   +4.960620731886916e-16  +2.498042716534457e-17
-13   +2.917400271186618e-14  +4.182794286800547e-14
-12   +3.860503532806931e-14  +5.294220444211944e-14
-11   +3.579823837205759e-12  +5.041513595511306e-12
-10   +3.748889446056119e-12  +5.191506679231792e-12
 -9   +4.378445249578907e-10  +6.160672384211692e-10
 -8   +3.307153509267592e-10  +4.541713213207826e-10
 -7   +5.320790616074282e-08  +7.470916375483060e-08
 -6   +2.218984400908228e-08  +2.959703264442888e-08
 -5   +6.270631436154152e-06  +8.740223736444720e-06
 -4   -1.670574102005587e-07  -4.998230925006218e-07
 -3   +6.479610736221165e-04  +8.649378949644630e-04
 -2   -2.640964285487039e-04  -3.497162360729833e-04
 -1   +2.774543944375207e-01  +4.268858923875747e-01
 +0   -4.750407846320683e-05  +0.000000000000000e+00
 +1   +2.774543944375207e-01  -4.268858923875747e-01
 +2   -2.640964285487039e-04  +3.497162360729833e-04
 +3   +6.479610736221165e-04  -8.649378949644630e-04
 +4   -1.670574102005587e-07  +4.998230925006218e-07
 +5   +6.270631436154152e-06  -8.740223736444720e-06
 +6   +2.218984400908228e-08  -2.959703264442888e-08
 +7   +5.320790616074282e-08  -7.470916375483060e-08
 +8   +3.307153509267592e-10  -4.541713213207826e-10
 +9   +4.378445249578907e-10  -6.160672384211692e-10
+10   +3.748889446056119e-12  -5.191506679231792e-12
+11   +3.579823837205759e-12  -5.041513595511306e-12
+12   +3.860503532806931e-14  -5.294220444211944e-14
+13   +2.917400271186618e-14  -4.182794286800547e-14
+14   +4.960620731886916e-16  -2.498042716534457e-17
+15   +1.641315180021668e-16  -7.856895630008981e-16
+16   +1.065694198684703e-16  +4.556326658992318e-16
+17   -1.076929272094292e-16  -4.134909947332663e-16
+18   +9.664436005285713e-17  +3.927182100860526e-16
+19   -8.955178155932956e-17  -3.916727959568560e-16
+20   +8.916538280595377e-17  +3.393943046539646e-16
+21   -1.063873108820953e-16  -3.175068094772999e-16
+22   +9.053022907765944e-17  +3.183916472769820e-16
+23   -8.049687526165566e-17  -3.266500331124325e-16
+24   +9.484408861322561e-17  +2.993719775999486e-16
+25   -9.059608061496736e-17  -2.671274822635916e-16
+26   +1.005598082547489e-16  +2.563772197823590e-16
+27   -7.649834638784557e-17  -2.462865713174023e-16
+28   +8.140764792134340e-17  +2.430723928733664e-16
+29   -9.156266269595911e-17  -2.533927740349117e-16
+30   +1.003361722119433e-16  +2.320230278907119e-16

