-30   -3.827732853147269e-17  +2.501627784413397e-16
-29   +6.094519951900261e-17  -2.124767962700113e-16
-28   -4.545204846516978e-17  +2.043357741656206e-16
-27   +1.365241456307228e-17  -1.743898565220383e-16
-26   -3.452507329048059e-17  +1.887281679450689e-16
-25   +7.060876104042075e-17  -1.767471596526198e-16
-24   -6.914834525970709e-17  +2.784144715894517e-16
-23   +6.549586473598334e-17  -2.392032677611656e-16
-22   -1.941378680559430e-17  +2.480209144842554e-16
-21   +1.602576027684980e-17  -1.924803831821533e-16
-20   +2.563950248511420e-17  +2.653907202188130e-16
-19   +8.665521262699206e-17  -3.137815386077669e-16
-18   -7.692931896630520e-17  +4.126546979046424e-16
-17   +7.155649207300868e-18  -3.612624269877634e-16
-16   -4.210338191347185e-17  +3.745087718044151e-16
-15   +2.694762190291218e-17  -3.548389249442553e-16
-14   -1.537579538791475e-15  +6.713626515462017e-16
-13   -2.169393588090937e-15  -8.206784045475515e-17
-12   -1.762034149754740e-13  +3.734318736391485e-14
-11   -2.193465593633855e-13  +4.016638094000213e-14
-10   -2.134775185069480e-11  +4.493580402742644e-12
 -9   -2.042627861447635e-11  +3.590908616860721e-12
 -8   -2.559138209955841e-09  +5.450923734098262e-10
 -7   -1.587584844961615e-09  +2.338578568825573e-10
 -6   -2.942593611129964e-07  +6.412600448499527e-08
 -5   -4.496763894099501e-08  -7.206963056183609e-09
 -4   -2.747389130954416e-05  +6.405506460260430e-06
 -3   +2.617217933740542e-05  -9.381081719041926e-06
 -2   +2.928739703776601e-03  -4.787732833375867e-04
 -1   +9.755434126387623e-04  +5.944009171897137e-05
 +0   -2.887204847220267e+00  +0.000000000000000e+00
 +1   +9.755434126387623e-04  -5.944009171897137e-05
 +2   +2.928739703776601e-03  +4.787732833375867e-04
 +3   +2.617217933740542e-05  +9.381081719041926e-06
 +4   -2.747389130954416e-05  -6.405506460260430e-06
 +5   -4.496763894099501e-08  +7.206963056183609e-09
 +6   -2.942593611129964e-07  -6.412600448499527e-08
 +7   -1.587584844961615e-09  -2.338578568825573e-10
 +8   -2.559138209955841e-09  -5.450923734098262e-10
 +9   -2.042627861447635e-11  -3.590908616860721e-12
+10   -2.134775185069480e-11  -4.493580402742644e-12
+11   -2.193465593633855e-13  -4.016638094000213e-14
+12   -1.762034149754740e-13  -3.734318736391485e-14
+13   -2.169393588090937e-15  +8.206784045475515e-17
+14   -1.537579538791475e-15  -6.713626515462017e-16
+15   +2.694762190291218e-17  +3.548389249442553e-16
+16   -4.210338191347185e-17  -3.745087718044151e-16
+17   +7.155649207300868e-18  +3.612624269877634e-16
+18   -7.692931896630520e-17  -4.126546979046424e-16
+19   +8.665521262699206e-17  +3.137815386077669e-16
+20   +2.563950248511420e-17  -2.653907202188130e-16
+21   +1.602576027684980e-17  +1.924803831821533e-16
+22   -1.941378680559430e-17  -2.480209144842554e-16
+23   +6.549586473598334e-17  +2.392032677611656e-16
+24   -6.914834525970709e-17  -2.784144715894517e-16
+25   +7.060876104042075e-17  +1.767471596526198e-16
+26   -3.452507329048059e-17  -1.887281679450689e-16
+27   +1.365241456307228e-17  +1.743898565220383e-16
+28   -4.545204846516978e-17  -2.043357741656206e-16
+29   +6.094519951900261e-17  +2.124767962700113e-16
+30   -3.827732853147269e-17  -2.501627784413397e-16

