-30   +7.732076396261736e-17  -2.028924649211355e-16
-29   -7.330792865065174e-17  +2.145909593426415e-16
-28   +8.905855035589825e-17  -2.169059275151423e-16
-27   -7.035950379200869e-17  +2.368370605050871e-16
-26   +7.449530195438126e-17  -2.461109259226883e-16
-25   -6.959829368319478e-17  +2.522589590961428e-16
-24   +9.304055788632899e-17  -2.439293216140794e-16
-23   -6.878285415374552e-17  +2.633934364268499e-16
-22   +8.212937875988397e-17  -2.810793976244142e-16
-21   -7.223222343065344e-17  +3.058405980724257e-16
-20   +5.681101225699358e-17  -3.043308018991431e-16
-19   -4.166926288934319e-17  +3.657030203590434e-16
-18   +4.546533702059331e-17  -3.215081130041138e-16
-17   -5.004424108196519e-17  +3.392216640666422e-16
-16   +6.386963657594318e-17  -3.432733164158543e-16
-15   -3.275010891652304e-16  +7.216144952316085e-16
-14   -2.937306661094563e-16  +6.410218287155622e-17
-13   -2.936077243814815e-14  +4.171437119914367e-14
-12   -3.846783330820889e-14  +5.305735744448309e-14
-11   -3.579978996305646e-12  +5.041432963644301e-12
-10   -3.748720144656338e-12  +5.191620031561740e-12
 -9   -4.378446507753880e-10  +6.160670995284867e-10
 -8   -3.307151731944635e-10  +4.541714524532751e-10
 -7   -5.320790622784174e-08  +7.470916360156475e-08
 -6   -2.218984391066266e-08  +2.959703288179388e-08
 -5   -6.270631436137119e-06  +8.740223736255201e-06
 -4   +1.670574099818118e-07  -4.998230922637935e-07
 -3   -6.479610736215484e-04  +8.649378949641541e-04
 -2   +2.640964285477012e-04  -3.497162360724395e-04
 -1   -2.774543944375168e-01  +4.268858923875790e-01
 +0   +4.750407831885193e-05  +0.000000000000000e+00
 +1   -2.774543944375168e-01  -4.268858923875790e-01
 +2   +2.640964285477012e-04  +3.497162360724395e-04
 +3   -6.479610736215484e-04  -8.649378949641541e-04
 +4   +1.670574099818118e-07  +4.998230922637935e-07
 +5   -6.270631436137119e-06  -8.740223736255201e-06
 +6   -2.218984391066266e-08  -2.959703288179388e-08
 +7   -5.320790622784174e-08  -7.470916360156475e-08
 +8   -3.307151731944635e-10  -4.541714524532751e-10
 +9   -4.378446507753880e-10  -6.160670995284867e-10
+10   -3.748720144656338e-12  -5.191620031561740e-12
+11   -3.579978996305646e-12  -5.041432963644301e-12
+12   -3.846783330820889e-14  -5.305735744448309e-14
+13   -2.936077243814815e-14  -4.171437119914367e-14
+14   -2.937306661094563e-16  -6.410218287155622e-17
+15   -3.275010891652304e-16  -7.216144952316085e-16
+16   +6.386963657594318e-17  +3.432733164158543e-16
+17   -5.004424108196519e-17  -3.392216640666422e-16
+18   +4.546533702059331e-17  +3.215081130041138e-16
+19   -4.166926288934319e-17  -3.657030203590434e-16
+20   +5.681101225699358e-17  +3.043308018991431e-16
+21   -7.223222343065344e-17  -3.058405980724257e-16
+22   +8.212937875988397e-17  +2.810793976244142e-16
+23   -6.878285415374552e-17  -2.633934364268499e-16
+24   +9.304055788632899e-17  +2.439293216140794e-16
+25   -6.959829368319478e-17  -2.522589590961428e-16
+26   +7.449530195438126e-17  +2.461109259226883e-16
+27   -7.035950379200869e-17  -2.368370605050871e-16
+28   +8.905855035589825e-17  +2.169059275151423e-16
+29   -7.330792865065174e-17  -2.145909593426415e-16
+30   +7.732076396261736e-17  +2.028924649211355e-16

