-30   +1.750958951862694e-16  -1.725561064335518e-16
-29   -1.258640283035369e-16  +2.456589720893578e-16
-28   +1.190999851865201e-16  -2.175765987609464e-16
-27   -1.245810664223878e-16  +3.026358216091523e-16
-26   +1.311293886503635e-16  -3.048897835557895e-16
-25   -9.044365160381669e-17  +2.947651592215990e-16
-24   +8.943487901363090e-17  -2.682662524337652e-16
-23   -6.829641155114455e-17  +3.163317251507304e-16
-22   +1.048958353421792e-16  -3.237627139178468e-16
-21   -1.342186824964475e-16  +3.717188169739464e-16
-20   +1.036208156316813e-16  -3.571122013358243e-16
-19   -5.713413214071666e-17  +3.861146436098608e-16
-18   +6.018122723109147e-17  -3.378248283085658e-16
-17   -1.192804803952429e-16  +4.086280104130317e-16
-16   +7.066970210926804e-17  -4.523420395140889e-16
-15   -1.060220321586559e-16  +4.715124227012791e-16
-14   -1.427273924942717e-15  -8.261243068236085e-16
-13   -2.298969077296815e-15  +5.958315490446346e-17
-12   -1.760639005751010e-13  -3.733219181820995e-14
-11   -2.194393841249815e-13  -4.011561546172547e-14
-10   -2.134769992674202e-11  -4.493764317570268e-12
 -9   -2.042635721146242e-11  -3.590733925800391e-12
 -8   -2.559138164340383e-09  -5.450925484045965e-10
 -7   -1.587584883941706e-09  -2.338576669459465e-10
 -6   -2.942593610689120e-07  -6.412600446544551e-08
 -5   -4.496763890929395e-08  +7.206963387076663e-09
 -4   -2.747389130973465e-05  -6.405506460619876e-06
 -3   +2.617217933790954e-05  +9.381081719412298e-06
 -2   +2.928739703775330e-03  +4.787732833372210e-04
 -1   +9.755434126424488e-04  -5.944009170326428e-05
 +0   -2.887204847220273e+00  +0.000000000000000e+00
 +1   +9.755434126424488e-04  +5.944009170326428e-05
 +2   +2.928739703775330e-03  -4.787732833372210e-04
 +3   +2.617217933790954e-05  -9.381081719412298e-06
 +4   -2.747389130973465e-05  +6.405506460619876e-06
 +5   -4.496763890929395e-08  -7.206963387076663e-09
 +6   -2.942593610689120e-07  +6.412600446544551e-08
 +7   -1.587584883941706e-09  +2.338576669459465e-10
 +8   -2.559138164340383e-09  +5.450925484045965e-10
 +9   -2.042635721146242e-11  +3.590733925800391e-12
+10   -2.134769992674202e-11  +4.493764317570268e-12
+11   -2.194393841249815e-13  +4.011561546172547e-14
+12   -1.760639005751010e-13  +3.733219181820995e-14
+13   -2.298969077296815e-15  -5.958315490446346e-17
+14   -1.427273924942717e-15  +8.261243068236085e-16
+15   -1.060220321586559e-16  -4.715124227012791e-16
+16   +7.066970210926804e-17  +4.523420395140889e-16
+17   -1.192804803952429e-16  -4.086280104130317e-16
+18   +6.018122723109147e-17  +3.378248283085658e-16
+19   -5.713413214071666e-17  -3.861146436098608e-16
+20   +1.036208156316813e-16  +3.571122013358243e-16
+21   -1.342186824964475e-16  -3.717188169739464e-16
+22   +1.048958353421792e-16  +3.237627139178468e-16
+23   -6.829641155114455e-17  -3.163317251507304e-16
+24   +8.943487901363090e-17  +2.682662524337652e-16
+25   -9.044365160381669e-17  -2.947651592215990e-16
+26   +1.311293886503635e-16  +3.048897835557895e-16
+27   -1.245810664223878e-16  -3.026358216091523e-16
+28   +1.190999851865201e-16  +2.175765987609464e-16
+29   -1.258640283035369e-16  -2.456589720893578e-16
+30   +1.750958951862694e-16  +1.725561064335518e-16

