-30   -8.029333238573470e-18  +2.446723578100058e-17
-29   +1.878822131957174e-17  -3.204496823918303e-17
-28   -1.070363932437065e-17  +5.107605381899144e-17
-27   +1.931686939408145e-17  -3.834185658099774e-17
-26   -1.574424929043285e-17  +3.605208173313044e-17
-25   +2.008662662657306e-17  -4.108451709079379e-17
-24   -1.846943394367500e-17  +5.818351297621230e-17
-23   +3.260779980918333e-17  -4.302771168121059e-17
-22   -2.574104798711559e-17  +4.311282186174821e-17
-21   +4.010727860972635e-17  -5.143898839574484e-17
-20   -1.659648463210105e-17  +6.442373216946437e-17
-19   -6.283594154993845e-19  -5.495424516945898e-17
-18   -2.490871256647981e-17  +6.984382730772395e-17
-17   +5.435657589044518e-17  -8.693696799924669e-17
-16   -3.788602758976420e-17  +1.306929205947916e-16
-15   -4.608446629507995e-17  -6.076232410153824e-17
-14   -4.585274637667655e-16  +4.192900448694597e-16
-13   -7.085751972818004e-15  +5.019832458983501e-15
-12   -4.988099863957546e-14  +3.552674082538038e-14
-11   -1.053199204561817e-12  +7.600180344706652e-13
-10   -5.424322195624439e-12  +3.851473024242933e-12
 -9   -1.647780912183737e-10  +1.186927872637581e-10
 -8   -5.865848774647698e-10  +4.161664577474458e-10
 -7   -2.779860973271861e-08  +1.996661004088292e-08
 -6   -6.309152440606245e-08  +4.467411147095464e-08
 -5   -5.295050818819634e-06  +3.784577971118807e-06
 -4   -6.463592613874487e-06  +4.561344082228516e-06
 -3   -1.266811644115547e-03  +8.964321802204686e-04
 -2   +3.884736604106605e-04  -1.940002311593834e-04
 -1   -4.043319002571703e-01  +3.065515460341163e-01
 +0   -3.054556152182897e-04  +0.000000000000000e+00
 +1   -4.043319002571703e-01  -3.065515460341163e-01
 +2   +3.884736604106605e-04  +1.940002311593834e-04
 +3   -1.266811644115547e-03  -8.964321802204686e-04
 +4   -6.463592613874487e-06  -4.561344082228516e-06
 +5   -5.295050818819634e-06  -3.784577971118807e-06
 +6   -6.309152440606245e-08  -4.467411147095464e-08
 +7   -2.779860973271861e-08  -1.996661004088292e-08
 +8   -5.865848774647698e-10  -4.161664577474458e-10
 +9   -1.647780912183737e-10  -1.186927872637581e-10
+10   -5.424322195624439e-12  -3.851473024242933e-12
+11   -1.053199204561817e-12  -7.600180344706652e-13
+12   -4.988099863957546e-14  -3.552674082538038e-14
+13   -7.085751972818004e-15  -5.019832458983501e-15
+14   -4.585274637667655e-16  -4.192900448694597e-16
+15   -4.608446629507995e-17  +6.076232410153824e-17
+16   -3.788602758976420e-17  -1.306929205947916e-16
+17   +5.435657589044518e-17  +8.693696799924669e-17
+18   -2.490871256647981e-17  -6.984382730772395e-17
+19   -6.283594154993845e-19  +5.495424516945898e-17
+20   -1.659648463210105e-17  -6.442373216946437e-17
+21   +4.010727860972635e-17  +5.143898839574484e-17
+22   -2.574104798711559e-17  -4.311282186174821e-17
+23   +3.260779980918333e-17  +4.302771168121059e-17
+24   -1.846943394367500e-17  -5.818351297621230e-17
+25   +2.008662662657306e-17  +4.108451709079379e-17
+26   -1.574424929043285e-17  -3.605208173313044e-17
+27   +1.931686939408145e-17  +3.834185658099774e-17
+28   -1.070363932437065e-17  -5.107605381899144e-17
+29   +1.878822131957174e-17  +3.204496823918303e-17
+30   -8.029333238573470e-18  -2.446723578100058e-17

