-30   +2.518524778238743e-17  -8.036297156784411e-17
-29   -4.471645436863249e-17  +7.198884984301722e-17
-28   +3.981954429309284e-17  -1.140700912893990e-16
-27   -2.772409293937708e-17  +1.047061856550245e-16
-26   +5.927575036650311e-17  -1.111292249181256e-16
-25   -2.562174173375365e-17  +1.184692214020909e-16
-24   +2.846884884916967e-17  -1.113450183064039e-16
-23   -5.138391590698351e-17  +1.278301103303596e-16
-22   +2.901476985132537e-17  -1.315381203390099e-16
-21   -4.284866197402288e-17  +1.184491177826551e-16
-20   +3.590077085363015e-17  -1.257232535276485e-16
-19   -1.426618629773668e-17  +1.578334991075061e-16
-18   +1.587555905324372e-17  -1.734510723927104e-16
-17   -4.355135283563952e-17  +1.727562250688451e-16
-16   +3.485710333552853e-17  -1.855945107848401e-16
-15   -4.481275886257094e-17  +1.883015676046548e-16
-14   -5.581875623935818e-17  -4.912384399394253e-16
-13   -3.671076165456785e-16  -1.764713869188819e-15
-12   -1.270810536021404e-14  -4.044823069138282e-14
-11   -3.904275014884989e-14  -2.188405220561076e-13
-10   -1.981680368649413e-12  -6.147321517496566e-12
 -9   -4.253058247201837e-12  -2.446659429622845e-11
 -8   -3.311235946595146e-10  -1.002419272353650e-09
 -7   -4.713996150392959e-10  -2.798833039699943e-09
 -6   -6.203581168171271e-08  -1.807453701669501e-07
 -5   -5.588722632931694e-08  -3.441623123360849e-07
 -4   -1.441984464734523e-05  -3.904730550255529e-05
 -3   -8.267246098999156e-06  -5.183839671148522e-05
 -2   -5.861848955097211e-03  -1.294660443138368e-02
 -1   -6.256653939946457e-05  +1.443207354301012e-03
 +0   +1.683458236903723e-01  +0.000000000000000e+00
 +1   -6.256653939946457e-05  -1.443207354301012e-03
 +2   -5.861848955097211e-03  +1.294660443138368e-02
 +3   -8.267246098999156e-06  +5.183839671148522e-05
 +4   -1.441984464734523e-05  +3.904730550255529e-05
 +5   -5.588722632931694e-08  +3.441623123360849e-07
 +6   -6.203581168171271e-08  +1.807453701669501e-07
 +7   -4.713996150392959e-10  +2.798833039699943e-09
 +8   -3.311235946595146e-10  +1.002419272353650e-09
 +9   -4.253058247201837e-12  +2.446659429622845e-11
+10   -1.981680368649413e-12  +6.147321517496566e-12
+11   -3.904275014884989e-14  +2.188405220561076e-13
+12   -1.270810536021404e-14  +4.044823069138282e-14
+13   -3.671076165456785e-16  +1.764713869188819e-15
+14   -5.581875623935818e-17  +4.912384399394253e-16
+15   -4.481275886257094e-17  -1.883015676046548e-16
+16   +3.485710333552853e-17  +1.855945107848401e-16
+17   -4.355135283563952e-17  -1.727562250688451e-16
+18   +1.587555905324372e-17  +1.734510723927104e-16
+19   -1.426618629773668e-17  -1.578334991075061e-16
+20   +3.590077085363015e-17  +1.257232535276485e-16
+21   -4.284866197402288e-17  -1.184491177826551e-16
+22   +2.901476985132537e-17  +1.315381203390099e-16
+23   -5.138391590698351e-17  -1.278301103303596e-16
+24   +2.846884884916967e-17  +1.113450183064039e-16
+25   -2.562174173375365e-17  -1.184692214020909e-16
+26   +5.927575036650311e-17  +1.111292249181256e-16
+27   -2.772409293937708e-17  -1.047061856550245e-16
+28   +3.981954429309284e-17  +1.140700912893990e-16
+29   -4.471645436863249e-17  -7.198884984301722e-17
+30   +2.518524778238743e-17  +8.036297156784411e-17

