-30   +1.199454063282531e-17  -4.301316527821302e-17
-29   -5.250928412093140e-17  +3.393265300130276e-17
-28   +3.876179382082657e-17  -5.725297719991169e-17
-27   -3.554971814418881e-17  +5.693009897953716e-17
-26   +1.835206896855689e-17  -4.596223854257277e-17
-25   -2.490269585557200e-17  +5.373103456439215e-17
-24   -1.113312150305298e-18  -5.979228010892971e-17
-23   -1.561370579605547e-17  +7.043784797892035e-17
-22   -2.074337241870794e-18  -8.462805608478077e-17
-21   -2.779271556608431e-17  +4.067694784508104e-17
-20   +2.588859756899493e-17  -6.409669112066475e-17
-19   -3.556721533599063e-17  +7.549649421235127e-17
-18   +2.226563735483625e-17  -9.084425131597823e-17
-17   +3.767748370564565e-18  +8.944034595203389e-17
-16   +7.664438950758181e-19  -9.553822514461745e-17
-15   -8.009504346108081e-17  +7.426750529740593e-17
-14   -4.557446873861982e-16  -4.565076594615284e-16
-13   -7.084723881769414e-15  -5.037331894344168e-15
-12   -4.985917908110659e-14  -3.551364532949839e-14
-11   -1.053231571582045e-12  -7.599331084194219e-13
-10   -5.424293892025188e-12  -3.851560781156399e-12
 -9   -1.647781268432799e-10  -1.186927160631136e-10
 -8   -5.865849053006177e-10  -4.161665826054616e-10
 -7   -2.779860980099314e-08  -1.996660993122292e-08
 -6   -6.309152441979723e-08  -4.467411152946823e-08
 -5   -5.295050818840052e-06  -3.784577970971420e-06
 -4   -6.463592613769598e-06  -4.561344082260285e-06
 -3   -1.266811644115540e-03  -8.964321802204626e-04
 -2   +3.884736604106544e-04  +1.940002311584873e-04
 -1   -4.043319002571748e-01  -3.065515460341138e-01
 +0   -3.054556152134893e-04  +0.000000000000000e+00
 +1   -4.043319002571748e-01  +3.065515460341138e-01
 +2   +3.884736604106544e-04  -1.940002311584873e-04
 +3   -1.266811644115540e-03  +8.964321802204626e-04
 +4   -6.463592613769598e-06  +4.561344082260285e-06
 +5   -5.295050818840052e-06  +3.784577970971420e-06
 +6   -6.309152441979723e-08  +4.467411152946823e-08
 +7   -2.779860980099314e-08  +1.996660993122292e-08
 +8   -5.865849053006177e-10  +4.161665826054616e-10
 +9   -1.647781268432799e-10  +1.186927160631136e-10
+10   -5.424293892025188e-12  +3.851560781156399e-12
+11   -1.053231571582045e-12  +7.599331084194219e-13
+12   -4.985917908110659e-14  +3.551364532949839e-14
+13   -7.084723881769414e-15  +5.037331894344168e-15
+14   -4.557446873861982e-16  +4.565076594615284e-16
+15   -8.009504346108081e-17  -7.426750529740593e-17
+16   +7.664438950758181e-19  +9.553822514461745e-17
+17   +3.767748370564565e-18  -8.944034595203389e-17
+18   +2.226563735483625e-17  +9.084425131597823e-17
+19   -3.556721533599063e-17  -7.549649421235127e-17
+20   +2.588859756899493e-17  +6.409669112066475e-17
+21   -2.779271556608431e-17  -4.067694784508104e-17
+22   -2.074337241870794e-18  +8.462805608478077e-17
+23   -1.561370579605547e-17  -7.043784797892035e-17
+24   -1.113312150305298e-18  +5.979228010892971e-17
+25   -2.490269585557200e-17  -5.373103456439215e-17
+26   +1.835206896855689e-17  +4.596223854257277e-17
+27   -3.554971814418881e-17  -5.693009897953716e-17
+28   +3.876179382082657e-17  +5.725297719991169e-17
+29   -5.250928412093140e-17  -3.393265300130276e-17
+30   +1.199454063282531e-17  +4.301316527821302e-17

