-30   +6.259516446783657e-17  -1.316234411321950e-16
-29   -6.816346221529883e-17  +1.400142659726800e-16
-28   +5.318078485328615e-17  -1.633239285194032e-16
-27   -6.622110992513020e-17  +1.577934320035828e-16
-26   +7.728965707943677e-17  -1.654174358177518e-16
-25   -5.635467650592576e-17  +1.618697278614138e-16
-24   +6.781764043975511e-17  -1.749169897495673e-16
-23   -6.540532989272768e-17  +2.112144471219945e-16
-22   +4.616157307040374e-17  -1.850138234938207e-16
-21   -8.152546218776160e-17  +1.874320096636112e-16
-20   +7.166869099585725e-17  -2.039654989710546e-16
-19   -4.734481072553259e-17  +2.393715806204694e-16
-18   +5.429359807191913e-17  -2.479443658568811e-16
-17   -7.918698409803214e-17  +2.584913944754781e-16
-16   +6.750226435793583e-17  -2.950366587090264e-16
-15   -6.639458295268818e-17  +2.892531919818467e-16
-14   +1.675868542674069e-16  -5.941558494261906e-16
-13   +3.131694505358896e-16  -1.662424885497883e-15
-12   +1.280033317289275e-14  -4.056237760629836e-14
-11   +3.894710259461835e-14  -2.187041005377501e-13
-10   +1.981773911729886e-12  -6.147477676239189e-12
 -9   +4.253060622154587e-12  -2.446640927815423e-11
 -8   +3.311235558813040e-10  -1.002419488659399e-09
 -7   +4.713994285243806e-10  -2.798832805167614e-09
 -6   +6.203581169624221e-08  -1.807453704155216e-07
 -5   +5.588722636097854e-08  -3.441623120233595e-07
 -4   +1.441984464747076e-05  -3.904730550294612e-05
 -3   +8.267246099291765e-06  -5.183839671094209e-05
 -2   +5.861848955097579e-03  -1.294660443138451e-02
 -1   +6.256653938957094e-05  +1.443207354303197e-03
 +0   -1.683458236903698e-01  +0.000000000000000e+00
 +1   +6.256653938957094e-05  -1.443207354303197e-03
 +2   +5.861848955097579e-03  +1.294660443138451e-02
 +3   +8.267246099291765e-06  +5.183839671094209e-05
 +4   +1.441984464747076e-05  +3.904730550294612e-05
 +5   +5.588722636097854e-08  +3.441623120233595e-07
 +6   +6.203581169624221e-08  +1.807453704155216e-07
 +7   +4.713994285243806e-10  +2.798832805167614e-09
 +8   +3.311235558813040e-10  +1.002419488659399e-09
 +9   +4.253060622154587e-12  +2.446640927815423e-11
+10   +1.981773911729886e-12  +6.147477676239189e-12
+11   +3.894710259461835e-14  +2.187041005377501e-13
+12   +1.280033317289275e-14  +4.056237760629836e-14
+13   +3.131694505358896e-16  +1.662424885497883e-15
+14   +1.675868542674069e-16  +5.941558494261906e-16
+15   -6.639458295268818e-17  -2.892531919818467e-16
+16   +6.750226435793583e-17  +2.950366587090264e-16
+17   -7.918698409803214e-17  -2.584913944754781e-16
+18   +5.429359807191913e-17  +2.479443658568811e-16
+19   -4.734481072553259e-17  -2.393715806204694e-16
+20   +7.166869099585725e-17  +2.039654989710546e-16
+21   -8.152546218776160e-17  -1.874320096636112e-16
+22   +4.616157307040374e-17  +1.850138234938207e-16
+23   -6.540532989272768e-17  -2.112144471219945e-16
+24   +6.781764043975511e-17  +1.749169897495673e-16
+25   -5.635467650592576e-17  -1.618697278614138e-16
+26   +7.728965707943677e-17  +1.654174358177518e-16
+27   -6.622110992513020e-17  -1.577934320035828e-16
+28   +5.318078485328615e-17  +1.633239285194032e-16
+29   -6.816346221529883e-17  -1.400142659726800e-16
+30   +6.259516446783657e-17  +1.316234411321950e-16

