-30   -9.158872675707658e-18  -1.102286184770175e-17
-29   -1.959025157787517e-17  -1.128733057166777e-17
-28   +1.174754111033637e-17  -8.479206878545095e-18
-27   -3.757603885757422e-18  +4.602627732008372e-18
-26   -1.884399950272788e-17  +3.445583981771955e-18
-25   -8.930526418034169e-18  +5.793058656746241e-18
-24   -2.602306824061046e-18  -1.358791631381594e-17
-23   -1.884200476615089e-17  +1.185228659167109e-19
-22   +6.199376390542579e-18  -2.071861497069540e-17
-21   +1.410780660263626e-17  +1.202228599761276e-18
-20   +4.146730003418953e-18  -4.530740890823480e-18
-19   +3.768647429095462e-18  +3.929983523761900e-18
-18   -6.581090215786254e-19  -1.724857127788925e-17
-17   +2.283458215360416e-17  +1.725671080119633e-17
-16   -1.618853723445580e-17  +7.625431748237835e-18
-15   -2.058674130304441e-17  +2.723962114551398e-17
-14   -8.484395587438538e-17  -1.207385746353608e-16
-13   -6.341501530310945e-16  -6.735532997802668e-16
-12   -1.086662083704618e-14  -1.028276626076419e-14
-11   -1.020422996824215e-13  -1.059866086969261e-13
-10   -1.228042806031564e-12  -1.161384236969180e-12
 -9   -1.727455414399527e-11  -1.784110807006679e-11
 -8   -1.357352186157468e-10  -1.283647870580539e-10
 -7   -3.273744989979639e-09  -3.353295781887119e-09
 -6   -1.418943232476194e-08  -1.342211760457866e-08
 -5   -7.524199931877187e-07  -7.616000802150452e-07
 -4   -1.184759483312648e-06  -1.123627220961947e-06
 -3   -2.594504578957899e-04  -2.577829500571350e-04
 -2   +1.112237014317979e-04  +1.007552072510477e-04
 -1   -3.641096393191827e-01  -3.459387036783552e-01
 +0   +9.102062468491258e-05  +0.000000000000000e+00
 +1   -3.641096393191827e-01  +3.459387036783552e-01
 +2   +1.112237014317979e-04  -1.007552072510477e-04
 +3   -2.594504578957899e-04  +2.577829500571350e-04
 +4   -1.184759483312648e-06  +1.123627220961947e-06
 +5   -7.524199931877187e-07  +7.616000802150452e-07
 +6   -1.418943232476194e-08  +1.342211760457866e-08
 +7   -3.273744989979639e-09  +3.353295781887119e-09
 +8   -1.357352186157468e-10  +1.283647870580539e-10
 +9   -1.727455414399527e-11  +1.784110807006679e-11
+10   -1.228042806031564e-12  +1.161384236969180e-12
+11   -1.020422996824215e-13  +1.059866086969261e-13
+12   -1.086662083704618e-14  +1.028276626076419e-14
+13   -6.341501530310945e-16  +6.735532997802668e-16
+14   -8.484395587438538e-17  +1.207385746353608e-16
+15   -2.058674130304441e-17  -2.723962114551398e-17
+16   -1.618853723445580e-17  -7.625431748237835e-18
+17   +2.283458215360416e-17  -1.725671080119633e-17
+18   -6.581090215786254e-19  +1.724857127788925e-17
+19   +3.768647429095462e-18  -3.929983523761900e-18
+20   +4.146730003418953e-18  +4.530740890823480e-18
+21   +1.410780660263626e-17  -1.202228599761276e-18
+22   +6.199376390542579e-18  +2.071861497069540e-17
+23   -1.884200476615089e-17  -1.185228659167109e-19
+24   -2.602306824061046e-18  +1.358791631381594e-17
+25   -8.930526418034169e-18  -5.793058656746241e-18
+26   -1.884399950272788e-17  -3.445583981771955e-18
+27   -3.757603885757422e-18  -4.602627732008372e-18
+28   +1.174754111033637e-17  +8.479206878545095e-18
+29   -1.959025157787517e-17  +1.128733057166777e-17
+30   -9.158872675707658e-18  +1.102286184770175e-17

