-30   +1.097836314774374e-17  -6.170450615618052e-18
-29   -1.405442162884797e-17  +5.384237567739466e-18
-28   -2.115866759596022e-18  -8.009677046332294e-18
-27   -1.335605886351540e-17  +4.233581126336581e-18
-26   +1.104957076554279e-17  -2.076216941350204e-17
-25   -8.300403577749975e-18  +2.109917660914646e-17
-24   +1.069006934131942e-17  -2.094466441595355e-17
-23   -1.097148886353166e-18  +1.584157249804745e-17
-22   -4.696193254644401e-18  -1.322586559344976e-17
-21   -1.297304519152673e-17  +1.513102129691163e-17
-20   +1.619460595680859e-17  -2.185914448411402e-17
-19   -1.329605208464147e-17  +1.884349085275967e-17
-18   +2.567709738192137e-17  -1.991279166147273e-17
-17   -3.101039312127176e-17  +4.488555919507210e-17
-16   -7.363741550642960e-18  -6.637200017854011e-17
-15   +2.629960137447285e-17  +3.480134568192094e-17
-14   +8.026216662250357e-17  -1.357201707213658e-16
-13   +6.579420726025090e-16  -6.406315392146425e-16
-12   +1.085768752570300e-14  -1.030975062603249e-14
-11   +1.020564251078365e-13  -1.059770618290757e-13
-10   +1.228003897589546e-12  -1.161374156410418e-12
 -9   +1.727453198122894e-11  -1.784104208489720e-11
 -8   +1.357352048829553e-10  -1.283647892661899e-10
 -7   +3.273744992593129e-09  -3.353295776636829e-09
 -6   +1.418943229773506e-08  -1.342211764817721e-08
 -5   +7.524199931861447e-07  -7.616000801970996e-07
 -4   +1.184759483332749e-06  -1.123627220992405e-06
 -3   +2.594504578958005e-04  -2.577829500570730e-04
 -2   -1.112237014318884e-04  +1.007552072508857e-04
 -1   +3.641096393191831e-01  -3.459387036783550e-01
 +0   -9.102062468487164e-05  +0.000000000000000e+00
 +1   +3.641096393191831e-01  +3.459387036783550e-01
 +2   -1.112237014318884e-04  -1.007552072508857e-04
 +3   +2.594504578958005e-04  +2.577829500570730e-04
 +4   +1.184759483332749e-06  +1.123627220992405e-06
 +5   +7.524199931861447e-07  +7.616000801970996e-07
 +6   +1.418943229773506e-08  +1.342211764817721e-08
 +7   +3.273744992593129e-09  +3.353295776636829e-09
 +8   +1.357352048829553e-10  +1.283647892661899e-10
 +9   +1.727453198122894e-11  +1.784104208489720e-11
+10   +1.228003897589546e-12  +1.161374156410418e-12
+11   +1.020564251078365e-13  +1.059770618290757e-13
+12   +1.085768752570300e-14  +1.030975062603249e-14
+13   +6.579420726025090e-16  +6.406315392146425e-16
+14   +8.026216662250357e-17  +1.357201707213658e-16
+15   +2.629960137447285e-17  -3.480134568192094e-17
+16   -7.363741550642960e-18  +6.637200017854011e-17
+17   -3.101039312127176e-17  -4.488555919507210e-17
+18   +2.567709738192137e-17  +1.991279166147273e-17
+19   -1.329605208464147e-17  -1.884349085275967e-17
+20   +1.619460595680859e-17  +2.185914448411402e-17
+21   -1.297304519152673e-17  -1.513102129691163e-17
+22   -4.696193254644401e-18  +1.322586559344976e-17
+23   -1.097148886353166e-18  -1.584157249804745e-17
+24   +1.069006934131942e-17  +2.094466441595355e-17
+25   -8.300403577749975e-18  -2.109917660914646e-17
+26   +1.104957076554279e-17  +2.076216941350204e-17
+27   -1.335605886351540e-17  -4.233581126336581e-18
+28   -2.115866759596022e-18  +8.009677046332294e-18
+29   -1.405442162884797e-17  -5.384237567739466e-18
+30   +1.097836314774374e-17  +6.170450615618052e-18

