-30   -5.780600404247734e-17  -1.083412896244499e-16
-29   -8.578136425502943e-17  +1.165851341504949e-16
-28   -1.310614378720206e-18  -2.788188284113181e-17
-27   -1.195748163651653e-16  +2.044638243026529e-16
-26   +1.423189429676511e-16  -2.834795010120936e-16
-25   -1.451770167771632e-16  +2.298509022806635e-16
-24   +1.170809522097061e-16  -3.517689852905956e-16
-23   +5.307181764119234e-17  +2.706422100026873e-16
-22   +6.388195502701742e-17  -3.095491227041683e-16
-21   -1.536529669125404e-16  +1.793137982431714e-16
-20   -8.539061530663982e-17  -2.375469515652940e-16
-19   +4.309753335548650e-17  +3.130722942791733e-16
-18   +1.320185645602954e-17  -3.200594729633335e-16
-17   -1.794904311806218e-16  +3.151553127902035e-16
-16   +1.023928556766225e-16  -4.047469184129894e-16
-15   -2.713709368547917e-16  +6.870207968490373e-16
-14   -4.365772523719374e-16  +1.370766278296138e-16
-13   -2.927042210912934e-14  +4.180360596512433e-14
-12   -3.833903909072341e-14  +5.312839088747357e-14
-11   -3.580151775194335e-12  +5.041279767833134e-12
-10   -3.748683034267062e-12  +5.191887985480864e-12
 -9   -4.378446722838130e-10  +6.160668613049373e-10
 -8   -3.307153623205800e-10  +4.541714381193030e-10
 -7   -5.320790616755009e-08  +7.470916364979722e-08
 -6   -2.218984397188920e-08  +2.959703307660216e-08
 -5   -6.270631436092797e-06  +8.740223735951968e-06
 -4   +1.670574100291454e-07  -4.998230918152876e-07
 -3   -6.479610736220471e-04  +8.649378949637211e-04
 -2   +2.640964285486668e-04  -3.497162360715189e-04
 -1   -2.774543944375190e-01  +4.268858923875771e-01
 +0   +4.750407833160085e-05  +0.000000000000000e+00
 +1   -2.774543944375190e-01  -4.268858923875771e-01
 +2   +2.640964285486668e-04  +3.497162360715189e-04
 +3   -6.479610736220471e-04  -8.649378949637211e-04
 +4   +1.670574100291454e-07  +4.998230918152876e-07
 +5   -6.270631436092797e-06  -8.740223735951968e-06
 +6   -2.218984397188920e-08  -2.959703307660216e-08
 +7   -5.320790616755009e-08  -7.470916364979722e-08
 +8   -3.307153623205800e-10  -4.541714381193030e-10
 +9   -4.378446722838130e-10  -6.160668613049373e-10
+10   -3.748683034267062e-12  -5.191887985480864e-12
+11   -3.580151775194335e-12  -5.041279767833134e-12
+12   -3.833903909072341e-14  -5.312839088747357e-14
+13   -2.927042210912934e-14  -4.180360596512433e-14
+14   -4.365772523719374e-16  -1.370766278296138e-16
+15   -2.713709368547917e-16  -6.870207968490373e-16
+16   +1.023928556766225e-16  +4.047469184129894e-16
+17   -1.794904311806218e-16  -3.151553127902035e-16
+18   +1.320185645602954e-17  +3.200594729633335e-16
+19   +4.309753335548650e-17  -3.130722942791733e-16
+20   -8.539061530663982e-17  +2.375469515652940e-16
+21   -1.536529669125404e-16  -1.793137982431714e-16
+22   +6.388195502701742e-17  +3.095491227041683e-16
+23   +5.307181764119234e-17  -2.706422100026873e-16
+24   +1.170809522097061e-16  +3.517689852905956e-16
+25   -1.451770167771632e-16  -2.298509022806635e-16
+26   +1.423189429676511e-16  +2.834795010120936e-16
+27   -1.195748163651653e-16  -2.044638243026529e-16
+28   -1.310614378720206e-18  +2.788188284113181e-17
+29   -8.578136425502943e-17  -1.165851341504949e-16
+30   -5.780600404247734e-17  +1.083412896244499e-16

