-30   +2.890126073763260e-17  -3.775627728372681e-17
-29   -6.788108452170608e-17  +2.574980923040426e-17
-28   +7.383161622929169e-17  -6.974938226945196e-17
-27   -9.211960393782801e-17  +6.224239356399029e-17
-26   +5.697106559206517e-17  -4.745738772839974e-17
-25   -1.935161320975533e-17  +6.000684891596816e-17
-24   -1.466068760694243e-17  -5.680169990243617e-17
-23   -3.448721534531760e-17  +4.822471714802616e-17
-22   +3.700080608305825e-17  -7.997730025178988e-17
-21   -4.474661565691123e-17  +5.503828521808170e-17
-20   +4.477632553348540e-17  -7.499638792619922e-17
-19   -4.932386332822142e-17  +1.095287476438903e-16
-18   +5.886478659413299e-17  -9.157537114175207e-17
-17   -3.259249016625361e-17  +8.297762354580897e-17
-16   +5.176445663965333e-17  -1.136154430146816e-16
-15   -1.236272195517306e-16  +9.459186912929326e-17
-14   -4.346025927382105e-16  -4.501969307751355e-16
-13   -7.097221554277856e-15  -5.033311948892129e-15
-12   -4.988429004127704e-14  -3.553910373022584e-14
-11   -1.053176647559369e-12  -7.599100951298706e-13
-10   -5.424341380651954e-12  -3.851548054711633e-12
 -9   -1.647781489900204e-10  -1.186927448963556e-10
 -8   -5.865849019063170e-10  -4.161665399704968e-10
 -7   -2.779860977269395e-08  -1.996660985514500e-08
 -6   -6.309152440493993e-08  -4.467411164546775e-08
 -5   -5.295050818882315e-06  -3.784577970907399e-06
 -4   -6.463592613683995e-06  -4.561344082293103e-06
 -3   -1.266811644115550e-03  -8.964321802204006e-04
 -2   +3.884736604102529e-04  +1.940002311586470e-04
 -1   -4.043319002571746e-01  -3.065515460341143e-01
 +0   -3.054556152130665e-04  +0.000000000000000e+00
 +1   -4.043319002571746e-01  +3.065515460341143e-01
 +2   +3.884736604102529e-04  -1.940002311586470e-04
 +3   -1.266811644115550e-03  +8.964321802204006e-04
 +4   -6.463592613683995e-06  +4.561344082293103e-06
 +5   -5.295050818882315e-06  +3.784577970907399e-06
 +6   -6.309152440493993e-08  +4.467411164546775e-08
 +7   -2.779860977269395e-08  +1.996660985514500e-08
 +8   -5.865849019063170e-10  +4.161665399704968e-10
 +9   -1.647781489900204e-10  +1.186927448963556e-10
+10   -5.424341380651954e-12  +3.851548054711633e-12
+11   -1.053176647559369e-12  +7.599100951298706e-13
+12   -4.988429004127704e-14  +3.553910373022584e-14
+13   -7.097221554277856e-15  +5.033311948892129e-15
+14   -4.346025927382105e-16  +4.501969307751355e-16
+15   -1.236272195517306e-16  -9.459186912929326e-17
+16   +5.176445663965333e-17  +1.136154430146816e-16
+17   -3.259249016625361e-17  -8.297762354580897e-17
+18   +5.886478659413299e-17  +9.157537114175207e-17
+19   -4.932386332822142e-17  -1.095287476438903e-16
+20   +4.477632553348540e-17  +7.499638792619922e-17
+21   -4.474661565691123e-17  -5.503828521808170e-17
+22   +3.700080608305825e-17  +7.997730025178988e-17
+23   -3.448721534531760e-17  -4.822471714802616e-17
+24   -1.466068760694243e-17  +5.680169990243617e-17
+25   -1.935161320975533e-17  -6.000684891596816e-17
+26   +5.697106559206517e-17  +4.745738772839974e-17
+27   -9.211960393782801e-17  -6.224239356399029e-17
+28   +7.383161622929169e-17  +6.974938226945196e-17
+29   -6.788108452170608e-17  -2.574980923040426e-17
+30   +2.890126073763260e-17  +3.775627728372681e-17

