-30   +6.168524815403093e-17  -7.102211562932775e-17
-29   -8.874676568057015e-17  +4.604400215885804e-17
-28   +1.062692824373319e-16  -1.022267281215541e-16
-27   -1.249183014872973e-16  +1.242544945843144e-16
-26   +6.749137354965610e-17  -9.170166106407669e-17
-25   -3.342822220270605e-17  +1.161414441357143e-16
-24   -4.799692295196302e-18  -1.042866887316869e-16
-23   -4.331707886475297e-17  +6.971626359494670e-17
-22   +7.317209525600295e-17  -1.295574423490713e-16
-21   -4.860874534546668e-17  +1.031321711319822e-16
-20   +7.357213909395450e-17  -9.753059063422643e-17
-19   -7.394456178500101e-17  +1.398989309521377e-16
-18   +9.028351596140217e-17  -1.389848128130075e-16
-17   -8.680210366575747e-17  +1.028074067650065e-16
-16   +9.427619669684177e-17  -1.551668360652527e-16
-15   -2.117887315606521e-15  -1.205266835521305e-15
-14   +6.826553489313485e-16  +2.469031239746582e-16
-13   -2.329097380560079e-13  -1.653580652143791e-13
-12   +5.681825099222108e-14  +3.836613083898228e-14
-11   -2.698501866308065e-11  -1.917992321125943e-11
-10   +4.717842756071600e-12  +3.139916136680657e-12
 -9   -3.119683140341210e-09  -2.217699922655147e-09
 -8   +3.279034761715556e-10  +2.084498024226062e-10
 -7   -3.591329895584989e-07  -2.553683709925654e-07
 -6   +1.270796647908478e-08  +6.190880120979048e-09
 -5   -4.096334373703228e-05  -2.914652110181187e-05
 -4   -1.295698057534776e-06  -1.252829159732800e-06
 -3   -4.543836618505027e-03  -3.240555897753561e-03
 -2   -3.462081498160705e-04  -2.911449261285925e-04
 -1   -4.016659883010038e-01  -2.967445373373181e-01
 +0   +5.607759453792286e-04  +0.000000000000000e+00
 +1   -4.016659883010038e-01  +2.967445373373181e-01
 +2   -3.462081498160705e-04  +2.911449261285925e-04
 +3   -4.543836618505027e-03  +3.240555897753561e-03
 +4   -1.295698057534776e-06  +1.252829159732800e-06
 +5   -4.096334373703228e-05  +2.914652110181187e-05
 +6   +1.270796647908478e-08  -6.190880120979048e-09
 +7   -3.591329895584989e-07  +2.553683709925654e-07
 +8   +3.279034761715556e-10  -2.084498024226062e-10
 +9   -3.119683140341210e-09  +2.217699922655147e-09
+10   +4.717842756071600e-12  -3.139916136680657e-12
+11   -2.698501866308065e-11  +1.917992321125943e-11
+12   +5.681825099222108e-14  -3.836613083898228e-14
+13   -2.329097380560079e-13  +1.653580652143791e-13
+14   +6.826553489313485e-16  -2.469031239746582e-16
+15   -2.117887315606521e-15  +1.205266835521305e-15
+16   +9.427619669684177e-17  +1.551668360652527e-16
+17   -8.680210366575747e-17  -1.028074067650065e-16
+18   +9.028351596140217e-17  +1.389848128130075e-16
+19   -7.394456178500101e-17  -1.398989309521377e-16
+20   +7.357213909395450e-17  +9.753059063422643e-17
+21   -4.860874534546668e-17  -1.031321711319822e-16
+22   +7.317209525600295e-17  +1.295574423490713e-16
+23   -4.331707886475297e-17  -6.971626359494670e-17
+24   -4.799692295196302e-18  +1.042866887316869e-16
+25   -3.342822220270605e-17  -1.161414441357143e-16
+26   +6.749137354965610e-17  +9.170166106407669e-17
+27   -1.249183014872973e-16  -1.242544945843144e-16
+28   +1.062692824373319e-16  +1.022267281215541e-16
+29   -8.874676568057015e-17  -4.604400215885804e-17
+30   +6.168524815403093e-17  +7.102211562932775e-17

