-30   -1.041594582605090e-16  -4.696179486352557e-17
-29   -6.682809942119200e-17  +1.543287216997808e-16
-28   +7.914735870024640e-18  +3.881716980498371e-17
-27   -9.816663040232397e-17  +2.593777016890215e-16
-26   +1.310499723266207e-16  -2.230629324696532e-16
-25   -1.079543663992357e-16  +2.518996703501494e-16
-24   +9.706176522844982e-17  -2.828310364626119e-16
-23   +5.649985862544088e-17  +1.904566399866248e-16
-22   +8.691057616584073e-17  -3.237701611082329e-16
-21   -1.946270719690765e-16  +1.779790221435056e-16
-20   -1.324400192813903e-16  -1.651704937573890e-16
-19   +8.420082522405488e-17  +2.767339662202301e-16
-18   -4.161251347817177e-17  -3.538440481035692e-16
-17   -8.455560197164394e-17  +2.890403694002336e-16
-16   +1.556245977319801e-16  -2.758409793726247e-16
-15   -1.707170906520201e-15  +2.621400196376252e-15
-14   +3.270223335446317e-16  -8.190347166806361e-16
-13   -1.920466495350743e-13  +2.708683202686151e-13
-12   +2.696340109151149e-14  -4.103487619253735e-14
-11   -2.255558056696498e-11  +3.175643860750508e-11
-10   +1.976942448749452e-12  -3.138213791659043e-12
 -9   -2.655165767494676e-09  +3.738661502651509e-09
 -8   +1.031552263162457e-10  -1.874709718003391e-10
 -7   -3.137019030093191e-07  +4.417983074784459e-07
 -6   -1.661749452028275e-09  -2.766380345067487e-09
 -5   -3.731420152286762e-05  +5.257021417007807e-05
 -4   -1.461863190922346e-06  +1.413172445084027e-06
 -3   -4.509100476171054e-03  +6.358357788967373e-03
 -2   -1.796851268368333e-04  +1.518033760382736e-04
 -1   -5.821879948371546e-01  +8.243871473142114e-01
 +0   +1.840203089249846e-04  +0.000000000000000e+00
 +1   -5.821879948371546e-01  -8.243871473142114e-01
 +2   -1.796851268368333e-04  -1.518033760382736e-04
 +3   -4.509100476171054e-03  -6.358357788967373e-03
 +4   -1.461863190922346e-06  -1.413172445084027e-06
 +5   -3.731420152286762e-05  -5.257021417007807e-05
 +6   -1.661749452028275e-09  +2.766380345067487e-09
 +7   -3.137019030093191e-07  -4.417983074784459e-07
 +8   +1.031552263162457e-10  +1.874709718003391e-10
 +9   -2.655165767494676e-09  -3.738661502651509e-09
+10   +1.976942448749452e-12  +3.138213791659043e-12
+11   -2.255558056696498e-11  -3.175643860750508e-11
+12   +2.696340109151149e-14  +4.103487619253735e-14
+13   -1.920466495350743e-13  -2.708683202686151e-13
+14   +3.270223335446317e-16  +8.190347166806361e-16
+15   -1.707170906520201e-15  -2.621400196376252e-15
+16   +1.556245977319801e-16  +2.758409793726247e-16
+17   -8.455560197164394e-17  -2.890403694002336e-16
+18   -4.161251347817177e-17  +3.538440481035692e-16
+19   +8.420082522405488e-17  -2.767339662202301e-16
+20   -1.324400192813903e-16  +1.651704937573890e-16
+21   -1.946270719690765e-16  -1.779790221435056e-16
+22   +8.691057616584073e-17  +3.237701611082329e-16
+23   +5.649985862544088e-17  -1.904566399866248e-16
+24   +9.706176522844982e-17  +2.828310364626119e-16
+25   -1.079543663992357e-16  -2.518996703501494e-16
+26   +1.310499723266207e-16  +2.230629324696532e-16
+27   -9.816663040232397e-17  -2.593777016890215e-16
+28   +7.914735870024640e-18  -3.881716980498371e-17
+29   -6.682809942119200e-17  -1.543287216997808e-16
+30   -1.041594582605090e-16  +4.696179486352557e-17

