-30   -2.960594732338346e-16  +4.002965449526420e-16
-29   +6.061784249712270e-17  -2.505755326424375e-16
-28   +4.032178998655451e-17  +4.362715266076415e-16
-27   +7.237869119314664e-17  -3.099287800822173e-16
-26   -3.345655269279210e-16  +4.767979486497554e-16
-25   +3.683132438326311e-17  -5.757458791206460e-16
-24   -1.785717521152628e-16  +4.869508311251692e-16
-23   +4.190674171187414e-16  -4.526044913809664e-16
-22   -1.235074552839666e-16  +6.748828732618428e-16
-21   +1.183001775661876e-16  -6.610837045125633e-16
-20   -1.036208156316813e-16  +6.156328375694153e-16
-19   +9.004006772251876e-17  -7.258064944873626e-16
-18   -2.274648687221219e-16  +7.641317136265339e-16
-17   +5.907592258325993e-17  -7.757160527992600e-16
-16   +2.790368774337998e-17  +6.658236533778700e-16
-15   +1.923355244919904e-16  -6.825291430046127e-16
-14   -1.695045724691808e-15  +6.443816501358528e-16
-13   -2.067792549720876e-15  -1.744567373976826e-15
-12   -1.763650245957850e-13  -3.554505988840080e-14
-11   -2.189109078849147e-13  -4.169774294297197e-14
-10   -2.134799162378090e-11  -4.491938698233277e-12
 -9   -2.042665715779305e-11  -3.592591548466852e-12
 -8   -2.559138077892755e-09  -5.450901703682583e-10
 -7   -1.587584462165436e-09  -2.338603200069061e-10
 -6   -2.942593611461903e-07  -6.412600171352833e-08
 -5   -4.496763898243740e-08  +7.206960037341584e-09
 -4   -2.747389130987872e-05  -6.405506455962199e-06
 -3   +2.617217933724234e-05  +9.381081712811649e-06
 -2   +2.928739703776049e-03  +4.787732833463690e-04
 -1   +9.755434126445877e-04  -5.944009172570189e-05
 +0   -2.887204847220266e+00  +0.000000000000000e+00
 +1   +9.755434126445877e-04  +5.944009172570189e-05
 +2   +2.928739703776049e-03  -4.787732833463690e-04
 +3   +2.617217933724234e-05  -9.381081712811649e-06
 +4   -2.747389130987872e-05  +6.405506455962199e-06
 +5   -4.496763898243740e-08  -7.206960037341584e-09
 +6   -2.942593611461903e-07  +6.412600171352833e-08
 +7   -1.587584462165436e-09  +2.338603200069061e-10
 +8   -2.559138077892755e-09  +5.450901703682583e-10
 +9   -2.042665715779305e-11  +3.592591548466852e-12
+10   -2.134799162378090e-11  +4.491938698233277e-12
+11   -2.189109078849147e-13  +4.169774294297197e-14
+12   -1.763650245957850e-13  +3.554505988840080e-14
+13   -2.067792549720876e-15  +1.744567373976826e-15
+14   -1.695045724691808e-15  -6.443816501358528e-16
+15   +1.923355244919904e-16  +6.825291430046127e-16
+16   +2.790368774337998e-17  -6.658236533778700e-16
+17   +5.907592258325993e-17  +7.757160527992600e-16
+18   -2.274648687221219e-16  -7.641317136265339e-16
+19   +9.004006772251876e-17  +7.258064944873626e-16
+20   -1.036208156316813e-16  -6.156328375694153e-16
+21   +1.183001775661876e-16  +6.610837045125633e-16
+22   -1.235074552839666e-16  -6.748828732618428e-16
+23   +4.190674171187414e-16  +4.526044913809664e-16
+24   -1.785717521152628e-16  -4.869508311251692e-16
+25   +3.683132438326311e-17  +5.757458791206460e-16
+26   -3.345655269279210e-16  -4.767979486497554e-16
+27   +7.237869119314664e-17  +3.099287800822173e-16
+28   +4.032178998655451e-17  -4.362715266076415e-16
+29   +6.061784249712270e-17  +2.505755326424375e-16
+30   -2.960594732338346e-16  -4.002965449526420e-16

