-30   +1.575539444423633e-17  -1.334465779112485e-16
-29   -4.105645251299500e-17  +9.955583400929877e-17
-28   +6.098297749081261e-18  -1.177816070309541e-16
-27   +3.892881974162608e-17  +9.646528750863020e-17
-26   -1.278467495841725e-17  -1.344538134303905e-16
-25   -5.346998776890734e-17  +1.526442416130656e-16
-24   +4.354921652096953e-17  -1.149529165628704e-16
-23   -4.788068329819278e-17  +1.139943321018720e-16
-22   +1.600923259566537e-19  -1.158003347914692e-16
-21   -2.269359731839654e-17  +1.475726359210828e-16
-20   +4.088965501627648e-17  -1.577904302544584e-16
-19   +1.076536418075242e-17  +1.914965797221618e-16
-18   -2.935989553138049e-17  -1.550434358738776e-16
-17   +7.042800741892184e-17  +1.687121205699751e-16
-16   -1.904674852581941e-18  -1.887477405564774e-16
-15   -1.779219412132710e-17  +1.306821471645941e-16
-14   +3.899453173865067e-17  -4.317814363255622e-16
-13   +3.660145533300606e-16  -1.752285390993676e-15
-12   +1.276383747366496e-14  -4.047618693278993e-14
-11   +3.893796645417201e-14  -2.188596510486544e-13
-10   +1.981754438013347e-12  -6.147237494504688e-12
 -9   +4.253175417162224e-12  -2.446653039413202e-11
 -8   +3.311235011802784e-10  -1.002419275538148e-09
 -7   +4.713994292033344e-10  -2.798833215932107e-09
 -6   +6.203581168088066e-08  -1.807453699499667e-07
 -5   +5.588722662215345e-08  -3.441623124009124e-07
 -4   +1.441984464690288e-05  -3.904730550257399e-05
 -3   +8.267246099499775e-06  -5.183839671122898e-05
 -2   +5.861848955097599e-03  -1.294660443138363e-02
 -1   +6.256653939489706e-05  +1.443207354306993e-03
 +0   -1.683458236903670e-01  +0.000000000000000e+00
 +1   +6.256653939489706e-05  -1.443207354306993e-03
 +2   +5.861848955097599e-03  +1.294660443138363e-02
 +3   +8.267246099499775e-06  +5.183839671122898e-05
 +4   +1.441984464690288e-05  +3.904730550257399e-05
 +5   +5.588722662215345e-08  +3.441623124009124e-07
 +6   +6.203581168088066e-08  +1.807453699499667e-07
 +7   +4.713994292033344e-10  +2.798833215932107e-09
 +8   +3.311235011802784e-10  +1.002419275538148e-09
 +9   +4.253175417162224e-12  +2.446653039413202e-11
+10   +1.981754438013347e-12  +6.147237494504688e-12
+11   +3.893796645417201e-14  +2.188596510486544e-13
+12   +1.276383747366496e-14  +4.047618693278993e-14
+13   +3.660145533300606e-16  +1.752285390993676e-15
+14   +3.899453173865067e-17  +4.317814363255622e-16
+15   -1.779219412132710e-17  -1.306821471645941e-16
+16   -1.904674852581941e-18  +1.887477405564774e-16
+17   +7.042800741892184e-17  -1.687121205699751e-16
+18   -2.935989553138049e-17  +1.550434358738776e-16
+19   +1.076536418075242e-17  -1.914965797221618e-16
+20   +4.088965501627648e-17  +1.577904302544584e-16
+21   -2.269359731839654e-17  -1.475726359210828e-16
+22   +1.600923259566537e-19  +1.158003347914692e-16
+23   -4.788068329819278e-17  -1.139943321018720e-16
+24   +4.354921652096953e-17  +1.149529165628704e-16
+25   -5.346998776890734e-17  -1.526442416130656e-16
+26   -1.278467495841725e-17  +1.344538134303905e-16
+27   +3.892881974162608e-17  -9.646528750863020e-17
+28   +6.098297749081261e-18  +1.177816070309541e-16
+29   -4.105645251299500e-17  -9.955583400929877e-17
+30   +1.575539444423633e-17  +1.334465779112485e-16

