-30   +1.368053500129135e-17  -1.448390468218988e-16
-29   -2.610323692497411e-17  +1.243263215697421e-16
-28   +5.760398148432448e-18  -1.216109491067343e-16
-27   +6.059480633764129e-17  +9.437033542286620e-17
-26   -3.505963483304740e-17  -1.223152702924902e-16
-25   -6.747005391990912e-17  +1.493352766945330e-16
-24   +3.002174998764866e-17  -1.304521001240018e-16
-23   -2.659331518555637e-17  +1.147965919089796e-16
-22   +2.055193192793113e-17  -1.465748720882275e-16
-21   -4.388947671258863e-18  +1.561386168336881e-16
-20   +1.714915097415524e-17  -1.828855003995104e-16
-19   -2.742876226106658e-17  +2.190386607451093e-16
-18   -3.809828766896932e-17  -1.615455428194516e-16
-17   +9.957288152910929e-17  +1.773985755474375e-16
-16   +2.653556980034014e-17  -2.538770299188560e-16
-15   -3.682893386611201e-17  +1.429742753829450e-16
-14   +1.657862900458318e-15  -8.729324137904037e-15
-13   -1.366180434338199e-16  +1.925881412512658e-15
-12   +2.011020904876798e-13  -9.946860978707966e-13
-11   +1.367792661135180e-15  +1.224730190949333e-13
-10   +2.329217003237008e-11  -1.152017500177736e-10
 -9   +1.778098316730818e-12  +6.231401447799654e-12
 -8   +2.691394401574005e-09  -1.331207436733782e-08
 -7   +3.904106732939598e-10  -1.948292552954377e-10
 -6   +3.094496418456221e-07  -1.530773266862945e-06
 -5   +6.504578009289551e-08  -1.246647703908399e-07
 -4   +3.517028255233760e-05  -1.740283995475737e-04
 -3   +8.942415415629593e-06  -2.379012866879267e-05
 -2   +3.837818702644407e-03  -1.899447396022642e-02
 -1   -5.559967183228974e-05  -1.062185782963610e-03
 +0   -3.381162256795969e-01  +0.000000000000000e+00
 +1   -5.559967183228974e-05  +1.062185782963610e-03
 +2   +3.837818702644407e-03  +1.899447396022642e-02
 +3   +8.942415415629593e-06  +2.379012866879267e-05
 +4   +3.517028255233760e-05  +1.740283995475737e-04
 +5   +6.504578009289551e-08  +1.246647703908399e-07
 +6   +3.094496418456221e-07  +1.530773266862945e-06
 +7   +3.904106732939598e-10  +1.948292552954377e-10
 +8   +2.691394401574005e-09  +1.331207436733782e-08
 +9   +1.778098316730818e-12  -6.231401447799654e-12
+10   +2.329217003237008e-11  +1.152017500177736e-10
+11   +1.367792661135180e-15  -1.224730190949333e-13
+12   +2.011020904876798e-13  +9.946860978707966e-13
+13   -1.366180434338199e-16  -1.925881412512658e-15
+14   +1.657862900458318e-15  +8.729324137904037e-15
+15   -3.682893386611201e-17  -1.429742753829450e-16
+16   +2.653556980034014e-17  +2.538770299188560e-16
+17   +9.957288152910929e-17  -1.773985755474375e-16
+18   -3.809828766896932e-17  +1.615455428194516e-16
+19   -2.742876226106658e-17  -2.190386607451093e-16
+20   +1.714915097415524e-17  +1.828855003995104e-16
+21   -4.388947671258863e-18  -1.561386168336881e-16
+22   +2.055193192793113e-17  +1.465748720882275e-16
+23   -2.659331518555637e-17  -1.147965919089796e-16
+24   +3.002174998764866e-17  +1.304521001240018e-16
+25   -6.747005391990912e-17  -1.493352766945330e-16
+26   -3.505963483304740e-17  +1.223152702924902e-16
+27   +6.059480633764129e-17  -9.437033542286620e-17
+28   +5.760398148432448e-18  +1.216109491067343e-16
+29   -2.610323692497411e-17  -1.243263215697421e-16
+30   +1.368053500129135e-17  +1.448390468218988e-16

