-30   -3.213297299552361e-16  +5.981229081024406e-16
-29   +6.726138446389826e-18  -3.667908605899639e-16
-28   +7.604138149776123e-17  +5.154996480401729e-16
-27   +8.813398090063574e-17  -3.506886704590046e-16
-26   -3.618464351472897e-16  +5.799799927516474e-16
-25   +1.107242697983780e-16  -7.109933012396987e-16
-24   -1.808920608848789e-16  +6.363350162082814e-16
-23   +4.583373620456456e-16  -5.931540682940132e-16
-22   -2.073607427033728e-16  +7.600009129648125e-16
-21   +1.485238156268981e-16  -8.360928023438265e-16
-20   -8.591420282301369e-17  +6.896477058777590e-16
-19   +8.733736786058855e-17  -8.757458066646503e-16
-18   -2.389685981855462e-16  +9.391196578170896e-16
-17   +1.278985002028849e-17  -9.225436849335015e-16
-16   -3.767219660227348e-17  +7.835146514788818e-16
-15   +3.358935493274942e-16  -8.150911079607652e-16
-14   -1.018337499414364e-14  -7.753697635355845e-16
-13   +1.145080385286066e-15  -1.580225181806253e-15
-12   -1.154946272840173e-12  -2.321139192345958e-13
-11   +4.215680282087248e-14  -1.821355101321924e-14
-10   -1.356139446915362e-10  -2.744545631520873e-11
 -9   -1.879188725910514e-12  -3.341513496143105e-12
 -8   -1.596235561478262e-08  -3.231534223969152e-09
 -7   -9.616128688663853e-10  -5.368886293117813e-10
 -6   -1.885278390675109e-06  -3.818477233814875e-07
 -5   -1.871528432537402e-07  -7.691586872191282e-08
 -4   -2.239962225254319e-04  -4.541006125221505e-05
 -3   -2.638284617520221e-05  -9.493131530758545e-06
 -2   -2.691232791220198e-02  -5.469468970670287e-03
 -1   -2.399149392596088e-05  +1.399036863874879e-04
 +0   -2.831723280369524e+00  +0.000000000000000e+00
 +1   -2.399149392596088e-05  -1.399036863874879e-04
 +2   -2.691232791220198e-02  +5.469468970670287e-03
 +3   -2.638284617520221e-05  +9.493131530758545e-06
 +4   -2.239962225254319e-04  +4.541006125221505e-05
 +5   -1.871528432537402e-07  +7.691586872191282e-08
 +6   -1.885278390675109e-06  +3.818477233814875e-07
 +7   -9.616128688663853e-10  +5.368886293117813e-10
 +8   -1.596235561478262e-08  +3.231534223969152e-09
 +9   -1.879188725910514e-12  +3.341513496143105e-12
+10   -1.356139446915362e-10  +2.744545631520873e-11
+11   +4.215680282087248e-14  +1.821355101321924e-14
+12   -1.154946272840173e-12  +2.321139192345958e-13
+13   +1.145080385286066e-15  +1.580225181806253e-15
+14   -1.018337499414364e-14  +7.753697635355845e-16
+15   +3.358935493274942e-16  +8.150911079607652e-16
+16   -3.767219660227348e-17  -7.835146514788818e-16
+17   +1.278985002028849e-17  +9.225436849335015e-16
+18   -2.389685981855462e-16  -9.391196578170896e-16
+19   +8.733736786058855e-17  +8.757458066646503e-16
+20   -8.591420282301369e-17  -6.896477058777590e-16
+21   +1.485238156268981e-16  +8.360928023438265e-16
+22   -2.073607427033728e-16  -7.600009129648125e-16
+23   +4.583373620456456e-16  +5.931540682940132e-16
+24   -1.808920608848789e-16  -6.363350162082814e-16
+25   +1.107242697983780e-16  +7.109933012396987e-16
+26   -3.618464351472897e-16  -5.799799927516474e-16
+27   +8.813398090063574e-17  +3.506886704590046e-16
+28   +7.604138149776123e-17  -5.154996480401729e-16
+29   +6.726138446389826e-18  +3.667908605899639e-16
+30   -3.213297299552361e-16  -5.981229081024406e-16

