-30   +1.152853763016737e-17  -2.484170046219594e-18
-29   -1.764066605485120e-17  +2.537940710458764e-17
-28   -6.824035978162700e-19  -5.818550419088066e-18
-27   -1.830330632236903e-17  -2.146818784480497e-19
-26   +1.463596769657691e-17  -1.752804351238873e-17
-25   -3.767419792970772e-18  +1.376006141588407e-17
-24   +1.127604668264203e-17  -2.342366462723040e-17
-23   +2.303039570317167e-18  +3.598065114098773e-19
-22   -7.402368310763743e-18  -1.529277424341818e-17
-21   -1.011570046312400e-17  +1.600555127611327e-17
-20   +1.147500519871431e-17  -1.696821441277273e-17
-19   +2.048820430392927e-18  +1.748290820583848e-18
-18   +2.109224739332068e-17  -1.598183194556026e-17
-17   -2.755562394726265e-17  +3.978679242207936e-17
-16   +8.247975621167864e-18  -5.106321749815892e-17
-15   +1.991214637679467e-17  +2.582344749194959e-17
-14   +8.152736732941681e-17  -1.161688622394888e-16
-13   +6.576358372280095e-16  -6.569713410967816e-16
-12   +1.084715491276762e-14  -1.030271568611234e-14
-11   +1.020519639325365e-13  -1.059973257055303e-13
-10   +1.228008185850349e-12  -1.161389069418531e-12
 -9   +1.727452860181665e-11  -1.784104604357353e-11
 -8   +1.357352236747963e-10  -1.283647953672154e-10
 -7   +3.273744994463556e-09  -3.353295784054923e-09
 -6   +1.418943230784996e-08  -1.342211761591110e-08
 -5   +7.524199931805581e-07  -7.616000802257463e-07
 -4   +1.184759483300578e-06  -1.123627220983386e-06
 -3   +2.594504578957827e-04  -2.577829500571272e-04
 -2   -1.112237014317317e-04  +1.007552072509134e-04
 -1   +3.641096393191829e-01  -3.459387036783548e-01
 +0   -9.102062468493822e-05  +0.000000000000000e+00
 +1   +3.641096393191829e-01  +3.459387036783548e-01
 +2   -1.112237014317317e-04  -1.007552072509134e-04
 +3   +2.594504578957827e-04  +2.577829500571272e-04
 +4   +1.184759483300578e-06  +1.123627220983386e-06
 +5   +7.524199931805581e-07  +7.616000802257463e-07
 +6   +1.418943230784996e-08  +1.342211761591110e-08
 +7   +3.273744994463556e-09  +3.353295784054923e-09
 +8   +1.357352236747963e-10  +1.283647953672154e-10
 +9   +1.727452860181665e-11  +1.784104604357353e-11
+10   +1.228008185850349e-12  +1.161389069418531e-12
+11   +1.020519639325365e-13  +1.059973257055303e-13
+12   +1.084715491276762e-14  +1.030271568611234e-14
+13   +6.576358372280095e-16  +6.569713410967816e-16
+14   +8.152736732941681e-17  +1.161688622394888e-16
+15   +1.991214637679467e-17  -2.582344749194959e-17
+16   +8.247975621167864e-18  +5.106321749815892e-17
+17   -2.755562394726265e-17  -3.978679242207936e-17
+18   +2.109224739332068e-17  +1.598183194556026e-17
+19   +2.048820430392927e-18  -1.748290820583848e-18
+20   +1.147500519871431e-17  +1.696821441277273e-17
+21   -1.011570046312400e-17  -1.600555127611327e-17
+22   -7.402368310763743e-18  +1.529277424341818e-17
+23   +2.303039570317167e-18  -3.598065114098773e-19
+24   +1.127604668264203e-17  +2.342366462723040e-17
+25   -3.767419792970772e-18  -1.376006141588407e-17
+26   +1.463596769657691e-17  +1.752804351238873e-17
+27   -1.830330632236903e-17  +2.146818784480497e-19
+28   -6.824035978162700e-19  +5.818550419088066e-18
+29   -1.764066605485120e-17  -2.537940710458764e-17
+30   +1.152853763016737e-17  +2.484170046219594e-18

