-30   -8.527913950222274e-18  -7.027891303853760e-18
-29   -1.400370475213741e-17  +3.019327758150017e-18
-28   +1.210423432910002e-17  -5.205678269716347e-18
-27   -6.594545160701548e-18  +1.753890898916371e-17
-26   -1.073924173525112e-17  -1.418882724017561e-17
-25   -1.816211486621795e-17  +1.180784738068467e-17
-24   -2.079839017741045e-18  -2.242683625206720e-17
-23   -1.928361671109179e-17  +8.237395766668946e-18
-22   +1.538847686516242e-17  -2.518603871276860e-17
-21   -1.609641583919734e-17  +1.282641212700708e-17
-20   +8.570125831973337e-18  -1.761945092979921e-17
-19   -2.741818708508431e-17  +2.699938538942040e-17
-18   +8.537955495370121e-18  -3.511187255203221e-17
-17   +1.828638592269019e-17  +2.232983640517889e-17
-16   -4.320336321809949e-18  -2.367583204830180e-17
-15   -3.403356934326502e-16  -3.080187713992029e-16
-14   +6.284002525027285e-17  +2.744563748508522e-17
-13   -3.990111968867639e-14  -4.214950907261818e-14
-12   +7.559900231097402e-15  +8.047225789230444e-15
-11   -5.051077889345938e-12  -5.336393908458569e-12
-10   +7.431934470928147e-13  +7.927016361350526e-13
 -9   -6.496459448280046e-10  -6.864981862468494e-10
 -8   +6.879372280727105e-11  +7.367684512815057e-11
 -7   -8.561225538363117e-08  -9.049955215346506e-08
 -6   +5.635793163786203e-09  +6.088851492202315e-09
 -5   -1.174954690769296e-05  -1.242763888704326e-05
 -4   +3.150694350228057e-07  +3.515574801628643e-07
 -3   -1.750491303836264e-03  -1.853914774924786e-03
 -2   -2.295757650557167e-05  -2.167086333122264e-05
 -1   -3.412957615907629e-01  -3.634459108608921e-01
 +0   -2.476019774758142e-04  +0.000000000000000e+00
 +1   -3.412957615907629e-01  +3.634459108608921e-01
 +2   -2.295757650557167e-05  +2.167086333122264e-05
 +3   -1.750491303836264e-03  +1.853914774924786e-03
 +4   +3.150694350228057e-07  -3.515574801628643e-07
 +5   -1.174954690769296e-05  +1.242763888704326e-05
 +6   +5.635793163786203e-09  -6.088851492202315e-09
 +7   -8.561225538363117e-08  +9.049955215346506e-08
 +8   +6.879372280727105e-11  -7.367684512815057e-11
 +9   -6.496459448280046e-10  +6.864981862468494e-10
+10   +7.431934470928147e-13  -7.927016361350526e-13
+11   -5.051077889345938e-12  +5.336393908458569e-12
+12   +7.559900231097402e-15  -8.047225789230444e-15
+13   -3.990111968867639e-14  +4.214950907261818e-14
+14   +6.284002525027285e-17  -2.744563748508522e-17
+15   -3.403356934326502e-16  +3.080187713992029e-16
+16   -4.320336321809949e-18  +2.367583204830180e-17
+17   +1.828638592269019e-17  -2.232983640517889e-17
+18   +8.537955495370121e-18  +3.511187255203221e-17
+19   -2.741818708508431e-17  -2.699938538942040e-17
+20   +8.570125831973337e-18  +1.761945092979921e-17
+21   -1.609641583919734e-17  -1.282641212700708e-17
+22   +1.538847686516242e-17  +2.518603871276860e-17
+23   -1.928361671109179e-17  -8.237395766668946e-18
+24   -2.079839017741045e-18  +2.242683625206720e-17
+25   -1.816211486621795e-17  -1.180784738068467e-17
+26   -1.073924173525112e-17  +1.418882724017561e-17
+27   -6.594545160701548e-18  -1.753890898916371e-17
+28   +1.210423432910002e-17  +5.205678269716347e-18
+29   -1.400370475213741e-17  -3.019327758150017e-18
+30   -8.527913950222274e-18  +7.027891303853760e-18

