-30   -8.929240028603342e-17  +2.979123473702888e-17
-29   +3.945480250298651e-17  -9.526191959938958e-17
-28   -3.427330978717861e-17  +1.082676951047929e-16
-27   +1.237893369590773e-16  -1.905665114539012e-16
-26   -5.182139980330671e-17  +1.836062796692532e-16
-25   +6.789040227245254e-17  -1.976755319586622e-17
-24   -2.452253097761673e-16  +2.815939974974027e-16
-23   -2.366571932346917e-18  -1.507258399888420e-16
-22   +7.956437149224929e-17  +8.190585002378462e-17
-21   +1.113903097273082e-16  -5.980396072383304e-17
-20   -6.683164844652295e-17  +1.548200462808952e-16
-19   +9.478525651208310e-17  -1.629325108307637e-16
-18   -4.681390525708063e-17  +1.260601250647983e-16
-17   +1.051295007286253e-16  -1.377690740975202e-16
-16   -1.395970470852164e-16  +3.055757860554189e-16
-15   -1.787330778307548e-16  -6.831049158034200e-16
-14   -4.237947720860818e-16  -3.554975791825635e-16
-13   -2.917763824598510e-14  -4.145914588011806e-14
-12   -3.872836523236878e-14  -5.336054934357231e-14
-11   -3.579828574676177e-12  -5.041142539176322e-12
-10   -3.748877035736729e-12  -5.192029741365890e-12
 -9   -4.378445186904909e-10  -6.160668331694512e-10
 -8   -3.307152098253661e-10  -4.541714629930703e-10
 -7   -5.320790611303310e-08  -7.470916339414097e-08
 -6   -2.218984416614600e-08  -2.959703305609343e-08
 -5   -6.270631435899433e-06  -8.740223736096687e-06
 -4   +1.670574098096022e-07  +4.998230916233561e-07
 -3   -6.479610736217773e-04  -8.649378949630020e-04
 -2   +2.640964285476837e-04  +3.497162360711085e-04
 -1   -2.774543944375188e-01  -4.268858923875727e-01
 +0   +4.750407833820173e-05  +0.000000000000000e+00
 +1   -2.774543944375188e-01  +4.268858923875727e-01
 +2   +2.640964285476837e-04  -3.497162360711085e-04
 +3   -6.479610736217773e-04  +8.649378949630020e-04
 +4   +1.670574098096022e-07  -4.998230916233561e-07
 +5   -6.270631435899433e-06  +8.740223736096687e-06
 +6   -2.218984416614600e-08  +2.959703305609343e-08
 +7   -5.320790611303310e-08  +7.470916339414097e-08
 +8   -3.307152098253661e-10  +4.541714629930703e-10
 +9   -4.378445186904909e-10  +6.160668331694512e-10
+10   -3.748877035736729e-12  +5.192029741365890e-12
+11   -3.579828574676177e-12  +5.041142539176322e-12
+12   -3.872836523236878e-14  +5.336054934357231e-14
+13   -2.917763824598510e-14  +4.145914588011806e-14
+14   -4.237947720860818e-16  +3.554975791825635e-16
+15   -1.787330778307548e-16  +6.831049158034200e-16
+16   -1.395970470852164e-16  -3.055757860554189e-16
+17   +1.051295007286253e-16  +1.377690740975202e-16
+18   -4.681390525708063e-17  -1.260601250647983e-16
+19   +9.478525651208310e-17  +1.629325108307637e-16
+20   -6.683164844652295e-17  -1.548200462808952e-16
+21   +1.113903097273082e-16  +5.980396072383304e-17
+22   +7.956437149224929e-17  -8.190585002378462e-17
+23   -2.366571932346917e-18  +1.507258399888420e-16
+24   -2.452253097761673e-16  -2.815939974974027e-16
+25   +6.789040227245254e-17  +1.976755319586622e-17
+26   -5.182139980330671e-17  -1.836062796692532e-16
+27   +1.237893369590773e-16  +1.905665114539012e-16
+28   -3.427330978717861e-17  -1.082676951047929e-16
+29   +3.945480250298651e-17  +9.526191959938958e-17
+30   -8.929240028603342e-17  -2.979123473702888e-17

