-30   -1.052815422989580e-17  -2.268849188535982e-17
-29   +8.223195216522018e-18  +2.969665799146424e-17
-28   -2.011068887478877e-18  -4.038723405159092e-17
-27   -1.022039397193681e-17  +2.815469207423491e-17
-26   +5.434156768732131e-18  -6.263259484167675e-17
-25   -1.081659800017547e-17  +6.951059645017497e-17
-24   +1.699703615488007e-17  -6.738976569665733e-17
-23   -4.815757333613687e-17  +4.955475514604965e-17
-22   +1.262523132935160e-17  -4.543010866403392e-17
-21   -2.614110704593707e-17  +7.677771612135975e-17
-20   +7.197627407025950e-18  -6.473571837349038e-17
-19   +3.642852846050866e-18  +2.730599791235844e-17
-18   +2.604139634449054e-17  -5.079693343528520e-17
-17   -2.314320865826342e-17  +1.152333362406598e-16
-16   +2.494011644164024e-17  -1.620895951168183e-16
-15   +4.167563273381057e-17  +9.120873333609632e-17
-14   +4.124460910774673e-16  -4.638261269752855e-16
-13   +7.090181462118200e-15  -4.955457781711627e-15
-12   +4.993687219009010e-14  -3.561232132678635e-14
-11   +1.053118557827121e-12  -7.599460503124701e-13
-10   +5.424375683008370e-12  -3.851456587239345e-12
 -9   +1.647780768888352e-10  -1.186928191720872e-10
 -8   +5.865849202787197e-10  -4.161664786367558e-10
 -7   +2.779860973384818e-08  -1.996660995782815e-08
 -6   +6.309152440552249e-08  -4.467411154347825e-08
 -5   +5.295050818824432e-06  -3.784577971103432e-06
 -4   +6.463592613976876e-06  -4.561344082247680e-06
 -3   +1.266811644115288e-03  -8.964321802202136e-04
 -2   -3.884736604105987e-04  +1.940002311584271e-04
 -1   +4.043319002571706e-01  -3.065515460341158e-01
 +0   +3.054556152166261e-04  +0.000000000000000e+00
 +1   +4.043319002571706e-01  +3.065515460341158e-01
 +2   -3.884736604105987e-04  -1.940002311584271e-04
 +3   +1.266811644115288e-03  +8.964321802202136e-04
 +4   +6.463592613976876e-06  +4.561344082247680e-06
 +5   +5.295050818824432e-06  +3.784577971103432e-06
 +6   +6.309152440552249e-08  +4.467411154347825e-08
 +7   +2.779860973384818e-08  +1.996660995782815e-08
 +8   +5.865849202787197e-10  +4.161664786367558e-10
 +9   +1.647780768888352e-10  +1.186928191720872e-10
+10   +5.424375683008370e-12  +3.851456587239345e-12
+11   +1.053118557827121e-12  +7.599460503124701e-13
+12   +4.993687219009010e-14  +3.561232132678635e-14
+13   +7.090181462118200e-15  +4.955457781711627e-15
+14   +4.124460910774673e-16  +4.638261269752855e-16
+15   +4.167563273381057e-17  -9.120873333609632e-17
+16   +2.494011644164024e-17  +1.620895951168183e-16
+17   -2.314320865826342e-17  -1.152333362406598e-16
+18   +2.604139634449054e-17  +5.079693343528520e-17
+19   +3.642852846050866e-18  -2.730599791235844e-17
+20   +7.197627407025950e-18  +6.473571837349038e-17
+21   -2.614110704593707e-17  -7.677771612135975e-17
+22   +1.262523132935160e-17  +4.543010866403392e-17
+23   -4.815757333613687e-17  -4.955475514604965e-17
+24   +1.699703615488007e-17  +6.738976569665733e-17
+25   -1.081659800017547e-17  -6.951059645017497e-17
+26   +5.434156768732131e-18  +6.263259484167675e-17
+27   -1.022039397193681e-17  -2.815469207423491e-17
+28   -2.011068887478877e-18  +4.038723405159092e-17
+29   +8.223195216522018e-18  -2.969665799146424e-17
+30   -1.052815422989580e-17  +2.268849188535982e-17

