-30   -2.727923767580062e-17  -2.155293397546309e-17
-29   +1.107441711955138e-17  +5.849705002021406e-17
-28   -7.681246902009346e-18  -5.412836072708185e-17
-27   -1.512359558511566e-17  +3.793847001343015e-17
-26   +4.178044248020667e-18  -8.481605025471081e-17
-25   -4.258849476682995e-18  +9.398542946271279e-17
-24   +1.021905224316017e-17  -8.164781754257722e-17
-23   -4.177810708430560e-17  +7.763168543217309e-17
-22   +2.155745804855394e-17  -5.866592299480807e-17
-21   -2.715023210172197e-17  +9.179719070143720e-17
-20   -6.987870943557857e-18  -1.020425362798384e-16
-19   +6.006553883250725e-18  +6.355256025641428e-17
-18   +1.337606756542850e-17  -6.830690469550088e-17
-17   +3.620873510541218e-18  +1.479525302065140e-16
-16   +1.237299121065458e-17  -2.006025233851913e-16
-15   +2.003172343685233e-15  -1.266762905563416e-15
-14   -6.903643346129376e-16  +2.463180074816680e-16
-13   +2.328677125235300e-13  -1.652836202994217e-13
-12   -5.675097120738126e-14  +3.832807366240047e-14
-11   +2.698495977214768e-11  -1.917999869246027e-11
-10   -4.717785715563458e-12  +3.140030700542732e-12
 -9   +3.119683050436010e-09  -2.217699999682959e-09
 -8   -3.279034160419663e-10  +2.084500181757127e-10
 -7   +3.591329894926771e-07  -2.553683712037746e-07
 -6   -1.270796646825368e-08  +6.190880330664071e-09
 -5   +4.096334373697140e-05  -2.914652110213709e-05
 -4   +1.295698057766351e-06  -1.252829159578956e-06
 -3   +4.543836618504673e-03  -3.240555897753543e-03
 -2   +3.462081498156251e-04  -2.911449261286147e-04
 -1   +4.016659883009999e-01  -2.967445373373194e-01
 +0   -5.607759453718692e-04  +0.000000000000000e+00
 +1   +4.016659883009999e-01  +2.967445373373194e-01
 +2   +3.462081498156251e-04  +2.911449261286147e-04
 +3   +4.543836618504673e-03  +3.240555897753543e-03
 +4   +1.295698057766351e-06  +1.252829159578956e-06
 +5   +4.096334373697140e-05  +2.914652110213709e-05
 +6   -1.270796646825368e-08  -6.190880330664071e-09
 +7   +3.591329894926771e-07  +2.553683712037746e-07
 +8   -3.279034160419663e-10  -2.084500181757127e-10
 +9   +3.119683050436010e-09  +2.217699999682959e-09
+10   -4.717785715563458e-12  -3.140030700542732e-12
+11   +2.698495977214768e-11  +1.917999869246027e-11
+12   -5.675097120738126e-14  -3.832807366240047e-14
+13   +2.328677125235300e-13  +1.652836202994217e-13
+14   -6.903643346129376e-16  -2.463180074816680e-16
+15   +2.003172343685233e-15  +1.266762905563416e-15
+16   +1.237299121065458e-17  +2.006025233851913e-16
+17   +3.620873510541218e-18  -1.479525302065140e-16
+18   +1.337606756542850e-17  +6.830690469550088e-17
+19   +6.006553883250725e-18  -6.355256025641428e-17
+20   -6.987870943557857e-18  +1.020425362798384e-16
+21   -2.715023210172197e-17  -9.179719070143720e-17
+22   +2.155745804855394e-17  +5.866592299480807e-17
+23   -4.177810708430560e-17  -7.763168543217309e-17
+24   +1.021905224316017e-17  +8.164781754257722e-17
+25   -4.258849476682995e-18  -9.398542946271279e-17
+26   +4.178044248020667e-18  +8.481605025471081e-17
+27   -1.512359558511566e-17  -3.793847001343015e-17
+28   -7.681246902009346e-18  +5.412836072708185e-17
+29   +1.107441711955138e-17  -5.849705002021406e-17
+30   -2.727923767580062e-17  +2.155293397546309e-17

