-30   -1.003577666018775e-16  -3.511854644098927e-17
-29   +2.436188069526393e-17  -6.227166224156670e-17
-28   -5.397458437931634e-17  +8.259889018592908e-17
-27   +1.260480383888279e-16  -1.544465850992976e-16
-26   -2.747148236485584e-17  +1.830054888445936e-16
-25   +4.539480150695789e-17  +4.520993913556972e-18
-24   -2.394531756435173e-16  +1.946878912764212e-16
-23   -3.815012768680309e-17  -9.125079892921634e-17
-22   +1.290135238512756e-16  -6.260552018492707e-18
-21   +8.779644603619891e-17  -2.444128791831102e-17
-20   -5.734849344451641e-17  +8.613953787901834e-17
-19   +4.800088654582586e-17  -1.108460277014700e-16
-18   -4.815381518535127e-17  +7.823592834421778e-18
-17   +1.270432935284139e-16  -7.562219941666340e-17
-16   -1.335747050512916e-16  +2.634211275838897e-16
-15   -1.593261966438093e-15  -2.558597249232201e-15
-14   +3.144782755097302e-16  +5.163659502667446e-16
-13   -1.919543630991357e-13  -2.704331213959056e-13
-12   +2.646893639401970e-14  +4.065846398045384e-14
-11   -2.255524458620835e-11  -3.175614350590781e-11
-10   +1.976636507263691e-12  +3.137984448208648e-12
 -9   -2.655165710524341e-09  -3.738661445623369e-09
 -8   +1.031554505603019e-10  +1.874708463726371e-10
 -7   -3.137019029612496e-07  -4.417983071992110e-07
 -6   -1.661749754529719e-09  +2.766380244291372e-09
 -5   -3.731420152271635e-05  -5.257021417016609e-05
 -4   -1.461863191363877e-06  -1.413172445678453e-06
 -3   -4.509100476170637e-03  -6.358357788966266e-03
 -2   -1.796851268383086e-04  -1.518033760389047e-04
 -1   -5.821879948371556e-01  -8.243871473142022e-01
 +0   +1.840203089311312e-04  +0.000000000000000e+00
 +1   -5.821879948371556e-01  +8.243871473142022e-01
 +2   -1.796851268383086e-04  +1.518033760389047e-04
 +3   -4.509100476170637e-03  +6.358357788966266e-03
 +4   -1.461863191363877e-06  +1.413172445678453e-06
 +5   -3.731420152271635e-05  +5.257021417016609e-05
 +6   -1.661749754529719e-09  -2.766380244291372e-09
 +7   -3.137019029612496e-07  +4.417983071992110e-07
 +8   +1.031554505603019e-10  -1.874708463726371e-10
 +9   -2.655165710524341e-09  +3.738661445623369e-09
+10   +1.976636507263691e-12  -3.137984448208648e-12
+11   -2.255524458620835e-11  +3.175614350590781e-11
+12   +2.646893639401970e-14  -4.065846398045384e-14
+13   -1.919543630991357e-13  +2.704331213959056e-13
+14   +3.144782755097302e-16  -5.163659502667446e-16
+15   -1.593261966438093e-15  +2.558597249232201e-15
+16   -1.335747050512916e-16  -2.634211275838897e-16
+17   +1.270432935284139e-16  +7.562219941666340e-17
+18   -4.815381518535127e-17  -7.823592834421778e-18
+19   +4.800088654582586e-17  +1.108460277014700e-16
+20   -5.734849344451641e-17  -8.613953787901834e-17
+21   +8.779644603619891e-17  +2.444128791831102e-17
+22   +1.290135238512756e-16  +6.260552018492707e-18
+23   -3.815012768680309e-17  +9.125079892921634e-17
+24   -2.394531756435173e-16  -1.946878912764212e-16
+25   +4.539480150695789e-17  -4.520993913556972e-18
+26   -2.747148236485584e-17  -1.830054888445936e-16
+27   +1.260480383888279e-16  +1.544465850992976e-16
+28   -5.397458437931634e-17  -8.259889018592908e-17
+29   +2.436188069526393e-17  +6.227166224156670e-17
+30   -1.003577666018775e-16  +3.511854644098927e-17

