-30   +5.216958818591563e-16  -9.659655889379025e-16
-29   -2.849082302964830e-16  +7.760803654011031e-16
-28   +1.168338906390843e-16  -8.839353606772558e-16
-27   -2.110489134775763e-16  +8.642560035199299e-16
-26   +4.154896412607905e-16  -1.056556407911104e-15
-25   -1.124808016188814e-16  +1.014654383091588e-15
-24   +3.223893527160253e-16  -1.070900999240191e-15
-23   -5.277664995134539e-16  +1.065317426843952e-15
-22   +2.747389883567007e-16  -1.331642981332082e-15
-21   -3.343807192084473e-16  +1.233214766192847e-15
-20   +1.411596526314653e-16  -1.308184182594173e-15
-19   -2.009002033099077e-16  +1.511382277976869e-15
-18   +3.822378301607783e-16  -1.617083501628775e-15
-17   -1.698831374197110e-16  +1.582344787357759e-15
-16   +1.164049981676037e-16  -1.526543518025702e-15
-15   -2.843887528733819e-16  +1.629913418981202e-15
-14   +1.764469108902090e-15  -2.181775928702817e-15
-13   +1.953475877161283e-15  +1.963567519412907e-15
-12   +1.765305479527032e-13  -3.924381448471947e-14
-11   +2.188257764943107e-13  -3.845367271005774e-14
-10   +2.134805671893740e-11  -4.495438342370692e-12
 -9   +2.042652041688427e-11  -3.588969405081960e-12
 -8   +2.559138102408647e-09  -5.450948087741579e-10
 -7   +1.587584413714999e-09  -2.338551448432132e-10
 -6   +2.942593612245088e-07  -6.412600733956272e-08
 -5   +4.496763909520256e-08  +7.206966635163044e-09
 -4   +2.747389130940636e-05  -6.405506465228709e-06
 -3   -2.617217933639872e-05  +9.381081726009458e-06
 -2   -2.928739703777681e-03  +4.787732833278780e-04
 -1   -9.755434126276057e-04  -5.944009171284775e-05
 +0   +2.887204847220260e+00  +0.000000000000000e+00
 +1   -9.755434126276057e-04  +5.944009171284775e-05
 +2   -2.928739703777681e-03  -4.787732833278780e-04
 +3   -2.617217933639872e-05  -9.381081726009458e-06
 +4   +2.747389130940636e-05  +6.405506465228709e-06
 +5   +4.496763909520256e-08  -7.206966635163044e-09
 +6   +2.942593612245088e-07  +6.412600733956272e-08
 +7   +1.587584413714999e-09  +2.338551448432132e-10
 +8   +2.559138102408647e-09  +5.450948087741579e-10
 +9   +2.042652041688427e-11  +3.588969405081960e-12
+10   +2.134805671893740e-11  +4.495438342370692e-12
+11   +2.188257764943107e-13  +3.845367271005774e-14
+12   +1.765305479527032e-13  +3.924381448471947e-14
+13   +1.953475877161283e-15  -1.963567519412907e-15
+14   +1.764469108902090e-15  +2.181775928702817e-15
+15   -2.843887528733819e-16  -1.629913418981202e-15
+16   +1.164049981676037e-16  +1.526543518025702e-15
+17   -1.698831374197110e-16  -1.582344787357759e-15
+18   +3.822378301607783e-16  +1.617083501628775e-15
+19   -2.009002033099077e-16  -1.511382277976869e-15
+20   +1.411596526314653e-16  +1.308184182594173e-15
+21   -3.343807192084473e-16  -1.233214766192847e-15
+22   +2.747389883567007e-16  +1.331642981332082e-15
+23   -5.277664995134539e-16  -1.065317426843952e-15
+24   +3.223893527160253e-16  +1.070900999240191e-15
+25   -1.124808016188814e-16  -1.014654383091588e-15
+26   +4.154896412607905e-16  +1.056556407911104e-15
+27   -2.110489134775763e-16  -8.642560035199299e-16
+28   +1.168338906390843e-16  +8.839353606772558e-16
+29   -2.849082302964830e-16  -7.760803654011031e-16
+30   +5.216958818591563e-16  +9.659655889379025e-16

