-30   -2.807304920962940e-17  +1.322969043261340e-16
-29   +5.327858248999920e-17  -8.599663346947226e-17
-28   -2.815185658142572e-17  +1.039930996744606e-16
-27   -3.214842453100255e-17  -1.003260701427537e-16
-26   -5.390353422865211e-19  +1.529589485518743e-16
-25   +5.430621870644560e-17  -1.600890076060173e-16
-24   -2.582799080352049e-17  +9.362166070989736e-17
-23   +3.835922159762156e-17  -9.703304636583512e-17
-22   +1.510292401146029e-18  +1.114352597221413e-16
-21   +2.725455764465243e-17  -1.489416764559577e-16
-20   -4.131903526535286e-17  +1.538417840366523e-16
-19   -2.579736344967583e-17  -1.775555638169957e-16
-18   +3.388885733942096e-17  +1.404898289098393e-16
-17   -5.764686326449932e-17  -1.493617196494360e-16
-16   -2.393271999601019e-18  +1.652453333116189e-16
-15   +5.287178209776918e-18  -1.343188166033822e-16
-14   +1.576173159919071e-16  +4.254825823620216e-16
-13   +3.316303211867848e-16  +1.798940995253504e-15
-12   +1.274968515773311e-14  +4.042948898711113e-14
-11   +3.902739480225356e-14  +2.188804468773442e-13
-10   +1.981743816920952e-12  +6.147223968891672e-12
 -9   +4.252954824385370e-12  +2.446653580683040e-11
 -8   +3.311235848582633e-10  +1.002419263126468e-09
 -7   +4.713996769919212e-10  +2.798833244782383e-09
 -6   +6.203581167428802e-08  +1.807453699148814e-07
 -5   +5.588722602555019e-08  +3.441623125084127e-07
 -4   +1.441984464801309e-05  +3.904730550243052e-05
 -3   +8.267246098662708e-06  +5.183839671143789e-05
 -2   +5.861848955097617e-03  +1.294660443138338e-02
 -1   +6.256653940978028e-05  -1.443207354292038e-03
 +0   -1.683458236903750e-01  +0.000000000000000e+00
 +1   +6.256653940978028e-05  +1.443207354292038e-03
 +2   +5.861848955097617e-03  -1.294660443138338e-02
 +3   +8.267246098662708e-06  -5.183839671143789e-05
 +4   +1.441984464801309e-05  -3.904730550243052e-05
 +5   +5.588722602555019e-08  -3.441623125084127e-07
 +6   +6.203581167428802e-08  -1.807453699148814e-07
 +7   +4.713996769919212e-10  -2.798833244782383e-09
 +8   +3.311235848582633e-10  -1.002419263126468e-09
 +9   +4.252954824385370e-12  -2.446653580683040e-11
+10   +1.981743816920952e-12  -6.147223968891672e-12
+11   +3.902739480225356e-14  -2.188804468773442e-13
+12   +1.274968515773311e-14  -4.042948898711113e-14
+13   +3.316303211867848e-16  -1.798940995253504e-15
+14   +1.576173159919071e-16  -4.254825823620216e-16
+15   +5.287178209776918e-18  +1.343188166033822e-16
+16   -2.393271999601019e-18  -1.652453333116189e-16
+17   -5.764686326449932e-17  +1.493617196494360e-16
+18   +3.388885733942096e-17  -1.404898289098393e-16
+19   -2.579736344967583e-17  +1.775555638169957e-16
+20   -4.131903526535286e-17  -1.538417840366523e-16
+21   +2.725455764465243e-17  +1.489416764559577e-16
+22   +1.510292401146029e-18  -1.114352597221413e-16
+23   +3.835922159762156e-17  +9.703304636583512e-17
+24   -2.582799080352049e-17  -9.362166070989736e-17
+25   +5.430621870644560e-17  +1.600890076060173e-16
+26   -5.390353422865211e-19  -1.529589485518743e-16
+27   -3.214842453100255e-17  +1.003260701427537e-16
+28   -2.815185658142572e-17  -1.039930996744606e-16
+29   +5.327858248999920e-17  +8.599663346947226e-17
+30   -2.807304920962940e-17  -1.322969043261340e-16

