-30   -3.885780585905186e-17  +1.419977383257154e-16
-29   +5.544745101106319e-17  -1.187385140449622e-16
-28   -3.898209503976245e-17  +1.114367886846649e-16
-27   -3.851804018198641e-17  -1.086730345211432e-16
-26   +1.108908827931202e-17  +1.628134887185201e-16
-25   +7.687727103891486e-17  -1.724460587005182e-16
-24   -9.643904748392669e-18  +1.120522089454199e-16
-23   +1.981362952372991e-17  -1.015348490952350e-16
-22   -2.300044823653421e-17  +1.463765152096514e-16
-21   +1.938493401132354e-17  -1.740952134768438e-16
-20   -2.084989438957244e-17  +1.744924023591202e-16
-19   +1.979311432153104e-17  -2.058730461498716e-16
-18   +3.658468176292704e-17  +1.357461526512062e-16
-17   -6.959783057941852e-17  -1.624302050047239e-16
-16   -1.737483941447486e-17  +2.366813766502902e-16
-15   +2.860621519454657e-17  -1.567233088677865e-16
-14   +1.831050031806961e-15  +8.733807788906644e-15
-13   -9.405330096607649e-17  -1.879225469563669e-15
-12   +2.010356309550999e-13  +9.946478768902367e-13
-11   +1.417231987268522e-15  -1.224578559366361e-13
-10   +2.329219380612731e-11  +1.152017587670588e-10
 -9   +1.777966315329590e-12  -6.231418798855457e-12
 -8   +2.691394379835435e-09  +1.331207437684568e-08
 -7   +3.904107934021432e-10  +1.948292522503671e-10
 -6   +3.094496418418338e-07  +1.530773266853663e-06
 -5   +6.504577955401245e-08  +1.246647704476610e-07
 -4   +3.517028255341557e-05  +1.740283995474694e-04
 -3   +8.942415415137843e-06  +2.379012866905367e-05
 -2   +3.837818702644392e-03  +1.899447396022624e-02
 -1   -5.559967181652921e-05  +1.062185782977723e-03
 +0   -3.381162256796084e-01  +0.000000000000000e+00
 +1   -5.559967181652921e-05  -1.062185782977723e-03
 +2   +3.837818702644392e-03  -1.899447396022624e-02
 +3   +8.942415415137843e-06  -2.379012866905367e-05
 +4   +3.517028255341557e-05  -1.740283995474694e-04
 +5   +6.504577955401245e-08  -1.246647704476610e-07
 +6   +3.094496418418338e-07  -1.530773266853663e-06
 +7   +3.904107934021432e-10  -1.948292522503671e-10
 +8   +2.691394379835435e-09  -1.331207437684568e-08
 +9   +1.777966315329590e-12  +6.231418798855457e-12
+10   +2.329219380612731e-11  -1.152017587670588e-10
+11   +1.417231987268522e-15  +1.224578559366361e-13
+12   +2.010356309550999e-13  -9.946478768902367e-13
+13   -9.405330096607649e-17  +1.879225469563669e-15
+14   +1.831050031806961e-15  -8.733807788906644e-15
+15   +2.860621519454657e-17  +1.567233088677865e-16
+16   -1.737483941447486e-17  -2.366813766502902e-16
+17   -6.959783057941852e-17  +1.624302050047239e-16
+18   +3.658468176292704e-17  -1.357461526512062e-16
+19   +1.979311432153104e-17  +2.058730461498716e-16
+20   -2.084989438957244e-17  -1.744924023591202e-16
+21   +1.938493401132354e-17  +1.740952134768438e-16
+22   -2.300044823653421e-17  -1.463765152096514e-16
+23   +1.981362952372991e-17  +1.015348490952350e-16
+24   -9.643904748392669e-18  -1.120522089454199e-16
+25   +7.687727103891486e-17  +1.724460587005182e-16
+26   +1.108908827931202e-17  -1.628134887185201e-16
+27   -3.851804018198641e-17  +1.086730345211432e-16
+28   -3.898209503976245e-17  -1.114367886846649e-16
+29   +5.544745101106319e-17  +1.187385140449622e-16
+30   -3.885780585905186e-17  -1.419977383257154e-16

