-30   +5.599732103914868e-16  -1.216128367375689e-15
-29   -2.578660978601582e-16  +1.022003216693311e-15
-28   +1.154565578816051e-16  -1.065641450424502e-15
-27   -2.469500212179500e-16  +1.021807109149817e-15
-26   +4.667224206730681e-16  -1.211109247905338e-15
-25   -2.587745198011018e-16  +1.290065175694611e-15
-24   +4.016466522358200e-16  -1.337623587831079e-15
-23   -6.298405918642071e-16  +1.327065594829658e-15
-22   +3.580111319187785e-16  -1.578857608672533e-15
-21   -3.956000083855122e-16  +1.537102209669586e-15
-20   +2.083044369545869e-16  -1.537098871504427e-15
-19   -2.301233851343964e-16  +1.830284750961991e-15
-18   +3.917427533873787e-16  -1.946483999165477e-15
-17   -2.276219790369800e-16  +1.912727308674200e-15
-16   +2.549314886158750e-16  -1.852885412814118e-15
-15   -4.751106850799467e-16  +1.926662748367809e-15
-14   +1.027766406372677e-14  -4.339591209502391e-15
-13   -1.239653952681210e-15  +2.834378003208293e-15
-12   +1.155141419807097e-12  -2.365990717889543e-13
-11   -4.225838481150877e-14  -1.423849288318506e-14
-10   +1.356140608316052e-10  -2.744952373666775e-11
 -9   +1.879032927263310e-12  -3.337151437264031e-12
 -8   +1.596235565781397e-08  -3.231539591256805e-09
 -7   +9.616128218300466e-10  -5.368823939986814e-10
 -6   +1.885278390743571e-06  -3.818477299287011e-07
 -5   +1.871528434412044e-07  -7.691586064270575e-08
 -4   +2.239962225248420e-04  -4.541006126335752e-05
 -3   +2.638284617652989e-05  -9.493131514828684e-06
 -2   +2.691232791219998e-02  -5.469468970691769e-03
 -1   +2.399149395822582e-05  +1.399036863896180e-04
 +0   +2.831723280369518e+00  +0.000000000000000e+00
 +1   +2.399149395822582e-05  -1.399036863896180e-04
 +2   +2.691232791219998e-02  +5.469468970691769e-03
 +3   +2.638284617652989e-05  +9.493131514828684e-06
 +4   +2.239962225248420e-04  +4.541006126335752e-05
 +5   +1.871528434412044e-07  +7.691586064270575e-08
 +6   +1.885278390743571e-06  +3.818477299287011e-07
 +7   +9.616128218300466e-10  +5.368823939986814e-10
 +8   +1.596235565781397e-08  +3.231539591256805e-09
 +9   +1.879032927263310e-12  +3.337151437264031e-12
+10   +1.356140608316052e-10  +2.744952373666775e-11
+11   -4.225838481150877e-14  +1.423849288318506e-14
+12   +1.155141419807097e-12  +2.365990717889543e-13
+13   -1.239653952681210e-15  -2.834378003208293e-15
+14   +1.027766406372677e-14  +4.339591209502391e-15
+15   -4.751106850799467e-16  -1.926662748367809e-15
+16   +2.549314886158750e-16  +1.852885412814118e-15
+17   -2.276219790369800e-16  -1.912727308674200e-15
+18   +3.917427533873787e-16  +1.946483999165477e-15
+19   -2.301233851343964e-16  -1.830284750961991e-15
+20   +2.083044369545869e-16  +1.537098871504427e-15
+21   -3.956000083855122e-16  -1.537102209669586e-15
+22   +3.580111319187785e-16  +1.578857608672533e-15
+23   -6.298405918642071e-16  -1.327065594829658e-15
+24   +4.016466522358200e-16  +1.337623587831079e-15
+25   -2.587745198011018e-16  -1.290065175694611e-15
+26   +4.667224206730681e-16  +1.211109247905338e-15
+27   -2.469500212179500e-16  -1.021807109149817e-15
+28   +1.154565578816051e-16  +1.065641450424502e-15
+29   -2.578660978601582e-16  -1.022003216693311e-15
+30   +5.599732103914868e-16  +1.216128367375689e-15

