-30   +8.584035883143670e-18  +1.506033686009471e-17
-29   +4.800019806777901e-18  +8.630062033835212e-18
-28   -4.967719528001583e-19  +1.388721815348876e-17
-27   +1.744296277234874e-17  -6.171188497472338e-18
-26   +1.475580598113207e-17  +2.257866965562555e-18
-25   +1.372563709725730e-17  -7.694282778024442e-18
-24   +1.344893465817102e-18  +1.795454902188584e-17
-23   +2.176791538856823e-17  +3.261325535448081e-18
-22   -5.941966481174289e-18  +2.558075813059598e-17
-21   -4.227345707400855e-18  -6.291264196652391e-18
-20   -5.658460185394877e-18  +9.586050409171348e-18
-19   +3.891945130079427e-18  -8.989076455194883e-18
-18   -4.320240188728235e-18  +2.753541430423656e-17
-17   -2.812483473358398e-17  -2.156680778251303e-17
-16   +8.697703211591903e-18  +1.669610419540633e-17
-15   +3.209662649553811e-17  -2.878963542001992e-17
-14   +9.179933439467913e-17  +1.386943358139905e-16
-13   +6.411945172545727e-16  +6.556034477020011e-16
-12   +1.086729974973228e-14  +1.028662281193815e-14
-11   +1.020512151456361e-13  +1.059620877671395e-13
-10   +1.228030783813585e-12  +1.161399110852667e-12
 -9   +1.727455936693548e-11  +1.784107803335369e-11
 -8   +1.357352275262895e-10  +1.283647920675384e-10
 -7   +3.273744993835044e-09  +3.353295782818473e-09
 -6   +1.418943230235354e-08  +1.342211760578407e-08
 -5   +7.524199932076498e-07  +7.616000801855185e-07
 -4   +1.184759483313455e-06  +1.123627220975704e-06
 -3   +2.594504578958127e-04  +2.577829500570640e-04
 -2   -1.112237014318448e-04  -1.007552072508864e-04
 -1   +3.641096393191824e-01  +3.459387036783550e-01
 +0   -9.102062468458831e-05  +0.000000000000000e+00
 +1   +3.641096393191824e-01  -3.459387036783550e-01
 +2   -1.112237014318448e-04  +1.007552072508864e-04
 +3   +2.594504578958127e-04  -2.577829500570640e-04
 +4   +1.184759483313455e-06  -1.123627220975704e-06
 +5   +7.524199932076498e-07  -7.616000801855185e-07
 +6   +1.418943230235354e-08  -1.342211760578407e-08
 +7   +3.273744993835044e-09  -3.353295782818473e-09
 +8   +1.357352275262895e-10  -1.283647920675384e-10
 +9   +1.727455936693548e-11  -1.784107803335369e-11
+10   +1.228030783813585e-12  -1.161399110852667e-12
+11   +1.020512151456361e-13  -1.059620877671395e-13
+12   +1.086729974973228e-14  -1.028662281193815e-14
+13   +6.411945172545727e-16  -6.556034477020011e-16
+14   +9.179933439467913e-17  -1.386943358139905e-16
+15   +3.209662649553811e-17  +2.878963542001992e-17
+16   +8.697703211591903e-18  -1.669610419540633e-17
+17   -2.812483473358398e-17  +2.156680778251303e-17
+18   -4.320240188728235e-18  -2.753541430423656e-17
+19   +3.891945130079427e-18  +8.989076455194883e-18
+20   -5.658460185394877e-18  -9.586050409171348e-18
+21   -4.227345707400855e-18  +6.291264196652391e-18
+22   -5.941966481174289e-18  -2.558075813059598e-17
+23   +2.176791538856823e-17  -3.261325535448081e-18
+24   +1.344893465817102e-18  -1.795454902188584e-17
+25   +1.372563709725730e-17  +7.694282778024442e-18
+26   +1.475580598113207e-17  -2.257866965562555e-18
+27   +1.744296277234874e-17  +6.171188497472338e-18
+28   -4.967719528001583e-19  -1.388721815348876e-17
+29   +4.800019806777901e-18  -8.630062033835212e-18
+30   +8.584035883143670e-18  -1.506033686009471e-17

