-30   +5.947291149017389e-18  +2.622830032468787e-18
-29   -7.847577709707382e-18  +1.876622039693679e-17
-28   -5.923787250691580e-18  -5.911571933778657e-18
-27   -1.984764158738657e-17  +2.869009969961354e-18
-26   +8.142705755217363e-18  -8.913795878406240e-18
-25   -1.228675736755294e-17  +1.116416555544702e-17
-24   -6.321355314833238e-18  -1.897721333804119e-17
-23   +2.305914406911825e-18  -1.556829485098554e-18
-22   -1.959052727456187e-18  -5.580764002163085e-18
-21   -5.064496819963567e-18  +2.225443294036639e-18
-20   -9.367610137359333e-20  -8.269248432121119e-18
-19   -1.557429778860753e-17  -7.275057349346685e-18
-18   +2.078982168394533e-17  -1.459881990236443e-17
-17   -2.815767652849515e-17  +2.478731149488583e-17
-16   +8.738014480967938e-18  -4.862303880196284e-17
-15   +3.432430737926862e-16  -3.090200911904838e-16
-14   -9.569567345050378e-17  +7.023325571718567e-17
-13   +3.993540912015080e-14  -4.215048389628847e-14
-12   -7.597826602883109e-15  +8.037279384430824e-15
-11   +5.051091469513934e-12  -5.336448797542447e-12
-10   -7.432011859851499e-13  +7.927030322987055e-13
 -9   +6.496459240990961e-10  -6.864982030307570e-10
 -8   -6.879374427128492e-11  +7.367685720653016e-11
 -7   +8.561225537385400e-08  -9.049955219178725e-08
 -6   -5.635793195736544e-09  +6.088851514694954e-09
 -5   +1.174954690766110e-05  -1.242763888707583e-05
 -4   -3.150694350139223e-07  +3.515574801772766e-07
 -3   +1.750491303836204e-03  -1.853914774924844e-03
 -2   +2.295757650568470e-05  -2.167086333110244e-05
 -1   +3.412957615907631e-01  -3.634459108608917e-01
 +0   +2.476019774757588e-04  +0.000000000000000e+00
 +1   +3.412957615907631e-01  +3.634459108608917e-01
 +2   +2.295757650568470e-05  +2.167086333110244e-05
 +3   +1.750491303836204e-03  +1.853914774924844e-03
 +4   -3.150694350139223e-07  -3.515574801772766e-07
 +5   +1.174954690766110e-05  +1.242763888707583e-05
 +6   -5.635793195736544e-09  -6.088851514694954e-09
 +7   +8.561225537385400e-08  +9.049955219178725e-08
 +8   -6.879374427128492e-11  -7.367685720653016e-11
 +9   +6.496459240990961e-10  +6.864982030307570e-10
+10   -7.432011859851499e-13  -7.927030322987055e-13
+11   +5.051091469513934e-12  +5.336448797542447e-12
+12   -7.597826602883109e-15  -8.037279384430824e-15
+13   +3.993540912015080e-14  +4.215048389628847e-14
+14   -9.569567345050378e-17  -7.023325571718567e-17
+15   +3.432430737926862e-16  +3.090200911904838e-16
+16   +8.738014480967938e-18  +4.862303880196284e-17
+17   -2.815767652849515e-17  -2.478731149488583e-17
+18   +2.078982168394533e-17  +1.459881990236443e-17
+19   -1.557429778860753e-17  +7.275057349346685e-18
+20   -9.367610137359333e-20  +8.269248432121119e-18
+21   -5.064496819963567e-18  -2.225443294036639e-18
+22   -1.959052727456187e-18  +5.580764002163085e-18
+23   +2.305914406911825e-18  +1.556829485098554e-18
+24   -6.321355314833238e-18  +1.897721333804119e-17
+25   -1.228675736755294e-17  -1.116416555544702e-17
+26   +8.142705755217363e-18  +8.913795878406240e-18
+27   -1.984764158738657e-17  -2.869009969961354e-18
+28   -5.923787250691580e-18  +5.911571933778657e-18
+29   -7.847577709707382e-18  -1.876622039693679e-17
+30   +5.947291149017389e-18  -2.622830032468787e-18

