-30   -7.401486830834371e-18  -1.786876988872619e-17
-29   +1.571729837756717e-18  +1.350592048347519e-18
-28   -4.656304858745428e-19  +3.680254701975897e-19
-27   -4.333638409292415e-18  -2.377893295431647e-18
-26   +5.961237879080308e-19  -2.725160110168777e-18
-25   +1.129190159861864e-18  -4.049423106689643e-18
-24   -5.917634916678157e-19  +1.443082600329692e-18
-23   +3.484151430387037e-18  -3.639508581321036e-18
-22   -7.167898065875772e-20  -5.611839289751710e-18
-21   -1.261470126648196e-18  +1.840125799153647e-18
-20   -7.401486830834377e-18  +1.281975124255709e-17
-19   +4.280177182729978e-18  -9.837803679365875e-19
-18   -3.354709383082518e-18  +4.867805070257804e-18
-17   -3.345174904957893e-18  -2.018947283201767e-18
-16   -5.337738928245516e-18  +6.264714764955732e-20
-15   +1.207172231167453e-17  +6.838082841702899e-18
-14   -4.629086012207155e-18  +1.383404580619386e-18
-13   -2.373953452916447e-16  +1.921767219418341e-18
-12   +2.413965432589209e-17  +2.942551002017970e-18
-11   -2.705792950963311e-14  +1.132802041355797e-18
-10   +1.493423452012417e-15  -1.085003069825856e-17
 -9   -3.129286631638379e-12  -5.302909038587959e-19
 -8   -1.572579810548948e-14  -2.511637131223399e-18
 -7   -3.596876180057128e-10  -2.135620081976392e-19
 -6   -2.134000991689612e-11  +1.280352503882662e-18
 -5   -4.065000051863491e-08  -6.785334550922408e-18
 -4   -3.758205204888528e-09  -3.714219046190551e-18
 -3   -4.235585420037075e-06  +3.438709819318406e-18
 -2   +1.667497892339660e-07  -7.016566841771723e-18
 -1   +2.225718047687640e-04  +8.163993614146655e-18
 +0   +9.999998038743250e-01  +0.000000000000000e+00
 +1   +2.225718047687640e-04  -8.163993614146655e-18
 +2   +1.667497892339660e-07  +7.016566841771723e-18
 +3   -4.235585420037075e-06  -3.438709819318406e-18
 +4   -3.758205204888528e-09  +3.714219046190551e-18
 +5   -4.065000051863491e-08  +6.785334550922408e-18
 +6   -2.134000991689612e-11  -1.280352503882662e-18
 +7   -3.596876180057128e-10  +2.135620081976392e-19
 +8   -1.572579810548948e-14  +2.511637131223399e-18
 +9   -3.129286631638379e-12  +5.302909038587959e-19
+10   +1.493423452012417e-15  +1.085003069825856e-17
+11   -2.705792950963311e-14  -1.132802041355797e-18
+12   +2.413965432589209e-17  -2.942551002017970e-18
+13   -2.373953452916447e-16  -1.921767219418341e-18
+14   -4.629086012207155e-18  -1.383404580619386e-18
+15   +1.207172231167453e-17  -6.838082841702899e-18
+16   -5.337738928245516e-18  -6.264714764955732e-20
+17   -3.345174904957893e-18  +2.018947283201767e-18
+18   -3.354709383082518e-18  -4.867805070257804e-18
+19   +4.280177182729978e-18  +9.837803679365875e-19
+20   -7.401486830834377e-18  -1.281975124255709e-17
+21   -1.261470126648196e-18  -1.840125799153647e-18
+22   -7.167898065875772e-20  +5.611839289751710e-18
+23   +3.484151430387037e-18  +3.639508581321036e-18
+24   -5.917634916678157e-19  -1.443082600329692e-18
+25   +1.129190159861864e-18  +4.049423106689643e-18
+26   +5.961237879080308e-19  +2.725160110168777e-18
+27   -4.333638409292415e-18  +2.377893295431647e-18
+28   -4.656304858745428e-19  -3.680254701975897e-19
+29   +1.571729837756717e-18  -1.350592048347519e-18
+30   -7.401486830834371e-18  +1.786876988872619e-17

