-30   +2.310241141767220e-17  +1.263512835978037e-17
-29   -7.164279151365053e-18  +2.242895155104405e-18
-28   +4.132151477360643e-18  -6.005824620986525e-18
-27   +5.409020118710184e-18  -3.650884161287193e-20
-26   +9.140670913556035e-18  +2.304770393079173e-18
-25   -6.903737222342278e-18  +6.027889357318652e-18
-24   +4.767081433705943e-18  -7.449468583245198e-18
-23   +9.135509121620825e-18  +1.475510475930205e-18
-22   +1.032341039985725e-17  +2.045599867573236e-18
-21   -3.734157285006172e-18  -4.150289785449416e-19
-20   -1.983222419111659e-18  +7.401486830834374e-18
-19   -5.022957281022474e-19  -3.152429467012803e-19
-18   +6.056007185481372e-18  -1.093125013278730e-17
-17   +8.570974996931338e-19  +1.556661463285452e-18
-16   +1.816330495920552e-18  +1.185014857132057e-18
-15   +1.942262407131963e-17  +1.841977102861873e-18
-14   +4.974280175079894e-18  -4.671138480731607e-19
-13   +2.279972557030256e-16  -7.745648343790938e-19
-12   +3.515609564287879e-17  +1.762534573454743e-19
-11   +2.704586809246674e-14  +7.243825020997077e-19
-10   +3.174525446493496e-15  -1.455077411367587e-17
 -9   +3.129440550227318e-12  +7.906466838473096e-18
 -8   +2.247588989602759e-13  +5.503894689951697e-18
 -7   +3.596832571835820e-10  +1.417428648953269e-18
 -6   +1.009374105210270e-11  -2.744621683997422e-18
 -5   +4.064805018595666e-08  -8.403293873375720e-18
 -4   -3.975298084810270e-10  +6.730325650280201e-18
 -3   +4.235645025505571e-06  -2.895387169348311e-18
 -2   -2.212016914108262e-09  +7.293381954251538e-18
 -1   -2.225718473532858e-04  -9.065639676261240e-18
 +0   +1.000000065994833e+00  +0.000000000000000e+00
 +1   -2.225718473532858e-04  +9.065639676261240e-18
 +2   -2.212016914108262e-09  -7.293381954251538e-18
 +3   +4.235645025505571e-06  +2.895387169348311e-18
 +4   -3.975298084810270e-10  -6.730325650280201e-18
 +5   +4.064805018595666e-08  +8.403293873375720e-18
 +6   +1.009374105210270e-11  +2.744621683997422e-18
 +7   +3.596832571835820e-10  -1.417428648953269e-18
 +8   +2.247588989602759e-13  -5.503894689951697e-18
 +9   +3.129440550227318e-12  -7.906466838473096e-18
+10   +3.174525446493496e-15  +1.455077411367587e-17
+11   +2.704586809246674e-14  -7.243825020997077e-19
+12   +3.515609564287879e-17  -1.762534573454743e-19
+13   +2.279972557030256e-16  +7.745648343790938e-19
+14   +4.974280175079894e-18  +4.671138480731607e-19
+15   +1.942262407131963e-17  -1.841977102861873e-18
+16   +1.816330495920552e-18  -1.185014857132057e-18
+17   +8.570974996931338e-19  -1.556661463285452e-18
+18   +6.056007185481372e-18  +1.093125013278730e-17
+19   -5.022957281022474e-19  +3.152429467012803e-19
+20   -1.983222419111659e-18  -7.401486830834374e-18
+21   -3.734157285006172e-18  +4.150289785449416e-19
+22   +1.032341039985725e-17  -2.045599867573236e-18
+23   +9.135509121620825e-18  -1.475510475930205e-18
+24   +4.767081433705943e-18  +7.449468583245198e-18
+25   -6.903737222342278e-18  -6.027889357318652e-18
+26   +9.140670913556035e-18  -2.304770393079173e-18
+27   +5.409020118710184e-18  +3.650884161287193e-20
+28   +4.132151477360643e-18  +6.005824620986525e-18
+29   -7.164279151365053e-18  -2.242895155104405e-18
+30   +2.310241141767220e-17  -1.263512835978037e-17

