-30   -4.007323038122933e-17  +1.046728305789186e-17
-29   +9.304742305627293e-18  -1.391670695461743e-17
-28   +2.092292390093582e-17  -2.397860818686499e-18
-27   -3.762023214404072e-19  -6.163130554149294e-18
-26   +4.296231878468673e-18  +4.790149259892038e-18
-25   -1.180903105546855e-17  -1.131308140027120e-17
-24   -2.846263852158069e-19  -9.680684886210695e-18
-23   +3.063754685835665e-18  -6.201029941828344e-18
-22   -3.155457131820677e-18  -1.136815168144295e-17
-21   -2.530800779653482e-18  +1.162325634777134e-17
-20   -4.044247614678294e-17  -4.044247614678294e-17
-19   +6.811313239174327e-18  -7.633986288283018e-18
-18   -8.930772982869655e-18  +4.014570294926771e-18
-17   +6.997807661581529e-18  -3.358103514046088e-18
-16   -5.815011749923413e-18  +5.411450010911622e-19
-15   +7.168115466687783e-18  -4.239025657855677e-18
-14   -1.976828325224355e-17  +3.903430596520463e-18
-13   -2.167105502096329e-16  -1.040227272028248e-17
-12   +2.701514149385669e-17  -1.207432773255882e-17
-11   -2.707866093120214e-14  -1.748115132701678e-19
-10   +1.494482639887189e-15  +9.141406338707313e-18
 -9   -3.129265875626207e-12  +1.806602425341242e-18
 -8   -1.572756391311434e-14  +1.273710936962668e-17
 -7   -3.596876018748463e-10  +6.012262364093564e-18
 -6   -2.134001898173952e-11  -8.023978133491903e-18
 -5   -4.065000051556617e-08  +3.593038610136823e-17
 -4   -3.758205216138038e-09  +2.718608478707987e-18
 -3   -4.235585420067879e-06  +1.013916084383132e-18
 -2   +1.667497892233808e-07  -8.510135609434022e-19
 -1   +2.225718047687798e-04  +1.669242182267735e-17
 +0   +2.007138335802940e+00  +0.000000000000000e+00
 +1   +2.225718047687798e-04  -1.669242182267735e-17
 +2   +1.667497892233808e-07  +8.510135609434022e-19
 +3   -4.235585420067879e-06  -1.013916084383132e-18
 +4   -3.758205216138038e-09  -2.718608478707987e-18
 +5   -4.065000051556617e-08  -3.593038610136823e-17
 +6   -2.134001898173952e-11  +8.023978133491903e-18
 +7   -3.596876018748463e-10  -6.012262364093564e-18
 +8   -1.572756391311434e-14  -1.273710936962668e-17
 +9   -3.129265875626207e-12  -1.806602425341242e-18
+10   +1.494482639887189e-15  -9.141406338707313e-18
+11   -2.707866093120214e-14  +1.748115132701678e-19
+12   +2.701514149385669e-17  +1.207432773255882e-17
+13   -2.167105502096329e-16  +1.040227272028248e-17
+14   -1.976828325224355e-17  -3.903430596520463e-18
+15   +7.168115466687783e-18  +4.239025657855677e-18
+16   -5.815011749923413e-18  -5.411450010911622e-19
+17   +6.997807661581529e-18  +3.358103514046088e-18
+18   -8.930772982869655e-18  -4.014570294926771e-18
+19   +6.811313239174327e-18  +7.633986288283018e-18
+20   -4.044247614678294e-17  +4.044247614678294e-17
+21   -2.530800779653482e-18  -1.162325634777134e-17
+22   -3.155457131820677e-18  +1.136815168144295e-17
+23   +3.063754685835665e-18  +6.201029941828344e-18
+24   -2.846263852158069e-19  +9.680684886210695e-18
+25   -1.180903105546855e-17  +1.131308140027120e-17
+26   +4.296231878468673e-18  -4.790149259892038e-18
+27   -3.762023214404072e-19  +6.163130554149294e-18
+28   +2.092292390093582e-17  +2.397860818686499e-18
+29   +9.304742305627293e-18  +1.391670695461743e-17
+30   -4.007323038122933e-17  -1.046728305789186e-17

