-30   +5.619250653189068e-19  -1.454307030961714e-18
-29   -5.830344401732928e-19  +1.407755262681695e-18
-28   +5.807002314771815e-19  -1.467807857681899e-18
-27   -5.576803904668170e-19  +1.595166519342935e-18
-26   +5.519890468909215e-19  -1.614892909061643e-18
-25   -6.263288879798907e-19  +1.652446572617960e-18
-24   +5.232653812881651e-19  -1.768966001611038e-18
-23   -4.548110047308525e-19  +1.852457216715638e-18
-22   +5.350909160451461e-19  -1.896002725853891e-18
-21   -6.452233454661044e-19  +1.984074781930219e-18
-20   +5.943455700767330e-19  -2.092060712069235e-18
-19   -5.105478745654361e-19  +2.175525031682713e-18
-18   +5.070033078505231e-19  -2.521379728689646e-18
-17   -5.389444923481635e-19  +2.679322351192094e-18
-16   +4.981563283557357e-19  -2.636924592979485e-18
-15   -4.477483320361049e-19  +5.065838446265124e-18
-14   +3.360899877902863e-19  -3.207795743039662e-18
-13   -5.702254341906012e-19  +2.668159733493565e-16
-12   +5.933914574795281e-19  -2.898370844426012e-17
-11   -4.521071021980888e-19  +3.072769902390934e-14
-10   +5.441198273435528e-19  -1.342458907526963e-15
 -9   -3.739161356035440e-19  +3.575530639566799e-12
 -8   +2.041149681574199e-19  +2.413173658048803e-14
 -7   +1.232926160569642e-19  +4.134768477875071e-10
 -6   +1.432251411351360e-18  +2.131654569886654e-11
 -5   +8.233994045369253e-19  +4.682082560905121e-08
 -4   -2.842101439201781e-18  +3.669340683304369e-09
 -3   +8.936303570382090e-19  +4.750879466568111e-06
 -2   -3.505952518136716e-18  -1.521409507964981e-07
 -1   +1.552379869000908e-17  -4.787698421141986e-04
 +0   -2.476842922384190e-17  +0.000000000000000e+00
 +1   +1.552379869000908e-17  +4.787698421141986e-04
 +2   -3.505952518136716e-18  +1.521409507964981e-07
 +3   +8.936303570382090e-19  -4.750879466568111e-06
 +4   -2.842101439201781e-18  -3.669340683304369e-09
 +5   +8.233994045369253e-19  -4.682082560905121e-08
 +6   +1.432251411351360e-18  -2.131654569886654e-11
 +7   +1.232926160569642e-19  -4.134768477875071e-10
 +8   +2.041149681574199e-19  -2.413173658048803e-14
 +9   -3.739161356035440e-19  -3.575530639566799e-12
+10   +5.441198273435528e-19  +1.342458907526963e-15
+11   -4.521071021980888e-19  -3.072769902390934e-14
+12   +5.933914574795281e-19  +2.898370844426012e-17
+13   -5.702254341906012e-19  -2.668159733493565e-16
+14   +3.360899877902863e-19  +3.207795743039662e-18
+15   -4.477483320361049e-19  -5.065838446265124e-18
+16   +4.981563283557357e-19  +2.636924592979485e-18
+17   -5.389444923481635e-19  -2.679322351192094e-18
+18   +5.070033078505231e-19  +2.521379728689646e-18
+19   -5.105478745654361e-19  -2.175525031682713e-18
+20   +5.943455700767330e-19  +2.092060712069235e-18
+21   -6.452233454661044e-19  -1.984074781930219e-18
+22   +5.350909160451461e-19  +1.896002725853891e-18
+23   -4.548110047308525e-19  -1.852457216715638e-18
+24   +5.232653812881651e-19  +1.768966001611038e-18
+25   -6.263288879798907e-19  -1.652446572617960e-18
+26   +5.519890468909215e-19  +1.614892909061643e-18
+27   -5.576803904668170e-19  -1.595166519342935e-18
+28   +5.807002314771815e-19  +1.467807857681899e-18
+29   -5.830344401732928e-19  -1.407755262681695e-18
+30   +5.619250653189068e-19  +1.454307030961714e-18

