-30   -6.766539642474641e-18  +5.233641528945923e-18
-29   -4.506052446583692e-18  -7.417959619381965e-19
-28   -3.274556300069539e-18  -3.466409157616106e-19
-27   -7.213724811836468e-19  +9.385749994794541e-19
-26   -5.823679087471488e-19  -1.490850372516051e-18
-25   +2.502547751117023e-19  -2.458047672163196e-18
-24   +5.066869341262782e-18  +4.050335317780225e-19
-23   -8.737242006426818e-19  -1.065459507812043e-18
-22   +5.979935369826441e-18  +6.484262034612418e-19
-21   -3.083314446731123e-18  -7.641670600973579e-19
-20   +0.000000000000000e+00  +0.000000000000000e+00
-19   +1.577696168250179e-19  -7.609530466908886e-19
-18   +7.474414880929478e-18  -1.080174765045366e-18
-17   +6.338029649497878e-18  -6.354868906019011e-19
-16   -1.698624012010010e-18  -1.125733769517090e-18
-15   +4.052393567799298e-18  +5.672555028895385e-19
-14   +1.299980783443762e-18  -3.029692711219805e-19
-13   +5.619184069450217e-17  +3.394349321218469e-20
-12   +9.591304827390585e-19  -2.066852195347463e-18
-11   +6.726428581302169e-15  +3.131569750758306e-18
-10   +2.051568600035840e-16  +3.574643641420667e-18
 -9   +7.768085430381222e-13  -2.426591936472753e-19
 -8   +2.975745796083229e-14  +7.273232042465567e-19
 -7   +8.928370594156833e-11  +1.405259768750641e-20
 -6   +3.906156302903605e-12  +2.371026801039073e-18
 -5   +1.008987686429845e-08  -5.962511691272431e-18
 -4   +4.189389683887700e-10  +7.714888063167592e-19
 -3   +1.051390574680247e-06  -5.965917745308054e-19
 -2   -2.104289476431690e-08  +1.952277932778664e-18
 -1   -5.524786674699515e-05  -2.960154275201178e-18
 +0   +4.982217467827125e-01  +0.000000000000000e+00
 +1   -5.524786674699515e-05  +2.960154275201178e-18
 +2   -2.104289476431690e-08  -1.952277932778664e-18
 +3   +1.051390574680247e-06  +5.965917745308054e-19
 +4   +4.189389683887700e-10  -7.714888063167592e-19
 +5   +1.008987686429845e-08  +5.962511691272431e-18
 +6   +3.906156302903605e-12  -2.371026801039073e-18
 +7   +8.928370594156833e-11  -1.405259768750641e-20
 +8   +2.975745796083229e-14  -7.273232042465567e-19
 +9   +7.768085430381222e-13  +2.426591936472753e-19
+10   +2.051568600035840e-16  -3.574643641420667e-18
+11   +6.726428581302169e-15  -3.131569750758306e-18
+12   +9.591304827390585e-19  +2.066852195347463e-18
+13   +5.619184069450217e-17  -3.394349321218469e-20
+14   +1.299980783443762e-18  +3.029692711219805e-19
+15   +4.052393567799298e-18  -5.672555028895385e-19
+16   -1.698624012010010e-18  +1.125733769517090e-18
+17   +6.338029649497878e-18  +6.354868906019011e-19
+18   +7.474414880929478e-18  +1.080174765045366e-18
+19   +1.577696168250179e-19  +7.609530466908886e-19
+20   +0.000000000000000e+00  -0.000000000000000e+00
+21   -3.083314446731123e-18  +7.641670600973579e-19
+22   +5.979935369826441e-18  -6.484262034612418e-19
+23   -8.737242006426818e-19  +1.065459507812043e-18
+24   +5.066869341262782e-18  -4.050335317780225e-19
+25   +2.502547751117023e-19  +2.458047672163196e-18
+26   -5.823679087471488e-19  +1.490850372516051e-18
+27   -7.213724811836468e-19  -9.385749994794541e-19
+28   -3.274556300069539e-18  +3.466409157616106e-19
+29   -4.506052446583692e-18  +7.417959619381965e-19
+30   -6.766539642474641e-18  -5.233641528945923e-18

