-30   -6.764734670155426e-15  -1.240474239921436e-15
-29   +5.994143004726359e-15  -2.401938696990368e-15
-28   +1.748317058693710e-15  -1.693547991924225e-16
-27   +2.174066068876242e-15  +2.452841557117124e-15
-26   -4.611700950808960e-15  +2.559293594103076e-15
-25   +3.253189021726545e-15  +1.133778403075498e-16
-24   -1.061279867860940e-14  +7.318224733178327e-15
-23   -8.272589666981638e-15  +1.008575969695793e-17
-22   +1.785223810858603e-15  -5.653685295996651e-15
-21   +1.593372005170027e-15  +1.588439244187943e-15
-20   +6.433979514369784e-16  -4.098610733948542e-18
-19   -3.366294154692700e-15  +1.923499147401456e-15
-18   -5.016763314145601e-15  +2.200747749695863e-16
-17   +3.665700591128000e-15  -5.337665433064205e-15
-16   -3.737883176256200e-15  +5.867776722455923e-15
-15   -7.184853723382456e-13  -4.549388301104443e-15
-14   +2.014349317445429e-13  -6.878772740294932e-15
-13   -8.179877393308278e-11  -2.837997572013364e-15
-12   +1.784965631602934e-11  +3.488545473218520e-15
-11   -9.503423749787665e-09  +1.826105767657263e-14
-10   +1.528011441422861e-09  -7.436943806359375e-16
 -9   -1.103038097497024e-06  -1.054837801849493e-14
 -8   +1.147598999647171e-07  -1.306493151310476e-15
 -7   -1.278533451010156e-04  +1.787463360647791e-15
 -6   +6.165854883339977e-06  +4.056553009881005e-15
 -5   -1.478664961116965e-02  +3.490321457781202e-15
 -4   -7.930773798283522e-05  +8.701360172686798e-16
 -3   -1.703532770061465e+00  +4.142592167285211e-15
 -2   -8.746529286056007e-02  +1.858163280813760e-15
 -1   -1.956685963518004e+02  +8.619359760443285e-15
 +0   +1.075828550362047e+00  +0.000000000000000e+00
 +1   -1.956685963518004e+02  -8.619359760443285e-15
 +2   -8.746529286056007e-02  -1.858163280813760e-15
 +3   -1.703532770061465e+00  -4.142592167285211e-15
 +4   -7.930773798283522e-05  -8.701360172686798e-16
 +5   -1.478664961116965e-02  -3.490321457781202e-15
 +6   +6.165854883339977e-06  -4.056553009881005e-15
 +7   -1.278533451010156e-04  -1.787463360647791e-15
 +8   +1.147598999647171e-07  +1.306493151310476e-15
 +9   -1.103038097497024e-06  +1.054837801849493e-14
+10   +1.528011441422861e-09  +7.436943806359375e-16
+11   -9.503423749787665e-09  -1.826105767657263e-14
+12   +1.784965631602934e-11  -3.488545473218520e-15
+13   -8.179877393308278e-11  +2.837997572013364e-15
+14   +2.014349317445429e-13  +6.878772740294932e-15
+15   -7.184853723382456e-13  +4.549388301104443e-15
+16   -3.737883176256200e-15  -5.867776722455923e-15
+17   +3.665700591128000e-15  +5.337665433064205e-15
+18   -5.016763314145601e-15  -2.200747749695863e-16
+19   -3.366294154692700e-15  -1.923499147401456e-15
+20   +6.433979514369784e-16  +4.098610733948542e-18
+21   +1.593372005170027e-15  -1.588439244187943e-15
+22   +1.785223810858603e-15  +5.653685295996651e-15
+23   -8.272589666981638e-15  -1.008575969695793e-17
+24   -1.061279867860940e-14  -7.318224733178327e-15
+25   +3.253189021726545e-15  -1.133778403075498e-16
+26   -4.611700950808960e-15  -2.559293594103076e-15
+27   +2.174066068876242e-15  -2.452841557117124e-15
+28   +1.748317058693710e-15  +1.693547991924225e-16
+29   +5.994143004726359e-15  +2.401938696990368e-15
+30   -6.764734670155426e-15  +1.240474239921436e-15

