-30   +1.636897286335203e-15  -4.001473140504476e-15
-29   +6.508906996301334e-15  +5.734884468142370e-15
-28   +1.457196522763112e-15  -3.162486787601530e-15
-27   +1.367012861601138e-15  -5.906461626831656e-15
-26   +2.641598008794508e-15  -3.866637347777106e-15
-25   +4.961292529162898e-15  -1.240522225344587e-15
-24   +3.379823798085002e-15  +2.602217563084089e-15
-23   +2.469523396624297e-15  +3.512897685106500e-16
-22   +3.260907251360964e-15  +8.988156095561869e-16
-21   -2.652994326239525e-15  +2.084951828823737e-15
-20   -3.996190068255671e-15  -3.517375389567285e-15
-19   +2.099324585839953e-15  +1.636623857366451e-15
-18   -4.762393778270694e-15  +1.980870717869224e-15
-17   +3.149642456484881e-15  -5.552462218283757e-15
-16   +5.346994126822291e-15  +5.513461133438684e-15
-15   -7.069628563820261e-15  +6.952913898054376e-13
-14   +8.677180031787016e-15  -1.924493925073520e-13
-13   -1.217132046605731e-14  +8.181282453772363e-11
-12   +3.883992129576405e-15  -1.784763643324650e-11
-11   -3.768245505103881e-15  +9.504722184856282e-09
-10   +8.097814500898729e-15  -1.528463211966788e-09
 -9   +4.113665281755475e-15  +1.103239611159746e-06
 -8   +3.266571810302659e-15  -1.148147391661560e-07
 -7   -7.035644741994576e-15  +1.278867080093649e-04
 -6   +4.688745624034005e-15  -6.172989153079126e-06
 -5   -3.667205428214970e-16  +1.479281031945914e-02
 -4   -5.182204128756156e-15  +7.835333815179504e-05
 -3   +7.704747302087874e-15  +1.704937445435407e+00
 -2   -3.298488057801283e-15  +8.733281653095239e-02
 -1   +1.802837203701555e-14  +1.962624830567120e+02
 +0   -1.265654248072678e-15  +0.000000000000000e+00
 +1   +1.802837203701555e-14  -1.962624830567120e+02
 +2   -3.298488057801283e-15  -8.733281653095239e-02
 +3   +7.704747302087874e-15  -1.704937445435407e+00
 +4   -5.182204128756156e-15  -7.835333815179504e-05
 +5   -3.667205428214970e-16  -1.479281031945914e-02
 +6   +4.688745624034005e-15  +6.172989153079126e-06
 +7   -7.035644741994576e-15  -1.278867080093649e-04
 +8   +3.266571810302659e-15  +1.148147391661560e-07
 +9   +4.113665281755475e-15  -1.103239611159746e-06
+10   +8.097814500898729e-15  +1.528463211966788e-09
+11   -3.768245505103881e-15  -9.504722184856282e-09
+12   +3.883992129576405e-15  +1.784763643324650e-11
+13   -1.217132046605731e-14  -8.181282453772363e-11
+14   +8.677180031787016e-15  +1.924493925073520e-13
+15   -7.069628563820261e-15  -6.952913898054376e-13
+16   +5.346994126822291e-15  -5.513461133438684e-15
+17   +3.149642456484881e-15  +5.552462218283757e-15
+18   -4.762393778270694e-15  -1.980870717869224e-15
+19   +2.099324585839953e-15  -1.636623857366451e-15
+20   -3.996190068255671e-15  +3.517375389567285e-15
+21   -2.652994326239525e-15  -2.084951828823737e-15
+22   +3.260907251360964e-15  -8.988156095561869e-16
+23   +2.469523396624297e-15  -3.512897685106500e-16
+24   +3.379823798085002e-15  -2.602217563084089e-15
+25   +4.961292529162898e-15  +1.240522225344587e-15
+26   +2.641598008794508e-15  +3.866637347777106e-15
+27   +1.367012861601138e-15  +5.906461626831656e-15
+28   +1.457196522763112e-15  +3.162486787601530e-15
+29   +6.508906996301334e-15  -5.734884468142370e-15
+30   +1.636897286335203e-15  +4.001473140504476e-15

