-30   +2.467798507759200e-20  -3.913401404428592e-20
-29   -7.004099429031203e-21  +1.439129021096129e-20
-28   -3.458154837362425e-22  +5.318968126921376e-21
-27   -1.363471140115652e-20  +5.098800283433683e-21
-26   +3.768952627950769e-20  -6.759391719723538e-21
-25   -3.820387917046052e-20  +6.243387641285011e-20
-24   -3.707440477511837e-20  -1.191830188403827e-21
-23   -2.038000266218032e-20  +4.198416558915811e-24
-22   -1.661701952080337e-20  +1.304817290771108e-21
-21   +1.962712907092093e-20  +2.595886783192862e-20
-20   -1.058254767914593e-20  +1.058254767914593e-20
-19   +3.883008997365072e-21  +6.189695170557770e-21
-18   -2.349605180593083e-20  -2.090350515018356e-20
-17   -4.786316071597085e-20  -7.743700436632214e-21
-16   -1.798495173265063e-20  -6.995364124366145e-21
-15   +6.082282596612302e-21  +2.170509373801144e-21
-14   -1.801071641341560e-19  -1.396256449585673e-20
-13   +3.521939977481406e-20  +1.650399325572300e-20
-12   -2.470023114265825e-17  +1.892321989920933e-20
-11   +3.801232202490796e-18  -5.508287085190000e-21
-10   -3.818683648533612e-15  -3.969863778604969e-20
 -9   +3.704302369014892e-16  +1.207021658634048e-21
 -8   -6.297941260704587e-13  -7.635729513226951e-21
 -7   +2.600894793437514e-14  +8.342323102006121e-21
 -6   -1.152346332302124e-10  +7.028403372402548e-21
 -5   -1.231885871535494e-12  +1.836480091539047e-20
 -4   -2.555488934964191e-08  -8.440342516893746e-21
 -3   -1.125517095264704e-09  +8.559266021376321e-21
 -2   -9.154699060136750e-06  +1.052066465682375e-20
 -1   +2.891009172943289e-06  +9.627732713526531e-21
 +0   +2.551468237811163e-03  +0.000000000000000e+00
 +1   +2.891009172943289e-06  -9.627732713526531e-21
 +2   -9.154699060136750e-06  -1.052066465682375e-20
 +3   -1.125517095264704e-09  -8.559266021376321e-21
 +4   -2.555488934964191e-08  +8.440342516893746e-21
 +5   -1.231885871535494e-12  -1.836480091539047e-20
 +6   -1.152346332302124e-10  -7.028403372402548e-21
 +7   +2.600894793437514e-14  -8.342323102006121e-21
 +8   -6.297941260704587e-13  +7.635729513226951e-21
 +9   +3.704302369014892e-16  -1.207021658634048e-21
+10   -3.818683648533612e-15  +3.969863778604969e-20
+11   +3.801232202490796e-18  +5.508287085190000e-21
+12   -2.470023114265825e-17  -1.892321989920933e-20
+13   +3.521939977481406e-20  -1.650399325572300e-20
+14   -1.801071641341560e-19  +1.396256449585673e-20
+15   +6.082282596612302e-21  -2.170509373801144e-21
+16   -1.798495173265063e-20  +6.995364124366145e-21
+17   -4.786316071597085e-20  +7.743700436632214e-21
+18   -2.349605180593083e-20  +2.090350515018356e-20
+19   +3.883008997365072e-21  -6.189695170557770e-21
+20   -1.058254767914593e-20  -1.058254767914593e-20
+21   +1.962712907092093e-20  -2.595886783192862e-20
+22   -1.661701952080337e-20  -1.304817290771108e-21
+23   -2.038000266218032e-20  -4.198416558915811e-24
+24   -3.707440477511837e-20  +1.191830188403827e-21
+25   -3.820387917046052e-20  -6.243387641285011e-20
+26   +3.768952627950769e-20  +6.759391719723538e-21
+27   -1.363471140115652e-20  -5.098800283433683e-21
+28   -3.458154837362425e-22  -5.318968126921376e-21
+29   -7.004099429031203e-21  -1.439129021096129e-20
+30   +2.467798507759200e-20  +3.913401404428592e-20

