-30   -5.215576777576925e-15  -9.473903142949652e-16
-29   +5.102144244801792e-15  -5.394308660566326e-15
-28   +2.741476478553429e-15  -5.462410140580807e-17
-27   +2.994479328005915e-15  +2.869021576885410e-15
-26   -5.794740488912430e-15  +1.768977368745239e-15
-25   +1.957734875459685e-15  -1.606046168101124e-16
-24   -6.359521298166240e-15  +5.951426330121750e-15
-23   -7.441037185366894e-15  -1.939577304830194e-15
-22   +2.442030724408956e-15  -5.455607646060174e-15
-21   +1.293354826813487e-14  +3.537956470608964e-15
-20   +1.073177437463247e-15  -1.241171564166777e-15
-19   +5.358879734542622e-15  +1.885951305488566e-15
-18   -5.128489094683375e-15  -8.530872293264090e-16
-17   +4.532832840789792e-15  -8.084373086848662e-15
-16   -6.558193804876719e-15  +1.053293328884754e-14
-15   -7.184747589027177e-13  -3.591241632879197e-15
-14   +1.969599960756923e-13  -4.791944903604796e-15
-13   -8.180234963126199e-11  -8.518235148029469e-16
-12   +1.784723443234965e-11  +3.530885282204953e-15
-11   -9.503398480425254e-09  +9.279611828504646e-15
-10   +1.528011205890848e-09  -7.789891811198870e-16
 -9   -1.103034968683734e-06  -1.686329358921780e-14
 -8   +1.147599182453865e-07  -7.449409972256710e-16
 -7   -1.278529854128523e-04  +3.965674766019837e-15
 -6   +6.165876224033235e-06  +6.261326097929525e-15
 -5   -1.478660896116843e-02  +1.960931417244183e-15
 -4   -7.930397977844410e-05  +4.551799959080102e-15
 -3   -1.703528534476046e+00  +3.948303137975808e-15
 -2   -8.746545961035052e-02  +6.674490869032799e-16
 -1   -1.956688189236052e+02  +1.122468312489699e-14
 +0   +1.075828746487720e+00  +0.000000000000000e+00
 +1   -1.956688189236052e+02  -1.122468312489699e-14
 +2   -8.746545961035052e-02  -6.674490869032799e-16
 +3   -1.703528534476046e+00  -3.948303137975808e-15
 +4   -7.930397977844410e-05  -4.551799959080102e-15
 +5   -1.478660896116843e-02  -1.960931417244183e-15
 +6   +6.165876224033235e-06  -6.261326097929525e-15
 +7   -1.278529854128523e-04  -3.965674766019837e-15
 +8   +1.147599182453865e-07  +7.449409972256710e-16
 +9   -1.103034968683734e-06  +1.686329358921780e-14
+10   +1.528011205890848e-09  +7.789891811198870e-16
+11   -9.503398480425254e-09  -9.279611828504646e-15
+12   +1.784723443234965e-11  -3.530885282204953e-15
+13   -8.180234963126199e-11  +8.518235148029469e-16
+14   +1.969599960756923e-13  +4.791944903604796e-15
+15   -7.184747589027177e-13  +3.591241632879197e-15
+16   -6.558193804876719e-15  -1.053293328884754e-14
+17   +4.532832840789792e-15  +8.084373086848662e-15
+18   -5.128489094683375e-15  +8.530872293264090e-16
+19   +5.358879734542622e-15  -1.885951305488566e-15
+20   +1.073177437463247e-15  +1.241171564166777e-15
+21   +1.293354826813487e-14  -3.537956470608964e-15
+22   +2.442030724408956e-15  +5.455607646060174e-15
+23   -7.441037185366894e-15  +1.939577304830194e-15
+24   -6.359521298166240e-15  -5.951426330121750e-15
+25   +1.957734875459685e-15  +1.606046168101124e-16
+26   -5.794740488912430e-15  -1.768977368745239e-15
+27   +2.994479328005915e-15  -2.869021576885410e-15
+28   +2.741476478553429e-15  +5.462410140580807e-17
+29   +5.102144244801792e-15  +5.394308660566326e-15
+30   -5.215576777576925e-15  +9.473903142949652e-16

