-30   +1.310923737740629e-15  -2.893301279344312e-15
-29   +4.244739368740721e-15  +2.734011728086011e-15
-28   +9.553578860497421e-16  -4.282224319477685e-15
-27   +1.496985741228619e-15  -3.891059199631734e-15
-26   +2.708634226100242e-15  -5.535678210779158e-15
-25   +4.088929081858280e-15  -2.137418954835845e-15
-24   +5.042946362561099e-15  +2.816449115465746e-15
-23   +2.081256727183839e-15  -6.530695950047636e-16
-22   +2.279183907070335e-15  +1.095497139163557e-15
-21   -4.004077071415343e-15  +3.004269074042245e-15
-20   -4.326704197370757e-15  -3.898960051741398e-15
-19   +5.021728440576072e-15  -1.135565116219560e-15
-18   -3.759064961747601e-15  +2.087472547024628e-16
-17   +9.685438096663034e-16  -5.363237350872965e-15
-16   +7.320424698800483e-15  +6.832567816993887e-15
-15   -6.618481942262646e-15  +6.943900686235704e-13
-14   +7.147423541179598e-15  -1.926162231891910e-13
-13   -1.256028730328978e-14  +8.181229504372380e-11
-12   +5.068439127916671e-15  -1.784815436805598e-11
-11   -4.076219734533456e-15  +9.504691471031050e-09
-10   +9.205302133176670e-15  -1.528461496146724e-09
 -9   +3.721381328702143e-15  +1.103236033740276e-06
 -8   +5.774801473255234e-15  -1.148147637853774e-07
 -7   -6.578789616252127e-15  +1.278862945337493e-04
 -6   +7.726605784197266e-15  -6.173010466662624e-06
 -5   -1.936529640348776e-15  +1.479276349863508e-02
 -4   -3.419690744094925e-15  +7.834966880825591e-05
 -3   +4.892182306370810e-15  +1.704932694555942e+00
 -2   -2.140386665239166e-15  +8.733296867190231e-02
 -1   +1.660728656549534e-14  +1.962629618265542e+02
 +0   -2.094620773126129e-15  +0.000000000000000e+00
 +1   +1.660728656549534e-14  -1.962629618265542e+02
 +2   -2.140386665239166e-15  -8.733296867190231e-02
 +3   +4.892182306370810e-15  -1.704932694555942e+00
 +4   -3.419690744094925e-15  -7.834966880825591e-05
 +5   -1.936529640348776e-15  -1.479276349863508e-02
 +6   +7.726605784197266e-15  +6.173010466662624e-06
 +7   -6.578789616252127e-15  -1.278862945337493e-04
 +8   +5.774801473255234e-15  +1.148147637853774e-07
 +9   +3.721381328702143e-15  -1.103236033740276e-06
+10   +9.205302133176670e-15  +1.528461496146724e-09
+11   -4.076219734533456e-15  -9.504691471031050e-09
+12   +5.068439127916671e-15  +1.784815436805598e-11
+13   -1.256028730328978e-14  -8.181229504372380e-11
+14   +7.147423541179598e-15  +1.926162231891910e-13
+15   -6.618481942262646e-15  -6.943900686235704e-13
+16   +7.320424698800483e-15  -6.832567816993887e-15
+17   +9.685438096663034e-16  +5.363237350872965e-15
+18   -3.759064961747601e-15  -2.087472547024628e-16
+19   +5.021728440576072e-15  +1.135565116219560e-15
+20   -4.326704197370757e-15  +3.898960051741398e-15
+21   -4.004077071415343e-15  -3.004269074042245e-15
+22   +2.279183907070335e-15  -1.095497139163557e-15
+23   +2.081256727183839e-15  +6.530695950047636e-16
+24   +5.042946362561099e-15  -2.816449115465746e-15
+25   +4.088929081858280e-15  +2.137418954835845e-15
+26   +2.708634226100242e-15  +5.535678210779158e-15
+27   +1.496985741228619e-15  +3.891059199631734e-15
+28   +9.553578860497421e-16  +4.282224319477685e-15
+29   +4.244739368740721e-15  -2.734011728086011e-15
+30   +1.310923737740629e-15  +2.893301279344312e-15

