-30   +3.913401404406927e-20  -3.066586833377374e-20
-29   -1.304100538762882e-20  +1.657439076278221e-20
-28   -2.222799620986070e-20  +8.961580128609366e-21
-27   -1.817164538917413e-20  +4.524167254842432e-21
-26   +2.911276470392533e-20  -9.858423649510775e-21
-25   +1.497416707534983e-20  +9.321729978272450e-21
-24   -3.213618867236702e-20  +4.307728090832480e-21
-23   +3.859037697287119e-21  +1.167653109190809e-20
-22   -3.876207865726366e-21  -4.034090631747904e-21
-21   -5.466166981086023e-21  +1.959971621587502e-20
-20   +1.832951025380086e-20  +3.949460561209272e-20
-19   +2.270220541679300e-20  +1.373245359438115e-20
-18   -1.542866773615817e-20  -1.191370167467143e-20
-17   -9.241397608019612e-21  +1.964752482468348e-21
-16   +1.355320631495868e-20  +7.506454735679178e-22
-15   -5.585121679077077e-20  -1.729769253301071e-20
-14   -1.760018914546656e-19  +5.672825437097106e-21
-13   +4.248037511701313e-20  +5.126945121642693e-21
-12   -2.470284506133649e-17  -1.201167514141765e-20
-11   +3.819798520019043e-18  -1.244021809257999e-20
-10   -3.819701147505839e-15  +3.979096112546608e-21
 -9   +3.696880305747469e-16  +2.327908284063838e-21
 -8   -6.299559690333567e-13  -6.520651504111987e-21
 -7   +2.591912070224327e-14  -3.820226571181979e-21
 -6   -1.152595696926938e-10  -2.484453125674358e-21
 -5   -1.238439223289682e-12  +9.867226565123446e-21
 -4   -2.555838720839000e-08  +1.242976733796350e-22
 -3   -1.122271809221055e-09  +1.172895235032149e-20
 -2   -9.153803098318221e-06  -6.458626222814040e-21
 -1   +2.890999125805598e-06  +1.133612427742005e-20
 +0   +2.551463651477441e-03  +0.000000000000000e+00
 +1   +2.890999125805598e-06  -1.133612427742005e-20
 +2   -9.153803098318221e-06  +6.458626222814040e-21
 +3   -1.122271809221055e-09  -1.172895235032149e-20
 +4   -2.555838720839000e-08  -1.242976733796350e-22
 +5   -1.238439223289682e-12  -9.867226565123446e-21
 +6   -1.152595696926938e-10  +2.484453125674358e-21
 +7   +2.591912070224327e-14  +3.820226571181979e-21
 +8   -6.299559690333567e-13  +6.520651504111987e-21
 +9   +3.696880305747469e-16  -2.327908284063838e-21
+10   -3.819701147505839e-15  -3.979096112546608e-21
+11   +3.819798520019043e-18  +1.244021809257999e-20
+12   -2.470284506133649e-17  +1.201167514141765e-20
+13   +4.248037511701313e-20  -5.126945121642693e-21
+14   -1.760018914546656e-19  -5.672825437097106e-21
+15   -5.585121679077077e-20  +1.729769253301071e-20
+16   +1.355320631495868e-20  -7.506454735679178e-22
+17   -9.241397608019612e-21  -1.964752482468348e-21
+18   -1.542866773615817e-20  +1.191370167467143e-20
+19   +2.270220541679300e-20  -1.373245359438115e-20
+20   +1.832951025380086e-20  -3.949460561209272e-20
+21   -5.466166981086023e-21  -1.959971621587502e-20
+22   -3.876207865726366e-21  +4.034090631747904e-21
+23   +3.859037697287119e-21  -1.167653109190809e-20
+24   -3.213618867236702e-20  -4.307728090832480e-21
+25   +1.497416707534983e-20  -9.321729978272450e-21
+26   +2.911276470392533e-20  +9.858423649510775e-21
+27   -1.817164538917413e-20  -4.524167254842432e-21
+28   -2.222799620986070e-20  -8.961580128609366e-21
+29   -1.304100538762882e-20  -1.657439076278221e-20
+30   +3.913401404406927e-20  +3.066586833377374e-20

