+0 +0.000000000000000e+00
+1 -2.192570751039863e+00
+2 -3.337210485152316e-04
+3 -3.295001430784809e-03
+4 -3.100641837553634e-07
+5 -1.277777228255234e-05
+6 +2.656653938969483e-09
+7 -6.528934650263711e-08
+8 +3.896981617017843e-11
+9 -3.811358020968523e-10
+10 +3.909623517789392e-13
+11 -2.406970334833748e-12
+12 +3.575403215728924e-15
+13 -1.598374148054884e-14
+14 +3.352536114322669e-17
+15 -1.148429526509967e-16
+16 -2.988472614625019e-18
+17 +4.222181557460857e-17
+18 -7.557217404533189e-19
+19 +1.791113553353810e-17
+20 +8.523031484487492e-18
+21 -1.741029421437193e-18
+22 +1.045147659820405e-18
+23 -3.138560140421878e-18
+24 +4.841179808459997e-19
+25 +1.804010647744400e-17
+26 +1.138832044459469e-17
+27 +1.353562726113761e-18
+28 -1.606524478777593e-18
+29 +1.135662933489498e-17
+30 -7.328381030316504e-18
