-30   +9.866825044384335e-32  +0.000000000000000e+00
-29   -8.264614852935558e-32  +0.000000000000000e+00
-28   +1.152214389972552e-29  +0.000000000000000e+00
-27   -8.981784921155173e-30  +0.000000000000000e+00
-26   +1.345796694864170e-27  +0.000000000000000e+00
-25   -9.707957004828207e-28  +0.000000000000000e+00
-24   +1.572340604472059e-25  +0.000000000000000e+00
-23   -1.042625262966884e-25  +0.000000000000000e+00
-22   +1.837626244160205e-23  +0.000000000000000e+00
-21   -1.111336478774065e-23  +0.000000000000000e+00
-20   +2.148525681937873e-21  +0.000000000000000e+00
-19   -1.173812390354585e-21  +0.000000000000000e+00
-18   +2.513253879385286e-19  +0.000000000000000e+00
-17   -1.225931800356385e-19  +0.000000000000000e+00
-16   +2.941707830030734e-17  +0.000000000000000e+00
-15   -1.262283453934518e-17  +0.000000000000000e+00
-14   +3.445948549195043e-15  +0.000000000000000e+00
-13   -1.275777398414534e-15  +0.000000000000000e+00
-12   +4.040934273806599e-13  +0.000000000000000e+00
-11   -1.257081990740494e-13  +0.000000000000000e+00
-10   +4.745740802486063e-11  +0.000000000000000e+00
 -9   -1.193714115445516e-11  +0.000000000000000e+00
 -8   +5.585843573663731e-09  +0.000000000000000e+00
 -7   -1.068274593846698e-09  +0.000000000000000e+00
 -6   +6.598068407609168e-07  +0.000000000000000e+00
 -5   -8.538812966147773e-08  +0.000000000000000e+00
 -4   +7.843540680322773e-05  +0.000000000000000e+00
 -3   -4.955879401641646e-06  +0.000000000000000e+00
 -2   +9.448437200864758e-03  +0.000000000000000e+00
 -1   +2.817062998637781e-04  +0.000000000000000e+00
 +0   +1.000000000000001e+00  +0.000000000000000e+00
 +1   +2.817062998637781e-04  +0.000000000000000e+00
 +2   +9.448437200864759e-03  +0.000000000000000e+00
 +3   -4.955879401641648e-06  +0.000000000000000e+00
 +4   +7.843540680322772e-05  +0.000000000000000e+00
 +5   -8.538812966147772e-08  +0.000000000000000e+00
 +6   +6.598068407609168e-07  +0.000000000000000e+00
 +7   -1.068274593846699e-09  +0.000000000000000e+00
 +8   +5.585843573663730e-09  +0.000000000000000e+00
 +9   -1.193714115445517e-11  +0.000000000000000e+00
+10   +4.745740802486060e-11  +0.000000000000000e+00
+11   -1.257081990740494e-13  +0.000000000000000e+00
+12   +4.040934273806598e-13  +0.000000000000000e+00
+13   -1.275777398414535e-15  +0.000000000000000e+00
+14   +3.445948549195042e-15  +0.000000000000000e+00
+15   -1.262283453934519e-17  +0.000000000000000e+00
+16   +2.941707830030735e-17  +0.000000000000000e+00
+17   -1.225931800356385e-19  +0.000000000000000e+00
+18   +2.513253879385286e-19  +0.000000000000000e+00
+19   -1.173812390354586e-21  +0.000000000000000e+00
+20   +2.148525681937874e-21  +0.000000000000000e+00
+21   -1.111336478774066e-23  +0.000000000000000e+00
+22   +1.837626244160205e-23  +0.000000000000000e+00
+23   -1.042625262966885e-25  +0.000000000000000e+00
+24   +1.572340604472059e-25  +0.000000000000000e+00
+25   -9.707957004828208e-28  +0.000000000000000e+00
+26   +1.345796694864170e-27  +0.000000000000000e+00
+27   -8.981784921155180e-30  +0.000000000000000e+00
+28   +1.152214389972552e-29  +0.000000000000000e+00
+29   -8.264614852935561e-32  +0.000000000000000e+00
+30   +9.866825044384337e-32  +0.000000000000000e+00

