+0 +1.000000000000001e+00
+1 +5.634125997275561e-04
+2 +1.889687440172952e-02
+3 -9.911758803283293e-06
+4 +1.568708136064555e-04
+5 -1.707762593229554e-07
+6 +1.319613681521834e-06
+7 -2.136549187693397e-09
+8 +1.117168714732746e-08
+9 -2.387428230891033e-11
+10 +9.491481604972123e-11
+11 -2.514163981480987e-13
+12 +8.081868547613197e-13
+13 -2.551554796829069e-15
+14 +6.891897098390084e-15
+15 -2.524566907869037e-17
+16 +5.883415660061468e-17
+17 -2.451863600712771e-19
+18 +5.026507758770572e-19
+19 -2.347624780709170e-21
+20 +4.297051363875747e-21
+21 -2.222672957548130e-23
+22 +3.675252488320410e-23
+23 -2.085250525933770e-25
+24 +3.144681208944118e-25
+25 -1.941591400965642e-27
+26 +2.691593389728341e-27
+27 -1.796356984231035e-29
+28 +2.304428779945104e-29
+29 -1.652922970587112e-31
+30 +1.973365008876867e-31
