+0 +0.000000000000000e+00
+1 -2.208209959116531e+00
+2 -8.816034384358018e-03
+3 -3.294695409716517e-03
+4 -2.608903482880384e-05
+5 -1.275461325118237e-05
+6 -1.169725657841022e-07
+7 -6.510121532083801e-08
+8 -6.243454149178369e-10
+9 -3.796979690327831e-10
+10 -3.666140487604185e-12
+11 -2.395924518165177e-12
+12 -2.282887545767304e-14
+13 -1.589585760323329e-14
+14 -1.472896782882659e-16
+15 -1.131153622735337e-16
+16 -1.081967301448438e-17
+17 +4.614090019273957e-17
+18 +5.537183950125234e-18
+19 +1.544546446172108e-17
+20 +4.714500154782485e-18
+21 +9.484517577094244e-20
+22 +2.135749124366036e-18
+23 +6.902458385444735e-18
+24 +5.536442666701906e-18
+25 +3.924147174250965e-18
+26 +9.344506552618904e-18
+27 +1.093425968043103e-17
+28 +2.018056939301384e-18
+29 +1.726930957554883e-17
+30 -8.182437068096614e-18
