+0 +1.107364808603986e+00
+1 +3.176275378536481e-04
+2 +7.951612237020112e-03
+3 -2.601256944841106e-06
+4 +5.073504115086347e-05
+5 -4.258032863700274e-08
+6 +3.618549492665436e-07
+7 -4.875685174516241e-10
+8 +2.713460483869540e-09
+9 -5.027365741989912e-12
+10 +2.093881626251711e-11
+11 -4.933839081065620e-14
+12 +1.646063231883779e-13
+13 -4.705558703339280e-16
+14 +1.310992487398488e-15
+15 -4.405142208118017e-18
+16 +1.054257245182507e-17
+17 -4.070433809307037e-20
+18 +8.541328135669717e-20
+19 -3.725006632607954e-22
+20 +6.961029372063902e-22
+21 -3.383646474878959e-24
+22 +5.700507357730749e-24
+23 -3.055495967008610e-26
+24 +4.686952931051989e-26
+25 -2.745979498125196e-28
+26 +3.866638291190963e-28
+27 -2.458037807336100e-30
+28 +3.199120035241419e-30
+29 -2.192882106492753e-32
+30 +2.653388938373799e-32
