-30   +1.296631899816446e-18  +0.000000000000000e+00
-29   -5.223975917717865e-18  +0.000000000000000e+00
-28   +4.469409031601921e-18  +0.000000000000000e+00
-27   +8.875698856537341e-18  +0.000000000000000e+00
-26   -5.070165634417863e-19  +0.000000000000000e+00
-25   +2.547308411147908e-18  +0.000000000000000e+00
-24   +3.303047955189979e-18  +0.000000000000000e+00
-23   -8.375816979495306e-18  +0.000000000000000e+00
-22   +3.239065913047062e-18  +0.000000000000000e+00
-21   -2.801869261719921e-18  +0.000000000000000e+00
-20   -3.976274062048236e-18  +0.000000000000000e+00
-19   +9.534324117988967e-18  +0.000000000000000e+00
-18   -2.605914057014040e-18  +0.000000000000000e+00
-17   -1.580274087374634e-17  +0.000000000000000e+00
-16   +9.739611615730103e-19  +0.000000000000000e+00
-15   +5.082230754981477e-17  +0.000000000000000e+00
-14   -1.217056433517440e-17  +0.000000000000000e+00
-13   +7.996352158915904e-15  +0.000000000000000e+00
-12   -1.778359337335652e-15  +0.000000000000000e+00
-11   +1.204287023872005e-12  +0.000000000000000e+00
-10   -1.955467282896810e-13  +0.000000000000000e+00
 -9   +1.907072674954447e-10  +0.000000000000000e+00
 -8   -1.946615231042808e-11  +0.000000000000000e+00
 -7   +3.267130192173879e-08  +0.000000000000000e+00
 -6   -1.313819894744961e-09  +0.000000000000000e+00
 -5   +6.394203809029490e-06  +0.000000000000000e+00
 -4   +1.650512640664530e-07  +0.000000000000000e+00
 -3   +1.647836688424979e-03  +0.000000000000000e+00
 -2   +1.828742234634652e-04  +0.000000000000000e+00
 -1   +1.077382181353913e+00  +0.000000000000000e+00
 +0   -9.755242328703195e-04  +0.000000000000000e+00
 +1   +1.077382181353913e+00  +0.000000000000000e+00
 +2   +1.828742234634652e-04  +0.000000000000000e+00
 +3   +1.647836688424979e-03  +0.000000000000000e+00
 +4   +1.650512640664530e-07  +0.000000000000000e+00
 +5   +6.394203809029490e-06  +0.000000000000000e+00
 +6   -1.313819894744961e-09  +0.000000000000000e+00
 +7   +3.267130192173879e-08  +0.000000000000000e+00
 +8   -1.946615231042808e-11  +0.000000000000000e+00
 +9   +1.907072674954447e-10  +0.000000000000000e+00
+10   -1.955467282896810e-13  +0.000000000000000e+00
+11   +1.204287023872005e-12  +0.000000000000000e+00
+12   -1.778359337335652e-15  +0.000000000000000e+00
+13   +7.996352158915904e-15  +0.000000000000000e+00
+14   -1.217056433517440e-17  +0.000000000000000e+00
+15   +5.082230754981477e-17  +0.000000000000000e+00
+16   +9.739611615730103e-19  +0.000000000000000e+00
+17   -1.580274087374634e-17  +0.000000000000000e+00
+18   -2.605914057014040e-18  +0.000000000000000e+00
+19   +9.534324117988967e-18  +0.000000000000000e+00
+20   -3.976274062048236e-18  +0.000000000000000e+00
+21   -2.801869261719921e-18  +0.000000000000000e+00
+22   +3.239065913047062e-18  +0.000000000000000e+00
+23   -8.375816979495306e-18  +0.000000000000000e+00
+24   +3.303047955189979e-18  +0.000000000000000e+00
+25   +2.547308411147908e-18  +0.000000000000000e+00
+26   -5.070165634417863e-19  +0.000000000000000e+00
+27   +8.875698856537341e-18  +0.000000000000000e+00
+28   +4.469409031601921e-18  +0.000000000000000e+00
+29   -5.223975917717865e-18  +0.000000000000000e+00
+30   +1.296631899816446e-18  +0.000000000000000e+00

