-30   -0.000000000000000e+00  -3.664190515158252e-18
-29   +0.000000000000000e+00  +5.678314667447488e-18
-28   -0.000000000000000e+00  -8.032622393887966e-19
-27   +0.000000000000000e+00  +6.767813630568806e-19
-26   +0.000000000000000e+00  +5.694160222297345e-18
-25   +0.000000000000000e+00  +9.020053238722001e-18
-24   +0.000000000000000e+00  +2.420589904229998e-19
-23   -0.000000000000000e+00  -1.569280070210939e-18
-22   +0.000000000000000e+00  +5.225738299102025e-19
-21   -0.000000000000000e+00  -8.705147107185967e-19
-20   +0.000000000000000e+00  +4.261515742243746e-18
-19   +0.000000000000000e+00  +8.955567766769051e-18
-18   -0.000000000000000e+00  -3.778608702266594e-19
-17   +0.000000000000000e+00  +2.111090778730428e-17
-16   -0.000000000000000e+00  -1.494236307312509e-18
-15   -0.000000000000000e+00  -5.742147632549837e-17
-14   +0.000000000000000e+00  +1.676268057161334e-17
-13   -0.000000000000000e+00  -7.991870740274420e-15
-12   +0.000000000000000e+00  +1.787701607864462e-15
-11   -0.000000000000000e+00  -1.203485167416874e-12
-10   +0.000000000000000e+00  +1.954811758894696e-13
 -9   -0.000000000000000e+00  -1.905679010484261e-10
 -8   +0.000000000000000e+00  +1.948490808508922e-11
 -7   -0.000000000000000e+00  -3.264467325131856e-08
 -6   +0.000000000000000e+00  +1.328326969484741e-09
 -5   -0.000000000000000e+00  -6.388886141276172e-06
 -4   -0.000000000000000e+00  -1.550320918776817e-07
 -3   -0.000000000000000e+00  -1.647500715392404e-03
 -2   -0.000000000000000e+00  -1.668605242576158e-04
 -1   -0.000000000000000e+00  -1.096285375519932e+00
 +0   +0.000000000000000e+00  +0.000000000000000e+00
 +1   +0.000000000000000e+00  +1.096285375519932e+00
 +2   +0.000000000000000e+00  +1.668605242576158e-04
 +3   +0.000000000000000e+00  +1.647500715392404e-03
 +4   +0.000000000000000e+00  +1.550320918776817e-07
 +5   +0.000000000000000e+00  +6.388886141276172e-06
 +6   -0.000000000000000e+00  -1.328326969484741e-09
 +7   +0.000000000000000e+00  +3.264467325131856e-08
 +8   -0.000000000000000e+00  -1.948490808508922e-11
 +9   +0.000000000000000e+00  +1.905679010484261e-10
+10   -0.000000000000000e+00  -1.954811758894696e-13
+11   +0.000000000000000e+00  +1.203485167416874e-12
+12   -0.000000000000000e+00  -1.787701607864462e-15
+13   +0.000000000000000e+00  +7.991870740274420e-15
+14   -0.000000000000000e+00  -1.676268057161334e-17
+15   +0.000000000000000e+00  +5.742147632549837e-17
+16   +0.000000000000000e+00  +1.494236307312509e-18
+17   -0.000000000000000e+00  -2.111090778730428e-17
+18   +0.000000000000000e+00  +3.778608702266594e-19
+19   -0.000000000000000e+00  -8.955567766769051e-18
+20   -0.000000000000000e+00  -4.261515742243746e-18
+21   +0.000000000000000e+00  +8.705147107185967e-19
+22   -0.000000000000000e+00  -5.225738299102025e-19
+23   +0.000000000000000e+00  +1.569280070210939e-18
+24   -0.000000000000000e+00  -2.420589904229998e-19
+25   -0.000000000000000e+00  -9.020053238722001e-18
+26   -0.000000000000000e+00  -5.694160222297345e-18
+27   -0.000000000000000e+00  -6.767813630568806e-19
+28   +0.000000000000000e+00  +8.032622393887966e-19
+29   -0.000000000000000e+00  -5.678314667447488e-18
+30   +0.000000000000000e+00  +3.664190515158252e-18

