+0 +1.000000000000000e+00
+1 +5.634125997275535e-04
+2 +1.889687440172953e-02
+3 -9.911758803271865e-06
+4 +1.568708136064541e-04
+5 -1.707762593247592e-07
+6 +1.319613681516496e-06
+7 -2.136549189097870e-09
+8 +1.117168714804206e-08
+9 -2.387427893744793e-11
+10 +9.491481795905023e-11
+11 -2.514162288597076e-13
+12 +8.081935920193785e-13
+13 -2.555198713936814e-15
+14 +6.891332592392447e-15
+15 -2.429355531199482e-17
+16 +3.193167425602670e-17
+17 +3.747790137718571e-18
+18 -1.347975845229461e-18
+19 +2.401078489677173e-18
+20 +1.652011698144828e-18
+21 +5.857388983445095e-18
+22 +2.205094479494189e-18
+23 +6.670392183059701e-18
+24 +6.601591872583122e-18
+25 -2.976542010672095e-18
+26 +7.689163879611811e-18
+27 +2.221443258818793e-18
+28 +3.510418464934287e-18
+29 +3.832114899316748e-18
+30 +1.034730344521144e-18
