+0 -1.011458708029087e+00
+1 +2.169831553648337e+00
+2 +1.533873092422720e-03
+3 +3.297839855045727e-03
+4 -2.035004819548594e-05
+5 +1.280446992436329e-05
+6 -2.141732537149230e-07
+7 +6.560158669732988e-08
+8 -1.858623751961942e-09
+9 +3.845811973791197e-10
+10 -1.549325668950553e-11
+11 +2.442688137449954e-12
+12 -1.277680506776811e-13
+13 +1.634647244316714e-14
+14 -1.038774177181873e-15
+15 +1.148116522585490e-16
+16 -1.146034058444608e-17
+17 -2.486027164288429e-17
+18 -3.512418517286453e-18
+19 +6.339566409681448e-18
+20 +1.743190184890981e-18
+21 -8.956925498253520e-18
+22 +2.790318179176059e-18
+23 -1.566288597030966e-17
+24 -4.415340686448690e-18
+25 +5.006963392415729e-18
+26 +3.882217370045485e-18
+27 -1.717582294575713e-18
+28 +1.329526335960663e-17
+29 -1.134118243481649e-17
+30 +2.997754922162149e-18
