+0 -6.314069567734365e-02
+1 +3.885638623098060e+02
+2 +1.736910203263810e-01
+3 +3.382908071670904e+00
+4 +1.574837567296640e-04
+5 +2.936360489127768e-02
+6 -1.224434579054630e-05
+7 +2.538935436545035e-04
+8 -2.278930052870148e-07
+9 +2.190433462394205e-06
+10 -3.034397556350703e-09
+11 +1.887207773500942e-08
+12 -3.541673845802642e-11
+13 +1.624480168818617e-10
+14 -3.850277028527898e-13
+15 +1.396833535433369e-12
+16 -1.615732593226984e-15
+17 +5.904595764487288e-15
+18 -5.802581938776896e-16
+19 +3.169147294802111e-15
+20 -7.207256243413968e-17
+21 -9.338636704899827e-16
+22 +1.665561119291641e-15
+23 -1.280667914677862e-16
+24 +9.757091081461343e-16
+25 +8.702723035396654e-16
+26 +3.474200948015231e-16
+27 +1.653241113538059e-15
+28 +3.028154256202219e-15
+29 -1.742791194753787e-15
+30 +1.892539661842207e-15
