-30   +1.498877461081075e-18  +0.000000000000000e+00
-29   -5.670591217408247e-18  +0.000000000000000e+00
-28   +6.647631679803314e-18  +0.000000000000000e+00
-27   -8.587911472878567e-19  +0.000000000000000e+00
-26   +1.941108685022742e-18  +0.000000000000000e+00
-25   +2.503481696207864e-18  +0.000000000000000e+00
-24   -2.207670343224345e-18  +0.000000000000000e+00
-23   -7.831442985154832e-18  +0.000000000000000e+00
-22   +1.395159089588030e-18  +0.000000000000000e+00
-21   -4.478462749126760e-18  +0.000000000000000e+00
-20   +8.715950924454903e-19  +0.000000000000000e+00
-19   +3.169783204840724e-18  +0.000000000000000e+00
-18   -1.756209258643227e-18  +0.000000000000000e+00
-17   -1.243013582144215e-17  +0.000000000000000e+00
-16   -5.730170292223040e-18  +0.000000000000000e+00
-15   +5.740582612927449e-17  +0.000000000000000e+00
-14   -5.193870885909367e-16  +0.000000000000000e+00
-13   +8.173236221583568e-15  +0.000000000000000e+00
-12   -6.388402533884056e-14  +0.000000000000000e+00
-11   +1.221344068724977e-12  +0.000000000000000e+00
-10   -7.746628344752763e-12  +0.000000000000000e+00
 -9   +1.922905986895598e-10  +0.000000000000000e+00
 -8   -9.293118759809709e-10  +0.000000000000000e+00
 -7   +3.280079334866494e-08  +0.000000000000000e+00
 -6   -1.070866268574615e-07  +0.000000000000000e+00
 -5   +6.402234962181647e-06  +0.000000000000000e+00
 -4   -1.017502409774297e-05  +0.000000000000000e+00
 -3   +1.648919927522864e-03  +0.000000000000000e+00
 -2   +7.669365462113600e-04  +0.000000000000000e+00
 -1   +1.084915776824169e+00  +0.000000000000000e+00
 +0   -1.011458708029087e+00  +0.000000000000000e+00
 +1   +1.084915776824169e+00  +0.000000000000000e+00
 +2   +7.669365462113600e-04  +0.000000000000000e+00
 +3   +1.648919927522864e-03  +0.000000000000000e+00
 +4   -1.017502409774297e-05  +0.000000000000000e+00
 +5   +6.402234962181647e-06  +0.000000000000000e+00
 +6   -1.070866268574615e-07  +0.000000000000000e+00
 +7   +3.280079334866494e-08  +0.000000000000000e+00
 +8   -9.293118759809709e-10  +0.000000000000000e+00
 +9   +1.922905986895598e-10  +0.000000000000000e+00
+10   -7.746628344752763e-12  +0.000000000000000e+00
+11   +1.221344068724977e-12  +0.000000000000000e+00
+12   -6.388402533884056e-14  +0.000000000000000e+00
+13   +8.173236221583568e-15  +0.000000000000000e+00
+14   -5.193870885909367e-16  +0.000000000000000e+00
+15   +5.740582612927449e-17  +0.000000000000000e+00
+16   -5.730170292223040e-18  +0.000000000000000e+00
+17   -1.243013582144215e-17  +0.000000000000000e+00
+18   -1.756209258643227e-18  +0.000000000000000e+00
+19   +3.169783204840724e-18  +0.000000000000000e+00
+20   +8.715950924454903e-19  +0.000000000000000e+00
+21   -4.478462749126760e-18  +0.000000000000000e+00
+22   +1.395159089588030e-18  +0.000000000000000e+00
+23   -7.831442985154832e-18  +0.000000000000000e+00
+24   -2.207670343224345e-18  +0.000000000000000e+00
+25   +2.503481696207864e-18  +0.000000000000000e+00
+26   +1.941108685022742e-18  +0.000000000000000e+00
+27   -8.587911472878567e-19  +0.000000000000000e+00
+28   +6.647631679803314e-18  +0.000000000000000e+00
+29   -5.670591217408247e-18  +0.000000000000000e+00
+30   +1.498877461081075e-18  +0.000000000000000e+00

