-30   +1.326694469186899e-32  +0.000000000000000e+00
-29   -1.096441053246377e-32  +0.000000000000000e+00
-28   +1.599560017620709e-30  +0.000000000000000e+00
-27   -1.229018903668050e-30  +0.000000000000000e+00
-26   +1.933319145595482e-28  +0.000000000000000e+00
-25   -1.372989749062599e-28  +0.000000000000000e+00
-24   +2.343476465525995e-26  +0.000000000000000e+00
-23   -1.527747983504305e-26  +0.000000000000000e+00
-22   +2.850253678865374e-24  +0.000000000000000e+00
-21   -1.691823237439479e-24  +0.000000000000000e+00
-20   +3.480514686031952e-22  +0.000000000000000e+00
-19   -1.862503316303975e-22  +0.000000000000000e+00
-18   +4.270664067834858e-20  +0.000000000000000e+00
-17   -2.035216904653519e-20  +0.000000000000000e+00
-16   +5.271286225912535e-18  +0.000000000000000e+00
-15   -2.202571104059008e-18  +0.000000000000000e+00
-14   +6.554962436992438e-16  +0.000000000000000e+00
-13   -2.352779351669640e-16  +0.000000000000000e+00
-12   +8.230316159418897e-14  +0.000000000000000e+00
-11   -2.466919540532808e-14  +0.000000000000000e+00
-10   +1.046940813125856e-11  +0.000000000000000e+00
 -9   -2.513682870994955e-12  +0.000000000000000e+00
 -8   +1.356730241934770e-09  +0.000000000000000e+00
 -7   -2.437842587258119e-10  +0.000000000000000e+00
 -6   +1.809274746332718e-07  +0.000000000000000e+00
 -5   -2.129016431850137e-08  +0.000000000000000e+00
 -4   +2.536752057543174e-05  +0.000000000000000e+00
 -3   -1.300628472420553e-06  +0.000000000000000e+00
 -2   +3.975806118510056e-03  +0.000000000000000e+00
 -1   +1.588137689268240e-04  +0.000000000000000e+00
 +0   +1.107364808603986e+00  +0.000000000000000e+00
 +1   +1.588137689268240e-04  +0.000000000000000e+00
 +2   +3.975806118510056e-03  +0.000000000000000e+00
 +3   -1.300628472420553e-06  +0.000000000000000e+00
 +4   +2.536752057543174e-05  +0.000000000000000e+00
 +5   -2.129016431850137e-08  +0.000000000000000e+00
 +6   +1.809274746332718e-07  +0.000000000000000e+00
 +7   -2.437842587258121e-10  +0.000000000000000e+00
 +8   +1.356730241934770e-09  +0.000000000000000e+00
 +9   -2.513682870994957e-12  +0.000000000000000e+00
+10   +1.046940813125855e-11  +0.000000000000000e+00
+11   -2.466919540532812e-14  +0.000000000000000e+00
+12   +8.230316159418897e-14  +0.000000000000000e+00
+13   -2.352779351669640e-16  +0.000000000000000e+00
+14   +6.554962436992440e-16  +0.000000000000000e+00
+15   -2.202571104059010e-18  +0.000000000000000e+00
+16   +5.271286225912535e-18  +0.000000000000000e+00
+17   -2.035216904653519e-20  +0.000000000000000e+00
+18   +4.270664067834858e-20  +0.000000000000000e+00
+19   -1.862503316303978e-22  +0.000000000000000e+00
+20   +3.480514686031951e-22  +0.000000000000000e+00
+21   -1.691823237439480e-24  +0.000000000000000e+00
+22   +2.850253678865375e-24  +0.000000000000000e+00
+23   -1.527747983504306e-26  +0.000000000000000e+00
+24   +2.343476465525994e-26  +0.000000000000000e+00
+25   -1.372989749062597e-28  +0.000000000000000e+00
+26   +1.933319145595481e-28  +0.000000000000000e+00
+27   -1.229018903668051e-30  +0.000000000000000e+00
+28   +1.599560017620709e-30  +0.000000000000000e+00
+29   -1.096441053246376e-32  +0.000000000000000e+00
+30   +1.326694469186900e-32  +0.000000000000000e+00

