+0 +0.000000000000000e+00
+1 -2.208209959116531e+00
+2 -8.816034384358077e-03
+3 -3.294695409716605e-03
+4 -2.608903482884108e-05
+5 -1.275461325124181e-05
+6 -1.169725657868062e-07
+7 -6.510121530944146e-08
+8 -6.243454402511852e-10
+9 -3.796979804858176e-10
+10 -3.666135538429659e-12
+11 -2.395937708030838e-12
+12 -2.285271091104405e-14
+13 -1.592536671980936e-14
+14 -1.483422880643600e-16
+15 -1.098325022054441e-16
+16 -9.911868681567451e-19
+17 -7.786493699425025e-19
+18 -6.765741714599747e-21
+19 -5.639415609240213e-21
+20 -4.692968555581941e-23
+21 -4.154647660593217e-23
+22 -3.295047973764237e-25
+23 -3.103736842720008e-25
+24 -2.334805602895397e-27
+25 -2.345692947123626e-27
+26 -1.665536389988549e-29
+27 -1.790251671777000e-29
+28 -1.193622951194283e-31
+29 -1.376586370322024e-31
+30 -9.619460953516284e-34
