+0 +1.001841608924837e+00
+1 +5.767517725920033e-04
+2 +1.438777025507743e-02
+3 -2.630362974614314e-06
+4 +1.176278356155098e-04
+5 -8.068581498079900e-08
+6 +9.843249782660179e-07
+7 -1.172052656852037e-09
+8 +8.311903192499858e-09
+9 -1.408839074522342e-11
+10 +7.051338221560796e-11
+11 -1.550185496120103e-13
+12 +5.998385620481520e-13
+13 -1.629547148874894e-15
+14 +5.116885646647427e-15
+15 -6.318686535440169e-18
+16 +6.109110188285133e-17
+17 +3.487134978779560e-18
+18 -3.378062840534237e-18
+19 +2.762644890804288e-18
+20 +4.360115989928117e-18
+21 +2.848138292056773e-18
+22 +6.856427650712615e-19
+23 +1.177954879255860e-18
+24 -4.330186060049296e-18
+25 +4.461582580449756e-19
+26 +3.142862913381159e-18
+27 +1.511869935512314e-18
+28 +8.514119843064800e-18
+29 +5.000903078443184e-18
+30 +3.685258116529670e-18
