-30   +0.000000000000000e+00  +1.542537823693076e-29
-29   +0.000000000000000e+00  -2.417966555859148e-27
-28   +0.000000000000000e+00  +1.644235785289180e-27
-27   +0.000000000000000e+00  -2.815060059781080e-25
-26   +0.000000000000000e+00  +1.751466056689955e-25
-25   +0.000000000000000e+00  -3.277064937569859e-23
-24   +0.000000000000000e+00  +1.849367767077624e-23
-23   +0.000000000000000e+00  -3.814452064139073e-21
-22   +0.000000000000000e+00  +1.932006915920487e-21
-21   +0.000000000000000e+00  -4.439311390552752e-19
-20   +0.000000000000000e+00  +1.991789079604830e-19
-19   +0.000000000000000e+00  -5.165562686268930e-17
-18   +0.000000000000000e+00  +2.019101768951967e-17
-17   +0.000000000000000e+00  -6.009165154615395e-15
-16   +0.000000000000000e+00  +2.001907815348515e-15
-15   +0.000000000000000e+00  -6.988298505951571e-13
-14   +0.000000000000000e+00  +1.925306159030916e-13
-13   +0.000000000000000e+00  -8.123456610845236e-11
-12   +0.000000000000000e+00  +1.771113994143702e-11
-11   +0.000000000000000e+00  -9.437326290999689e-09
-10   +0.000000000000000e+00  +1.517625434171912e-09
 -9   +0.000000000000000e+00  -1.095416372683984e-06
 -8   +0.000000000000000e+00  +1.140009736408402e-07
 -7   +0.000000000000000e+00  -1.269798448603010e-04
 -6   +0.000000000000000e+00  +6.129256575657688e-06
 -5   +0.000000000000000e+00  -1.468791336015861e-02
 -4   +0.000000000000000e+00  -7.779433149533836e-05
 -3   +0.000000000000000e+00  -1.692848243320707e+00
 -2   +0.000000000000000e+00  -8.671395831184864e-02
 -1   +0.000000000000000e+00  -1.948718628118831e+02
 +0   +0.000000000000000e+00  +0.000000000000000e+00
 +1   +0.000000000000000e+00  +1.948718628118831e+02
 +2   +0.000000000000000e+00  +8.671395831184862e-02
 +3   +0.000000000000000e+00  +1.692848243320706e+00
 +4   +0.000000000000000e+00  +7.779433149533815e-05
 +5   +0.000000000000000e+00  +1.468791336015861e-02
 +6   +0.000000000000000e+00  -6.129256575657685e-06
 +7   +0.000000000000000e+00  +1.269798448603010e-04
 +8   +0.000000000000000e+00  -1.140009736408403e-07
 +9   +0.000000000000000e+00  +1.095416372683984e-06
+10   +0.000000000000000e+00  -1.517625434171913e-09
+11   +0.000000000000000e+00  +9.437326290999688e-09
+12   +0.000000000000000e+00  -1.771113994143703e-11
+13   +0.000000000000000e+00  +8.123456610845235e-11
+14   +0.000000000000000e+00  -1.925306159030917e-13
+15   +0.000000000000000e+00  +6.988298505951567e-13
+16   +0.000000000000000e+00  -2.001907815348517e-15
+17   +0.000000000000000e+00  +6.009165154615395e-15
+18   +0.000000000000000e+00  -2.019101768951968e-17
+19   +0.000000000000000e+00  +5.165562686268927e-17
+20   +0.000000000000000e+00  -1.991789079604832e-19
+21   +0.000000000000000e+00  +4.439311390552751e-19
+22   +0.000000000000000e+00  -1.932006915920490e-21
+23   +0.000000000000000e+00  +3.814452064139072e-21
+24   +0.000000000000000e+00  -1.849367767077625e-23
+25   +0.000000000000000e+00  +3.277064937569859e-23
+26   +0.000000000000000e+00  -1.751466056689954e-25
+27   +0.000000000000000e+00  +2.815060059781079e-25
+28   +0.000000000000000e+00  -1.644235785289181e-27
+29   +0.000000000000000e+00  +2.417966555859148e-27
+30   +0.000000000000000e+00  -1.542537823693076e-29

