+0 -9.999981503706898e-01
+1 +2.547263542952290e-03
+2 +5.132496368420317e-07
+3 +3.895629983044601e-06
+4 +5.145213983068701e-10
+5 +1.511615078348633e-08
+6 -2.622478335545370e-12
+7 +7.723557675774060e-11
+8 -4.354517691341836e-14
+9 +4.508331471632364e-13
+10 -4.478178692810487e-16
+11 +2.846911617945271e-15
+12 -4.111194286924943e-18
+13 +1.893652218526207e-17
+14 -3.612424415882290e-20
+15 +1.306927901870825e-19
+16 -3.109782569229931e-22
+17 +9.271980379598498e-22
+18 -2.648886858965358e-24
+19 +6.720090194180235e-24
+20 -2.243322021626483e-26
+21 +4.954347765324908e-26
+22 -1.893771989467547e-28
+23 +3.703815609456837e-28
+24 -1.595883977841526e-30
+25 +2.801229230947995e-30
+26 -1.343645414287329e-32
+27 +2.139466031674702e-32
+28 -1.130848792456226e-34
+29 +1.647816137324763e-34
+30 -9.515474296792017e-37
