-30   +1.613474225786997e-37  +0.000000000000000e+00
-29   -2.700179585079601e-35  +0.000000000000000e+00
-28   +1.789733091347678e-35  +0.000000000000000e+00
-27   -3.265314160251752e-33  +0.000000000000000e+00
-26   +1.975508367429280e-33  +0.000000000000000e+00
-25   -3.960424256856933e-31  +0.000000000000000e+00
-24   +2.167022703494888e-31  +0.000000000000000e+00
-23   -4.820165489038155e-29  +0.000000000000000e+00
-22   +2.358721830616623e-29  +0.000000000000000e+00
-21   -5.890695766600174e-27  +0.000000000000000e+00
-20   +2.542050829742295e-27  +0.000000000000000e+00
-19   -7.234757910467540e-25  +0.000000000000000e+00
-18   +2.704077901306155e-25  +0.000000000000000e+00
-17   -8.939853348411738e-23  +0.000000000000000e+00
-16   +2.825379532989114e-23  +0.000000000000000e+00
-15   -1.113208683372116e-20  +0.000000000000000e+00
-14   +2.876655466197579e-21  +0.000000000000000e+00
-13   -1.400118174537738e-18  +0.000000000000000e+00
-12   +2.813006683590233e-19  +0.000000000000000e+00
-11   -1.784955586681627e-16  +0.000000000000000e+00
-10   +2.563519590545095e-17  +0.000000000000000e+00
 -9   -2.319961447577893e-14  +0.000000000000000e+00
 -8   +2.010252769717173e-15  +0.000000000000000e+00
 -7   -3.106618307035831e-12  +0.000000000000000e+00
 -6   +9.390329904960807e-14  +0.000000000000000e+00
 -5   -4.382117083136907e-10  +0.000000000000000e+00
 -4   -1.106419599335409e-11  +0.000000000000000e+00
 -3   -6.921700702461903e-08  +0.000000000000000e+00
 -2   -5.462218667190969e-09  +0.000000000000000e+00
 -1   -1.454652822812170e-05  +0.000000000000000e+00
 +0   +7.480401937840189e-02  +0.000000000000000e+00
 +1   -1.454652822812170e-05  +0.000000000000000e+00
 +2   -5.462218667190969e-09  +0.000000000000000e+00
 +3   -6.921700702461905e-08  +0.000000000000000e+00
 +4   -1.106419599335409e-11  +0.000000000000000e+00
 +5   -4.382117083136908e-10  +0.000000000000000e+00
 +6   +9.390329904960806e-14  +0.000000000000000e+00
 +7   -3.106618307035831e-12  +0.000000000000000e+00
 +8   +2.010252769717172e-15  +0.000000000000000e+00
 +9   -2.319961447577893e-14  +0.000000000000000e+00
+10   +2.563519590545095e-17  +0.000000000000000e+00
+11   -1.784955586681627e-16  +0.000000000000000e+00
+12   +2.813006683590233e-19  +0.000000000000000e+00
+13   -1.400118174537738e-18  +0.000000000000000e+00
+14   +2.876655466197578e-21  +0.000000000000000e+00
+15   -1.113208683372116e-20  +0.000000000000000e+00
+16   +2.825379532989113e-23  +0.000000000000000e+00
+17   -8.939853348411738e-23  +0.000000000000000e+00
+18   +2.704077901306155e-25  +0.000000000000000e+00
+19   -7.234757910467540e-25  +0.000000000000000e+00
+20   +2.542050829742295e-27  +0.000000000000000e+00
+21   -5.890695766600174e-27  +0.000000000000000e+00
+22   +2.358721830616624e-29  +0.000000000000000e+00
+23   -4.820165489038155e-29  +0.000000000000000e+00
+24   +2.167022703494888e-31  +0.000000000000000e+00
+25   -3.960424256856933e-31  +0.000000000000000e+00
+26   +1.975508367429280e-33  +0.000000000000000e+00
+27   -3.265314160251753e-33  +0.000000000000000e+00
+28   +1.789733091347678e-35  +0.000000000000000e+00
+29   -2.700179585079601e-35  +0.000000000000000e+00
+30   +1.613474225786997e-37  +0.000000000000000e+00

