+0 +0.000000000000000e+00
+1 -2.863549819905295e-05
+2 -1.006641502973130e-08
+3 -1.313808594324968e-07
+4 -2.090701503550664e-11
+5 -8.496562661983254e-10
+6 +1.848472485523626e-13
+7 -6.077809330761390e-12
+8 +3.954314806068364e-15
+9 -4.561312306968327e-14
+10 +5.055455930124580e-17
+11 -3.520448847522226e-16
+12 +5.558937213818766e-19
+13 -2.767418816693447e-18
+14 +5.693720317784835e-21
+15 -2.203810118900397e-20
+16 +5.599108292787666e-23
+17 -1.771954997619073e-22
+18 +5.363955484893141e-25
+19 -1.435357063712137e-24
+20 +5.046543170205809e-27
+21 -1.169599086492417e-26
+22 +4.685657234254592e-29
+23 -9.576535512980501e-29
+24 +4.307206058370503e-31
+25 -7.872630752072629e-31
+26 +3.928383743517289e-33
+27 -6.493821988231873e-33
+28 +3.560392677357338e-35
+29 -5.372024265477604e-35
+30 +3.209753903881536e-37
