+0 +0.000000000000000e+00
+1 -1.426655921277032e-05
+2 -8.117467067171945e-09
+3 -1.745838393623579e-07
+4 -2.894984868986063e-11
+5 -1.841331383402235e-09
+6 +5.473017877377505e-13
+7 -1.827301605234338e-11
+8 +1.419436561804888e-14
+9 -1.754388152774658e-13
+10 +2.216775515636995e-16
+11 -1.649725689106362e-15
+12 +2.893840625165306e-18
+13 -1.529303889408117e-17
+14 +3.436259392824144e-20
+15 -1.402975792161240e-19
+16 +3.845761387320220e-22
+17 -1.276908043485560e-21
+18 +4.132383928274294e-24
+19 -1.154932819830722e-23
+20 +4.310107690271052e-26
+21 -1.039356065435003e-25
+22 +4.394329984090486e-28
+23 -9.314680396762776e-28
+24 +4.400397061727865e-30
+25 -8.318784022522427e-30
+26 +4.342774279008415e-32
+27 -7.407420479442502e-32
+28 +4.234610033843478e-34
+29 -6.579140692412052e-34
+30 +4.088125650735364e-36
