-30   -1.147768929295078e-15  +0.000000000000000e+00
-29   +5.026947142865238e-16  +0.000000000000000e+00
-28   -1.113235157073911e-15  +0.000000000000000e+00
-27   -7.064638029857366e-16  +0.000000000000000e+00
-26   -3.101193525692255e-16  +0.000000000000000e+00
-25   +4.901238449712811e-16  +0.000000000000000e+00
-24   -1.358235800094955e-15  +0.000000000000000e+00
-23   +5.275382706259828e-16  +0.000000000000000e+00
-22   -4.775187282663226e-16  +0.000000000000000e+00
-21   +7.109518209976046e-16  +0.000000000000000e+00
-20   +1.297943857018348e-15  +0.000000000000000e+00
-19   -7.931587014722849e-16  +0.000000000000000e+00
-18   -1.035278502282572e-16  +0.000000000000000e+00
-17   -5.036278759812661e-15  +0.000000000000000e+00
-16   -4.224003046761946e-16  +0.000000000000000e+00
-15   -7.042154988398101e-13  +0.000000000000000e+00
-14   +1.942931987744101e-13  +0.000000000000000e+00
-13   -8.180389823554809e-11  +0.000000000000000e+00
-12   +1.783547767082699e-11  +0.000000000000000e+00
-11   -9.503399178278104e-09  +0.000000000000000e+00
-10   +1.528027723668582e-09  +0.000000000000000e+00
 -9   -1.103034970640254e-06  +0.000000000000000e+00
 -8   +1.147599121377640e-07  +0.000000000000000e+00
 -7   -1.278529854113873e-04  +0.000000000000000e+00
 -6   +6.165876224680882e-06  +0.000000000000000e+00
 -5   -1.478660896116705e-02  +0.000000000000000e+00
 -4   -7.930397977631617e-05  +0.000000000000000e+00
 -3   -1.703528534476048e+00  +0.000000000000000e+00
 -2   -8.746545961035598e-02  +0.000000000000000e+00
 -1   -1.956688189236052e+02  +0.000000000000000e+00
 +0   +1.075828746487720e+00  +0.000000000000000e+00
 +1   -1.956688189236052e+02  +0.000000000000000e+00
 +2   -8.746545961035598e-02  +0.000000000000000e+00
 +3   -1.703528534476048e+00  +0.000000000000000e+00
 +4   -7.930397977631617e-05  +0.000000000000000e+00
 +5   -1.478660896116705e-02  +0.000000000000000e+00
 +6   +6.165876224680882e-06  +0.000000000000000e+00
 +7   -1.278529854113873e-04  +0.000000000000000e+00
 +8   +1.147599121377640e-07  +0.000000000000000e+00
 +9   -1.103034970640254e-06  +0.000000000000000e+00
+10   +1.528027723668582e-09  +0.000000000000000e+00
+11   -9.503399178278104e-09  +0.000000000000000e+00
+12   +1.783547767082699e-11  +0.000000000000000e+00
+13   -8.180389823554809e-11  +0.000000000000000e+00
+14   +1.942931987744101e-13  +0.000000000000000e+00
+15   -7.042154988398101e-13  +0.000000000000000e+00
+16   -4.224003046761946e-16  +0.000000000000000e+00
+17   -5.036278759812661e-15  +0.000000000000000e+00
+18   -1.035278502282572e-16  +0.000000000000000e+00
+19   -7.931587014722849e-16  +0.000000000000000e+00
+20   +1.297943857018348e-15  +0.000000000000000e+00
+21   +7.109518209976046e-16  +0.000000000000000e+00
+22   -4.775187282663226e-16  +0.000000000000000e+00
+23   +5.275382706259828e-16  +0.000000000000000e+00
+24   -1.358235800094955e-15  +0.000000000000000e+00
+25   +4.901238449712811e-16  +0.000000000000000e+00
+26   -3.101193525692255e-16  +0.000000000000000e+00
+27   -7.064638029857366e-16  +0.000000000000000e+00
+28   -1.113235157073911e-15  +0.000000000000000e+00
+29   +5.026947142865238e-16  +0.000000000000000e+00
+30   -1.147768929295078e-15  +0.000000000000000e+00

