-30   +0.000000000000000e+00  +1.033916718483664e-15
-29   -0.000000000000000e+00  -1.165956822238508e-15
-28   -0.000000000000000e+00  -3.788883942661107e-16
-27   -0.000000000000000e+00  -1.177413347021348e-15
-26   -0.000000000000000e+00  -1.304394735701096e-16
-25   -0.000000000000000e+00  -1.572313068509530e-16
-24   -0.000000000000000e+00  -4.853888165556008e-16
-23   -0.000000000000000e+00  -1.804963575265898e-16
-22   +0.000000000000000e+00  +1.949151195051078e-16
-21   -0.000000000000000e+00  -9.380016546761323e-16
-20   -0.000000000000000e+00  -1.467087036985860e-15
-19   -0.000000000000000e+00  -2.901263313826858e-15
-18   +0.000000000000000e+00  +2.585170189100473e-16
-17   +0.000000000000000e+00  +2.751734227466363e-15
-16   -0.000000000000000e+00  -1.665695686742690e-15
-15   +0.000000000000000e+00  +7.047724361006091e-13
-14   -0.000000000000000e+00  -1.963308476261730e-13
-13   +0.000000000000000e+00  +8.181197417932592e-11
-12   -0.000000000000000e+00  -1.783758804029998e-11
-11   +0.000000000000000e+00  +9.504693210846195e-09
-10   -0.000000000000000e+00  -1.528459304862665e-09
 -9   +0.000000000000000e+00  +1.103236036697552e-06
 -8   -0.000000000000000e+00  -1.148147737111258e-07
 -7   +0.000000000000000e+00  +1.278862945377821e-04
 -6   -0.000000000000000e+00  -6.173010471057028e-06
 -5   +0.000000000000000e+00  +1.479276349863954e-02
 -4   +0.000000000000000e+00  +7.834966881382507e-05
 -3   +0.000000000000000e+00  +1.704932694555943e+00
 -2   +0.000000000000000e+00  +8.733296867190900e-02
 -1   +0.000000000000000e+00  +1.962629618265541e+02
 +0   +0.000000000000000e+00  +0.000000000000000e+00
 +1   -0.000000000000000e+00  -1.962629618265541e+02
 +2   -0.000000000000000e+00  -8.733296867190900e-02
 +3   -0.000000000000000e+00  -1.704932694555943e+00
 +4   -0.000000000000000e+00  -7.834966881382507e-05
 +5   -0.000000000000000e+00  -1.479276349863954e-02
 +6   +0.000000000000000e+00  +6.173010471057028e-06
 +7   -0.000000000000000e+00  -1.278862945377821e-04
 +8   +0.000000000000000e+00  +1.148147737111258e-07
 +9   -0.000000000000000e+00  -1.103236036697552e-06
+10   +0.000000000000000e+00  +1.528459304862665e-09
+11   -0.000000000000000e+00  -9.504693210846195e-09
+12   +0.000000000000000e+00  +1.783758804029998e-11
+13   -0.000000000000000e+00  -8.181197417932592e-11
+14   +0.000000000000000e+00  +1.963308476261730e-13
+15   -0.000000000000000e+00  -7.047724361006091e-13
+16   +0.000000000000000e+00  +1.665695686742690e-15
+17   -0.000000000000000e+00  -2.751734227466363e-15
+18   -0.000000000000000e+00  -2.585170189100473e-16
+19   +0.000000000000000e+00  +2.901263313826858e-15
+20   +0.000000000000000e+00  +1.467087036985860e-15
+21   +0.000000000000000e+00  +9.380016546761323e-16
+22   -0.000000000000000e+00  -1.949151195051078e-16
+23   +0.000000000000000e+00  +1.804963575265898e-16
+24   +0.000000000000000e+00  +4.853888165556008e-16
+25   +0.000000000000000e+00  +1.572313068509530e-16
+26   +0.000000000000000e+00  +1.304394735701096e-16
+27   +0.000000000000000e+00  +1.177413347021348e-15
+28   +0.000000000000000e+00  +3.788883942661107e-16
+29   +0.000000000000000e+00  +1.165956822238508e-15
+30   -0.000000000000000e+00  -1.033916718483664e-15

