-30   -0.000000000000000e+00  -1.082369057894762e-15
-29   +0.000000000000000e+00  +1.200257136308624e-15
-28   +0.000000000000000e+00  +2.791607775300229e-16
-27   -0.000000000000000e+00  -2.463003069474212e-16
-26   +0.000000000000000e+00  +2.803762246383678e-16
-25   +0.000000000000000e+00  +5.312394300705892e-16
-24   +0.000000000000000e+00  +5.604776724426912e-16
-23   +0.000000000000000e+00  +5.805761162105496e-17
-22   -0.000000000000000e+00  -3.404832380898258e-16
-21   +0.000000000000000e+00  +5.462033364478357e-16
-20   +0.000000000000000e+00  +1.428751883569711e-15
-19   +0.000000000000000e+00  +2.829522910881999e-15
-18   -0.000000000000000e+00  -2.930693974477135e-16
-17   -0.000000000000000e+00  -1.611383105194629e-15
-16   +0.000000000000000e+00  +1.714884003821354e-15
-15   -0.000000000000000e+00  -7.006286595401450e-13
-14   +0.000000000000000e+00  +1.946597489196800e-13
-13   -0.000000000000000e+00  -8.123212763278746e-11
-12   +0.000000000000000e+00  +1.771128386847374e-11
-11   -0.000000000000000e+00  -9.437325084535661e-09
-10   +0.000000000000000e+00  +1.517625828569741e-09
 -9   -0.000000000000000e+00  -1.095416372385588e-06
 -8   +0.000000000000000e+00  +1.140009742164482e-07
 -7   -0.000000000000000e+00  -1.269798448600654e-04
 -6   +0.000000000000000e+00  +6.129256577258540e-06
 -5   -0.000000000000000e+00  -1.468791336015312e-02
 -4   -0.000000000000000e+00  -7.779433149452849e-05
 -3   -0.000000000000000e+00  -1.692848243320700e+00
 -2   -0.000000000000000e+00  -8.671395831184332e-02
 -1   -0.000000000000000e+00  -1.948718628118829e+02
 +0   +0.000000000000000e+00  +0.000000000000000e+00
 +1   +0.000000000000000e+00  +1.948718628118829e+02
 +2   +0.000000000000000e+00  +8.671395831184332e-02
 +3   +0.000000000000000e+00  +1.692848243320700e+00
 +4   +0.000000000000000e+00  +7.779433149452849e-05
 +5   +0.000000000000000e+00  +1.468791336015312e-02
 +6   -0.000000000000000e+00  -6.129256577258540e-06
 +7   +0.000000000000000e+00  +1.269798448600654e-04
 +8   -0.000000000000000e+00  -1.140009742164482e-07
 +9   +0.000000000000000e+00  +1.095416372385588e-06
+10   -0.000000000000000e+00  -1.517625828569741e-09
+11   +0.000000000000000e+00  +9.437325084535661e-09
+12   -0.000000000000000e+00  -1.771128386847374e-11
+13   +0.000000000000000e+00  +8.123212763278746e-11
+14   -0.000000000000000e+00  -1.946597489196800e-13
+15   +0.000000000000000e+00  +7.006286595401450e-13
+16   -0.000000000000000e+00  -1.714884003821354e-15
+17   +0.000000000000000e+00  +1.611383105194629e-15
+18   +0.000000000000000e+00  +2.930693974477135e-16
+19   -0.000000000000000e+00  -2.829522910881999e-15
+20   -0.000000000000000e+00  -1.428751883569711e-15
+21   -0.000000000000000e+00  -5.462033364478357e-16
+22   +0.000000000000000e+00  +3.404832380898258e-16
+23   -0.000000000000000e+00  -5.805761162105496e-17
+24   -0.000000000000000e+00  -5.604776724426912e-16
+25   -0.000000000000000e+00  -5.312394300705892e-16
+26   -0.000000000000000e+00  -2.803762246383678e-16
+27   +0.000000000000000e+00  +2.463003069474212e-16
+28   -0.000000000000000e+00  -2.791607775300229e-16
+29   -0.000000000000000e+00  -1.200257136308624e-15
+30   +0.000000000000000e+00  +1.082369057894762e-15

