+0 +0.000000000000000e+00
+1 +3.925259236531083e+02
+2 +1.746659373438180e-01
+3 +3.409865389111887e+00
+4 +1.566993376276501e-04
+5 +2.958552699727907e-02
+6 -1.234602094211406e-05
+7 +2.557725890755642e-04
+8 -2.296295474222515e-07
+9 +2.206472073395103e-06
+10 -3.056918609725331e-09
+11 +1.900938642169239e-08
+12 -3.567517608059997e-11
+13 +1.636239483586518e-10
+14 -3.926616952523460e-13
+15 +1.409544872201218e-12
+16 -3.331391373485379e-15
+17 +5.503468454932726e-15
+18 +5.170340378200946e-16
+19 -5.802526627653715e-15
+20 -2.934174073971720e-15
+21 -1.876003309352265e-15
+22 +3.898302390102156e-16
+23 -3.609927150531796e-16
+24 -9.707776331112015e-16
+25 -3.144626137019061e-16
+26 -2.608789471402192e-16
+27 -2.354826694042696e-15
+28 -7.577767885322214e-16
+29 -2.331913644477016e-15
+30 +2.067833436967328e-15
