+0 +0.0000000000000000e+00
+1 +1.7601325849614102e-08
+2 -1.1913731281474251e-05
+3 +3.3476022117852950e-08
+4 -3.6214605709626125e-08
+5 +1.6068716316668774e-10
+6 -1.6809754990418722e-10
+7 +9.1913866148410578e-13
+8 -9.3221630626390690e-13
+9 +5.9146973080063546e-15
+10 -5.6263921753111905e-15
+11 -2.4357472030484745e-17
+12 -6.2816096626611666e-17
+13 +7.7715626364457857e-17
+14 +1.3240659482896975e-17
+15 +6.1560163184914113e-17
+16 +7.7712399816192571e-17
+17 +7.4645574348592559e-17
+18 -1.5241902164663677e-17
+19 +2.3209102342166572e-17
+20 -4.4140850150870944e-17
+21 +2.1175532736710506e-18
+22 +7.0882526538275678e-17
+23 -4.0705705264372400e-17
+24 -2.3307857600237764e-17
+25 +8.5853978945025278e-17
+26 +5.0784201832693523e-17
+27 -2.8284550100641328e-17
+28 -5.9890571196954718e-17
+29 -3.2616933186469007e-17
+30 -4.3956978244160748e-17
