-30   +7.5494120452722913e-16  +0.0000000000000000e+00
-29   -7.3249701490949760e-17  +0.0000000000000000e+00
-28   +7.1208646598703829e-16  +0.0000000000000000e+00
-27   +1.1127761980665087e-16  +0.0000000000000000e+00
-26   +1.5163507250368948e-15  +0.0000000000000000e+00
-25   -4.8175120087388450e-17  +0.0000000000000000e+00
-24   -8.3624217648673517e-17  +0.0000000000000000e+00
-23   -2.4810498646618262e-16  +0.0000000000000000e+00
-22   -3.0938182232414703e-15  +0.0000000000000000e+00
-21   -2.4704492256231367e-16  +0.0000000000000000e+00
-20   +1.3266501514555440e-15  +0.0000000000000000e+00
-19   -1.3228412991550525e-16  +0.0000000000000000e+00
-18   +1.7991890224030270e-15  +0.0000000000000000e+00
-17   -3.7556639657621638e-16  +0.0000000000000000e+00
-16   -2.2459792881483182e-15  +0.0000000000000000e+00
-15   +7.0166421335083523e-17  +0.0000000000000000e+00
-14   +1.6042308953985095e-15  +0.0000000000000000e+00
-13   +1.2680431499845228e-17  +0.0000000000000000e+00
-12   +1.0237979125119106e-15  +0.0000000000000000e+00
-11   -6.9980755816996366e-16  +0.0000000000000000e+00
-10   +3.6983706711733786e-15  +0.0000000000000000e+00
 -9   -4.2284146806153418e-15  +0.0000000000000000e+00
 -8   +7.0182164767411703e-13  +0.0000000000000000e+00
 -7   -6.1163662010702016e-13  +0.0000000000000000e+00
 -6   +1.2586056213454687e-10  +0.0000000000000000e+00
 -5   -1.0612250716395657e-10  +0.0000000000000000e+00
 -4   +2.7094605064927800e-08  +0.0000000000000000e+00
 -3   -2.1896922341648340e-08  +0.0000000000000000e+00
 -2   +8.8785423363803305e-06  +0.0000000000000000e+00
 -1   -2.3427942194249111e-08  +0.0000000000000000e+00
 +0   +1.0022496519674840e+02  +0.0000000000000000e+00
 +1   -2.3427942194249111e-08  +0.0000000000000000e+00
 +2   +8.8785423363803305e-06  +0.0000000000000000e+00
 +3   -2.1896922341648340e-08  +0.0000000000000000e+00
 +4   +2.7094605064927800e-08  +0.0000000000000000e+00
 +5   -1.0612250716395657e-10  +0.0000000000000000e+00
 +6   +1.2586056213454687e-10  +0.0000000000000000e+00
 +7   -6.1163662010702016e-13  +0.0000000000000000e+00
 +8   +7.0182164767411703e-13  +0.0000000000000000e+00
 +9   -4.2284146806153418e-15  +0.0000000000000000e+00
+10   +3.6983706711733786e-15  +0.0000000000000000e+00
+11   -6.9980755816996366e-16  +0.0000000000000000e+00
+12   +1.0237979125119106e-15  +0.0000000000000000e+00
+13   +1.2680431499845228e-17  +0.0000000000000000e+00
+14   +1.6042308953985095e-15  +0.0000000000000000e+00
+15   +7.0166421335083523e-17  +0.0000000000000000e+00
+16   -2.2459792881483182e-15  +0.0000000000000000e+00
+17   -3.7556639657621638e-16  +0.0000000000000000e+00
+18   +1.7991890224030270e-15  +0.0000000000000000e+00
+19   -1.3228412991550525e-16  +0.0000000000000000e+00
+20   +1.3266501514555440e-15  +0.0000000000000000e+00
+21   -2.4704492256231367e-16  +0.0000000000000000e+00
+22   -3.0938182232414703e-15  +0.0000000000000000e+00
+23   -2.4810498646618262e-16  +0.0000000000000000e+00
+24   -8.3624217648673517e-17  +0.0000000000000000e+00
+25   -4.8175120087388450e-17  +0.0000000000000000e+00
+26   +1.5163507250368948e-15  +0.0000000000000000e+00
+27   +1.1127761980665087e-16  +0.0000000000000000e+00
+28   +7.1208646598703829e-16  +0.0000000000000000e+00
+29   -7.3249701490949760e-17  +0.0000000000000000e+00
+30   +7.5494120452722913e-16  +0.0000000000000000e+00

