-30   -0.0000000000000000e+00  -2.1978489122080374e-17
-29   -0.0000000000000000e+00  -1.6308466593234504e-17
-28   -0.0000000000000000e+00  -2.9945285598477359e-17
-27   -0.0000000000000000e+00  -1.4142275050320664e-17
-26   +0.0000000000000000e+00  +2.5392100916346762e-17
-25   +0.0000000000000000e+00  +4.2926989472512639e-17
-24   -0.0000000000000000e+00  -1.1653928800118882e-17
-23   -0.0000000000000000e+00  -2.0352852632186200e-17
-22   +0.0000000000000000e+00  +3.5441263269137839e-17
-21   +0.0000000000000000e+00  +1.0587766368355253e-18
-20   -0.0000000000000000e+00  -2.2070425075435472e-17
-19   +0.0000000000000000e+00  +1.1604551171083286e-17
-18   -0.0000000000000000e+00  -7.6209510823318386e-18
-17   +0.0000000000000000e+00  +3.7322787174296279e-17
-16   +0.0000000000000000e+00  +3.8856199908096285e-17
-15   +0.0000000000000000e+00  +3.0780081592457056e-17
-14   +0.0000000000000000e+00  +6.6203297414484873e-18
-13   +0.0000000000000000e+00  +3.8857813182228929e-17
-12   -0.0000000000000000e+00  -3.1408048313305833e-17
-11   -0.0000000000000000e+00  -1.2178736015242373e-17
-10   -0.0000000000000000e+00  -2.8131960876555953e-15
 -9   +0.0000000000000000e+00  +2.9573486540031773e-15
 -8   -0.0000000000000000e+00  -4.6610815313195345e-13
 -7   +0.0000000000000000e+00  +4.5956933074205289e-13
 -6   -0.0000000000000000e+00  -8.4048774952093609e-11
 -5   +0.0000000000000000e+00  +8.0343581583343869e-11
 -4   -0.0000000000000000e+00  -1.8107302854813062e-08
 -3   +0.0000000000000000e+00  +1.6738011058926475e-08
 -2   -0.0000000000000000e+00  -5.9568656407371257e-06
 -1   +0.0000000000000000e+00  +8.8006629248070512e-09
 +0   +0.0000000000000000e+00  +0.0000000000000000e+00
 +1   -0.0000000000000000e+00  -8.8006629248070512e-09
 +2   +0.0000000000000000e+00  +5.9568656407371257e-06
 +3   -0.0000000000000000e+00  -1.6738011058926475e-08
 +4   +0.0000000000000000e+00  +1.8107302854813062e-08
 +5   -0.0000000000000000e+00  -8.0343581583343869e-11
 +6   +0.0000000000000000e+00  +8.4048774952093609e-11
 +7   -0.0000000000000000e+00  -4.5956933074205289e-13
 +8   +0.0000000000000000e+00  +4.6610815313195345e-13
 +9   -0.0000000000000000e+00  -2.9573486540031773e-15
+10   +0.0000000000000000e+00  +2.8131960876555953e-15
+11   +0.0000000000000000e+00  +1.2178736015242373e-17
+12   +0.0000000000000000e+00  +3.1408048313305833e-17
+13   -0.0000000000000000e+00  -3.8857813182228929e-17
+14   -0.0000000000000000e+00  -6.6203297414484873e-18
+15   -0.0000000000000000e+00  -3.0780081592457056e-17
+16   -0.0000000000000000e+00  -3.8856199908096285e-17
+17   -0.0000000000000000e+00  -3.7322787174296279e-17
+18   +0.0000000000000000e+00  +7.6209510823318386e-18
+19   -0.0000000000000000e+00  -1.1604551171083286e-17
+20   +0.0000000000000000e+00  +2.2070425075435472e-17
+21   -0.0000000000000000e+00  -1.0587766368355253e-18
+22   -0.0000000000000000e+00  -3.5441263269137839e-17
+23   +0.0000000000000000e+00  +2.0352852632186200e-17
+24   +0.0000000000000000e+00  +1.1653928800118882e-17
+25   -0.0000000000000000e+00  -4.2926989472512639e-17
+26   -0.0000000000000000e+00  -2.5392100916346762e-17
+27   +0.0000000000000000e+00  +1.4142275050320664e-17
+28   +0.0000000000000000e+00  +2.9945285598477359e-17
+29   +0.0000000000000000e+00  +1.6308466593234504e-17
+30   +0.0000000000000000e+00  +2.1978489122080374e-17

