+0 +1.0022496519674840e+02
+1 -4.6855884388498221e-08
+2 +1.7757084672760661e-05
+3 -4.3793844683296679e-08
+4 +5.4189210129855601e-08
+5 -2.1224501432791313e-10
+6 +2.5172112426909373e-10
+7 -1.2232732402140403e-12
+8 +1.4036432953482341e-12
+9 -8.4568293612306837e-15
+10 +7.3967413423467572e-15
+11 -1.3996151163399273e-15
+12 +2.0475958250238212e-15
+13 +2.5360862999690455e-17
+14 +3.2084617907970191e-15
+15 +1.4033284267016705e-16
+16 -4.4919585762966365e-15
+17 -7.5113279315243277e-16
+18 +3.5983780448060541e-15
+19 -2.6456825983101051e-16
+20 +2.6533003029110879e-15
+21 -4.9408984512462734e-16
+22 -6.1876364464829405e-15
+23 -4.9620997293236523e-16
+24 -1.6724843529734703e-16
+25 -9.6350240174776900e-17
+26 +3.0327014500737895e-15
+27 +2.2255523961330175e-16
+28 +1.4241729319740766e-15
+29 -1.4649940298189952e-16
+30 +1.5098824090544583e-15
