-30   +1.6837204406804181e-16  +0.0000000000000000e+00
-29   +1.4982161991206554e-16  +0.0000000000000000e+00
-28   -2.2005789325066658e-16  +0.0000000000000000e+00
-27   +3.1403395199993053e-17  +0.0000000000000000e+00
-26   +6.0673027724419321e-17  +0.0000000000000000e+00
-25   -4.6576057921894058e-17  +0.0000000000000000e+00
-24   -4.4547606863361643e-17  +0.0000000000000000e+00
-23   -2.9854557469745458e-17  +0.0000000000000000e+00
-22   +2.4282512343530596e-16  +0.0000000000000000e+00
-21   -1.5465857791828111e-17  +0.0000000000000000e+00
-20   -8.2326149256580714e-17  +0.0000000000000000e+00
-19   +1.3576073036069110e-16  +0.0000000000000000e+00
-18   +3.3832677171413670e-17  +0.0000000000000000e+00
-17   -9.8234493002405826e-17  +0.0000000000000000e+00
-16   -1.2973444983888961e-16  +0.0000000000000000e+00
-15   +1.9026209286763914e-16  +0.0000000000000000e+00
-14   -1.0018675369298218e-16  +0.0000000000000000e+00
-13   -6.8909330937186925e-17  +0.0000000000000000e+00
-12   -7.0453585032635076e-17  +0.0000000000000000e+00
-11   -1.9085716040734417e-15  +0.0000000000000000e+00
-10   +1.8233870777341572e-16  +0.0000000000000000e+00
 -9   -2.7201348411507673e-13  +0.0000000000000000e+00
 -8   +2.7860196199661178e-14  +0.0000000000000000e+00
 -7   -4.6559413313179487e-11  +0.0000000000000000e+00
 -6   +1.8688240088517983e-12  +0.0000000000000000e+00
 -5   -9.1123431147198835e-09  +0.0000000000000000e+00
 -4   -2.3580119412500070e-10  +0.0000000000000000e+00
 -3   -2.3483630313745005e-06  +0.0000000000000000e+00
 -2   -2.6064360362587781e-07  +0.0000000000000000e+00
 -1   -1.5355472920459093e-03  +0.0000000000000000e+00
 +0   -9.9999860962692022e-01  +0.0000000000000000e+00
 +1   -1.5355472920459093e-03  +0.0000000000000000e+00
 +2   -2.6064360362587781e-07  +0.0000000000000000e+00
 +3   -2.3483630313745005e-06  +0.0000000000000000e+00
 +4   -2.3580119412500070e-10  +0.0000000000000000e+00
 +5   -9.1123431147198835e-09  +0.0000000000000000e+00
 +6   +1.8688240088517983e-12  +0.0000000000000000e+00
 +7   -4.6559413313179487e-11  +0.0000000000000000e+00
 +8   +2.7860196199661178e-14  +0.0000000000000000e+00
 +9   -2.7201348411507673e-13  +0.0000000000000000e+00
+10   +1.8233870777341572e-16  +0.0000000000000000e+00
+11   -1.9085716040734417e-15  +0.0000000000000000e+00
+12   -7.0453585032635076e-17  +0.0000000000000000e+00
+13   -6.8909330937186925e-17  +0.0000000000000000e+00
+14   -1.0018675369298218e-16  +0.0000000000000000e+00
+15   +1.9026209286763914e-16  +0.0000000000000000e+00
+16   -1.2973444983888961e-16  +0.0000000000000000e+00
+17   -9.8234493002405826e-17  +0.0000000000000000e+00
+18   +3.3832677171413670e-17  +0.0000000000000000e+00
+19   +1.3576073036069110e-16  +0.0000000000000000e+00
+20   -8.2326149256580714e-17  +0.0000000000000000e+00
+21   -1.5465857791828111e-17  +0.0000000000000000e+00
+22   +2.4282512343530596e-16  +0.0000000000000000e+00
+23   -2.9854557469745458e-17  +0.0000000000000000e+00
+24   -4.4547606863361643e-17  +0.0000000000000000e+00
+25   -4.6576057921894058e-17  +0.0000000000000000e+00
+26   +6.0673027724419321e-17  +0.0000000000000000e+00
+27   +3.1403395199993053e-17  +0.0000000000000000e+00
+28   -2.2005789325066658e-16  +0.0000000000000000e+00
+29   +1.4982161991206554e-16  +0.0000000000000000e+00
+30   +1.6837204406804181e-16  +0.0000000000000000e+00

