+0 -9.9999860962692022e-01
+1 -3.0710945840918187e-03
+2 -5.2128720725175562e-07
+3 -4.6967260627490009e-06
+4 -4.7160238825000140e-10
+5 -1.8224686229439767e-08
+6 +3.7376480177035965e-12
+7 -9.3118826626358975e-11
+8 +5.5720392399322356e-14
+9 -5.4402696823015346e-13
+10 +3.6467741554683144e-16
+11 -3.8171432081468834e-15
+12 -1.4090717006527015e-16
+13 -1.3781866187437385e-16
+14 -2.0037350738596436e-16
+15 +3.8052418573527827e-16
+16 -2.5946889967777922e-16
+17 -1.9646898600481165e-16
+18 +6.7665354342827340e-17
+19 +2.7152146072138219e-16
+20 -1.6465229851316143e-16
+21 -3.0931715583656222e-17
+22 +4.8565024687061193e-16
+23 -5.9709114939490917e-17
+24 -8.9095213726723286e-17
+25 -9.3152115843788115e-17
+26 +1.2134605544883864e-16
+27 +6.2806790399986107e-17
+28 -4.4011578650133317e-16
+29 +2.9964323982413109e-16
+30 +3.3674408813608362e-16
