-30   +0.0000000000000000e+00  +1.3637075784567186e-21
-29   +0.0000000000000000e+00  +1.5175004350145609e-20
-28   +0.0000000000000000e+00  +3.2748443962831919e-22
-27   +0.0000000000000000e+00  +1.7164280612787879e-21
-26   +0.0000000000000000e+00  +6.3548564834531530e-21
-25   -0.0000000000000000e+00  -5.3028182074113477e-21
-24   -0.0000000000000000e+00  -8.4263540323084912e-22
-23   +0.0000000000000000e+00  +4.4709214534805609e-21
-22   +0.0000000000000000e+00  +3.4993693203054480e-21
-21   -0.0000000000000000e+00  -1.3300138418284645e-21
-20   -0.0000000000000000e+00  -1.7429541247135813e-21
-19   +0.0000000000000000e+00  +1.6273551111966314e-20
-18   -0.0000000000000000e+00  -3.0453074948581901e-21
-17   +0.0000000000000000e+00  +3.8438677114621270e-20
-16   +0.0000000000000000e+00  +9.6473393068230798e-21
-15   -0.0000000000000000e+00  -9.7561966983613353e-20
-14   +0.0000000000000000e+00  +2.2589120852527134e-20
-13   -0.0000000000000000e+00  -1.1383931010121554e-17
-12   +0.0000000000000000e+00  +2.5310725410759387e-18
-11   -0.0000000000000000e+00  -1.7150448045345175e-15
-10   +0.0000000000000000e+00  +2.7844963725652709e-16
 -9   -0.0000000000000000e+00  -2.7157450849729362e-13
 -8   +0.0000000000000000e+00  +2.7746878517356191e-14
 -7   -0.0000000000000000e+00  -4.6521421753819959e-11
 -6   +0.0000000000000000e+00  +1.8895612421875398e-12
 -5   -0.0000000000000000e+00  -9.1047630546200958e-09
 -4   -0.0000000000000000e+00  -2.2152253260850574e-10
 -3   -0.0000000000000000e+00  -2.3478836755468912e-06
 -2   -0.0000000000000000e+00  -2.3781975839707546e-07
 -1   -0.0000000000000000e+00  -1.5624893068971032e-03
 +0   +0.0000000000000000e+00  +0.0000000000000000e+00
 +1   +0.0000000000000000e+00  +1.5624893068971032e-03
 +2   +0.0000000000000000e+00  +2.3781975839707546e-07
 +3   +0.0000000000000000e+00  +2.3478836755468912e-06
 +4   +0.0000000000000000e+00  +2.2152253260850574e-10
 +5   +0.0000000000000000e+00  +9.1047630546200958e-09
 +6   -0.0000000000000000e+00  -1.8895612421875398e-12
 +7   +0.0000000000000000e+00  +4.6521421753819959e-11
 +8   -0.0000000000000000e+00  -2.7746878517356191e-14
 +9   +0.0000000000000000e+00  +2.7157450849729362e-13
+10   -0.0000000000000000e+00  -2.7844963725652709e-16
+11   +0.0000000000000000e+00  +1.7150448045345175e-15
+12   -0.0000000000000000e+00  -2.5310725410759387e-18
+13   +0.0000000000000000e+00  +1.1383931010121554e-17
+14   -0.0000000000000000e+00  -2.2589120852527134e-20
+15   +0.0000000000000000e+00  +9.7561966983613353e-20
+16   -0.0000000000000000e+00  -9.6473393068230798e-21
+17   -0.0000000000000000e+00  -3.8438677114621270e-20
+18   +0.0000000000000000e+00  +3.0453074948581901e-21
+19   -0.0000000000000000e+00  -1.6273551111966314e-20
+20   +0.0000000000000000e+00  +1.7429541247135813e-21
+21   +0.0000000000000000e+00  +1.3300138418284645e-21
+22   -0.0000000000000000e+00  -3.4993693203054480e-21
+23   -0.0000000000000000e+00  -4.4709214534805609e-21
+24   +0.0000000000000000e+00  +8.4263540323084912e-22
+25   +0.0000000000000000e+00  +5.3028182074113477e-21
+26   -0.0000000000000000e+00  -6.3548564834531530e-21
+27   -0.0000000000000000e+00  -1.7164280612787879e-21
+28   -0.0000000000000000e+00  -3.2748443962831919e-22
+29   -0.0000000000000000e+00  -1.5175004350145609e-20
+30   -0.0000000000000000e+00  -1.3637075784567186e-21

