+0 +0.0000000000000000e+00
+1 -3.1249786137942065e-03
+2 -4.7563951679415091e-07
+3 -4.6957673510937825e-06
+4 -4.4304506521701148e-10
+5 -1.8209526109240192e-08
+6 +3.7791224843750796e-12
+7 -9.3042843507639917e-11
+8 +5.5493757034712383e-14
+9 -5.4314901699458723e-13
+10 +5.5689927451305418e-16
+11 -3.4300896090690350e-15
+12 +5.0621450821518774e-18
+13 -2.2767862020243108e-17
+14 +4.5178241705054267e-20
+15 -1.9512393396722671e-19
+16 +1.9294678613646160e-20
+17 +7.6877354229242540e-20
+18 -6.0906149897163802e-21
+19 +3.2547102223932627e-20
+20 -3.4859082494271626e-21
+21 -2.6600276836569290e-21
+22 +6.9987386406108961e-21
+23 +8.9418429069611219e-21
+24 -1.6852708064616982e-21
+25 -1.0605636414822695e-20
+26 +1.2709712966906306e-20
+27 +3.4328561225575758e-21
+28 +6.5496887925663838e-22
+29 +3.0350008700291219e-20
+30 +2.7274151569134372e-21
