-30   -2.0375058486208249e-16  +0.0000000000000000e+00
-29   -7.0883455022545767e-17  +0.0000000000000000e+00
-28   -8.8032142474523731e-17  +0.0000000000000000e+00
-27   -3.0082239065077403e-17  +0.0000000000000000e+00
-26   +1.7813085571753273e-16  +0.0000000000000000e+00
-25   -3.7155420973285826e-17  +0.0000000000000000e+00
-24   +5.0167632804565956e-17  +0.0000000000000000e+00
-23   -8.8863674898272252e-17  +0.0000000000000000e+00
-22   -1.5756397866553258e-17  +0.0000000000000000e+00
-21   +3.7938049407711535e-17  +0.0000000000000000e+00
-20   +1.2261290985560767e-16  +0.0000000000000000e+00
-19   +1.3832330700296514e-16  +0.0000000000000000e+00
-18   -6.6605197901963274e-18  +0.0000000000000000e+00
-17   +7.8968875001174833e-17  +0.0000000000000000e+00
-16   +1.2416802463680074e-16  +0.0000000000000000e+00
-15   -1.7282961441623180e-17  +0.0000000000000000e+00
-14   -1.5025637821292992e-17  +0.0000000000000000e+00
-13   +9.0166565448835084e-16  +0.0000000000000000e+00
-12   -1.0409268088819732e-16  +0.0000000000000000e+00
-11   +1.3945696141489906e-13  +0.0000000000000000e+00
-10   -2.2734683574287146e-14  +0.0000000000000000e+00
 -9   +2.2095373088853865e-11  +0.0000000000000000e+00
 -8   -2.2536038773383231e-12  +0.0000000000000000e+00
 -7   +3.7853047550445304e-09  +0.0000000000000000e+00
 -6   -1.5194192354580680e-10  +0.0000000000000000e+00
 -5   +7.4083885208773861e-07  +0.0000000000000000e+00
 -4   +1.9170784459241773e-08  +0.0000000000000000e+00
 -3   +1.9092329292892001e-04  +0.0000000000000000e+00
 -2   +2.1190477985581734e-05  +0.0000000000000000e+00
 -1   +1.2484089620958945e-01  +0.0000000000000000e+00
 +0   -1.0001130381472239e+00  +0.0000000000000000e+00
 +1   +1.2484089620958945e-01  +0.0000000000000000e+00
 +2   +2.1190477985581734e-05  +0.0000000000000000e+00
 +3   +1.9092329292892001e-04  +0.0000000000000000e+00
 +4   +1.9170784459241773e-08  +0.0000000000000000e+00
 +5   +7.4083885208773861e-07  +0.0000000000000000e+00
 +6   -1.5194192354580680e-10  +0.0000000000000000e+00
 +7   +3.7853047550445304e-09  +0.0000000000000000e+00
 +8   -2.2536038773383231e-12  +0.0000000000000000e+00
 +9   +2.2095373088853865e-11  +0.0000000000000000e+00
+10   -2.2734683574287146e-14  +0.0000000000000000e+00
+11   +1.3945696141489906e-13  +0.0000000000000000e+00
+12   -1.0409268088819732e-16  +0.0000000000000000e+00
+13   +9.0166565448835084e-16  +0.0000000000000000e+00
+14   -1.5025637821292992e-17  +0.0000000000000000e+00
+15   -1.7282961441623180e-17  +0.0000000000000000e+00
+16   +1.2416802463680074e-16  +0.0000000000000000e+00
+17   +7.8968875001174833e-17  +0.0000000000000000e+00
+18   -6.6605197901963274e-18  +0.0000000000000000e+00
+19   +1.3832330700296514e-16  +0.0000000000000000e+00
+20   +1.2261290985560767e-16  +0.0000000000000000e+00
+21   +3.7938049407711535e-17  +0.0000000000000000e+00
+22   -1.5756397866553258e-17  +0.0000000000000000e+00
+23   -8.8863674898272252e-17  +0.0000000000000000e+00
+24   +5.0167632804565956e-17  +0.0000000000000000e+00
+25   -3.7155420973285826e-17  +0.0000000000000000e+00
+26   +1.7813085571753273e-16  +0.0000000000000000e+00
+27   -3.0082239065077403e-17  +0.0000000000000000e+00
+28   -8.8032142474523731e-17  +0.0000000000000000e+00
+29   -7.0883455022545767e-17  +0.0000000000000000e+00
+30   -2.0375058486208249e-16  +0.0000000000000000e+00

