+0 -1.0001130381472239e+00
+1 +2.4968179241917890e-01
+2 +4.2380955971163467e-05
+3 +3.8184658585784003e-04
+4 +3.8341568918483546e-08
+5 +1.4816777041754772e-06
+6 -3.0388384709161361e-10
+7 +7.5706095100890607e-09
+8 -4.5072077546766462e-12
+9 +4.4190746177707730e-11
+10 -4.5469367148574291e-14
+11 +2.7891392282979812e-13
+12 -2.0818536177639464e-16
+13 +1.8033313089767017e-15
+14 -3.0051275642585985e-17
+15 -3.4565922883246360e-17
+16 +2.4833604927360148e-16
+17 +1.5793775000234967e-16
+18 -1.3321039580392655e-17
+19 +2.7664661400593028e-16
+20 +2.4522581971121533e-16
+21 +7.5876098815423070e-17
+22 -3.1512795733106517e-17
+23 -1.7772734979654450e-16
+24 +1.0033526560913191e-16
+25 -7.4310841946571651e-17
+26 +3.5626171143506547e-16
+27 -6.0164478130154807e-17
+28 -1.7606428494904746e-16
+29 -1.4176691004509153e-16
+30 -4.0750116972416497e-16
