-30   -0.0000000000000000e+00  -3.0933920027622487e-19
-29   -0.0000000000000000e+00  -6.3010263432048981e-19
-28   +0.0000000000000000e+00  +4.1840991871515459e-19
-27   -0.0000000000000000e+00  -8.1378794960309465e-19
-26   -0.0000000000000000e+00  -8.8128515263211851e-19
-25   +0.0000000000000000e+00  +7.6436432553825225e-19
-24   +0.0000000000000000e+00  +1.1819476670368067e-19
-23   -0.0000000000000000e+00  -9.1593063513689513e-19
-22   -0.0000000000000000e+00  -3.7620240909459583e-19
-21   +0.0000000000000000e+00  +2.2565288566972466e-20
-20   +0.0000000000000000e+00  +4.7938164933857629e-19
-19   -0.0000000000000000e+00  -4.5084927545083678e-19
-18   -0.0000000000000000e+00  -6.5544010162678834e-20
-17   -0.0000000000000000e+00  -3.9666971469798988e-18
-16   -0.0000000000000000e+00  -9.5883029815620590e-19
-15   +0.0000000000000000e+00  +8.6226740191908303e-18
-14   -0.0000000000000000e+00  -1.8170016834135637e-18
-13   +0.0000000000000000e+00  +9.2570351745193529e-16
-12   -0.0000000000000000e+00  -2.0562339129088031e-16
-11   +0.0000000000000000e+00  +1.3943420991216318e-13
-10   -0.0000000000000000e+00  -2.2638142777365421e-14
 -9   +0.0000000000000000e+00  +2.2079166878211908e-11
 -8   -0.0000000000000000e+00  -2.2558374217558218e-12
 -7   +0.0000000000000000e+00  +3.7822188970388794e-09
 -6   -0.0000000000000000e+00  -1.5362243811816878e-10
 -5   +0.0000000000000000e+00  +7.4022258083642342e-07
 -4   +0.0000000000000000e+00  +1.8009911934502991e-08
 -3   +0.0000000000000000e+00  +1.9088432102968005e-04
 -2   +0.0000000000000000e+00  +1.9334885957880255e-05
 -1   +0.0000000000000000e+00  +1.2703129783195788e-01
 +0   +0.0000000000000000e+00  +0.0000000000000000e+00
 +1   -0.0000000000000000e+00  -1.2703129783195788e-01
 +2   -0.0000000000000000e+00  -1.9334885957880255e-05
 +3   -0.0000000000000000e+00  -1.9088432102968005e-04
 +4   -0.0000000000000000e+00  -1.8009911934502991e-08
 +5   -0.0000000000000000e+00  -7.4022258083642342e-07
 +6   +0.0000000000000000e+00  +1.5362243811816878e-10
 +7   -0.0000000000000000e+00  -3.7822188970388794e-09
 +8   +0.0000000000000000e+00  +2.2558374217558218e-12
 +9   -0.0000000000000000e+00  -2.2079166878211908e-11
+10   +0.0000000000000000e+00  +2.2638142777365421e-14
+11   -0.0000000000000000e+00  -1.3943420991216318e-13
+12   +0.0000000000000000e+00  +2.0562339129088031e-16
+13   -0.0000000000000000e+00  -9.2570351745193529e-16
+14   +0.0000000000000000e+00  +1.8170016834135637e-18
+15   -0.0000000000000000e+00  -8.6226740191908303e-18
+16   +0.0000000000000000e+00  +9.5883029815620590e-19
+17   +0.0000000000000000e+00  +3.9666971469798988e-18
+18   +0.0000000000000000e+00  +6.5544010162678834e-20
+19   +0.0000000000000000e+00  +4.5084927545083678e-19
+20   -0.0000000000000000e+00  -4.7938164933857629e-19
+21   -0.0000000000000000e+00  -2.2565288566972466e-20
+22   +0.0000000000000000e+00  +3.7620240909459583e-19
+23   +0.0000000000000000e+00  +9.1593063513689513e-19
+24   -0.0000000000000000e+00  -1.1819476670368067e-19
+25   -0.0000000000000000e+00  -7.6436432553825225e-19
+26   +0.0000000000000000e+00  +8.8128515263211851e-19
+27   +0.0000000000000000e+00  +8.1378794960309465e-19
+28   -0.0000000000000000e+00  -4.1840991871515459e-19
+29   +0.0000000000000000e+00  +6.3010263432048981e-19
+30   +0.0000000000000000e+00  +3.0933920027622487e-19

