+0 +0.0000000000000000e+00
+1 +2.5406259566391576e-01
+2 +3.8669771915760510e-05
+3 +3.8176864205936010e-04
+4 +3.6019823869005982e-08
+5 +1.4804451616728468e-06
+6 -3.0724487623633756e-10
+7 +7.5644377940777587e-09
+8 -4.5116748435116436e-12
+9 +4.4158333756423815e-11
+10 -4.5276285554730842e-14
+11 +2.7886841982432637e-13
+12 -4.1124678258176062e-16
+13 +1.8514070349038706e-15
+14 -3.6340033668271273e-18
+15 +1.7245348038381661e-17
+16 -1.9176605963124118e-18
+17 -7.9333942939597976e-18
+18 -1.3108802032535767e-19
+19 -9.0169855090167356e-19
+20 +9.5876329867715258e-19
+21 +4.5130577133944933e-20
+22 -7.5240481818919166e-19
+23 -1.8318612702737903e-18
+24 +2.3638953340736135e-19
+25 +1.5287286510765045e-18
+26 -1.7625703052642370e-18
+27 -1.6275758992061893e-18
+28 +8.3681983743030918e-19
+29 -1.2602052686409796e-18
+30 -6.1867840055244973e-19
