+0 +0.000000000000000e+00
+1 -1.452672786581853e+01
+2 +4.424087021836026e-02
+3 -2.196122772051286e-02
+4 +1.391472612429025e-04
+5 -8.528438101495364e-05
+6 +6.730178318396453e-07
+7 -4.361516909618697e-07
+8 +3.893264885206267e-09
+9 -2.547957410741916e-09
+10 +2.482983411788227e-11
+11 -1.610188737058948e-11
+12 +1.684580591405660e-13
+13 -1.069830494150217e-13
+14 +1.235406667117116e-15
+15 -6.726539418992839e-16
+16 -1.581087320597655e-17
+17 +2.268694204730598e-16
+18 -1.445492890254416e-17
+19 +7.441083511638470e-17
+20 +4.770195523536966e-17
+21 +5.482044525514905e-17
+22 +2.274356493886785e-17
+23 +9.038698091217896e-18
+24 -7.770358390456817e-18
+25 +1.252922920423588e-17
+26 +5.075469501064911e-17
+27 -1.636149206338479e-18
+28 -5.594799216582611e-18
+29 +1.062748447016774e-16
+30 -4.925711240367554e-17
