-30   +2.272249484179300e-18  +0.000000000000000e+00
-29   +1.370777604994422e-18  +0.000000000000000e+00
-28   +3.033314005119439e-18  +0.000000000000000e+00
-27   +1.717979478127777e-19  +0.000000000000000e+00
-26   +1.854864617568590e-18  +0.000000000000000e+00
-25   -2.293024283000982e-19  +0.000000000000000e+00
-24   -4.509514027825473e-18  +0.000000000000000e+00
-23   +1.042769780724062e-18  +0.000000000000000e+00
-22   -1.382012383275342e-18  +0.000000000000000e+00
-21   +2.584417228685789e-18  +0.000000000000000e+00
-20   +1.055100237250503e-20  +0.000000000000000e+00
-19   -3.513356284348636e-19  +0.000000000000000e+00
-18   -1.889824648032668e-18  +0.000000000000000e+00
-17   +2.442175069712358e-19  +0.000000000000000e+00
-16   +3.136125819258311e-18  +0.000000000000000e+00
-15   +7.881809716928389e-19  +0.000000000000000e+00
-14   +5.921483299082808e-16  +0.000000000000000e+00
-13   -2.137654169325708e-16  +0.000000000000000e+00
-12   +7.439210354038073e-14  +0.000000000000000e+00
-11   -2.229772418746127e-14  +0.000000000000000e+00
-10   +9.462922501889844e-12  +0.000000000000000e+00
 -9   -2.272028214767797e-12  +0.000000000000000e+00
 -8   +1.226299957956897e-09  +0.000000000000000e+00
 -7   -2.203478776296583e-10  +0.000000000000000e+00
 -6   +1.635338754315063e-07  +0.000000000000000e+00
 -5   -1.924341831778407e-08  +0.000000000000000e+00
 -4   +2.292879485625663e-05  +0.000000000000000e+00
 -3   -1.175591573467563e-06  +0.000000000000000e+00
 -2   +3.593588999306513e-03  +0.000000000000000e+00
 -1   +1.435460874957642e-04  +0.000000000000000e+00
 +0   +1.000907457708158e+00  +0.000000000000000e+00
 +1   +1.435460874957642e-04  +0.000000000000000e+00
 +2   +3.593588999306513e-03  +0.000000000000000e+00
 +3   -1.175591573467563e-06  +0.000000000000000e+00
 +4   +2.292879485625663e-05  +0.000000000000000e+00
 +5   -1.924341831778407e-08  +0.000000000000000e+00
 +6   +1.635338754315063e-07  +0.000000000000000e+00
 +7   -2.203478776296583e-10  +0.000000000000000e+00
 +8   +1.226299957956897e-09  +0.000000000000000e+00
 +9   -2.272028214767797e-12  +0.000000000000000e+00
+10   +9.462922501889844e-12  +0.000000000000000e+00
+11   -2.229772418746127e-14  +0.000000000000000e+00
+12   +7.439210354038073e-14  +0.000000000000000e+00
+13   -2.137654169325708e-16  +0.000000000000000e+00
+14   +5.921483299082808e-16  +0.000000000000000e+00
+15   +7.881809716928389e-19  +0.000000000000000e+00
+16   +3.136125819258311e-18  +0.000000000000000e+00
+17   +2.442175069712358e-19  +0.000000000000000e+00
+18   -1.889824648032668e-18  +0.000000000000000e+00
+19   -3.513356284348636e-19  +0.000000000000000e+00
+20   +1.055100237250503e-20  +0.000000000000000e+00
+21   +2.584417228685789e-18  +0.000000000000000e+00
+22   -1.382012383275342e-18  +0.000000000000000e+00
+23   +1.042769780724062e-18  +0.000000000000000e+00
+24   -4.509514027825473e-18  +0.000000000000000e+00
+25   -2.293024283000982e-19  +0.000000000000000e+00
+26   +1.854864617568590e-18  +0.000000000000000e+00
+27   +1.717979478127777e-19  +0.000000000000000e+00
+28   +3.033314005119439e-18  +0.000000000000000e+00
+29   +1.370777604994422e-18  +0.000000000000000e+00
+30   +2.272249484179300e-18  +0.000000000000000e+00

