-30   -0.000000000000000e+00  -2.462855620183777e-17
-29   +0.000000000000000e+00  +5.313742235083869e-17
-28   -0.000000000000000e+00  -2.797399608291306e-18
-27   -0.000000000000000e+00  -8.180746031692395e-19
-26   +0.000000000000000e+00  +2.537734750532455e-17
-25   +0.000000000000000e+00  +6.264614602117942e-18
-24   -0.000000000000000e+00  -3.885179195228409e-18
-23   +0.000000000000000e+00  +4.519349045608948e-18
-22   +0.000000000000000e+00  +1.137178246943393e-17
-21   +0.000000000000000e+00  +2.741022262757453e-17
-20   +0.000000000000000e+00  +2.385097761768483e-17
-19   +0.000000000000000e+00  +3.720541755819235e-17
-18   -0.000000000000000e+00  -7.227464451272079e-18
-17   +0.000000000000000e+00  +1.134347102365299e-16
-16   -0.000000000000000e+00  -7.905436602988277e-18
-15   -0.000000000000000e+00  -3.363269709496419e-16
-14   +0.000000000000000e+00  +6.177033335585578e-16
-13   -0.000000000000000e+00  -5.349152470751083e-14
-12   +0.000000000000000e+00  +8.422902957028300e-14
-11   -0.000000000000000e+00  -8.050943685294741e-12
-10   +0.000000000000000e+00  +1.241491705894113e-11
 -9   -0.000000000000000e+00  -1.273978705370958e-09
 -8   +0.000000000000000e+00  +1.946632442603134e-09
 -7   -0.000000000000000e+00  -2.180758454809348e-07
 -6   +0.000000000000000e+00  +3.365089159198226e-07
 -5   -0.000000000000000e+00  -4.264219050747682e-05
 -4   +0.000000000000000e+00  +6.957363062145126e-05
 -3   -0.000000000000000e+00  -1.098061386025643e-02
 -2   +0.000000000000000e+00  +2.212043510918013e-02
 -1   -0.000000000000000e+00  -7.263363932909267e+00
 +0   +0.000000000000000e+00  +0.000000000000000e+00
 +1   +0.000000000000000e+00  +7.263363932909267e+00
 +2   -0.000000000000000e+00  -2.212043510918013e-02
 +3   +0.000000000000000e+00  +1.098061386025643e-02
 +4   -0.000000000000000e+00  -6.957363062145126e-05
 +5   +0.000000000000000e+00  +4.264219050747682e-05
 +6   -0.000000000000000e+00  -3.365089159198226e-07
 +7   +0.000000000000000e+00  +2.180758454809348e-07
 +8   -0.000000000000000e+00  -1.946632442603134e-09
 +9   +0.000000000000000e+00  +1.273978705370958e-09
+10   -0.000000000000000e+00  -1.241491705894113e-11
+11   +0.000000000000000e+00  +8.050943685294741e-12
+12   -0.000000000000000e+00  -8.422902957028300e-14
+13   +0.000000000000000e+00  +5.349152470751083e-14
+14   -0.000000000000000e+00  -6.177033335585578e-16
+15   +0.000000000000000e+00  +3.363269709496419e-16
+16   +0.000000000000000e+00  +7.905436602988277e-18
+17   -0.000000000000000e+00  -1.134347102365299e-16
+18   +0.000000000000000e+00  +7.227464451272079e-18
+19   -0.000000000000000e+00  -3.720541755819235e-17
+20   -0.000000000000000e+00  -2.385097761768483e-17
+21   -0.000000000000000e+00  -2.741022262757453e-17
+22   -0.000000000000000e+00  -1.137178246943393e-17
+23   -0.000000000000000e+00  -4.519349045608948e-18
+24   +0.000000000000000e+00  +3.885179195228409e-18
+25   -0.000000000000000e+00  -6.264614602117942e-18
+26   -0.000000000000000e+00  -2.537734750532455e-17
+27   +0.000000000000000e+00  +8.180746031692395e-19
+28   +0.000000000000000e+00  +2.797399608291306e-18
+29   -0.000000000000000e+00  -5.313742235083869e-17
+30   +0.000000000000000e+00  +2.462855620183777e-17

