+0 +5.528787681240464e+00
+1 +1.427790045806349e+01
+2 -3.961295377424926e-03
+3 +2.195216189423029e-02
+4 +1.154830149507881e-04
+5 +8.514041111644719e-05
+6 +1.141306104868764e-06
+7 +4.340573950440452e-07
+8 +9.708557059012917e-09
+9 +2.524592085450045e-09
+10 +8.012113956919136e-11
+11 +1.586499958113764e-11
+12 +6.566872366621968e-13
+13 +1.048837302827290e-13
+14 +5.380937365750275e-15
+15 +7.185360227518377e-16
+16 +4.417295504042641e-17
+17 +5.053550135822942e-18
+18 +3.635160389022771e-19
+19 +3.626200836993322e-20
+20 +2.999134983547640e-21
+21 +2.643173643778319e-22
+22 +2.480413515518504e-23
+23 +1.950931473442302e-24
+24 +2.056026976566399e-25
+25 +1.454667692373419e-26
+26 +1.707752915879149e-27
+27 +1.093670881847823e-28
+28 +1.421120308066999e-29
+29 +8.303529745581688e-31
+30 +1.156383567179333e-31
