-30   +6.214271800750537e-35  +0.000000000000000e+00
-29   +8.535138418666845e-32  +0.000000000000000e+00
-28   -2.209963313734450e-32  +0.000000000000000e+00
-27   +4.159487953416685e-30  +0.000000000000000e+00
-26   -2.629281540521363e-30  +0.000000000000000e+00
-25   +5.445843704924002e-28  +0.000000000000000e+00
-24   -3.125186225915084e-28  +0.000000000000000e+00
-23   +7.200539737153930e-26  +0.000000000000000e+00
-22   -3.711966376015863e-26  +0.000000000000000e+00
-21   +9.631665061510799e-24  +0.000000000000000e+00
-20   -4.402338624348513e-24  +0.000000000000000e+00
-19   +1.306439131540277e-21  +0.000000000000000e+00
-18   -5.206428137405511e-22  +0.000000000000000e+00
-17   +1.802543594722340e-19  +0.000000000000000e+00
-16   -6.125724156148488e-20  +0.000000000000000e+00
-15   +2.540762644369526e-17  +0.000000000000000e+00
-14   -7.138879272398548e-18  +0.000000000000000e+00
-13   +3.681390399263490e-15  +0.000000000000000e+00
-12   -8.167008328250673e-16  +0.000000000000000e+00
-11   +5.534581935716838e-13  +0.000000000000000e+00
-10   -8.982436588837773e-14  +0.000000000000000e+00
 -9   +8.764473787766207e-11  +0.000000000000000e+00
 -8   -8.939543037232339e-12  +0.000000000000000e+00
 -7   +1.501504180992427e-08  +0.000000000000000e+00
 -6   -6.027023382417121e-10  +0.000000000000000e+00
 -5   +2.938660680060790e-06  +0.000000000000000e+00
 -4   +7.604410930723025e-08  +0.000000000000000e+00
 -3   +7.573290361908606e-04  +0.000000000000000e+00
 -2   +8.405555981694404e-05  +0.000000000000000e+00
 -1   +4.952022047869702e-01  +0.000000000000000e+00
 +0   -4.483846354197387e-04  +0.000000000000000e+00
 +1   +4.952022047869701e-01  +0.000000000000000e+00
 +2   +8.405555981694406e-05  +0.000000000000000e+00
 +3   +7.573290361908601e-04  +0.000000000000000e+00
 +4   +7.604410930723566e-08  +0.000000000000000e+00
 +5   +2.938660680061436e-06  +0.000000000000000e+00
 +6   -6.027023382421789e-10  +0.000000000000000e+00
 +7   +1.501504180992388e-08  +0.000000000000000e+00
 +8   -8.939543037224313e-12  +0.000000000000000e+00
 +9   +8.764473787755633e-11  +0.000000000000000e+00
+10   -8.982436588835471e-14  +0.000000000000000e+00
+11   +5.534581935718413e-13  +0.000000000000000e+00
+12   -8.167008328249741e-16  +0.000000000000000e+00
+13   +3.681390399274535e-15  +0.000000000000000e+00
+14   -7.138879272374837e-18  +0.000000000000000e+00
+15   +2.540762644372754e-17  +0.000000000000000e+00
+16   -6.125724156124693e-20  +0.000000000000000e+00
+17   +1.802543594725373e-19  +0.000000000000000e+00
+18   -5.206428137419213e-22  +0.000000000000000e+00
+19   +1.306439131539935e-21  +0.000000000000000e+00
+20   -4.402338624285296e-24  +0.000000000000000e+00
+21   +9.631665061503164e-24  +0.000000000000000e+00
+22   -3.711966376044423e-26  +0.000000000000000e+00
+23   +7.200539737205623e-26  +0.000000000000000e+00
+24   -3.125186225935151e-28  +0.000000000000000e+00
+25   +5.445843704929858e-28  +0.000000000000000e+00
+26   -2.629281540547817e-30  +0.000000000000000e+00
+27   +4.159487953334317e-30  +0.000000000000000e+00
+28   -2.209963313723033e-32  +0.000000000000000e+00
+29   +8.535138418670964e-32  +0.000000000000000e+00
+30   +6.214271800887267e-35  +0.000000000000000e+00

