+0 +5.528787681240452e+00
+1 +1.427790045806350e+01
+2 -3.961295377424705e-03
+3 +2.195216189423082e-02
+4 +1.154830149507026e-04
+5 +8.514041111609324e-05
+6 +1.141306104737415e-06
+7 +4.340573948517795e-07
+8 +9.708557072729568e-09
+9 +2.524592121635880e-09
+10 +8.012115506234441e-11
+11 +1.586508626211674e-11
+12 +6.566645131929935e-13
+13 +1.046640821928411e-13
+14 +5.376384376821134e-15
+15 +5.513404435736929e-16
+16 +5.058821531793142e-17
+17 -2.552629756526042e-16
+18 -6.145912864634445e-17
+19 +1.680299201489878e-16
+20 -6.734585472723690e-17
+21 +1.474982646591332e-17
+22 +7.055710560887418e-17
+23 +1.352065867028821e-17
+24 +8.121918909423244e-17
+25 +2.899202742254426e-18
+26 +2.836131419786643e-17
+27 +1.677721032654966e-16
+28 +6.520978055642753e-17
+29 -2.854555771196638e-18
+30 -2.418395873595468e-17
