-30   -1.209197936797734e-17  +0.000000000000000e+00
-29   -1.427277885598319e-18  +0.000000000000000e+00
-28   +3.260489027821377e-17  +0.000000000000000e+00
-27   +8.388605163274831e-17  +0.000000000000000e+00
-26   +1.418065709893321e-17  +0.000000000000000e+00
-25   +1.449601371127213e-18  +0.000000000000000e+00
-24   +4.060959454711622e-17  +0.000000000000000e+00
-23   +6.760329335144105e-18  +0.000000000000000e+00
-22   +3.527855280443709e-17  +0.000000000000000e+00
-21   +7.374913232956662e-18  +0.000000000000000e+00
-20   -3.367292736361845e-17  +0.000000000000000e+00
-19   +8.401496007449390e-17  +0.000000000000000e+00
-18   -3.072956432317223e-17  +0.000000000000000e+00
-17   -1.276314878263021e-16  +0.000000000000000e+00
-16   +2.529410765896571e-17  +0.000000000000000e+00
-15   +2.756702217868464e-16  +0.000000000000000e+00
-14   +2.688192188410567e-15  +0.000000000000000e+00
-13   +5.233204109642056e-14  +0.000000000000000e+00
-12   +3.283322565964968e-13  +0.000000000000000e+00
-11   +7.932543131058372e-12  +0.000000000000000e+00
-10   +4.006057753117221e-11  +0.000000000000000e+00
 -9   +1.262296060817940e-09  +0.000000000000000e+00
 -8   +4.854278536364784e-09  +0.000000000000000e+00
 -7   +2.170286974258898e-07  +0.000000000000000e+00
 -6   +5.706530523687075e-07  +0.000000000000000e+00
 -5   +4.257020555804662e-05  +0.000000000000000e+00
 -4   +5.774150747535129e-05  +0.000000000000000e+00
 -3   +1.097608094711541e-02  +0.000000000000000e+00
 -2   -1.980647688712353e-03  +0.000000000000000e+00
 -1   +7.138950229031748e+00  +0.000000000000000e+00
 +0   +5.528787681240452e+00  +0.000000000000000e+00
 +1   +7.138950229031748e+00  +0.000000000000000e+00
 +2   -1.980647688712353e-03  +0.000000000000000e+00
 +3   +1.097608094711541e-02  +0.000000000000000e+00
 +4   +5.774150747535129e-05  +0.000000000000000e+00
 +5   +4.257020555804662e-05  +0.000000000000000e+00
 +6   +5.706530523687075e-07  +0.000000000000000e+00
 +7   +2.170286974258898e-07  +0.000000000000000e+00
 +8   +4.854278536364784e-09  +0.000000000000000e+00
 +9   +1.262296060817940e-09  +0.000000000000000e+00
+10   +4.006057753117221e-11  +0.000000000000000e+00
+11   +7.932543131058372e-12  +0.000000000000000e+00
+12   +3.283322565964968e-13  +0.000000000000000e+00
+13   +5.233204109642056e-14  +0.000000000000000e+00
+14   +2.688192188410567e-15  +0.000000000000000e+00
+15   +2.756702217868464e-16  +0.000000000000000e+00
+16   +2.529410765896571e-17  +0.000000000000000e+00
+17   -1.276314878263021e-16  +0.000000000000000e+00
+18   -3.072956432317223e-17  +0.000000000000000e+00
+19   +8.401496007449390e-17  +0.000000000000000e+00
+20   -3.367292736361845e-17  +0.000000000000000e+00
+21   +7.374913232956662e-18  +0.000000000000000e+00
+22   +3.527855280443709e-17  +0.000000000000000e+00
+23   +6.760329335144105e-18  +0.000000000000000e+00
+24   +4.060959454711622e-17  +0.000000000000000e+00
+25   +1.449601371127213e-18  +0.000000000000000e+00
+26   +1.418065709893321e-17  +0.000000000000000e+00
+27   +8.388605163274831e-17  +0.000000000000000e+00
+28   +3.260489027821377e-17  +0.000000000000000e+00
+29   -1.427277885598319e-18  +0.000000000000000e+00
+30   -1.209197936797734e-17  +0.000000000000000e+00

