+0 +0.000000000000000e+00
+1 -2.192570751039863e+00
+2 -3.337210485152684e-04
+3 -3.295001430784887e-03
+4 -3.100641837879741e-07
+5 -1.277777228261220e-05
+6 +2.656653933237767e-09
+7 -6.528934649824449e-08
+8 +3.896979529516875e-11
+9 -3.811358066361671e-10
+10 +3.909650672408823e-13
+11 -2.406995296043732e-12
+12 +3.553356155974978e-15
+13 -1.601154401126510e-14
+14 +3.105688810966059e-17
+15 -1.105124131019109e-16
+16 +2.664863415694517e-19
+17 -7.840685612105075e-19
+18 +2.264957799026578e-21
+19 -5.682969199336666e-21
+20 +1.915186334956536e-23
+21 -4.189890065525576e-23
+22 +1.614880586993977e-25
+23 -3.132414776467992e-25
+24 +1.359631949354884e-27
+25 -2.369139154517880e-27
+26 +1.143909929116003e-29
+27 -1.809497145910390e-29
+28 +9.621809710915102e-32
+29 -1.393704472915288e-31
+30 +8.094782096062317e-34
