+0 +0.000000000000000e+00
+1 -3.897437256237657e+02
+2 -1.734279166236866e-01
+3 -3.385696486641399e+00
+4 -1.555886629890570e-04
+5 -2.937582672030625e-02
+6 +1.225851315451708e-05
+7 -2.539596897201307e-04
+8 +2.280019484328964e-07
+9 -2.190832744771177e-06
+10 +3.035251657139481e-09
+11 -1.887465016907132e-08
+12 +3.542256773694749e-11
+13 -1.624642552655749e-10
+14 +3.893194978393601e-13
+15 -1.401257319080290e-12
+16 +3.429768007642708e-15
+17 -3.222766210389258e-15
+18 -5.861387948954269e-16
+19 +5.659045821763999e-15
+20 +2.857503767139423e-15
+21 +1.092406672895671e-15
+22 -6.809664761796517e-16
+23 +1.161152232421099e-16
+24 +1.120955344885382e-15
+25 +1.062478860141178e-15
+26 +5.607524492767357e-16
+27 -4.926006138948425e-16
+28 +5.583215550600458e-16
+29 +2.400514272617249e-15
+30 -2.164738115789523e-15
