+0 +5.1522656174909995e+00
+1 +1.4778340703410545e-03
+2 +3.6996677169168192e-02
+3 -1.2102937184775067e-05
+4 +2.3605627169344726e-04
+5 -1.9811462447905252e-07
+6 +1.6836121205398497e-06
+7 -2.2685229737469728e-09
+8 +1.2624989566975835e-08
+9 -2.3390957937033277e-11
+10 +9.7422585820052872e-11
+11 -2.2955803960985896e-13
+12 +7.6586820602891793e-13
+13 -2.1893677792474164e-15
+14 +6.0996895197775700e-15
+15 -2.0495921996706241e-17
+16 +4.9051706484986587e-17
+17 -1.8938615351524607e-19
+18 +3.9740463972841800e-19
+19 -1.7331437164150816e-21
+20 +3.2387765998491112e-21
+21 -1.5743181703815544e-23
+22 +2.6522901787457865e-23
+23 -1.4216387131759357e-25
+24 +2.1807110222240897e-25
+25 -1.2776291647159632e-27
+26 +1.7990410538774669e-27
+27 -1.1436577704863469e-29
+28 +1.4884630643608860e-29
+29 -1.0202880742379027e-31
+30 +1.2345493093869165e-31
