-30   +0.000000000000000e+00  +7.549195899758015e-33
-29   +0.000000000000000e+00  -4.691060079001330e-31
-28   +0.000000000000000e+00  +9.110829569369643e-31
-27   +0.000000000000000e+00  -6.082412844154123e-29
-26   +0.000000000000000e+00  +1.150667823678012e-28
-25   +0.000000000000000e+00  -7.958786667361264e-27
-24   +0.000000000000000e+00  +1.464944904639274e-26
-23   +0.000000000000000e+00  -1.051654286162102e-24
-22   +0.000000000000000e+00  +1.882914886004591e-24
-21   +0.000000000000000e+00  -1.405829683414344e-22
-20   +0.000000000000000e+00  +2.448116945388595e-22
-19   +0.000000000000000e+00  -1.905637679693098e-20
-18   +0.000000000000000e+00  +3.228188070029443e-20
-17   +0.000000000000000e+00  -2.627556964983001e-18
-16   +0.000000000000000e+00  +4.332680849674513e-18
-15   +0.000000000000000e+00  -3.701174586737974e-16
-14   +0.000000000000000e+00  +5.948514929199631e-16
-13   +0.000000000000000e+00  -5.359053610590437e-14
-12   +0.000000000000000e+00  +8.416509579407699e-14
-11   +0.000000000000000e+00  -8.051001293677571e-12
-10   +0.000000000000000e+00  +1.241491609266731e-11
 -9   +0.000000000000000e+00  -1.273978728996107e-09
 -8   +0.000000000000000e+00  +1.946632382442084e-09
 -7   +0.000000000000000e+00  -2.180758454703799e-07
 -6   +0.000000000000000e+00  +3.365089158874642e-07
 -5   +0.000000000000000e+00  -4.264219050766197e-05
 -4   +0.000000000000000e+00  +6.957363062134660e-05
 -3   +0.000000000000000e+00  -1.098061386025671e-02
 -2   +0.000000000000000e+00  +2.212043510918010e-02
 -1   +0.000000000000000e+00  -7.263363932909266e+00
 +0   +0.000000000000000e+00  -2.877084208424218e-19
 +1   +0.000000000000000e+00  +7.263363932909266e+00
 +2   +0.000000000000000e+00  -2.212043510918011e-02
 +3   +0.000000000000000e+00  +1.098061386025671e-02
 +4   +0.000000000000000e+00  -6.957363062134663e-05
 +5   +0.000000000000000e+00  +4.264219050766197e-05
 +6   +0.000000000000000e+00  -3.365089158874552e-07
 +7   +0.000000000000000e+00  +2.180758454703799e-07
 +8   +0.000000000000000e+00  -1.946632382442213e-09
 +9   +0.000000000000000e+00  +1.273978728996107e-09
+10   +0.000000000000000e+00  -1.241491609266590e-11
+11   +0.000000000000000e+00  +8.051001293677578e-12
+12   +0.000000000000000e+00  -8.416509579409310e-14
+13   +0.000000000000000e+00  +5.359053610590439e-14
+14   +0.000000000000000e+00  -5.948514929197714e-16
+15   +0.000000000000000e+00  +3.701174586737970e-16
+16   +0.000000000000000e+00  -4.332680849677564e-18
+17   +0.000000000000000e+00  +2.627556964983000e-18
+18   +0.000000000000000e+00  -3.228188070034158e-20
+19   +0.000000000000000e+00  +1.905637679693115e-20
+20   +0.000000000000000e+00  -2.448116945378977e-22
+21   +0.000000000000000e+00  +1.405829683414337e-22
+22   +0.000000000000000e+00  -1.882914886005021e-24
+23   +0.000000000000000e+00  +1.051654286162071e-24
+24   +0.000000000000000e+00  -1.464944904639497e-26
+25   +0.000000000000000e+00  +7.958786667361618e-27
+26   +0.000000000000000e+00  -1.150667823686001e-28
+27   +0.000000000000000e+00  +6.082412844154578e-29
+28   +0.000000000000000e+00  -9.110829569261854e-31
+29   +0.000000000000000e+00  +4.691060079000273e-31
+30   +0.000000000000000e+00  -7.549195899873360e-33

