-30   -3.544412642556054e-35  +0.000000000000000e+00
-29   +3.395305752503800e-35  +0.000000000000000e+00
-28   -4.945990790382914e-33  +0.000000000000000e+00
-27   +4.477333080727935e-33  +0.000000000000000e+00
-26   -7.002949303863408e-31  +0.000000000000000e+00
-25   +5.975485975668558e-31  +0.000000000000000e+00
-24   -1.007868440971102e-28  +0.000000000000000e+00
-23   +8.085952800955208e-29  +0.000000000000000e+00
-22   -1.478795018367735e-26  +0.000000000000000e+00
-21   +1.112845907408158e-26  +0.000000000000000e+00
-20   -2.220558114126386e-24  +0.000000000000000e+00
-19   +1.564260603433079e-24  +0.000000000000000e+00
-18   -3.429929216022842e-22  +0.000000000000000e+00
-17   +2.258953426245234e-22  +0.000000000000000e+00
-16   -5.488016424663579e-20  +0.000000000000000e+00
-15   +3.380085182697537e-20  +0.000000000000000e+00
-14   -9.186859453047956e-18  +0.000000000000000e+00
-13   +5.308144328988285e-18  +0.000000000000000e+00
-12   -1.632871832589194e-15  +0.000000000000000e+00
-11   +8.928051582079653e-16  +0.000000000000000e+00
-10   -3.154155691889408e-13  +0.000000000000000e+00
 -9   +1.663801183501383e-13  +0.000000000000000e+00
 -8   -6.890435306242426e-11  +0.000000000000000e+00
 -7   +3.651497397199377e-11  +0.000000000000000e+00
 -6   -1.837482699596471e-08  +0.000000000000000e+00
 -5   +1.065004167731928e-08  +0.000000000000000e+00
 -4   -7.133770634321832e-06  +0.000000000000000e+00
 -3   +5.426244901730998e-06  +0.000000000000000e+00
 -2   -7.167650204404172e-03  +0.000000000000000e+00
 -1   -2.832975994622124e-04  +0.000000000000000e+00
 +0   +9.982648772429427e-01  +0.000000000000000e+00
 +1   -2.832975994622124e-04  +0.000000000000000e+00
 +2   -7.167650204404172e-03  +0.000000000000000e+00
 +3   +5.426244901730998e-06  +0.000000000000000e+00
 +4   -7.133770634321832e-06  +0.000000000000000e+00
 +5   +1.065004167731928e-08  +0.000000000000000e+00
 +6   -1.837482699596471e-08  +0.000000000000000e+00
 +7   +3.651497397199377e-11  +0.000000000000000e+00
 +8   -6.890435306242426e-11  +0.000000000000000e+00
 +9   +1.663801183501383e-13  +0.000000000000000e+00
+10   -3.154155691889408e-13  +0.000000000000000e+00
+11   +8.928051582079653e-16  +0.000000000000000e+00
+12   -1.632871832589194e-15  +0.000000000000000e+00
+13   +5.308144328988285e-18  +0.000000000000000e+00
+14   -9.186859453047956e-18  +0.000000000000000e+00
+15   +3.380085182697537e-20  +0.000000000000000e+00
+16   -5.488016424663579e-20  +0.000000000000000e+00
+17   +2.258953426245234e-22  +0.000000000000000e+00
+18   -3.429929216022842e-22  +0.000000000000000e+00
+19   +1.564260603433079e-24  +0.000000000000000e+00
+20   -2.220558114126386e-24  +0.000000000000000e+00
+21   +1.112845907408158e-26  +0.000000000000000e+00
+22   -1.478795018367735e-26  +0.000000000000000e+00
+23   +8.085952800955208e-29  +0.000000000000000e+00
+24   -1.007868440971102e-28  +0.000000000000000e+00
+25   +5.975485975668558e-31  +0.000000000000000e+00
+26   -7.002949303863408e-31  +0.000000000000000e+00
+27   +4.477333080727935e-33  +0.000000000000000e+00
+28   -4.945990790382914e-33  +0.000000000000000e+00
+29   +3.395305752503800e-35  +0.000000000000000e+00
+30   -3.544412642556054e-35  +0.000000000000000e+00

