+0 +0.000000000000000e+00
+1 -1.452672786581853e+01
+2 +4.424087021836021e-02
+3 -2.196122772051341e-02
+4 +1.391472612426932e-04
+5 -8.528438101532394e-05
+6 +6.730178317749194e-07
+7 -4.361516909407598e-07
+8 +3.893264764884297e-09
+9 -2.547957457992214e-09
+10 +2.482983218533321e-11
+11 -1.610200258735515e-11
+12 +1.683301915881701e-13
+13 -1.071810722118088e-13
+14 +1.189702985839735e-15
+15 -7.402349173475944e-16
+16 +8.665361699352078e-18
+17 -5.255113929966001e-18
+18 +6.456376140063601e-20
+19 -3.811275359386213e-20
+20 +4.896233890767572e-22
+21 -2.811659366828681e-22
+22 +3.765829772009612e-24
+23 -2.103308572324173e-24
+24 +2.929889809278771e-26
+25 -1.591757333472288e-26
+26 +2.301335647364013e-28
+27 -1.216482568830870e-28
+28 +1.822165913863150e-30
+29 -9.382120158001604e-31
+30 +1.509839179963137e-32
