-30   +6.1727465469345815e-32  +0.0000000000000000e+00
-29   -5.1014403711895146e-32  +0.0000000000000000e+00
-28   +7.4423153218044300e-30  +0.0000000000000000e+00
-27   -5.7182888524317330e-30  +0.0000000000000000e+00
-26   +8.9952052693873345e-28  +0.0000000000000000e+00
-25   -6.3881458235798198e-28  +0.0000000000000000e+00
-24   +1.0903555111120449e-25  +0.0000000000000000e+00
-23   -7.1081935658796783e-26  +0.0000000000000000e+00
-22   +1.3261450893728930e-23  +0.0000000000000000e+00
-21   -7.8715908519077718e-24  +0.0000000000000000e+00
-20   +1.6193882999245558e-21  +0.0000000000000000e+00
-19   -8.6657185820754004e-22  +0.0000000000000000e+00
-18   +1.9870231986420900e-19  +0.0000000000000000e+00
-17   -9.4693076757623033e-20  +0.0000000000000000e+00
-16   +2.4525853242493294e-17  +0.0000000000000000e+00
-15   -1.0247960998353118e-17  +0.0000000000000000e+00
-14   +3.0498447598887846e-15  +0.0000000000000000e+00
-13   -1.0946838896237082e-15  +0.0000000000000000e+00
-12   +3.8293410301445896e-13  +0.0000000000000000e+00
-11   -1.1477901980492941e-13  +0.0000000000000000e+00
-10   +4.8711292910026436e-11  +0.0000000000000000e+00
 -9   -1.1695478968516633e-11  +0.0000000000000000e+00
 -8   +6.3124947834879177e-09  +0.0000000000000000e+00
 -7   -1.1342614868734860e-09  +0.0000000000000000e+00
 -6   +8.4180606026992483e-07  +0.0000000000000000e+00
 -5   -9.9057312239526258e-08  +0.0000000000000000e+00
 -4   +1.1802813584672363e-04  +0.0000000000000000e+00
 -3   -6.0514685923875320e-06  +0.0000000000000000e+00
 -2   +1.8498338584584096e-02  +0.0000000000000000e+00
 -1   +7.3891703517052726e-04  +0.0000000000000000e+00
 +0   +5.1522656174909995e+00  +0.0000000000000000e+00
 +1   +7.3891703517052726e-04  +0.0000000000000000e+00
 +2   +1.8498338584584096e-02  +0.0000000000000000e+00
 +3   -6.0514685923875345e-06  +0.0000000000000000e+00
 +4   +1.1802813584672363e-04  +0.0000000000000000e+00
 +5   -9.9057312239526258e-08  +0.0000000000000000e+00
 +6   +8.4180606026992483e-07  +0.0000000000000000e+00
 +7   -1.1342614868734868e-09  +0.0000000000000000e+00
 +8   +6.3124947834879168e-09  +0.0000000000000000e+00
 +9   -1.1695478968516643e-11  +0.0000000000000000e+00
+10   +4.8711292910026430e-11  +0.0000000000000000e+00
+11   -1.1477901980492956e-13  +0.0000000000000000e+00
+12   +3.8293410301445896e-13  +0.0000000000000000e+00
+13   -1.0946838896237082e-15  +0.0000000000000000e+00
+14   +3.0498447598887854e-15  +0.0000000000000000e+00
+15   -1.0247960998353124e-17  +0.0000000000000000e+00
+16   +2.4525853242493294e-17  +0.0000000000000000e+00
+17   -9.4693076757623021e-20  +0.0000000000000000e+00
+18   +1.9870231986420900e-19  +0.0000000000000000e+00
+19   -8.6657185820754155e-22  +0.0000000000000000e+00
+20   +1.6193882999245554e-21  +0.0000000000000000e+00
+21   -7.8715908519077733e-24  +0.0000000000000000e+00
+22   +1.3261450893728933e-23  +0.0000000000000000e+00
+23   -7.1081935658796794e-26  +0.0000000000000000e+00
+24   +1.0903555111120446e-25  +0.0000000000000000e+00
+25   -6.3881458235798135e-28  +0.0000000000000000e+00
+26   +8.9952052693873327e-28  +0.0000000000000000e+00
+27   -5.7182888524317365e-30  +0.0000000000000000e+00
+28   +7.4423153218044300e-30  +0.0000000000000000e+00
+29   -5.1014403711895114e-32  +0.0000000000000000e+00
+30   +6.1727465469345837e-32  +0.0000000000000000e+00

