-30   +5.781917835892795e-32  +0.000000000000000e+00
-29   +4.151764872791053e-31  +0.000000000000000e+00
-28   +7.105601540337876e-30  +0.000000000000000e+00
-27   +5.468354409239167e-29  +0.000000000000000e+00
-26   +8.538764579395262e-28  +0.000000000000000e+00
-25   +7.273338461867037e-27  +0.000000000000000e+00
-24   +1.028013488283214e-25  +0.000000000000000e+00
-23   +9.754657367211423e-25  +0.000000000000000e+00
-22   +1.240206757759223e-23  +0.000000000000000e+00
-21   +1.321586821889159e-22  +0.000000000000000e+00
-20   +1.499567491773577e-21  +0.000000000000000e+00
-19   +1.813100418496664e-20  +0.000000000000000e+00
-18   +1.817580194511575e-19  +0.000000000000000e+00
-17   +2.526775067911476e-18  +0.000000000000000e+00
-16   +2.208647752021306e-17  +0.000000000000000e+00
-15   +3.592680113759195e-16  +0.000000000000000e+00
-14   +2.690468682875103e-15  +0.000000000000000e+00
-13   +5.244186514136452e-14  +0.000000000000000e+00
-12   +3.283436183310996e-13  +0.000000000000000e+00
-11   +7.932499790568817e-12  +0.000000000000000e+00
-10   +4.006056978459768e-11  +0.000000000000000e+00
 -9   +1.262296042725022e-09  +0.000000000000000e+00
 -8   +4.854278529506394e-09  +0.000000000000000e+00
 -7   +2.170286975220226e-07  +0.000000000000000e+00
 -6   +5.706530524343782e-07  +0.000000000000000e+00
 -5   +4.257020555822359e-05  +0.000000000000000e+00
 -4   +5.774150747539429e-05  +0.000000000000000e+00
 -3   +1.097608094711515e-02  +0.000000000000000e+00
 -2   -1.980647688712482e-03  +0.000000000000000e+00
 -1   +7.138950229031747e+00  +0.000000000000000e+00
 +0   +5.528787681240464e+00  +0.000000000000000e+00
 +1   +7.138950229031747e+00  +0.000000000000000e+00
 +2   -1.980647688712444e-03  +0.000000000000000e+00
 +3   +1.097608094711515e-02  +0.000000000000000e+00
 +4   +5.774150747539380e-05  +0.000000000000000e+00
 +5   +4.257020555822359e-05  +0.000000000000000e+00
 +6   +5.706530524343857e-07  +0.000000000000000e+00
 +7   +2.170286975220226e-07  +0.000000000000000e+00
 +8   +4.854278529506522e-09  +0.000000000000000e+00
 +9   +1.262296042725022e-09  +0.000000000000000e+00
+10   +4.006056978459368e-11  +0.000000000000000e+00
+11   +7.932499790568827e-12  +0.000000000000000e+00
+12   +3.283436183310973e-13  +0.000000000000000e+00
+13   +5.244186514136451e-14  +0.000000000000000e+00
+14   +2.690468682875173e-15  +0.000000000000000e+00
+15   +3.592680113759183e-16  +0.000000000000000e+00
+16   +2.208647752021334e-17  +0.000000000000000e+00
+17   +2.526775067911465e-18  +0.000000000000000e+00
+18   +1.817580194511196e-19  +0.000000000000000e+00
+19   +1.813100418496658e-20  +0.000000000000000e+00
+20   +1.499567491774063e-21  +0.000000000000000e+00
+21   +1.321586821889159e-22  +0.000000000000000e+00
+22   +1.240206757759282e-23  +0.000000000000000e+00
+23   +9.754657367211592e-25  +0.000000000000000e+00
+24   +1.028013488283185e-25  +0.000000000000000e+00
+25   +7.273338461867156e-27  +0.000000000000000e+00
+26   +8.538764579396230e-28  +0.000000000000000e+00
+27   +5.468354409239060e-29  +0.000000000000000e+00
+28   +7.105601540332112e-30  +0.000000000000000e+00
+29   +4.151764872790635e-31  +0.000000000000000e+00
+30   +5.781917835900537e-32  +0.000000000000000e+00

