-30   +0.000000000000000e+00  +0.000000000000000e+00
-29   +1.483936310956424e-136  +0.000000000000000e+00
-28   +4.748504945648741e-132  +0.000000000000000e+00
-27   +1.519492381872986e-127  +0.000000000000000e+00
-26   +4.862282181438486e-123  +0.000000000000000e+00
-25   +1.555900397657302e-118  +0.000000000000000e+00
-24   +4.978785593052436e-114  +0.000000000000000e+00
-23   +1.593180772940859e-109  +0.000000000000000e+00
-22   +5.098080501418571e-105  +0.000000000000000e+00
-21   +1.631354410018921e-100  +0.000000000000000e+00
-20   +5.220233792596362e-96  +0.000000000000000e+00
-19   +1.670442712019206e-91  +0.000000000000000e+00
-18   +5.345313955278318e-87  +0.000000000000000e+00
-17   +1.710467594902149e-82  +0.000000000000000e+00
-16   +5.473391119190133e-78  +0.000000000000000e+00
-15   +1.751451499748712e-73  +0.000000000000000e+00
-14   +5.604537094410866e-69  +0.000000000000000e+00
-13   +1.793417405342601e-64  +0.000000000000000e+00
-12   +5.738825411635318e-60  +0.000000000000000e+00
-11   +1.836388841053977e-55  +0.000000000000000e+00
-10   +5.876331363401068e-51  +0.000000000000000e+00
 -9   +1.880389900031858e-46  +0.000000000000000e+00
 -8   +6.017132046303382e-42  +0.000000000000000e+00
 -7   +1.925445252712627e-37  +0.000000000000000e+00
 -6   +6.161306404221578e-33  +0.000000000000000e+00
 -5   +1.971580160652204e-28  +0.000000000000000e+00
 -4   +6.308935272581157e-24  +0.000000000000000e+00
 -3   +2.018820490689653e-19  +0.000000000000000e+00
 -2   +6.460101423676452e-15  +0.000000000000000e+00
 -1   +2.067192729450158e-10  +0.000000000000000e+00
 +0   +6.614889613079270e-06  +0.000000000000000e+00
 +1   +2.067192729450158e-10  +0.000000000000000e+00
 +2   +6.460101423676452e-15  +0.000000000000000e+00
 +3   +2.018820490689653e-19  +0.000000000000000e+00
 +4   +6.308935272581157e-24  +0.000000000000000e+00
 +5   +1.971580160652204e-28  +0.000000000000000e+00
 +6   +6.161306404221578e-33  +0.000000000000000e+00
 +7   +1.925445252712627e-37  +0.000000000000000e+00
 +8   +6.017132046303382e-42  +0.000000000000000e+00
 +9   +1.880389900031858e-46  +0.000000000000000e+00
+10   +5.876331363401068e-51  +0.000000000000000e+00
+11   +1.836388841053977e-55  +0.000000000000000e+00
+12   +5.738825411635318e-60  +0.000000000000000e+00
+13   +1.793417405342601e-64  +0.000000000000000e+00
+14   +5.604537094410866e-69  +0.000000000000000e+00
+15   +1.751451499748712e-73  +0.000000000000000e+00
+16   +5.473391119190133e-78  +0.000000000000000e+00
+17   +1.710467594902149e-82  +0.000000000000000e+00
+18   +5.345313955278318e-87  +0.000000000000000e+00
+19   +1.670442712019206e-91  +0.000000000000000e+00
+20   +5.220233792596362e-96  +0.000000000000000e+00
+21   +1.631354410018921e-100  +0.000000000000000e+00
+22   +5.098080501418571e-105  +0.000000000000000e+00
+23   +1.593180772940859e-109  +0.000000000000000e+00
+24   +4.978785593052436e-114  +0.000000000000000e+00
+25   +1.555900397657302e-118  +0.000000000000000e+00
+26   +4.862282181438486e-123  +0.000000000000000e+00
+27   +1.519492381872986e-127  +0.000000000000000e+00
+28   +4.748504945648741e-132  +0.000000000000000e+00
+29   +1.483936310956424e-136  +0.000000000000000e+00
+30   +0.000000000000000e+00  +0.000000000000000e+00

