+0 +0.000000000000000e+00
+1 +2.591956695296813e-03
+2 +4.756324588408438e-07
+3 +3.894834505768985e-06
+4 +4.896628370034547e-10
+5 +1.510357727721730e-08
+6 -2.660119444631543e-12
+7 +7.717261673550627e-11
+8 -4.360252793584973e-14
+9 +4.505036678351823e-13
+10 -4.477358283075741e-16
+11 +2.845064397146385e-15
+12 -4.109109958250281e-18
+13 +1.892555649095794e-17
+14 -3.610363988165979e-20
+15 +1.306246884640309e-19
+16 -3.108040460006745e-22
+17 +9.267596472801802e-22
+18 -2.647487155898627e-24
+19 +6.717185158106147e-24
+20 -2.242218736738914e-26
+21 +4.952376319547093e-26
+22 -1.892908128218195e-28
+23 +3.702450864202286e-28
+24 -1.595208367796420e-30
+25 +2.800268447518156e-30
+26 -1.343116285244521e-32
+27 +2.138779817304569e-32
+28 -1.130433387410865e-34
+29 +1.647319963436608e-34
+30 -9.515546778784327e-37
