-30   -7.769013384861664e-15  +0.000000000000000e+00
-29   +3.194915674988983e-15  +0.000000000000000e+00
-28   -5.627960864006755e-15  +0.000000000000000e+00
-27   -8.940757952214224e-15  +0.000000000000000e+00
-26   +5.571915326981966e-16  +0.000000000000000e+00
-25   -1.836131977330662e-15  +0.000000000000000e+00
-24   -5.020381671518864e-15  +0.000000000000000e+00
-23   +2.954446859062780e-15  +0.000000000000000e+00
-22   -1.030469947951680e-14  +0.000000000000000e+00
-21   +4.299558740418039e-15  +0.000000000000000e+00
-20   -7.984870594674225e-15  +0.000000000000000e+00
-19   -1.053651806704724e-14  +0.000000000000000e+00
-18   +1.322535367337516e-14  +0.000000000000000e+00
-17   -1.299212750301792e-14  +0.000000000000000e+00
-16   +1.059527011044783e-14  +0.000000000000000e+00
-15   -4.620525438616574e-12  +0.000000000000000e+00
-14   +1.270135608357302e-12  +0.000000000000000e+00
-13   -5.381427348949332e-10  +0.000000000000000e+00
-12   +1.173204248378384e-10  +0.000000000000000e+00
-11   -6.251753281108819e-08  +0.000000000000000e+00
-10   +1.005203664626920e-08  +0.000000000000000e+00
 -9   -7.256249418077278e-06  +0.000000000000000e+00
 -8   +7.549412321398714e-07  +0.000000000000000e+00
 -7   -8.410731990379234e-04  +0.000000000000000e+00
 -6   +4.056184706463215e-05  +0.000000000000000e+00
 -5   -9.727282051178712e-02  +0.000000000000000e+00
 -4   -5.216964762847982e-04  +0.000000000000000e+00
 -3   -1.120656032806278e+01  +0.000000000000000e+00
 -2   -5.753862820071020e-01  +0.000000000000000e+00
 -1   -1.287195593857548e+03  +0.000000000000000e+00
 +0   -5.126565586333749e+00  +0.000000000000000e+00
 +1   -1.287195593857548e+03  +0.000000000000000e+00
 +2   -5.753862820071020e-01  +0.000000000000000e+00
 +3   -1.120656032806278e+01  +0.000000000000000e+00
 +4   -5.216964762847982e-04  +0.000000000000000e+00
 +5   -9.727282051178712e-02  +0.000000000000000e+00
 +6   +4.056184706463215e-05  +0.000000000000000e+00
 +7   -8.410731990379234e-04  +0.000000000000000e+00
 +8   +7.549412321398714e-07  +0.000000000000000e+00
 +9   -7.256249418077278e-06  +0.000000000000000e+00
+10   +1.005203664626920e-08  +0.000000000000000e+00
+11   -6.251753281108819e-08  +0.000000000000000e+00
+12   +1.173204248378384e-10  +0.000000000000000e+00
+13   -5.381427348949332e-10  +0.000000000000000e+00
+14   +1.270135608357302e-12  +0.000000000000000e+00
+15   -4.620525438616574e-12  +0.000000000000000e+00
+16   +1.059527011044783e-14  +0.000000000000000e+00
+17   -1.299212750301792e-14  +0.000000000000000e+00
+18   +1.322535367337516e-14  +0.000000000000000e+00
+19   -1.053651806704724e-14  +0.000000000000000e+00
+20   -7.984870594674225e-15  +0.000000000000000e+00
+21   +4.299558740418039e-15  +0.000000000000000e+00
+22   -1.030469947951680e-14  +0.000000000000000e+00
+23   +2.954446859062780e-15  +0.000000000000000e+00
+24   -5.020381671518864e-15  +0.000000000000000e+00
+25   -1.836131977330662e-15  +0.000000000000000e+00
+26   +5.571915326981966e-16  +0.000000000000000e+00
+27   -8.940757952214224e-15  +0.000000000000000e+00
+28   -5.627960864006755e-15  +0.000000000000000e+00
+29   +3.194915674988983e-15  +0.000000000000000e+00
+30   -7.769013384861664e-15  +0.000000000000000e+00

