+0 -5.126565586333749e+00
+1 -2.574391187715096e+03
+2 -1.150772564014204e+00
+3 -2.241312065612556e+01
+4 -1.043392952569596e-03
+5 -1.945456410235742e-01
+6 +8.112369412926430e-05
+7 -1.682146398075847e-03
+8 +1.509882464279743e-06
+9 -1.451249883615456e-05
+10 +2.010407329253839e-08
+11 -1.250350656221764e-07
+12 +2.346408496756768e-10
+13 -1.076285469789866e-09
+14 +2.540271216714603e-12
+15 -9.241050877233147e-12
+16 +2.119054022089567e-14
+17 -2.598425500603584e-14
+18 +2.645070734675032e-14
+19 -2.107303613409448e-14
+20 -1.596974118934845e-14
+21 +8.599117480836078e-15
+22 -2.060939895903360e-14
+23 +5.908893718125561e-15
+24 -1.004076334303773e-14
+25 -3.672263954661323e-15
+26 +1.114383065396393e-15
+27 -1.788151590442845e-14
+28 -1.125592172801351e-14
+29 +6.389831349977967e-15
+30 -1.553802676972333e-14
