-30   +0.000000000000000e+00  +6.591591207300154e-15
-29   -0.000000000000000e+00  -1.030613587177927e-14
-28   -0.000000000000000e+00  -2.227974117108483e-15
-27   +0.000000000000000e+00  +2.882829315601476e-15
-26   -0.000000000000000e+00  -1.438269319734374e-15
-25   -0.000000000000000e+00  -4.645734056728075e-15
-24   -0.000000000000000e+00  -4.308394114821399e-15
-23   +0.000000000000000e+00  +1.758896087641206e-15
-22   +0.000000000000000e+00  +2.992329277641836e-15
-21   -0.000000000000000e+00  -6.139015926465617e-15
-20   -0.000000000000000e+00  -9.102017522046417e-15
-19   -0.000000000000000e+00  -1.467405852991826e-14
-18   +0.000000000000000e+00  +1.296772845996197e-15
-17   +0.000000000000000e+00  +1.533443714931313e-14
-16   -0.000000000000000e+00  -1.089027565966732e-14
-15   +0.000000000000000e+00  +4.627771255908203e-12
-14   -0.000000000000000e+00  -1.290192372364266e-12
-13   +0.000000000000000e+00  +5.381961336074635e-10
-12   -0.000000000000000e+00  -1.173444580726786e-10
-11   +0.000000000000000e+00  +6.252605815820009e-08
-10   -0.000000000000000e+00  -1.005487822987314e-08
 -9   +0.000000000000000e+00  +7.257572121921321e-06
 -8   -0.000000000000000e+00  -7.553021057560071e-07
 -7   +0.000000000000000e+00  +8.412923211205442e-04
 -6   -0.000000000000000e+00  -4.060877927770939e-05
 -5   +0.000000000000000e+00  +9.731330776755145e-02
 -4   +0.000000000000000e+00  +5.154185987935807e-04
 -3   +0.000000000000000e+00  +1.121579751096119e+01
 -2   +0.000000000000000e+00  +5.745146983121030e-01
 -1   +0.000000000000000e+00  +1.291104127322434e+03
 +0   +0.000000000000000e+00  +0.000000000000000e+00
 +1   -0.000000000000000e+00  -1.291104127322434e+03
 +2   -0.000000000000000e+00  -5.745146983121030e-01
 +3   -0.000000000000000e+00  -1.121579751096119e+01
 +4   -0.000000000000000e+00  -5.154185987935807e-04
 +5   -0.000000000000000e+00  -9.731330776755145e-02
 +6   +0.000000000000000e+00  +4.060877927770939e-05
 +7   -0.000000000000000e+00  -8.412923211205442e-04
 +8   +0.000000000000000e+00  +7.553021057560071e-07
 +9   -0.000000000000000e+00  -7.257572121921321e-06
+10   +0.000000000000000e+00  +1.005487822987314e-08
+11   -0.000000000000000e+00  -6.252605815820009e-08
+12   +0.000000000000000e+00  +1.173444580726786e-10
+13   -0.000000000000000e+00  -5.381961336074635e-10
+14   +0.000000000000000e+00  +1.290192372364266e-12
+15   -0.000000000000000e+00  -4.627771255908203e-12
+16   +0.000000000000000e+00  +1.089027565966732e-14
+17   -0.000000000000000e+00  -1.533443714931313e-14
+18   -0.000000000000000e+00  -1.296772845996197e-15
+19   +0.000000000000000e+00  +1.467405852991826e-14
+20   +0.000000000000000e+00  +9.102017522046417e-15
+21   +0.000000000000000e+00  +6.139015926465617e-15
+22   -0.000000000000000e+00  -2.992329277641836e-15
+23   -0.000000000000000e+00  -1.758896087641206e-15
+24   +0.000000000000000e+00  +4.308394114821399e-15
+25   +0.000000000000000e+00  +4.645734056728075e-15
+26   +0.000000000000000e+00  +1.438269319734374e-15
+27   -0.000000000000000e+00  -2.882829315601476e-15
+28   +0.000000000000000e+00  +2.227974117108483e-15
+29   +0.000000000000000e+00  +1.030613587177927e-14
+30   -0.000000000000000e+00  -6.591591207300154e-15

