+0 +0.000000000000000e+00
+1 +2.582208254644867e+03
+2 +1.149029396624206e+00
+3 +2.243159502192238e+01
+4 +1.030837197587161e-03
+5 +1.946266155351029e-01
+6 -8.121755855541879e-05
+7 +1.682584642241088e-03
+8 -1.510604211512014e-06
+9 +1.451514424384264e-05
+10 -2.010975645974627e-08
+11 +1.250521163164002e-07
+12 -2.346889161453572e-10
+13 +1.076392267214927e-09
+14 -2.580384744728533e-12
+15 +9.255542511816405e-12
+16 -2.178055131933465e-14
+17 +3.066887429862627e-14
+18 +2.593545691992393e-15
+19 -2.934811705983651e-14
+20 -1.820403504409283e-14
+21 -1.227803185293123e-14
+22 +5.984658555283673e-15
+23 +3.517792175282412e-15
+24 -8.616788229642799e-15
+25 -9.291468113456151e-15
+26 -2.876538639468748e-15
+27 +5.765658631202952e-15
+28 -4.455948234216966e-15
+29 -2.061227174355854e-14
+30 +1.318318241460031e-14
