-30   -3.5444126425560538e-35  +0.0000000000000000e+00
-29   +3.3953057525038003e-35  +0.0000000000000000e+00
-28   -4.9459907903829137e-33  +0.0000000000000000e+00
-27   +4.4773330807279352e-33  +0.0000000000000000e+00
-26   -7.0029493038634083e-31  +0.0000000000000000e+00
-25   +5.9754859756685582e-31  +0.0000000000000000e+00
-24   -1.0078684409711019e-28  +0.0000000000000000e+00
-23   +8.0859528009552081e-29  +0.0000000000000000e+00
-22   -1.4787950183677347e-26  +0.0000000000000000e+00
-21   +1.1128459074081583e-26  +0.0000000000000000e+00
-20   -2.2205581141263863e-24  +0.0000000000000000e+00
-19   +1.5642606034330794e-24  +0.0000000000000000e+00
-18   -3.4299292160228420e-22  +0.0000000000000000e+00
-17   +2.2589534262452336e-22  +0.0000000000000000e+00
-16   -5.4880164246635790e-20  +0.0000000000000000e+00
-15   +3.3800851826975371e-20  +0.0000000000000000e+00
-14   -9.1868594530479562e-18  +0.0000000000000000e+00
-13   +5.3081443289882849e-18  +0.0000000000000000e+00
-12   -1.6328718325891944e-15  +0.0000000000000000e+00
-11   +8.9280515820796528e-16  +0.0000000000000000e+00
-10   -3.1541556918894079e-13  +0.0000000000000000e+00
 -9   +1.6638011835013828e-13  +0.0000000000000000e+00
 -8   -6.8904353062424259e-11  +0.0000000000000000e+00
 -7   +3.6514973971993772e-11  +0.0000000000000000e+00
 -6   -1.8374826995964714e-08  +0.0000000000000000e+00
 -5   +1.0650041677319281e-08  +0.0000000000000000e+00
 -4   -7.1337706343218321e-06  +0.0000000000000000e+00
 -3   +5.4262449017309979e-06  +0.0000000000000000e+00
 -2   -7.1676502044041718e-03  +0.0000000000000000e+00
 -1   -2.8329759946221235e-04  +0.0000000000000000e+00
 +0   +9.9826487724294266e-01  +0.0000000000000000e+00
 +1   -2.8329759946221235e-04  +0.0000000000000000e+00
 +2   -7.1676502044041718e-03  +0.0000000000000000e+00
 +3   +5.4262449017309979e-06  +0.0000000000000000e+00
 +4   -7.1337706343218321e-06  +0.0000000000000000e+00
 +5   +1.0650041677319281e-08  +0.0000000000000000e+00
 +6   -1.8374826995964714e-08  +0.0000000000000000e+00
 +7   +3.6514973971993772e-11  +0.0000000000000000e+00
 +8   -6.8904353062424259e-11  +0.0000000000000000e+00
 +9   +1.6638011835013828e-13  +0.0000000000000000e+00
+10   -3.1541556918894079e-13  +0.0000000000000000e+00
+11   +8.9280515820796528e-16  +0.0000000000000000e+00
+12   -1.6328718325891944e-15  +0.0000000000000000e+00
+13   +5.3081443289882849e-18  +0.0000000000000000e+00
+14   -9.1868594530479562e-18  +0.0000000000000000e+00
+15   +3.3800851826975371e-20  +0.0000000000000000e+00
+16   -5.4880164246635790e-20  +0.0000000000000000e+00
+17   +2.2589534262452336e-22  +0.0000000000000000e+00
+18   -3.4299292160228420e-22  +0.0000000000000000e+00
+19   +1.5642606034330794e-24  +0.0000000000000000e+00
+20   -2.2205581141263863e-24  +0.0000000000000000e+00
+21   +1.1128459074081583e-26  +0.0000000000000000e+00
+22   -1.4787950183677347e-26  +0.0000000000000000e+00
+23   +8.0859528009552081e-29  +0.0000000000000000e+00
+24   -1.0078684409711019e-28  +0.0000000000000000e+00
+25   +5.9754859756685582e-31  +0.0000000000000000e+00
+26   -7.0029493038634083e-31  +0.0000000000000000e+00
+27   +4.4773330807279352e-33  +0.0000000000000000e+00
+28   -4.9459907903829137e-33  +0.0000000000000000e+00
+29   +3.3953057525038003e-35  +0.0000000000000000e+00
+30   -3.5444126425560538e-35  +0.0000000000000000e+00

