-30   -4.6722026697141839e-18  +3.9294283322777966e-19
-29   -5.9718102790476836e-19  -7.3225662467228447e-19
-28   +1.4513210708077458e-17  +5.7767502314492338e-19
-27   +9.0357570823142384e-19  +1.5063793666134159e-18
-26   -1.5337762257384466e-17  +8.8104654628228500e-18
-25   -4.6236884189754278e-17  +3.7033774832537901e-17
-24   -1.8674132241399504e-16  +1.3987180081694003e-16
-23   -7.0152339048945692e-16  +5.1415914120758967e-16
-22   -2.5024430129931701e-15  +1.8769972798798048e-15
-21   -9.0162411092596704e-15  +6.8321803797227671e-15
-20   -3.2621586024277758e-14  +2.4781751279836769e-14
-19   -1.1742008417526596e-13  +8.9572100419017169e-14
-18   -4.2089899322067567e-13  +3.2261959046880711e-13
-17   -1.5025120628486108e-12  +1.1575488049045212e-12
-16   -5.3377370146245816e-12  +4.1356559008129104e-12
-15   -1.8860302284094357e-11  +1.4705851757650647e-11
-14   -6.6234468698341527e-11  +5.2014458069120987e-11
-13   -2.3098886772187925e-10  +1.8287006198149520e-10
-12   -7.9912224084939515e-10  +6.3852574177098481e-10
-11   -2.7389481084238280e-09  +2.2119772035435727e-09
-10   -9.2850997121403748e-09  +7.5925584373219231e-09
 -9   -3.1066930233081359e-08  +2.5780394188721766e-08
 -8   -1.0230682254280817e-07  +8.6410822901138363e-08
 -7   -3.3033329294039313e-07  +2.8510409156304440e-07
 -6   -1.0403091803761964e-06  +9.2251545729634519e-07
 -5   -3.1699219448387599e-06  +2.9110350780658222e-06
 -4   -9.2460054518994055e-06  +8.9005190342547282e-06
 -3   -2.5083447934034923e-05  +2.5849494594063838e-05
 -2   -6.3489101935897563e-05  +7.3153507040058996e-05
 -1   -3.1830098769278019e-06  +7.6001985072230732e-06
 +0   -1.3400480830306710e-08  +0.0000000000000000e+00
 +1   -3.1830098769278019e-06  -7.6001985072230732e-06
 +2   -6.3489101935897563e-05  -7.3153507040058996e-05
 +3   -2.5083447934034923e-05  -2.5849494594063838e-05
 +4   -9.2460054518994055e-06  -8.9005190342547282e-06
 +5   -3.1699219448387599e-06  -2.9110350780658222e-06
 +6   -1.0403091803761964e-06  -9.2251545729634519e-07
 +7   -3.3033329294039313e-07  -2.8510409156304440e-07
 +8   -1.0230682254280817e-07  -8.6410822901138363e-08
 +9   -3.1066930233081359e-08  -2.5780394188721766e-08
+10   -9.2850997121403748e-09  -7.5925584373219231e-09
+11   -2.7389481084238280e-09  -2.2119772035435727e-09
+12   -7.9912224084939515e-10  -6.3852574177098481e-10
+13   -2.3098886772187925e-10  -1.8287006198149520e-10
+14   -6.6234468698341527e-11  -5.2014458069120987e-11
+15   -1.8860302284094357e-11  -1.4705851757650647e-11
+16   -5.3377370146245816e-12  -4.1356559008129104e-12
+17   -1.5025120628486108e-12  -1.1575488049045212e-12
+18   -4.2089899322067567e-13  -3.2261959046880711e-13
+19   -1.1742008417526596e-13  -8.9572100419017169e-14
+20   -3.2621586024277758e-14  -2.4781751279836769e-14
+21   -9.0162411092596704e-15  -6.8321803797227671e-15
+22   -2.5024430129931701e-15  -1.8769972798798048e-15
+23   -7.0152339048945692e-16  -5.1415914120758967e-16
+24   -1.8674132241399504e-16  -1.3987180081694003e-16
+25   -4.6236884189754278e-17  -3.7033774832537901e-17
+26   -1.5337762257384466e-17  -8.8104654628228500e-18
+27   +9.0357570823142384e-19  -1.5063793666134159e-18
+28   +1.4513210708077458e-17  -5.7767502314492338e-19
+29   -5.9718102790476836e-19  +7.3225662467228447e-19
+30   -4.6722026697141839e-18  -3.9294283322777966e-19

