-30   +1.7046601015753353e-17  -2.5568674865222241e-19
-29   +1.7523508377086631e-17  -1.2174060660100378e-19
-28   -2.2299156475515258e-17  +1.5652960634258403e-18
-27   +5.0447656765377462e-18  +3.6199382586016974e-18
-26   +1.3698602848987017e-17  +1.0614223170820929e-17
-25   +2.0676732071110501e-17  +3.9036971023355133e-17
-24   +9.0622872441530093e-17  +1.3589567506915851e-16
-23   +3.5728894985208446e-16  +4.9781902933863395e-16
-22   +1.3471613986936877e-15  +1.8089701559670080e-15
-21   +4.8180514611629451e-15  +6.5665894452887832e-15
-20   +1.7536326921943273e-14  +2.3754152435711664e-14
-19   +6.3704183438354739e-14  +8.5647409454782981e-14
-18   +2.3050390615881370e-13  +3.0769064988563859e-13
-17   +8.3146833514504319e-13  +1.1008402119003915e-12
-16   +2.9883674078920630e-12  +3.9203672275101561e-12
-15   +1.0696988393660774e-11  +1.3889267981786332e-11
-14   +3.8117656950536439e-11  +4.8919767571491924e-11
-13   +1.3514445232122101e-10  +1.7115184056498447e-10
-12   +4.7642731457345699e-10  +5.9419190909676543e-10
-11   +1.6687242126139202e-09  +2.0443853412024759e-09
-10   +5.8016415481260582e-09  +6.9594816706481480e-09
 -9   +1.9997942144206535e-08  +2.3390197080690290e-08
 -8   +6.8241440922214682e-08  +7.7387629283497158e-08
 -7   +2.3009117292779413e-07  +2.5101960518549421e-07
 -6   +7.6468849183813903e-07  +7.9348608762325620e-07
 -5   +2.4950335158735573e-06  +2.4203106891942340e-06
 -4   +7.9649554610416572e-06  +7.0113833956976370e-06
 -3   +2.4356265197106241e-05  +1.8466565515411340e-05
 -2   +7.3301728632387670e-05  +4.1400620346447967e-05
 -1   +1.3713269304102358e-05  -1.5551215424563701e-06
 +0   -1.1615665754286967e-08  +0.0000000000000000e+00
 +1   +1.3713269304102358e-05  +1.5551215424563701e-06
 +2   +7.3301728632387670e-05  -4.1400620346447967e-05
 +3   +2.4356265197106241e-05  -1.8466565515411340e-05
 +4   +7.9649554610416572e-06  -7.0113833956976370e-06
 +5   +2.4950335158735573e-06  -2.4203106891942340e-06
 +6   +7.6468849183813903e-07  -7.9348608762325620e-07
 +7   +2.3009117292779413e-07  -2.5101960518549421e-07
 +8   +6.8241440922214682e-08  -7.7387629283497158e-08
 +9   +1.9997942144206535e-08  -2.3390197080690290e-08
+10   +5.8016415481260582e-09  -6.9594816706481480e-09
+11   +1.6687242126139202e-09  -2.0443853412024759e-09
+12   +4.7642731457345699e-10  -5.9419190909676543e-10
+13   +1.3514445232122101e-10  -1.7115184056498447e-10
+14   +3.8117656950536439e-11  -4.8919767571491924e-11
+15   +1.0696988393660774e-11  -1.3889267981786332e-11
+16   +2.9883674078920630e-12  -3.9203672275101561e-12
+17   +8.3146833514504319e-13  -1.1008402119003915e-12
+18   +2.3050390615881370e-13  -3.0769064988563859e-13
+19   +6.3704183438354739e-14  -8.5647409454782981e-14
+20   +1.7536326921943273e-14  -2.3754152435711664e-14
+21   +4.8180514611629451e-15  -6.5665894452887832e-15
+22   +1.3471613986936877e-15  -1.8089701559670080e-15
+23   +3.5728894985208446e-16  -4.9781902933863395e-16
+24   +9.0622872441530093e-17  -1.3589567506915851e-16
+25   +2.0676732071110501e-17  -3.9036971023355133e-17
+26   +1.3698602848987017e-17  -1.0614223170820929e-17
+27   +5.0447656765377462e-18  -3.6199382586016974e-18
+28   -2.2299156475515258e-17  -1.5652960634258403e-18
+29   +1.7523508377086631e-17  +1.2174060660100378e-19
+30   +1.7046601015753353e-17  +2.5568674865222241e-19

