-30   -1.6478170993978769e-17  -3.6623041277637741e-17
-29   -1.6167539640156154e-17  -3.8234952620534233e-17
-28   -1.4471425640429451e-17  -4.1148621037803284e-17
-27   -1.4549407162569973e-17  -4.6464682443807696e-17
-26   -1.2989300020398804e-17  -5.7505083993019480e-17
-25   -5.7283440613832576e-18  -9.8126132249682341e-17
-24   +1.4436595360167931e-17  -2.4431858987811680e-16
-23   +9.3007344625924628e-17  -7.6591999474202615e-16
-22   +3.7067661301037162e-16  -2.6646180576298231e-15
-21   +1.3736110677762698e-15  -9.5483908972185557e-15
-20   +4.9295645072194771e-15  -3.4448693924237145e-14
-19   +1.7509461873209007e-14  -1.2422800914540081e-13
-18   +6.1734568239789144e-14  -4.4677529250023708e-13
-17   +2.1609858447213124e-13  -1.6008283921944570e-12
-16   +7.5048389044886563e-13  -5.7111001795805925e-12
-15   +2.5826363967317071e-12  -2.0275218887569588e-11
-14   +8.7920290566955483e-12  -7.1582256151713852e-11
-13   +2.9542494037134006e-11  -2.5113779321736671e-10
-12   +9.7682038887660898e-11  -8.7475883796143022e-10
-11   +3.1646212394414026e-10  -3.0216435236306292e-09
-10   +9.9814269416181369e-10  -1.0336165726795208e-08
 -9   +3.0340861853074040e-09  -3.4949773975451443e-08
 -8   +8.7331626836194963e-09  -1.1653551082113396e-07
 -7   +2.2977061844613117e-08  -3.8193118987057142e-07
 -6   +5.0472025771272224e-08  -1.2248143506078864e-06
 -5   +6.1011296255832145e-08  -3.8164957590472121e-06
 -4   -2.2493715719682598e-07  -1.1446075392843149e-05
 -3   -2.3651360587278547e-06  -3.2149165063470969e-05
 -2   -1.4582674211247289e-05  -8.4495052532932821e-05
 -1   -6.4127695078288373e-06  -6.5807567153122989e-06
 +0   -4.1980645154926645e-02  +0.0000000000000000e+00
 +1   -6.4127695078288373e-06  +6.5807567153122989e-06
 +2   -1.4582674211247289e-05  +8.4495052532932821e-05
 +3   -2.3651360587278547e-06  +3.2149165063470969e-05
 +4   -2.2493715719682598e-07  +1.1446075392843149e-05
 +5   +6.1011296255832145e-08  +3.8164957590472121e-06
 +6   +5.0472025771272224e-08  +1.2248143506078864e-06
 +7   +2.2977061844613117e-08  +3.8193118987057142e-07
 +8   +8.7331626836194963e-09  +1.1653551082113396e-07
 +9   +3.0340861853074040e-09  +3.4949773975451443e-08
+10   +9.9814269416181369e-10  +1.0336165726795208e-08
+11   +3.1646212394414026e-10  +3.0216435236306292e-09
+12   +9.7682038887660898e-11  +8.7475883796143022e-10
+13   +2.9542494037134006e-11  +2.5113779321736671e-10
+14   +8.7920290566955483e-12  +7.1582256151713852e-11
+15   +2.5826363967317071e-12  +2.0275218887569588e-11
+16   +7.5048389044886563e-13  +5.7111001795805925e-12
+17   +2.1609858447213124e-13  +1.6008283921944570e-12
+18   +6.1734568239789144e-14  +4.4677529250023708e-13
+19   +1.7509461873209007e-14  +1.2422800914540081e-13
+20   +4.9295645072194771e-15  +3.4448693924237145e-14
+21   +1.3736110677762698e-15  +9.5483908972185557e-15
+22   +3.7067661301037162e-16  +2.6646180576298231e-15
+23   +9.3007344625924628e-17  +7.6591999474202615e-16
+24   +1.4436595360167931e-17  +2.4431858987811680e-16
+25   -5.7283440613832576e-18  +9.8126132249682341e-17
+26   -1.2989300020398804e-17  +5.7505083993019480e-17
+27   -1.4549407162569973e-17  +4.6464682443807696e-17
+28   -1.4471425640429451e-17  +4.1148621037803284e-17
+29   -1.6167539640156154e-17  +3.8234952620534233e-17
+30   -1.6478170993978769e-17  +3.6623041277637741e-17

