-30   +1.3985217000211912e-17  +3.6132387729597914e-17
-29   +1.3698967262291399e-17  +3.6519895062624808e-17
-28   +1.6391967265251773e-17  +3.7394770424692796e-17
-27   +1.5588847399693448e-17  +3.6095771513688801e-17
-26   +1.6930278951203279e-17  +2.7193962316939637e-17
-25   +2.3564666172894593e-17  -9.2975538676834003e-18
-24   +4.5978914017444735e-17  -1.4973908300578762e-16
-23   +1.2340192419530068e-16  -6.6897151084955066e-16
-22   +4.0080804637133337e-16  -2.5614421099111905e-15
-21   +1.4027876520617208e-15  -9.4367771277239817e-15
-20   +4.9621607022289170e-15  -3.4317023388015144e-14
-19   +1.7548643398560092e-14  -1.2403904769550756e-13
-18   +6.1801597198171675e-14  -4.4636949093701279e-13
-17   +2.1627866045303318e-13  -1.5995743690888635e-12
-16   +7.5112500998694129e-13  -5.7064748074820946e-12
-15   +2.5851349067044220e-12  -2.0257102261081121e-11
-14   +8.8020793068923383e-12  -7.1509945203059316e-11
-13   +2.9583379218625621e-11  -2.5084710337829555e-10
-12   +9.7849501217376299e-11  -8.7358524919760970e-10
-11   +3.1715255635717182e-10  -3.0168869093990438e-09
-10   +1.0010112302377006e-09  -1.0316802774118021e-08
 -9   +3.0461185699174754e-09  -3.4870543200470264e-08
 -8   +8.7842593665883646e-09  -1.1620923531626181e-07
 -7   +2.3197632159990791e-08  -3.8057684362562544e-07
 -6   +5.1446106272974542e-08  -1.2191331583762845e-06
 -5   +6.5456556158323050e-08  -3.7923526906411709e-06
 -4   -2.0354799826184860e-07  -1.1341275560015295e-05
 -3   -2.2537017920392353e-06  -3.1690162455194950e-05
 -2   -1.3864088756784701e-05  -8.2330858069226803e-05
 -1   -5.9981750108821139e-06  -4.9128409007360051e-06
 +0   +4.1980661423102000e-02  +0.0000000000000000e+00
 +1   -5.9981750108821139e-06  +4.9128409007360051e-06
 +2   -1.3864088756784701e-05  +8.2330858069226803e-05
 +3   -2.2537017920392353e-06  +3.1690162455194950e-05
 +4   -2.0354799826184860e-07  +1.1341275560015295e-05
 +5   +6.5456556158323050e-08  +3.7923526906411709e-06
 +6   +5.1446106272974542e-08  +1.2191331583762845e-06
 +7   +2.3197632159990791e-08  +3.8057684362562544e-07
 +8   +8.7842593665883646e-09  +1.1620923531626181e-07
 +9   +3.0461185699174754e-09  +3.4870543200470264e-08
+10   +1.0010112302377006e-09  +1.0316802774118021e-08
+11   +3.1715255635717182e-10  +3.0168869093990438e-09
+12   +9.7849501217376299e-11  +8.7358524919760970e-10
+13   +2.9583379218625621e-11  +2.5084710337829555e-10
+14   +8.8020793068923383e-12  +7.1509945203059316e-11
+15   +2.5851349067044220e-12  +2.0257102261081121e-11
+16   +7.5112500998694129e-13  +5.7064748074820946e-12
+17   +2.1627866045303318e-13  +1.5995743690888635e-12
+18   +6.1801597198171675e-14  +4.4636949093701279e-13
+19   +1.7548643398560092e-14  +1.2403904769550756e-13
+20   +4.9621607022289170e-15  +3.4317023388015144e-14
+21   +1.4027876520617208e-15  +9.4367771277239817e-15
+22   +4.0080804637133337e-16  +2.5614421099111905e-15
+23   +1.2340192419530068e-16  +6.6897151084955066e-16
+24   +4.5978914017444735e-17  +1.4973908300578762e-16
+25   +2.3564666172894593e-17  +9.2975538676834003e-18
+26   +1.6930278951203279e-17  -2.7193962316939637e-17
+27   +1.5588847399693448e-17  -3.6095771513688801e-17
+28   +1.6391967265251773e-17  -3.7394770424692796e-17
+29   +1.3698967262291399e-17  -3.6519895062624808e-17
+30   +1.3985217000211912e-17  -3.6132387729597914e-17

