-30   -1.4860900899702436e-17  +2.8225127412197697e-19
-29   -1.3369122576262226e-17  +7.2157959543135713e-19
-28   +1.9277514657806138e-17  +4.7940038383027337e-19
-27   -4.6445514433522301e-18  +5.6241598105804516e-19
-26   -5.5572887723122037e-18  -5.1305539207882040e-20
-25   +1.2395268787692288e-18  +2.7868350904400422e-20
-24   -1.1498224796745792e-17  -7.4877614050806508e-19
-23   -5.5859050480319873e-17  -1.4662722400444714e-19
-22   -2.4770494841107652e-16  -3.4278036788346222e-18
-21   -8.5677511352943704e-16  -1.3237560960900582e-17
-20   -3.2436586238920640e-15  -5.2869845486745649e-17
-19   -1.2305565208227698e-14  -2.0922496262350140e-16
-18   -4.6456522663317731e-14  -8.3292448394008650e-16
-17   -1.7531437003031260e-13  -3.3269207057229456e-15
-16   -6.6064542183344962e-13  -1.3314904109602993e-14
-15   -2.4851899615317966e-12  -5.3416196239597572e-14
-14   -9.3300616847708409e-12  -2.1481304663651532e-13
-13   -3.4949695875049307e-11  -8.6639154717169378e-13
-12   -1.3058346118862673e-10  -3.5062440129890181e-12
-11   -4.8645226988311441e-10  -1.4246816980431361e-11
-10   -1.8058202191113413e-09  -5.8170085808844424e-11
 -9   -6.6757237996417333e-09  -2.3892670353708407e-10
 -8   -2.4554713778117558e-08  -9.8873753556361142e-10
 -7   -8.9750670689732578e-08  -4.1311673131507576e-09
 -6   -3.2550083982622719e-07  -1.7488397860770434e-08
 -5   -1.1673787727913728e-06  -7.5340485320826842e-08
 -4   -4.1349006796824371e-06  -3.3427004535936108e-07
 -3   -1.4113796337972805e-05  -1.5286247678573312e-06
 -2   -4.8448688173648412e-05  -7.9852941105441996e-06
 -1   -1.7146532807642798e-05  -6.1388293584348273e-06
 +0   -2.5884651698935572e-09  +0.0000000000000000e+00
 +1   -1.7146532807642798e-05  +6.1388293584348273e-06
 +2   -4.8448688173648412e-05  +7.9852941105441996e-06
 +3   -1.4113796337972805e-05  +1.5286247678573312e-06
 +4   -4.1349006796824371e-06  +3.3427004535936108e-07
 +5   -1.1673787727913728e-06  +7.5340485320826842e-08
 +6   -3.2550083982622719e-07  +1.7488397860770434e-08
 +7   -8.9750670689732578e-08  +4.1311673131507576e-09
 +8   -2.4554713778117558e-08  +9.8873753556361142e-10
 +9   -6.6757237996417333e-09  +2.3892670353708407e-10
+10   -1.8058202191113413e-09  +5.8170085808844424e-11
+11   -4.8645226988311441e-10  +1.4246816980431361e-11
+12   -1.3058346118862673e-10  +3.5062440129890181e-12
+13   -3.4949695875049307e-11  +8.6639154717169378e-13
+14   -9.3300616847708409e-12  +2.1481304663651532e-13
+15   -2.4851899615317966e-12  +5.3416196239597572e-14
+16   -6.6064542183344962e-13  +1.3314904109602993e-14
+17   -1.7531437003031260e-13  +3.3269207057229456e-15
+18   -4.6456522663317731e-14  +8.3292448394008650e-16
+19   -1.2305565208227698e-14  +2.0922496262350140e-16
+20   -3.2436586238920640e-15  +5.2869845486745649e-17
+21   -8.5677511352943704e-16  +1.3237560960900582e-17
+22   -2.4770494841107652e-16  +3.4278036788346222e-18
+23   -5.5859050480319873e-17  +1.4662722400444714e-19
+24   -1.1498224796745792e-17  +7.4877614050806508e-19
+25   +1.2395268787692288e-18  -2.7868350904400422e-20
+26   -5.5572887723122037e-18  +5.1305539207882040e-20
+27   -4.6445514433522301e-18  -5.6241598105804516e-19
+28   +1.9277514657806138e-17  -4.7940038383027337e-19
+29   -1.3369122576262226e-17  -7.2157959543135713e-19
+30   -1.4860900899702436e-17  -2.8225127412197697e-19

