-30   -1.3592848346182379e-17  +5.0759252620830313e-19
-29   -1.4533386738792052e-17  +5.9389771021968581e-19
-28   +1.8168388399855402e-17  -3.2668026495136261e-19
-27   -2.6299451220424602e-18  -8.0733186698820457e-20
-26   -7.4006362735059535e-18  +2.7588526702817648e-20
-25   -1.2161105755177891e-19  +2.1324343911850921e-19
-24   -1.1958640474746894e-17  -4.7188768482663776e-20
-23   -5.5297619680503331e-17  +1.8958265922593701e-19
-22   -2.4726167540421124e-16  +1.9118793953523704e-19
-21   -8.5679755855884794e-16  -1.6617918153409651e-19
-20   -3.2432435717507817e-15  -1.6493804775266120e-19
-19   -1.2308150426151785e-14  -4.2265458990445614e-19
-18   -4.6474244223937810e-14  -7.5519129178206498e-20
-17   -1.7537866083457083e-13  -4.3726328163207618e-20
-16   -6.6091373415449103e-13  +1.6742546122802971e-19
-15   -2.4863348966147395e-12  -4.7255038540021735e-20
-14   -9.3349899805443840e-12  -4.7718963842089030e-19
-13   -3.4971098027858309e-11  +1.9148628674307458e-19
-12   -1.3067730001122859e-10  +3.6295481903364884e-19
-11   -4.8686821448059158e-10  +4.1455976303148406e-19
-10   -1.8076883664699236e-09  -2.9820566618108825e-20
 -9   -6.6842495327209040e-09  +2.4279190164991394e-19
 -8   -2.4594405561981249e-08  +2.3490748510016921e-18
 -7   -8.9940203405271852e-08  -3.0802159346919443e-18
 -6   -3.2643690938105324e-07  +6.9802763990402231e-16
 -5   -1.1722179068824873e-06  -7.0905466121975596e-16
 -4   -4.1617384833385246e-06  +2.2705560553705655e-13
 -3   -1.4277436073404101e-05  -2.4820221868325753e-13
 -2   -4.9730955147506220e-05  +1.5312703321862123e-10
 -1   -1.9118023413023316e-05  -8.2117579555424877e-13
 +0   -2.4499956949424675e-09  +0.0000000000000000e+00
 +1   -1.9118023413023316e-05  +8.2117579555424877e-13
 +2   -4.9730955147506220e-05  -1.5312703321862123e-10
 +3   -1.4277436073404101e-05  +2.4820221868325753e-13
 +4   -4.1617384833385246e-06  -2.2705560553705655e-13
 +5   -1.1722179068824873e-06  +7.0905466121975596e-16
 +6   -3.2643690938105324e-07  -6.9802763990402231e-16
 +7   -8.9940203405271852e-08  +3.0802159346919443e-18
 +8   -2.4594405561981249e-08  -2.3490748510016921e-18
 +9   -6.6842495327209040e-09  -2.4279190164991394e-19
+10   -1.8076883664699236e-09  +2.9820566618108825e-20
+11   -4.8686821448059158e-10  -4.1455976303148406e-19
+12   -1.3067730001122859e-10  -3.6295481903364884e-19
+13   -3.4971098027858309e-11  -1.9148628674307458e-19
+14   -9.3349899805443840e-12  +4.7718963842089030e-19
+15   -2.4863348966147395e-12  +4.7255038540021735e-20
+16   -6.6091373415449103e-13  -1.6742546122802971e-19
+17   -1.7537866083457083e-13  +4.3726328163207618e-20
+18   -4.6474244223937810e-14  +7.5519129178206498e-20
+19   -1.2308150426151785e-14  +4.2265458990445614e-19
+20   -3.2432435717507817e-15  +1.6493804775266120e-19
+21   -8.5679755855884794e-16  +1.6617918153409651e-19
+22   -2.4726167540421124e-16  -1.9118793953523704e-19
+23   -5.5297619680503331e-17  -1.8958265922593701e-19
+24   -1.1958640474746894e-17  +4.7188768482663776e-20
+25   -1.2161105755177891e-19  -2.1324343911850921e-19
+26   -7.4006362735059535e-18  -2.7588526702817648e-20
+27   -2.6299451220424602e-18  +8.0733186698820457e-20
+28   +1.8168388399855402e-17  +3.2668026495136261e-19
+29   -1.4533386738792052e-17  -5.9389771021968581e-19
+30   -1.3592848346182379e-17  -5.0759252620830313e-19

