-30   +7.9833392108444370e-18  +7.9361410717107016e-18
-29   +4.7772353799406449e-18  +9.1691116600850933e-18
-28   -1.2616001557301331e-17  +9.6532041647773490e-18
-27   +1.2988792723203158e-19  +1.2270004291215485e-17
-26   +1.5224643267157822e-17  +2.0576783262608289e-17
-25   +3.6130554305573769e-17  +4.7411194754139115e-17
-24   +1.4325008295314359e-16  +1.5003241094113320e-16
-23   +5.3959188738024649e-16  +5.1923479323872986e-16
-22   +1.9046147634312372e-15  +1.8624593630054256e-15
-21   +6.8450706360251734e-15  +6.7348140741728379e-15
-20   +2.4835034397057554e-14  +2.4362877870533163e-14
-19   +8.9630495434880688e-14  +8.7931448147513772e-14
-18   +3.2219403396515979e-13  +3.1631604915931106e-13
-17   +1.1538851870551104e-12  +1.1334863979240911e-12
-16   +4.1140840921908638e-12  +4.0440249291266684e-12
-15   +1.4596035066300690e-11  +1.4357503152704961e-11
-14   +5.1496508479970139e-11  +5.0692100973381760e-11
-13   +1.8054296330599506e-10  +1.7785791420695740e-10
-12   +6.2842464240335288e-10  +6.1955893284394008e-10
-11   +2.1692905037338865e-09  +2.1403292312119320e-09
-10   +7.4161530660011414e-09  +7.3224131407574581e-09
 -9   +2.5065800249103033e-08  +2.4763841035004545e-08
 -8   +8.3570952159335883e-08  +8.2593209163824398e-08
 -7   +2.7403584214987453e-07  +2.7079400373090232e-07
 -6   +8.8029942562629203e-07  +8.6894102931137516e-07
 -5   +2.7537863555860032e-06  +2.7104593554449436e-06
 -4   +8.3329258955362759e-06  +8.1455167532300714e-06
 -3   +2.3831545906326846e-05  +2.2987374080234324e-05
 -2   +6.5933303670604484e-05  +6.1327983108514712e-05
 -1   +9.1188414996567907e-06  +5.1772062443198239e-06
 +0   +1.1318599162142418e-02  +0.0000000000000000e+00
 +1   +9.1188414996567907e-06  -5.1772062443198239e-06
 +2   +6.5933303670604484e-05  -6.1327983108514712e-05
 +3   +2.3831545906326846e-05  -2.2987374080234324e-05
 +4   +8.3329258955362759e-06  -8.1455167532300714e-06
 +5   +2.7537863555860032e-06  -2.7104593554449436e-06
 +6   +8.8029942562629203e-07  -8.6894102931137516e-07
 +7   +2.7403584214987453e-07  -2.7079400373090232e-07
 +8   +8.3570952159335883e-08  -8.2593209163824398e-08
 +9   +2.5065800249103033e-08  -2.4763841035004545e-08
+10   +7.4161530660011414e-09  -7.3224131407574581e-09
+11   +2.1692905037338865e-09  -2.1403292312119320e-09
+12   +6.2842464240335288e-10  -6.1955893284394008e-10
+13   +1.8054296330599506e-10  -1.7785791420695740e-10
+14   +5.1496508479970139e-11  -5.0692100973381760e-11
+15   +1.4596035066300690e-11  -1.4357503152704961e-11
+16   +4.1140840921908638e-12  -4.0440249291266684e-12
+17   +1.1538851870551104e-12  -1.1334863979240911e-12
+18   +3.2219403396515979e-13  -3.1631604915931106e-13
+19   +8.9630495434880688e-14  -8.7931448147513772e-14
+20   +2.4835034397057554e-14  -2.4362877870533163e-14
+21   +6.8450706360251734e-15  -6.7348140741728379e-15
+22   +1.9046147634312372e-15  -1.8624593630054256e-15
+23   +5.3959188738024649e-16  -5.1923479323872986e-16
+24   +1.4325008295314359e-16  -1.5003241094113320e-16
+25   +3.6130554305573769e-17  -4.7411194754139115e-17
+26   +1.5224643267157822e-17  -2.0576783262608289e-17
+27   +1.2988792723203158e-19  -1.2270004291215485e-17
+28   -1.2616001557301331e-17  -9.6532041647773490e-18
+29   +4.7772353799406449e-18  -9.1691116600850933e-18
+30   +7.9833392108444370e-18  -7.9361410717107016e-18

