-30   -2.1506514313317108e-19  +1.0799990487861209e-17
-29   +2.9215541724293981e-18  +1.1283488537126349e-17
-28   +2.0256862974763372e-17  +1.3108454114444255e-17
-27   +8.7706044801966148e-18  +1.4698463368516243e-17
-26   -7.2744437818410009e-18  +2.2945009980965986e-17
-25   -2.8640962413700048e-17  +5.0861615858410230e-17
-24   -1.3631748455868781e-16  +1.5235141332949855e-16
-23   -5.3276933306033628e-16  +5.2223661887508119e-16
-22   -1.8959392576390690e-15  +1.8668386485835253e-15
-21   -6.8352682319171898e-15  +6.7451136329027153e-15
-20   -2.4818569203617518e-14  +2.4399463035326234e-14
-19   -8.9587493960740901e-14  +8.8066302521204572e-14
-18   -3.2204569312402624e-13  +3.1684695696272512e-13
-17   -1.1533170354741362e-12  +1.1356089214437771e-12
-16   -4.1118144016871033e-12  +4.0525171857243350e-12
-15   -1.4586874529149050e-11  +1.4391598344962470e-11
-14   -5.1459342410319942e-11  +5.0829364866517660e-11
-13   -1.8039145079087765e-10  +1.7841221783109715e-10
-12   -6.2780374720697348e-10  +6.2180525321737574e-10
-11   -2.1667303198688702e-09  +2.1494706375386029e-09
-10   -7.4055161007720390e-09  +7.3598022392800197e-09
 -9   -2.5021182781310531e-08  +2.4917714420847264e-08
 -8   -8.3381483215044820e-08  +8.3231415059364618e-08
 -7   -2.7321797512615102e-07  +2.7346759301848981e-07
 -6   -8.7668764932596845e-07  +8.8029373448642444e-07
 -5   -2.7373041194204251e-06  +2.7595447425109653e-06
 -4   -8.2536163504370295e-06  +8.3641157928628756e-06
 -3   -2.3418283978567246e-05  +2.3991311371163063e-05
 -2   -6.3267364618590409e-05  +6.6535745070611692e-05
 -1   -7.5815069613507804e-06  +8.1824916400838962e-06
 +0   +1.1318606161521385e-02  +0.0000000000000000e+00
 +1   -7.5815069613507804e-06  -8.1824916400838962e-06
 +2   -6.3267364618590409e-05  -6.6535745070611692e-05
 +3   -2.3418283978567246e-05  -2.3991311371163063e-05
 +4   -8.2536163504370295e-06  -8.3641157928628756e-06
 +5   -2.7373041194204251e-06  -2.7595447425109653e-06
 +6   -8.7668764932596845e-07  -8.8029373448642444e-07
 +7   -2.7321797512615102e-07  -2.7346759301848981e-07
 +8   -8.3381483215044820e-08  -8.3231415059364618e-08
 +9   -2.5021182781310531e-08  -2.4917714420847264e-08
+10   -7.4055161007720390e-09  -7.3598022392800197e-09
+11   -2.1667303198688702e-09  -2.1494706375386029e-09
+12   -6.2780374720697348e-10  -6.2180525321737574e-10
+13   -1.8039145079087765e-10  -1.7841221783109715e-10
+14   -5.1459342410319942e-11  -5.0829364866517660e-11
+15   -1.4586874529149050e-11  -1.4391598344962470e-11
+16   -4.1118144016871033e-12  -4.0525171857243350e-12
+17   -1.1533170354741362e-12  -1.1356089214437771e-12
+18   -3.2204569312402624e-13  -3.1684695696272512e-13
+19   -8.9587493960740901e-14  -8.8066302521204572e-14
+20   -2.4818569203617518e-14  -2.4399463035326234e-14
+21   -6.8352682319171898e-15  -6.7451136329027153e-15
+22   -1.8959392576390690e-15  -1.8668386485835253e-15
+23   -5.3276933306033628e-16  -5.2223661887508119e-16
+24   -1.3631748455868781e-16  -1.5235141332949855e-16
+25   -2.8640962413700048e-17  -5.0861615858410230e-17
+26   -7.2744437818410009e-18  -2.2945009980965986e-17
+27   +8.7706044801966148e-18  -1.4698463368516243e-17
+28   +2.0256862974763372e-17  -1.3108454114444255e-17
+29   +2.9215541724293981e-18  -1.1283488537126349e-17
+30   -2.1506514313317108e-19  -1.0799990487861209e-17

