-30   +6.2343447963537096e-18  -3.1052605477570090e-18
-29   +3.7861924275157290e-19  -1.8399722278752780e-18
-28   -2.2510484770982808e-17  -2.3206541756619121e-18
-27   -4.2114157975896806e-18  -3.1549810251840718e-18
-26   +1.9283782067281341e-17  -1.1079746254013924e-18
-25   +5.4871795888531634e-17  -3.9097339143568972e-18
-24   +2.3096604521890220e-16  -2.6820703571062794e-18
-23   +8.8146472028383814e-16  -2.8762698302166889e-18
-22   +3.1390270986460912e-15  -3.0271491155745246e-18
-21   +1.1314501178441804e-14  -7.0508317925248434e-18
-20   +4.1008353661320922e-14  -1.7058633994632105e-17
-19   +1.4786879057375945e-13  -6.2795477183928512e-17
-18   +5.3100743783507612e-13  -2.3745339099963372e-16
-17   +1.8994616376697956e-12  -9.4262806373612458e-16
-16   +6.7634716171924209e-12  -3.7692932136061652e-15
-15   +2.3960342971284300e-11  -1.5143412022382963e-14
-14   +8.4395581416513138e-11  -6.1052933579710615e-14
-13   +2.9533426941898710e-10  -2.4698401437361111e-13
-12   +1.0258097797112878e-09  -1.0029805106371231e-12
-11   +3.5324569462023736e-09  -4.0916259898678700e-12
-10   +1.2042531915265299e-08  -1.6784163375980616e-11
 -9   +4.0569067166157711e-08  -6.9321335410659762e-11
 -8   +1.3473624336952160e-07  -2.8879584865383706e-10
 -7   +4.3976979667823545e-07  -1.2167277353750271e-09
 -6   +1.4048129657755218e-06  -5.2055385949533328e-09
 -5   +4.3650547655243007e-06  -2.2746606175872662e-08
 -4   +1.3101165621087417e-05  -1.0289276389082638e-07
 -3   +3.7170301601061052e-05  -4.8586503735119446e-07
 -2   +1.0237501461506892e-04  -2.6565537095856718e-06
 -1   +1.0952313393784020e-05  -1.4208697679210720e-06
 +0   +7.3165657790113847e-09  +0.0000000000000000e+00
 +1   +1.0952313393784020e-05  +1.4208697679210720e-06
 +2   +1.0237501461506892e-04  +2.6565537095856718e-06
 +3   +3.7170301601061052e-05  +4.8586503735119446e-07
 +4   +1.3101165621087417e-05  +1.0289276389082638e-07
 +5   +4.3650547655243007e-06  +2.2746606175872662e-08
 +6   +1.4048129657755218e-06  +5.2055385949533328e-09
 +7   +4.3976979667823545e-07  +1.2167277353750271e-09
 +8   +1.3473624336952160e-07  +2.8879584865383706e-10
 +9   +4.0569067166157711e-08  +6.9321335410659762e-11
+10   +1.2042531915265299e-08  +1.6784163375980616e-11
+11   +3.5324569462023736e-09  +4.0916259898678700e-12
+12   +1.0258097797112878e-09  +1.0029805106371231e-12
+13   +2.9533426941898710e-10  +2.4698401437361111e-13
+14   +8.4395581416513138e-11  +6.1052933579710615e-14
+15   +2.3960342971284300e-11  +1.5143412022382963e-14
+16   +6.7634716171924209e-12  +3.7692932136061652e-15
+17   +1.8994616376697956e-12  +9.4262806373612458e-16
+18   +5.3100743783507612e-13  +2.3745339099963372e-16
+19   +1.4786879057375945e-13  +6.2795477183928512e-17
+20   +4.1008353661320922e-14  +1.7058633994632105e-17
+21   +1.1314501178441804e-14  +7.0508317925248434e-18
+22   +3.1390270986460912e-15  +3.0271491155745246e-18
+23   +8.8146472028383814e-16  +2.8762698302166889e-18
+24   +2.3096604521890220e-16  +2.6820703571062794e-18
+25   +5.4871795888531634e-17  +3.9097339143568972e-18
+26   +1.9283782067281341e-17  +1.1079746254013924e-18
+27   -4.2114157975896806e-18  +3.1549810251840718e-18
+28   -2.2510484770982808e-17  +2.3206541756619121e-18
+29   +3.7861924275157290e-19  +1.8399722278752780e-18
+30   +6.2343447963537096e-18  +3.1052605477570090e-18

