-30   -7.8632757252709810e-17  -1.7076205984042817e-16
-29   -7.3318567475940729e-17  -1.7877416238667200e-16
-28   -4.5696825717495729e-17  -1.8448225759475563e-16
-27   -6.4756403869124983e-17  -1.9238276621215640e-16
-26   -8.4585237134270974e-17  -2.0042969804820275e-16
-25   -1.0679913081062345e-16  -2.0932498157424021e-16
-24   -2.3617023064898621e-16  -2.1949606482548297e-16
-23   -7.1269477592582232e-16  -2.2921971145111566e-16
-22   -2.3313604007426092e-15  -2.3862167676097850e-16
-21   -8.2040822191361162e-15  -2.4817861225631601e-16
-20   -2.9661073165452391e-14  -2.5201808506493799e-16
-19   -1.0707078524346414e-13  -2.2070967559593373e-16
-18   -3.8548166935360299e-13  -6.3589122114004306e-17
-17   -1.3835030792350158e-12  +6.2489084154664930e-16
-16   -4.9449754597677186e-12  +3.4299047644786934e-15
-15   -1.7592851984284446e-11  +1.4782543451669084e-14
-14   -6.2264643671903275e-11  +6.0664580972901270e-14
-13   -2.1907124530994963e-10  +2.4656391342481367e-13
-12   -7.6562125594014794e-10  +1.0025234029881944e-12
-11   -2.6551974790740611e-09  +4.0911297315113751e-12
-10   -9.1264315881615734e-09  +1.6783619870223761e-11
 -9   -3.1042411636868975e-08  +6.9320729397477332e-11
 -8   -1.0428058568418609e-07  +2.8879516912025621e-10
 -7   -3.4507173669161585e-07  +1.2167269445277493e-09
 -6   -1.1209743826941278e-06  +5.2055390748667283e-09
 -5   -3.5560436130010127e-06  +2.2746603662027923e-08
 -4   -1.0955796744855886e-05  +1.0289321662458187e-07
 -3   -3.2038814127581933e-05  +4.8586453911895465e-07
 -2   -9.1267221508018381e-05  +2.6568599609093766e-06
 -1   -1.6320246546883657e-05  +1.4208681200684331e-06
 +0   +1.0538401231649856e-08  +0.0000000000000000e+00
 +1   -1.6320246546883657e-05  -1.4208681200684331e-06
 +2   -9.1267221508018381e-05  -2.6568599609093766e-06
 +3   -3.2038814127581933e-05  -4.8586453911895465e-07
 +4   -1.0955796744855886e-05  -1.0289321662458187e-07
 +5   -3.5560436130010127e-06  -2.2746603662027923e-08
 +6   -1.1209743826941278e-06  -5.2055390748667283e-09
 +7   -3.4507173669161585e-07  -1.2167269445277493e-09
 +8   -1.0428058568418609e-07  -2.8879516912025621e-10
 +9   -3.1042411636868975e-08  -6.9320729397477332e-11
+10   -9.1264315881615734e-09  -1.6783619870223761e-11
+11   -2.6551974790740611e-09  -4.0911297315113751e-12
+12   -7.6562125594014794e-10  -1.0025234029881944e-12
+13   -2.1907124530994963e-10  -2.4656391342481367e-13
+14   -6.2264643671903275e-11  -6.0664580972901270e-14
+15   -1.7592851984284446e-11  -1.4782543451669084e-14
+16   -4.9449754597677186e-12  -3.4299047644786934e-15
+17   -1.3835030792350158e-12  -6.2489084154664930e-16
+18   -3.8548166935360299e-13  +6.3589122114004306e-17
+19   -1.0707078524346414e-13  +2.2070967559593373e-16
+20   -2.9661073165452391e-14  +2.5201808506493799e-16
+21   -8.2040822191361162e-15  +2.4817861225631601e-16
+22   -2.3313604007426092e-15  +2.3862167676097850e-16
+23   -7.1269477592582232e-16  +2.2921971145111566e-16
+24   -2.3617023064898621e-16  +2.1949606482548297e-16
+25   -1.0679913081062345e-16  +2.0932498157424021e-16
+26   -8.4585237134270974e-17  +2.0042969804820275e-16
+27   -6.4756403869124983e-17  +1.9238276621215640e-16
+28   -4.5696825717495729e-17  +1.8448225759475563e-16
+29   -7.3318567475940729e-17  +1.7877416238667200e-16
+30   -7.8632757252709810e-17  +1.7076205984042817e-16

