-30   -9.3244182213008399e-18  -9.0161609104225797e-18
-29   -4.8282131679990139e-18  -9.3747868252817407e-18
-28   +1.2155640905486187e-17  -9.2711724710052163e-18
-27   -3.7108788979120899e-19  -7.7349376233777899e-18
-26   -1.5993573696602418e-17  -9.7761547699127129e-19
-25   -3.6010990720872151e-17  +2.6868808872839406e-17
-24   -1.4392470090551992e-16  +1.2701242417093679e-16
-23   -5.4041139983033257e-16  +4.9502185493350156e-16
-22   -1.9043793326210836e-15  +1.8368311639641082e-15
-21   -6.8460868991321455e-15  +6.7079990324293827e-15
-20   -2.4835212020989877e-14  +2.4335193169928343e-14
-19   -8.9631120840411469e-14  +8.7903021284867292e-14
-18   -3.2219443955397706e-13  +3.1628332054773882e-13
-17   -1.1538858064107106e-12  +1.1334540908292353e-12
-16   -4.1140845236378581e-12  +4.0439892050148378e-12
-15   -1.4596036091542197e-11  +1.4357465354371368e-11
-14   -5.1496508563671627e-11  +5.0692058464965002e-11
-13   -1.8054296446884303e-10  +1.7785787155339126e-10
-12   -6.2842464240595405e-10  +6.1955888834337064e-10
-11   -2.1692905045842616e-09  +2.1403291769398824e-09
-10   -7.4161530669896372e-09  +7.3224130807677392e-09
 -9   -2.5065800249800690e-08  +2.4763840969285339e-08
 -8   -8.3570952160073715e-08  +8.2593209090557240e-08
 -7   -2.7403584215115651e-07  +2.7079400364815196e-07
 -6   -8.8029942562778736e-07  +8.6894102921247612e-07
 -5   -2.7537863555880606e-06  +2.7104593553230043e-06
 -4   -8.3329258955372754e-06  +8.1455167530873497e-06
 -3   -2.3831545906327049e-05  +2.2987374080030016e-05
 -2   -6.5933303670591799e-05  +6.1327983108218237e-05
 -1   -9.1188414996545664e-06  +5.1772062437621679e-06
 +0   -1.1318599162140345e-02  +0.0000000000000000e+00
 +1   -9.1188414996545664e-06  -5.1772062437621679e-06
 +2   -6.5933303670591799e-05  -6.1327983108218237e-05
 +3   -2.3831545906327049e-05  -2.2987374080030016e-05
 +4   -8.3329258955372754e-06  -8.1455167530873497e-06
 +5   -2.7537863555880606e-06  -2.7104593553230043e-06
 +6   -8.8029942562778736e-07  -8.6894102921247612e-07
 +7   -2.7403584215115651e-07  -2.7079400364815196e-07
 +8   -8.3570952160073715e-08  -8.2593209090557240e-08
 +9   -2.5065800249800690e-08  -2.4763840969285339e-08
+10   -7.4161530669896372e-09  -7.3224130807677392e-09
+11   -2.1692905045842616e-09  -2.1403291769398824e-09
+12   -6.2842464240595405e-10  -6.1955888834337064e-10
+13   -1.8054296446884303e-10  -1.7785787155339126e-10
+14   -5.1496508563671627e-11  -5.0692058464965002e-11
+15   -1.4596036091542197e-11  -1.4357465354371368e-11
+16   -4.1140845236378581e-12  -4.0439892050148378e-12
+17   -1.1538858064107106e-12  -1.1334540908292353e-12
+18   -3.2219443955397706e-13  -3.1628332054773882e-13
+19   -8.9631120840411469e-14  -8.7903021284867292e-14
+20   -2.4835212020989877e-14  -2.4335193169928343e-14
+21   -6.8460868991321455e-15  -6.7079990324293827e-15
+22   -1.9043793326210836e-15  -1.8368311639641082e-15
+23   -5.4041139983033257e-16  -4.9502185493350156e-16
+24   -1.4392470090551992e-16  -1.2701242417093679e-16
+25   -3.6010990720872151e-17  -2.6868808872839406e-17
+26   -1.5993573696602418e-17  +9.7761547699127129e-19
+27   -3.7108788979120899e-19  +7.7349376233777899e-18
+28   +1.2155640905486187e-17  +9.2711724710052163e-18
+29   -4.8282131679990139e-18  +9.3747868252817407e-18
+30   -9.3244182213008399e-18  +9.0161609104225797e-18

