-30   -9.4305908317946227e-17  -1.7044683468880686e-16
-29   -9.2783346659159191e-17  -1.7669044141456801e-16
-28   -4.1824729575153487e-17  -1.8349695725758719e-16
-27   -7.9240839655565312e-17  -1.9283394301637119e-16
-26   -9.0196185096209279e-17  -2.0129849084706581e-16
-25   -1.0813271405508093e-16  -2.0880301143828545e-16
-24   -2.3281709111507233e-16  -2.1736069386208468e-16
-23   -6.8080635923854883e-16  -2.2744371263208458e-16
-22   -2.3503531914463325e-15  -2.3907034112776698e-16
-21   -8.2287966893850251e-15  -2.5643495090900758e-16
-20   -2.9649681349695046e-14  -2.8036332556681054e-16
-19   -1.0706445735777990e-13  -3.3670200959547224e-16
-18   -3.8549635621300678e-13  -5.2894577367582905e-16
-17   -1.3834865908357698e-12  -1.2524972103163623e-15
-16   -4.9449576245453659e-12  -4.0978313123947351e-15
-15   -1.7592883046416931e-11  -1.5495604904383037e-14
-14   -6.2264651971156519e-11  -6.1434664995252190e-14
-13   -2.1907122233409767e-10  -2.4739252024627634e-13
-12   -7.6562127015153283e-10  -1.0034200187956987e-12
-11   -2.6551974441589337e-09  -4.0921097312621267e-12
-10   -9.1264315779058309e-09  -1.6784698526264164e-11
 -9   -3.1042411599888072e-08  -6.9321928743938908e-11
 -8   -1.0428058567474976e-07  -2.8879651987570643e-10
 -7   -3.4507173671514097e-07  -1.2167284906848996e-09
 -6   -1.1209743826993546e-06  -5.2055408785554821e-09
 -5   -3.5560436129991352e-06  -2.2746605833867297e-08
 -4   -1.0955796744859278e-05  -1.0289321932838155e-07
 -3   -3.2038814127579852e-05  -4.8586454274107547e-07
 -2   -9.1267221508016904e-05  -2.6568599663200609e-06
 -1   -1.6320246546873665e-05  -1.4208681309045594e-06
 +0   +1.0538401151049673e-08  +0.0000000000000000e+00
 +1   -1.6320246546873665e-05  +1.4208681309045594e-06
 +2   -9.1267221508016904e-05  +2.6568599663200609e-06
 +3   -3.2038814127579852e-05  +4.8586454274107547e-07
 +4   -1.0955796744859278e-05  +1.0289321932838155e-07
 +5   -3.5560436129991352e-06  +2.2746605833867297e-08
 +6   -1.1209743826993546e-06  +5.2055408785554821e-09
 +7   -3.4507173671514097e-07  +1.2167284906848996e-09
 +8   -1.0428058567474976e-07  +2.8879651987570643e-10
 +9   -3.1042411599888072e-08  +6.9321928743938908e-11
+10   -9.1264315779058309e-09  +1.6784698526264164e-11
+11   -2.6551974441589337e-09  +4.0921097312621267e-12
+12   -7.6562127015153283e-10  +1.0034200187956987e-12
+13   -2.1907122233409767e-10  +2.4739252024627634e-13
+14   -6.2264651971156519e-11  +6.1434664995252190e-14
+15   -1.7592883046416931e-11  +1.5495604904383037e-14
+16   -4.9449576245453659e-12  +4.0978313123947351e-15
+17   -1.3834865908357698e-12  +1.2524972103163623e-15
+18   -3.8549635621300678e-13  +5.2894577367582905e-16
+19   -1.0706445735777990e-13  +3.3670200959547224e-16
+20   -2.9649681349695046e-14  +2.8036332556681054e-16
+21   -8.2287966893850251e-15  +2.5643495090900758e-16
+22   -2.3503531914463325e-15  +2.3907034112776698e-16
+23   -6.8080635923854883e-16  +2.2744371263208458e-16
+24   -2.3281709111507233e-16  +2.1736069386208468e-16
+25   -1.0813271405508093e-16  +2.0880301143828545e-16
+26   -9.0196185096209279e-17  +2.0129849084706581e-16
+27   -7.9240839655565312e-17  +1.9283394301637119e-16
+28   -4.1824729575153487e-17  +1.8349695725758719e-16
+29   -9.2783346659159191e-17  +1.7669044141456801e-16
+30   -9.4305908317946227e-17  +1.7044683468880686e-16

