-30   +1.0543662962938458e-18  -9.0512365523698022e-18
-29   -2.0992091246175700e-18  -9.2306931366481008e-18
-28   -2.0578115195917664e-17  -8.1178204791357723e-18
-27   -7.6222234100014503e-18  -7.9137307401440286e-18
-26   +8.5342354627550409e-18  +3.5752346691138443e-19
-25   +2.8136006830110040e-17  +2.7400556933764480e-17
-24   +1.3664014694301710e-16  +1.2757564948186000e-16
-23   +5.3259813250904109e-16  +4.9735271877217733e-16
-22   +1.8966642871715699e-15  +1.8402953384619532e-15
-21   +6.8359600412223076e-15  +6.7172866156454039e-15
-20   +2.4819636873968670e-14  +2.4369867099726877e-14
-19   +8.9588293371221178e-14  +8.8035414271153835e-14
-18   +3.2204684546298409e-13  +3.1681574637945275e-13
-17   +1.1533165486007965e-12  +1.1355738739710558e-12
-16   +4.1118137694267795e-12  +4.0524797419568390e-12
-15   +1.4586875306860249e-11  +1.4391559510403047e-11
-14   +5.1459343921244824e-11  +5.0829323119180626e-11
-13   +1.8039145086168809e-10  +1.7841217197113382e-10
-12   +6.2780374740311113e-10  +6.2180520251031445e-10
-11   +2.1667303209401174e-09  +2.1494705836976050e-09
-10   +7.4055161011936463e-09  +7.3598021811864785e-09
 -9   +2.5021182779843278e-08  +2.4917714354074668e-08
 -8   +8.3381483216119255e-08  +8.3231414984920904e-08
 -7   +2.7321797512543581e-07  +2.7346759293584914e-07
 -6   +8.7668764932458270e-07  +8.8029373438720872e-07
 -5   +2.7373041194200799e-06  +2.7595447423927936e-06
 -4   +8.2536163504380933e-06  +8.3641157927142569e-06
 -3   +2.3418283978572830e-05  +2.3991311370970529e-05
 -2   +6.3267364618600560e-05  +6.6535745070324813e-05
 -1   +7.5815069613579861e-06  +8.1824916394770852e-06
 +0   -1.1318606161523458e-02  +0.0000000000000000e+00
 +1   +7.5815069613579861e-06  -8.1824916394770852e-06
 +2   +6.3267364618600560e-05  -6.6535745070324813e-05
 +3   +2.3418283978572830e-05  -2.3991311370970529e-05
 +4   +8.2536163504380933e-06  -8.3641157927142569e-06
 +5   +2.7373041194200799e-06  -2.7595447423927936e-06
 +6   +8.7668764932458270e-07  -8.8029373438720872e-07
 +7   +2.7321797512543581e-07  -2.7346759293584914e-07
 +8   +8.3381483216119255e-08  -8.3231414984920904e-08
 +9   +2.5021182779843278e-08  -2.4917714354074668e-08
+10   +7.4055161011936463e-09  -7.3598021811864785e-09
+11   +2.1667303209401174e-09  -2.1494705836976050e-09
+12   +6.2780374740311113e-10  -6.2180520251031445e-10
+13   +1.8039145086168809e-10  -1.7841217197113382e-10
+14   +5.1459343921244824e-11  -5.0829323119180626e-11
+15   +1.4586875306860249e-11  -1.4391559510403047e-11
+16   +4.1118137694267795e-12  -4.0524797419568390e-12
+17   +1.1533165486007965e-12  -1.1355738739710558e-12
+18   +3.2204684546298409e-13  -3.1681574637945275e-13
+19   +8.9588293371221178e-14  -8.8035414271153835e-14
+20   +2.4819636873968670e-14  -2.4369867099726877e-14
+21   +6.8359600412223076e-15  -6.7172866156454039e-15
+22   +1.8966642871715699e-15  -1.8402953384619532e-15
+23   +5.3259813250904109e-16  -4.9735271877217733e-16
+24   +1.3664014694301710e-16  -1.2757564948186000e-16
+25   +2.8136006830110040e-17  -2.7400556933764480e-17
+26   +8.5342354627550409e-18  -3.5752346691138443e-19
+27   -7.6222234100014503e-18  +7.9137307401440286e-18
+28   -2.0578115195917664e-17  +8.1178204791357723e-18
+29   -2.0992091246175700e-18  +9.2306931366481008e-18
+30   +1.0543662962938458e-18  +9.0512365523698022e-18

