-30   -1.3491589677266174e-17  +5.1105509118783673e-19
-29   -1.4756215988817345e-17  +4.7384395466490721e-19
-28   +1.8085725621659532e-17  -4.0502997054361915e-19
-27   -2.6384573159434195e-18  +3.8953831136672360e-19
-26   -7.4032467934726553e-18  +6.8376068844558690e-20
-25   -1.4751189977470714e-19  +1.6158210443329677e-20
-24   -1.1960681444768094e-17  -2.5229250935158256e-19
-23   -5.5424833753146046e-17  +4.2136483265569351e-19
-22   -2.4728978038185607e-16  +6.5857271956734578e-19
-21   -8.5686165678768541e-16  +3.4002982792844906e-20
-20   -3.2432206590070420e-15  -2.4144824480238829e-19
-19   -1.2308253345724957e-14  -2.3970487656243156e-19
-18   -4.6474126811432139e-14  +1.6710332188275073e-19
-17   -1.7537852897328817e-13  -1.6122091261467315e-19
-16   -6.6091375115357768e-13  +1.8042586455070625e-19
-15   -2.4863350200131632e-12  -2.5942257239862371e-19
-14   -9.3349900446994719e-12  -6.9763136118063340e-19
-13   -3.4971097820934710e-11  +4.6893176878080019e-19
-12   -1.3067729995599777e-10  -1.7451654593710878e-19
-11   -4.8686821455124118e-10  +3.5164761678168814e-19
-10   -1.8076883664498363e-09  -1.2123922264634600e-19
 -9   -6.6842495325335998e-09  +1.9449790013442441e-19
 -8   -2.4594405562017384e-08  -2.9928466915668070e-18
 -7   -8.9940203405367130e-08  +3.1605037393075662e-18
 -6   -3.2643690938121053e-07  -6.9521707201846049e-16
 -5   -1.1722179068825426e-06  +7.1003344308334774e-16
 -4   -4.1617384833383916e-06  -2.2705532872190661e-13
 -3   -1.4277436073404141e-05  +2.4820120274135271e-13
 -2   -4.9730955147506152e-05  -1.5312703118409397e-10
 -1   -1.9118023413023374e-05  +8.2117716682522152e-13
 +0   -2.4499956948111071e-09  +0.0000000000000000e+00
 +1   -1.9118023413023374e-05  -8.2117716682522152e-13
 +2   -4.9730955147506152e-05  +1.5312703118409397e-10
 +3   -1.4277436073404141e-05  -2.4820120274135271e-13
 +4   -4.1617384833383916e-06  +2.2705532872190661e-13
 +5   -1.1722179068825426e-06  -7.1003344308334774e-16
 +6   -3.2643690938121053e-07  +6.9521707201846049e-16
 +7   -8.9940203405367130e-08  -3.1605037393075662e-18
 +8   -2.4594405562017384e-08  +2.9928466915668070e-18
 +9   -6.6842495325335998e-09  -1.9449790013442441e-19
+10   -1.8076883664498363e-09  +1.2123922264634600e-19
+11   -4.8686821455124118e-10  -3.5164761678168814e-19
+12   -1.3067729995599777e-10  +1.7451654593710878e-19
+13   -3.4971097820934710e-11  -4.6893176878080019e-19
+14   -9.3349900446994719e-12  +6.9763136118063340e-19
+15   -2.4863350200131632e-12  +2.5942257239862371e-19
+16   -6.6091375115357768e-13  -1.8042586455070625e-19
+17   -1.7537852897328817e-13  +1.6122091261467315e-19
+18   -4.6474126811432139e-14  -1.6710332188275073e-19
+19   -1.2308253345724957e-14  +2.3970487656243156e-19
+20   -3.2432206590070420e-15  +2.4144824480238829e-19
+21   -8.5686165678768541e-16  -3.4002982792844906e-20
+22   -2.4728978038185607e-16  -6.5857271956734578e-19
+23   -5.5424833753146046e-17  -4.2136483265569351e-19
+24   -1.1960681444768094e-17  +2.5229250935158256e-19
+25   -1.4751189977470714e-19  -1.6158210443329677e-20
+26   -7.4032467934726553e-18  -6.8376068844558690e-20
+27   -2.6384573159434195e-18  -3.8953831136672360e-19
+28   +1.8085725621659532e-17  +4.0502997054361915e-19
+29   -1.4756215988817345e-17  -4.7384395466490721e-19
+30   -1.3491589677266174e-17  -5.1105509118783673e-19

