-30   +6.1837549158994416e-18  -2.0637276952141605e-18
-29   +6.8659935622929019e-19  -1.1132148249322512e-18
-28   -2.1946941985732187e-17  -1.6094232974432597e-18
-27   -4.1185894547701449e-18  -1.1376441819612723e-18
-26   +1.9919058776201265e-17  -5.0875186776372233e-19
-25   +5.4595459254799292e-17  -2.7611791088167296e-18
-24   +2.3163497208349014e-16  -1.0827704977051452e-18
-23   +8.8187816555871476e-16  -1.1016212462042203e-18
-22   +3.1396295362941529e-15  +4.4268962126001586e-19
-21   +1.1314690991307523e-14  +1.7877130022395691e-18
-20   +4.1009373038674063e-14  +1.2343098665821857e-17
-19   +1.4786889882926277e-13  +5.5470707795416564e-17
-18   +5.3100761553773145e-13  +2.3304123898735233e-16
-17   +1.8994623396532410e-12  +9.3604961108443739e-16
-16   +6.7634713997155501e-12  +3.7622918662944351e-15
-15   +2.3960343304503111e-11  +1.5137545758093628e-14
-14   +8.4395581974806027e-11  +6.1049141679190849e-14
-13   +2.9533427007020483e-10  +2.4697461246518500e-13
-12   +1.0258097799651635e-09  +1.0029671538148616e-12
-11   +3.5324569463271529e-09  +4.0916203410946459e-12
-10   +1.2042531915308111e-08  +1.6784158907898650e-11
 -9   +4.0569067166221126e-08  +6.9321330031734582e-11
 -8   +1.3473624336945836e-07  +2.8879583711318919e-10
 -7   +4.3976979667839819e-07  +1.2167277195619512e-09
 -6   +1.4048129657753310e-06  +5.2055385814728249e-09
 -5   +4.3650547655246938e-06  +2.2746606166492394e-08
 -4   +1.3101165621087007e-05  +1.0289276385845689e-07
 -3   +3.7170301601061052e-05  +4.8586503733267441e-07
 -2   +1.0237501461506721e-04  +2.6565537095402323e-06
 -1   +1.0952313393779797e-05  +1.4208697678055378e-06
 +0   +7.3165657594307498e-09  +0.0000000000000000e+00
 +1   +1.0952313393779797e-05  -1.4208697678055378e-06
 +2   +1.0237501461506721e-04  -2.6565537095402323e-06
 +3   +3.7170301601061052e-05  -4.8586503733267441e-07
 +4   +1.3101165621087007e-05  -1.0289276385845689e-07
 +5   +4.3650547655246938e-06  -2.2746606166492394e-08
 +6   +1.4048129657753310e-06  -5.2055385814728249e-09
 +7   +4.3976979667839819e-07  -1.2167277195619512e-09
 +8   +1.3473624336945836e-07  -2.8879583711318919e-10
 +9   +4.0569067166221126e-08  -6.9321330031734582e-11
+10   +1.2042531915308111e-08  -1.6784158907898650e-11
+11   +3.5324569463271529e-09  -4.0916203410946459e-12
+12   +1.0258097799651635e-09  -1.0029671538148616e-12
+13   +2.9533427007020483e-10  -2.4697461246518500e-13
+14   +8.4395581974806027e-11  -6.1049141679190849e-14
+15   +2.3960343304503111e-11  -1.5137545758093628e-14
+16   +6.7634713997155501e-12  -3.7622918662944351e-15
+17   +1.8994623396532410e-12  -9.3604961108443739e-16
+18   +5.3100761553773145e-13  -2.3304123898735233e-16
+19   +1.4786889882926277e-13  -5.5470707795416564e-17
+20   +4.1009373038674063e-14  -1.2343098665821857e-17
+21   +1.1314690991307523e-14  -1.7877130022395691e-18
+22   +3.1396295362941529e-15  -4.4268962126001586e-19
+23   +8.8187816555871476e-16  +1.1016212462042203e-18
+24   +2.3163497208349014e-16  +1.0827704977051452e-18
+25   +5.4595459254799292e-17  +2.7611791088167296e-18
+26   +1.9919058776201265e-17  +5.0875186776372233e-19
+27   -4.1185894547701449e-18  +1.1376441819612723e-18
+28   -2.1946941985732187e-17  +1.6094232974432597e-18
+29   +6.8659935622929019e-19  +1.1132148249322512e-18
+30   +6.1837549158994416e-18  +2.0637276952141605e-18

