-30   -5.3282042210694983e-18  -8.9025424954454194e-20
-29   -1.0857653262980904e-18  +1.3822497736158489e-19
-28   +1.5815817548246614e-17  -3.1185344789247779e-19
-27   +3.9504689309121355e-18  -5.4492186307613938e-19
-26   -2.0041309967199809e-18  -2.6170998937332861e-19
-25   +2.4203706099183921e-18  -2.4414852927241581e-19
-24   -1.3793792597076572e-17  -9.6410849377879545e-19
-23   -7.5687959878910530e-17  +2.8374309716922870e-19
-22   -2.3598293150769754e-16  +3.2917156073205985e-18
-21   -8.4222888674855248e-16  +1.1417004186147655e-17
-20   -3.2495695523513622e-15  +5.3050387509436069e-17
-19   -1.2309524562300532e-14  +2.0786204133877482e-16
-18   -4.6446754609744664e-14  +8.3172728446703226e-16
-17   -1.7532416973809202e-13  +3.3263325941256381e-15
-16   -6.6065635400050328e-13  +1.3315444783440101e-14
-15   -2.4851719744131839e-12  +5.3414411865919771e-14
-14   -9.3300557121045021e-12  +2.1481141391698483e-13
-13   -3.4949710541329863e-11  +8.6639110409072108e-13
-12   -1.3058345245970155e-10  +3.5062432415807761e-12
-11   -4.8645229222467824e-10  +1.4246817188221978e-11
-10   -1.8058202252985652e-09  +5.8170085081046266e-11
 -9   -6.6757238207849148e-09  +2.3892670300057322e-10
 -8   -2.4554713783189621e-08  +9.8873753375579268e-10
 -7   -8.9750670672332522e-08  +4.1311673094174913e-09
 -6   -3.2550083982303907e-07  +1.7488397859176175e-08
 -5   -1.1673787727929358e-06  +7.5340485318751241e-08
 -4   -4.1349006796791328e-06  +3.3427004535425516e-07
 -3   -1.4113796337978470e-05  +1.5286247678506856e-06
 -2   -4.8448688173650499e-05  +7.9852941105353448e-06
 -1   -1.7146532807650527e-05  +6.1388293584205531e-06
 +0   -2.5884652418917072e-09  +0.0000000000000000e+00
 +1   -1.7146532807650527e-05  -6.1388293584205531e-06
 +2   -4.8448688173650499e-05  -7.9852941105353448e-06
 +3   -1.4113796337978470e-05  -1.5286247678506856e-06
 +4   -4.1349006796791328e-06  -3.3427004535425516e-07
 +5   -1.1673787727929358e-06  -7.5340485318751241e-08
 +6   -3.2550083982303907e-07  -1.7488397859176175e-08
 +7   -8.9750670672332522e-08  -4.1311673094174913e-09
 +8   -2.4554713783189621e-08  -9.8873753375579268e-10
 +9   -6.6757238207849148e-09  -2.3892670300057322e-10
+10   -1.8058202252985652e-09  -5.8170085081046266e-11
+11   -4.8645229222467824e-10  -1.4246817188221978e-11
+12   -1.3058345245970155e-10  -3.5062432415807761e-12
+13   -3.4949710541329863e-11  -8.6639110409072108e-13
+14   -9.3300557121045021e-12  -2.1481141391698483e-13
+15   -2.4851719744131839e-12  -5.3414411865919771e-14
+16   -6.6065635400050328e-13  -1.3315444783440101e-14
+17   -1.7532416973809202e-13  -3.3263325941256381e-15
+18   -4.6446754609744664e-14  -8.3172728446703226e-16
+19   -1.2309524562300532e-14  -2.0786204133877482e-16
+20   -3.2495695523513622e-15  -5.3050387509436069e-17
+21   -8.4222888674855248e-16  -1.1417004186147655e-17
+22   -2.3598293150769754e-16  -3.2917156073205985e-18
+23   -7.5687959878910530e-17  -2.8374309716922870e-19
+24   -1.3793792597076572e-17  +9.6410849377879545e-19
+25   +2.4203706099183921e-18  +2.4414852927241581e-19
+26   -2.0041309967199809e-18  +2.6170998937332861e-19
+27   +3.9504689309121355e-18  +5.4492186307613938e-19
+28   +1.5815817548246614e-17  +3.1185344789247779e-19
+29   -1.0857653262980904e-18  -1.3822497736158489e-19
+30   -5.3282042210694983e-18  +8.9025424954454194e-20

