-30   -1.4272635735786598e-17  -3.4130087692074598e-17
-29   -1.3201762444306193e-17  -3.6035139817007716e-17
-28   -1.5724402459633521e-17  -3.8119076049647613e-17
-27   -1.5694536374510427e-17  -4.3068863446490054e-17
-26   -1.6754936608510882e-17  -5.5495803242821738e-17
-25   -2.2075865889771753e-17  -9.6291670272095940e-17
-24   -4.3963801279702909e-17  -2.3904174917547284e-16
-23   -1.2048162847898495e-16  -7.6311977031437784e-16
-22   -4.0065249699977995e-16  -2.6611175074493186e-15
-21   -1.4038044122636985e-15  -9.5404590367290030e-15
-20   -4.9611735406744692e-15  -3.4426481756715928e-14
-19   -1.7546881943433462e-14  -1.2415430250944173e-13
-18   -6.1800677023452163e-14  -4.4649017657578088e-13
-17   -2.1627703079389473e-13  -1.5997035495238293e-12
-16   -7.5112241589188774e-13  -5.7066125171758205e-12
-15   -2.5851360471942185e-12  -2.0257247888304478e-11
-14   -8.8020786526608163e-12  -7.1510101843902114e-11
-13   -2.9583377891202105e-11  -2.5084727397479967e-10
-12   -9.7849500609237300e-11  -8.7358543542454498e-10
-11   -3.1715255296605122e-10  -3.0168871087887707e-09
-10   -1.0010112272747552e-09  -1.0316802993184267e-08
 -9   -3.0461185664034095e-09  -3.4870543446582397e-08
 -8   -8.7842593658256809e-09  -1.1620923559395713e-07
 -7   -2.3197632160766104e-08  -3.8057684394304802e-07
 -6   -5.1446106272256080e-08  -1.2191331587471020e-06
 -5   -6.5456556154635148e-08  -3.7923526910821147e-06
 -4   +2.0354799826377330e-07  -1.1341275560576463e-05
 -3   +2.2537017920404012e-06  -3.1690162455936063e-05
 -2   +1.3864088756782539e-05  -8.2330858070349644e-05
 -1   +5.9981750108579904e-06  -4.9128409029730792e-06
 +0   -4.1980661423108967e-02  +0.0000000000000000e+00
 +1   +5.9981750108579904e-06  +4.9128409029730792e-06
 +2   +1.3864088756782539e-05  +8.2330858070349644e-05
 +3   +2.2537017920404012e-06  +3.1690162455936063e-05
 +4   +2.0354799826377330e-07  +1.1341275560576463e-05
 +5   -6.5456556154635148e-08  +3.7923526910821147e-06
 +6   -5.1446106272256080e-08  +1.2191331587471020e-06
 +7   -2.3197632160766104e-08  +3.8057684394304802e-07
 +8   -8.7842593658256809e-09  +1.1620923559395713e-07
 +9   -3.0461185664034095e-09  +3.4870543446582397e-08
+10   -1.0010112272747552e-09  +1.0316802993184267e-08
+11   -3.1715255296605122e-10  +3.0168871087887707e-09
+12   -9.7849500609237300e-11  +8.7358543542454498e-10
+13   -2.9583377891202105e-11  +2.5084727397479967e-10
+14   -8.8020786526608163e-12  +7.1510101843902114e-11
+15   -2.5851360471942185e-12  +2.0257247888304478e-11
+16   -7.5112241589188774e-13  +5.7066125171758205e-12
+17   -2.1627703079389473e-13  +1.5997035495238293e-12
+18   -6.1800677023452163e-14  +4.4649017657578088e-13
+19   -1.7546881943433462e-14  +1.2415430250944173e-13
+20   -4.9611735406744692e-15  +3.4426481756715928e-14
+21   -1.4038044122636985e-15  +9.5404590367290030e-15
+22   -4.0065249699977995e-16  +2.6611175074493186e-15
+23   -1.2048162847898495e-16  +7.6311977031437784e-16
+24   -4.3963801279702909e-17  +2.3904174917547284e-16
+25   -2.2075865889771753e-17  +9.6291670272095940e-17
+26   -1.6754936608510882e-17  +5.5495803242821738e-17
+27   -1.5694536374510427e-17  +4.3068863446490054e-17
+28   -1.5724402459633521e-17  +3.8119076049647613e-17
+29   -1.3201762444306193e-17  +3.6035139817007716e-17
+30   -1.4272635735786598e-17  +3.4130087692074598e-17

