-30   +1.7778388251092467e-17  +9.9942148285340811e-19
-29   +1.6124154907220326e-17  +1.0415570777592731e-18
-28   -2.1554741243032090e-17  -1.8460268404698216e-18
-27   +5.8151144458636537e-18  -9.6777693554248958e-19
-26   +1.3925764257024706e-17  -9.1508961962217746e-18
-25   +2.0698067544892767e-17  -3.6524124564368726e-17
-24   +9.2371682653565263e-17  -1.3606905164947651e-16
-23   +3.5632939738096752e-16  -4.9661810918197226e-16
-22   +1.3470726576936231e-15  -1.8084608692172205e-15
-21   +4.8178608043037305e-15  -6.5629621198139914e-15
-20   +1.7537802210020472e-14  -2.3750124862704107e-14
-19   +6.3701288221308494e-14  -8.5646295535231684e-14
-18   +2.3050528508692649e-13  -3.0769002150313661e-13
-17   +8.3146833363971857e-13  -1.1008348640098882e-12
-16   +2.9883677257037579e-12  -3.9203673205191601e-12
-15   +1.0696987084096086e-11  -1.3889265495574736e-11
-14   +3.8117660583697156e-11  -4.8919764412576361e-11
-13   +1.3514445387740520e-10  -1.7115183511825312e-10
-12   +4.7642731724550131e-10  -5.9419190425848542e-10
-11   +1.6687242143916019e-09  -2.0443853395609182e-09
-10   +5.8016415483822468e-09  -6.9594816634742719e-09
 -9   +1.9997942144608048e-08  -2.3390197077076302e-08
 -8   +6.8241440925548233e-08  -7.7387629279362433e-08
 -7   +2.3009117292786213e-07  -2.5101960517772565e-07
 -6   +7.6468849183859791e-07  -7.9348608762028555e-07
 -5   +2.4950335158766901e-06  -2.4203106891830756e-06
 -4   +7.9649554610542559e-06  -7.0113833956890913e-06
 -3   +2.4356265197126065e-05  -1.8466565515403666e-05
 -2   +7.3301728632406521e-05  -4.1400620346445575e-05
 -1   +1.3713269304086595e-05  +1.5551215424672500e-06
 +0   -1.1615665951916202e-08  +0.0000000000000000e+00
 +1   +1.3713269304086595e-05  -1.5551215424672500e-06
 +2   +7.3301728632406521e-05  +4.1400620346445575e-05
 +3   +2.4356265197126065e-05  +1.8466565515403666e-05
 +4   +7.9649554610542559e-06  +7.0113833956890913e-06
 +5   +2.4950335158766901e-06  +2.4203106891830756e-06
 +6   +7.6468849183859791e-07  +7.9348608762028555e-07
 +7   +2.3009117292786213e-07  +2.5101960517772565e-07
 +8   +6.8241440925548233e-08  +7.7387629279362433e-08
 +9   +1.9997942144608048e-08  +2.3390197077076302e-08
+10   +5.8016415483822468e-09  +6.9594816634742719e-09
+11   +1.6687242143916019e-09  +2.0443853395609182e-09
+12   +4.7642731724550131e-10  +5.9419190425848542e-10
+13   +1.3514445387740520e-10  +1.7115183511825312e-10
+14   +3.8117660583697156e-11  +4.8919764412576361e-11
+15   +1.0696987084096086e-11  +1.3889265495574736e-11
+16   +2.9883677257037579e-12  +3.9203673205191601e-12
+17   +8.3146833363971857e-13  +1.1008348640098882e-12
+18   +2.3050528508692649e-13  +3.0769002150313661e-13
+19   +6.3701288221308494e-14  +8.5646295535231684e-14
+20   +1.7537802210020472e-14  +2.3750124862704107e-14
+21   +4.8178608043037305e-15  +6.5629621198139914e-15
+22   +1.3470726576936231e-15  +1.8084608692172205e-15
+23   +3.5632939738096752e-16  +4.9661810918197226e-16
+24   +9.2371682653565263e-17  +1.3606905164947651e-16
+25   +2.0698067544892767e-17  +3.6524124564368726e-17
+26   +1.3925764257024706e-17  +9.1508961962217746e-18
+27   +5.8151144458636537e-18  +9.6777693554248958e-19
+28   -2.1554741243032090e-17  +1.8460268404698216e-18
+29   +1.6124154907220326e-17  -1.0415570777592731e-18
+30   +1.7778388251092467e-17  -9.9942148285340811e-19

