-30   -4.9553684998684295e-18  +1.1957173789872074e-18
-29   +6.3358372589387751e-19  -1.3055132270704603e-19
-28   +1.5852084217505016e-17  +8.4542266907396382e-19
-27   +1.3605178422285857e-18  -2.8437961892945851e-18
-26   -1.5365016085156354e-17  -1.1690485965424858e-17
-25   -4.4245530601964209e-17  -3.7845897646120774e-17
-24   -1.8616216665815908e-16  -1.3974259895956827e-16
-23   -7.0145914103221041e-16  -5.1687567692017029e-16
-22   -2.5024655331620608e-15  -1.8814725730474577e-15
-21   -9.0167222314355682e-15  -6.8369303908172319e-15
-20   -3.2620506665104622e-14  -2.4782953911375968e-14
-19   -1.1742069081399801e-13  -8.9574072504360343e-14
-18   -4.2089856713888005e-13  -3.2261891877819449e-13
-17   -1.5025113137218184e-12  -1.1575525603770930e-12
-16   -5.3377337046156176e-12  -4.1356578330352427e-12
-15   -1.8860303963316137e-11  -1.4705854091534977e-11
-14   -6.6234467120745480e-11  -5.2014457640564967e-11
-13   -2.3098886868670354e-10  -1.8287006556978911e-10
-12   -7.9912223909348240e-10  -6.3852574387883664e-10
-11   -2.7389481075391757e-09  -2.2119772011177807e-09
-10   -9.2850997115953537e-09  -7.5925584357526540e-09
 -9   -3.1066930230989075e-08  -2.5780394191274548e-08
 -8   -1.0230682254226244e-07  -8.6410822904922615e-08
 -7   -3.3033329294034040e-07  -2.8510409156921953e-07
 -6   -1.0403091803753216e-06  -9.2251545730147048e-07
 -5   -3.1699219448394600e-06  -2.9110350780617649e-06
 -4   -9.2460054519006726e-06  -8.9005190342699443e-06
 -3   -2.5083447934035584e-05  -2.5849494594061750e-05
 -2   -6.3489101935900667e-05  -7.3153507040068551e-05
 -1   -3.1830098769521367e-06  -7.6001985072527456e-06
 +0   -1.3400480706169289e-08  +0.0000000000000000e+00
 +1   -3.1830098769521367e-06  +7.6001985072527456e-06
 +2   -6.3489101935900667e-05  +7.3153507040068551e-05
 +3   -2.5083447934035584e-05  +2.5849494594061750e-05
 +4   -9.2460054519006726e-06  +8.9005190342699443e-06
 +5   -3.1699219448394600e-06  +2.9110350780617649e-06
 +6   -1.0403091803753216e-06  +9.2251545730147048e-07
 +7   -3.3033329294034040e-07  +2.8510409156921953e-07
 +8   -1.0230682254226244e-07  +8.6410822904922615e-08
 +9   -3.1066930230989075e-08  +2.5780394191274548e-08
+10   -9.2850997115953537e-09  +7.5925584357526540e-09
+11   -2.7389481075391757e-09  +2.2119772011177807e-09
+12   -7.9912223909348240e-10  +6.3852574387883664e-10
+13   -2.3098886868670354e-10  +1.8287006556978911e-10
+14   -6.6234467120745480e-11  +5.2014457640564967e-11
+15   -1.8860303963316137e-11  +1.4705854091534977e-11
+16   -5.3377337046156176e-12  +4.1356578330352427e-12
+17   -1.5025113137218184e-12  +1.1575525603770930e-12
+18   -4.2089856713888005e-13  +3.2261891877819449e-13
+19   -1.1742069081399801e-13  +8.9574072504360343e-14
+20   -3.2620506665104622e-14  +2.4782953911375968e-14
+21   -9.0167222314355682e-15  +6.8369303908172319e-15
+22   -2.5024655331620608e-15  +1.8814725730474577e-15
+23   -7.0145914103221041e-16  +5.1687567692017029e-16
+24   -1.8616216665815908e-16  +1.3974259895956827e-16
+25   -4.4245530601964209e-17  +3.7845897646120774e-17
+26   -1.5365016085156354e-17  +1.1690485965424858e-17
+27   +1.3605178422285857e-18  +2.8437961892945851e-18
+28   +1.5852084217505016e-17  -8.4542266907396382e-19
+29   +6.3358372589387751e-19  +1.3055132270704603e-19
+30   -4.9553684998684295e-18  -1.1957173789872074e-18

