-30   +1.5293627123169772e-17  +3.6036581610235423e-17
-29   +1.6330062743276768e-17  +3.7400664803824522e-17
-28   +1.3635467977683048e-17  +3.6921005386835160e-17
-27   +1.3612965245978239e-17  +3.6792326893110332e-17
-26   +1.2487083332319276e-17  +2.7529253822484977e-17
-25   +5.0403154494416922e-18  -9.1846431171921841e-18
-24   -1.6690914743840081e-17  -1.5113724303430444e-16
-23   -9.4155836393417928e-17  -6.6927781144423521e-16
-22   -3.7130072747288316e-16  -2.5632139646032355e-15
-21   -1.3722822408826774e-15  -9.4415961157142924e-15
-20   -4.9293332107560184e-15  -3.4334225615379689e-14
-19   -1.7508998152033672e-14  -1.2411056043987312e-13
-18   -6.1735333063741562e-14  -4.4665000522789292e-13
-17   -2.1609848423015031e-13  -1.6006964811636346e-12
-16   -7.5048427592725522e-13  -5.7109593487286074e-12
-15   -2.5826367981045546e-12  -2.0275066400969803e-11
-14   -8.7920306785667249e-12  -7.1582092714638560e-11
-13   -2.9542494729452054e-11  -2.5113761789448405e-10
-12   -9.7682038898467599e-11  -8.7475864725164606e-10
-11   -3.1646212586086048e-10  -3.0216433158175095e-09
-10   -9.9814269566259311e-10  -1.0336165496975464e-08
 -9   -3.0340861860937028e-09  -3.4949773721219328e-08
 -8   -8.7331626830622892e-09  -1.1653551053455091e-07
 -7   -2.2977061843903118e-08  -3.8193118954359033e-07
 -6   -5.0472025769799155e-08  -1.2248143502263679e-06
 -5   -6.1011296255292333e-08  -3.8164957585846042e-06
 -4   +2.2493715719804396e-07  -1.1446075392275773e-05
 -3   +2.3651360587282486e-06  -3.2149165062705698e-05
 -2   +1.4582674211242857e-05  -8.4495052531798244e-05
 -1   +6.4127695078179402e-06  -6.5807567130109239e-06
 +0   +4.1980645154933799e-02  +0.0000000000000000e+00
 +1   +6.4127695078179402e-06  +6.5807567130109239e-06
 +2   +1.4582674211242857e-05  +8.4495052531798244e-05
 +3   +2.3651360587282486e-06  +3.2149165062705698e-05
 +4   +2.2493715719804396e-07  +1.1446075392275773e-05
 +5   -6.1011296255292333e-08  +3.8164957585846042e-06
 +6   -5.0472025769799155e-08  +1.2248143502263679e-06
 +7   -2.2977061843903118e-08  +3.8193118954359033e-07
 +8   -8.7331626830622892e-09  +1.1653551053455091e-07
 +9   -3.0340861860937028e-09  +3.4949773721219328e-08
+10   -9.9814269566259311e-10  +1.0336165496975464e-08
+11   -3.1646212586086048e-10  +3.0216433158175095e-09
+12   -9.7682038898467599e-11  +8.7475864725164606e-10
+13   -2.9542494729452054e-11  +2.5113761789448405e-10
+14   -8.7920306785667249e-12  +7.1582092714638560e-11
+15   -2.5826367981045546e-12  +2.0275066400969803e-11
+16   -7.5048427592725522e-13  +5.7109593487286074e-12
+17   -2.1609848423015031e-13  +1.6006964811636346e-12
+18   -6.1735333063741562e-14  +4.4665000522789292e-13
+19   -1.7508998152033672e-14  +1.2411056043987312e-13
+20   -4.9293332107560184e-15  +3.4334225615379689e-14
+21   -1.3722822408826774e-15  +9.4415961157142924e-15
+22   -3.7130072747288316e-16  +2.5632139646032355e-15
+23   -9.4155836393417928e-17  +6.6927781144423521e-16
+24   -1.6690914743840081e-17  +1.5113724303430444e-16
+25   +5.0403154494416922e-18  +9.1846431171921841e-18
+26   +1.2487083332319276e-17  -2.7529253822484977e-17
+27   +1.3612965245978239e-17  -3.6792326893110332e-17
+28   +1.3635467977683048e-17  -3.6921005386835160e-17
+29   +1.6330062743276768e-17  -3.7400664803824522e-17
+30   +1.5293627123169772e-17  -3.6036581610235423e-17

