-30   +0.0000000000000000e+00  +1.2417831835264476e-19
-29   -0.0000000000000000e+00  -1.2795846482077762e-19
-28   +0.0000000000000000e+00  +1.3392885375489774e-19
-27   -0.0000000000000000e+00  -1.3861902439662401e-19
-26   +0.0000000000000000e+00  +1.4398533492043923e-19
-25   -0.0000000000000000e+00  -1.5289367331244423e-19
-24   +0.0000000000000000e+00  +1.4992185074771086e-19
-23   -0.0000000000000000e+00  -1.9786681400791104e-19
-22   +0.0000000000000000e+00  +3.2921248317584384e-20
-21   -0.0000000000000000e+00  -7.5868679303465748e-19
-20   -0.0000000000000000e+00  -2.2194165152037990e-18
-19   -0.0000000000000000e+00  -1.0300219484642094e-17
-18   -0.0000000000000000e+00  -4.2263150557340338e-17
-17   -0.0000000000000000e+00  -1.7973072439405519e-16
-16   -0.0000000000000000e+00  -7.6231462352341066e-16
-15   -0.0000000000000000e+00  -3.2589100534412498e-15
-14   -0.0000000000000000e+00  -1.4019293665800077e-14
-13   -0.0000000000000000e+00  -6.0785674120314271e-14
-12   -0.0000000000000000e+00  -2.6593469568210342e-13
-11   -0.0000000000000000e+00  -1.1758514516137986e-12
-10   -0.0000000000000000e+00  -5.2652412657483171e-12
 -9   -0.0000000000000000e+00  -2.3941218497851226e-11
 -8   -0.0000000000000000e+00  -1.1095310147304262e-10
 -7   -0.0000000000000000e+00  -5.2678511632762721e-10
 -6   -0.0000000000000000e+00  -2.5824044099168693e-09
 -5   -0.0000000000000000e+00  -1.3220219707673706e-08
 -4   -0.0000000000000000e+00  -7.2305375811207684e-08
 -3   -0.0000000000000000e+00  -4.3301084018090809e-07
 -2   -0.0000000000000000e+00  -3.2829588014282511e-06
 -1   -0.0000000000000000e+00  -1.1181826774721471e-06
 +0   +0.0000000000000000e+00  +0.0000000000000000e+00
 +1   +0.0000000000000000e+00  +1.1181826774721471e-06
 +2   +0.0000000000000000e+00  +3.2829588014282511e-06
 +3   +0.0000000000000000e+00  +4.3301084018090809e-07
 +4   +0.0000000000000000e+00  +7.2305375811207684e-08
 +5   +0.0000000000000000e+00  +1.3220219707673706e-08
 +6   +0.0000000000000000e+00  +2.5824044099168693e-09
 +7   +0.0000000000000000e+00  +5.2678511632762721e-10
 +8   +0.0000000000000000e+00  +1.1095310147304262e-10
 +9   +0.0000000000000000e+00  +2.3941218497851226e-11
+10   +0.0000000000000000e+00  +5.2652412657483171e-12
+11   +0.0000000000000000e+00  +1.1758514516137986e-12
+12   +0.0000000000000000e+00  +2.6593469568210342e-13
+13   +0.0000000000000000e+00  +6.0785674120314271e-14
+14   +0.0000000000000000e+00  +1.4019293665800077e-14
+15   +0.0000000000000000e+00  +3.2589100534412498e-15
+16   +0.0000000000000000e+00  +7.6231462352341066e-16
+17   +0.0000000000000000e+00  +1.7973072439405519e-16
+18   +0.0000000000000000e+00  +4.2263150557340338e-17
+19   +0.0000000000000000e+00  +1.0300219484642094e-17
+20   +0.0000000000000000e+00  +2.2194165152037990e-18
+21   +0.0000000000000000e+00  +7.5868679303465748e-19
+22   -0.0000000000000000e+00  -3.2921248317584384e-20
+23   +0.0000000000000000e+00  +1.9786681400791104e-19
+24   -0.0000000000000000e+00  -1.4992185074771086e-19
+25   +0.0000000000000000e+00  +1.5289367331244423e-19
+26   -0.0000000000000000e+00  -1.4398533492043923e-19
+27   +0.0000000000000000e+00  +1.3861902439662401e-19
+28   -0.0000000000000000e+00  -1.3392885375489774e-19
+29   +0.0000000000000000e+00  +1.2795846482077762e-19
+30   -0.0000000000000000e+00  -1.2417831835264476e-19

