-30   +6.4742097603249847e-20  +0.0000000000000000e+00
-29   -7.4760468104025987e-20  +0.0000000000000000e+00
-28   +6.4004026255074894e-20  +0.0000000000000000e+00
-27   -7.4192383844457543e-20  +0.0000000000000000e+00
-26   +6.6651371793822486e-20  +0.0000000000000000e+00
-25   -6.1553875082551359e-20  +0.0000000000000000e+00
-24   +1.1404194635786851e-19  +0.0000000000000000e+00
-23   -6.3247377894186841e-20  +0.0000000000000000e+00
-22   +2.8226312124634297e-19  +0.0000000000000000e+00
-21   +5.3615797785706100e-19  +0.0000000000000000e+00
-20   +2.6141500883253741e-18  +0.0000000000000000e+00
-19   +1.0632189522536155e-17  +0.0000000000000000e+00
-18   +4.5115919003692554e-17  +0.0000000000000000e+00
-17   +1.9075169812841341e-16  +0.0000000000000000e+00
-16   +8.1405790792650153e-16  +0.0000000000000000e+00
-15   +3.4926156262067059e-15  +0.0000000000000000e+00
-14   +1.5095824968090564e-14  +0.0000000000000000e+00
-13   +6.5795500447271622e-14  +0.0000000000000000e+00
-12   +2.8959938447373590e-13  +0.0000000000000000e+00
-11   +1.2895271701273281e-12  +0.0000000000000000e+00
-10   +5.8223825661625764e-12  +0.0000000000000000e+00
 -9   +2.6738704027911957e-11  +0.0000000000000000e+00
 -8   +1.2542525176154029e-10  +0.0000000000000000e+00
 -7   +6.0449997129160003e-10  +0.0000000000000000e+00
 -6   +3.0208013973119296e-09  +0.0000000000000000e+00
 -5   +1.5854714587182549e-08  +0.0000000000000000e+00
 -4   +8.9787352769967906e-08  +0.0000000000000000e+00
 -3   +5.6224299864252055e-07  +0.0000000000000000e+00
 -2   +4.6021045085669947e-06  +0.0000000000000000e+00
 -1   +2.8229603049201657e-06  +0.0000000000000000e+00
 +0   +2.1235724816910911e-04  +0.0000000000000000e+00
 +1   +2.8229603049201657e-06  +0.0000000000000000e+00
 +2   +4.6021045085669947e-06  +0.0000000000000000e+00
 +3   +5.6224299864252055e-07  +0.0000000000000000e+00
 +4   +8.9787352769967906e-08  +0.0000000000000000e+00
 +5   +1.5854714587182549e-08  +0.0000000000000000e+00
 +6   +3.0208013973119296e-09  +0.0000000000000000e+00
 +7   +6.0449997129160003e-10  +0.0000000000000000e+00
 +8   +1.2542525176154029e-10  +0.0000000000000000e+00
 +9   +2.6738704027911957e-11  +0.0000000000000000e+00
+10   +5.8223825661625764e-12  +0.0000000000000000e+00
+11   +1.2895271701273281e-12  +0.0000000000000000e+00
+12   +2.8959938447373590e-13  +0.0000000000000000e+00
+13   +6.5795500447271622e-14  +0.0000000000000000e+00
+14   +1.5095824968090564e-14  +0.0000000000000000e+00
+15   +3.4926156262067059e-15  +0.0000000000000000e+00
+16   +8.1405790792650153e-16  +0.0000000000000000e+00
+17   +1.9075169812841341e-16  +0.0000000000000000e+00
+18   +4.5115919003692554e-17  +0.0000000000000000e+00
+19   +1.0632189522536155e-17  +0.0000000000000000e+00
+20   +2.6141500883253741e-18  +0.0000000000000000e+00
+21   +5.3615797785706100e-19  +0.0000000000000000e+00
+22   +2.8226312124634297e-19  +0.0000000000000000e+00
+23   -6.3247377894186841e-20  +0.0000000000000000e+00
+24   +1.1404194635786851e-19  +0.0000000000000000e+00
+25   -6.1553875082551359e-20  +0.0000000000000000e+00
+26   +6.6651371793822486e-20  +0.0000000000000000e+00
+27   -7.4192383844457543e-20  +0.0000000000000000e+00
+28   +6.4004026255074894e-20  +0.0000000000000000e+00
+29   -7.4760468104025987e-20  +0.0000000000000000e+00
+30   +6.4742097603249847e-20  +0.0000000000000000e+00

