-30   -0.0000000000000000e+00  -4.8170797196379901e-18
-29   +0.0000000000000000e+00  +7.4316401279120119e-18
-28   -0.0000000000000000e+00  -3.5458781330113083e-18
-27   +0.0000000000000000e+00  +6.6511017630774105e-18
-26   -0.0000000000000000e+00  -4.3713534051214403e-18
-25   +0.0000000000000000e+00  +2.6297339632477334e-18
-24   -0.0000000000000000e+00  -1.7380580874753611e-17
-23   +0.0000000000000000e+00  +3.1708192288129783e-18
-22   -0.0000000000000000e+00  -6.1508982712528223e-17
-21   -0.0000000000000000e+00  -1.5185400484379091e-16
-20   -0.0000000000000000e+00  -6.2953119967000457e-16
-19   -0.0000000000000000e+00  -2.5006336410758827e-15
-18   -0.0000000000000000e+00  -9.9897287119423067e-15
-17   -0.0000000000000000e+00  -3.9938807480217957e-14
-16   -0.0000000000000000e+00  -1.6032347671364765e-13
-15   -0.0000000000000000e+00  -6.4471485653481222e-13
-14   -0.0000000000000000e+00  -2.5999002236085109e-12
-13   -0.0000000000000000e+00  -1.0518314281125122e-11
-12   -0.0000000000000000e+00  -4.2716163350250150e-11
-11   -0.0000000000000000e+00  -1.7426551669743103e-10
-10   -0.0000000000000000e+00  -7.1486249160336428e-10
 -9   -0.0000000000000000e+00  -2.9524612855272228e-09
 -8   -0.0000000000000000e+00  -1.2299389165873459e-08
 -7   -0.0000000000000000e+00  -5.1809525924858357e-08
 -6   -0.0000000000000000e+00  -2.2159002447040951e-07
 -5   -0.0000000000000000e+00  -9.6725628917024682e-07
 -4   -0.0000000000000000e+00  -4.3697493126857020e-06
 -3   -0.0000000000000000e+00  -2.0428896703963640e-05
 -2   -0.0000000000000000e+00  -1.1055710331692421e-04
 -1   -0.0000000000000000e+00  -3.3796925950811509e-05
 +0   +0.0000000000000000e+00  +0.0000000000000000e+00
 +1   +0.0000000000000000e+00  +3.3796925950811509e-05
 +2   +0.0000000000000000e+00  +1.1055710331692421e-04
 +3   +0.0000000000000000e+00  +2.0428896703963640e-05
 +4   +0.0000000000000000e+00  +4.3697493126857020e-06
 +5   +0.0000000000000000e+00  +9.6725628917024682e-07
 +6   +0.0000000000000000e+00  +2.2159002447040951e-07
 +7   +0.0000000000000000e+00  +5.1809525924858357e-08
 +8   +0.0000000000000000e+00  +1.2299389165873459e-08
 +9   +0.0000000000000000e+00  +2.9524612855272228e-09
+10   +0.0000000000000000e+00  +7.1486249160336428e-10
+11   +0.0000000000000000e+00  +1.7426551669743103e-10
+12   +0.0000000000000000e+00  +4.2716163350250150e-11
+13   +0.0000000000000000e+00  +1.0518314281125122e-11
+14   +0.0000000000000000e+00  +2.5999002236085109e-12
+15   +0.0000000000000000e+00  +6.4471485653481222e-13
+16   +0.0000000000000000e+00  +1.6032347671364765e-13
+17   +0.0000000000000000e+00  +3.9938807480217957e-14
+18   +0.0000000000000000e+00  +9.9897287119423067e-15
+19   +0.0000000000000000e+00  +2.5006336410758827e-15
+20   +0.0000000000000000e+00  +6.2953119967000457e-16
+21   +0.0000000000000000e+00  +1.5185400484379091e-16
+22   +0.0000000000000000e+00  +6.1508982712528223e-17
+23   -0.0000000000000000e+00  -3.1708192288129783e-18
+24   +0.0000000000000000e+00  +1.7380580874753611e-17
+25   -0.0000000000000000e+00  -2.6297339632477334e-18
+26   +0.0000000000000000e+00  +4.3713534051214403e-18
+27   -0.0000000000000000e+00  -6.6511017630774105e-18
+28   +0.0000000000000000e+00  +3.5458781330113083e-18
+29   -0.0000000000000000e+00  -7.4316401279120119e-18
+30   +0.0000000000000000e+00  +4.8170797196379901e-18

