-30   -3.0900683050351033e-20  +0.0000000000000000e+00
-29   +1.0823124675682172e-19  +0.0000000000000000e+00
-28   -8.4318393399945865e-21  +0.0000000000000000e+00
-27   +9.4934499079026963e-20  +0.0000000000000000e+00
-26   -3.1840134071611751e-19  +0.0000000000000000e+00
-25   -6.3178081867019017e-19  +0.0000000000000000e+00
-24   -2.4295550068641982e-18  +0.0000000000000000e+00
-23   -9.3300444296531496e-18  +0.0000000000000000e+00
-22   -3.7983989129278727e-17  +0.0000000000000000e+00
-21   -1.4933542959958196e-16  +0.0000000000000000e+00
-20   -5.9385163797504935e-16  +0.0000000000000000e+00
-19   -2.3624494821201162e-15  +0.0000000000000000e+00
-18   -9.4116767906356362e-15  +0.0000000000000000e+00
-17   -3.7551819890283814e-14  +0.0000000000000000e+00
-16   -1.5008993336541638e-13  +0.0000000000000000e+00
-15   -6.0106558574117568e-13  +0.0000000000000000e+00
-14   -2.4124737304152157e-12  +0.0000000000000000e+00
-13   -9.7077323341003358e-12  +0.0000000000000000e+00
-12   -3.9180269369777019e-11  +0.0000000000000000e+00
-11   -1.5868613755720172e-10  +0.0000000000000000e+00
-10   -6.4539685859600715e-10  +0.0000000000000000e+00
 -9   -2.6382641283874291e-09  +0.0000000000000000e+00
 -8   -1.0852957511885949e-08  +0.0000000000000000e+00
 -7   -4.5003442642460347e-08  +0.0000000000000000e+00
 -6   -1.8861845147690189e-07  +0.0000000000000000e+00
 -5   -8.0170158017281092e-07  +0.0000000000000000e+00
 -4   -3.4873828973184153e-06  +0.0000000000000000e+00
 -3   -1.5504547029198299e-05  +0.0000000000000000e+00
 -2   -7.6606991488156284e-05  +0.0000000000000000e+00
 -1   -1.1007066842773842e-05  +0.0000000000000000e+00
 +0   +1.9627627968332300e-04  +0.0000000000000000e+00
 +1   -1.1007066842773842e-05  +0.0000000000000000e+00
 +2   -7.6606991488156284e-05  +0.0000000000000000e+00
 +3   -1.5504547029198299e-05  +0.0000000000000000e+00
 +4   -3.4873828973184153e-06  +0.0000000000000000e+00
 +5   -8.0170158017281092e-07  +0.0000000000000000e+00
 +6   -1.8861845147690189e-07  +0.0000000000000000e+00
 +7   -4.5003442642460347e-08  +0.0000000000000000e+00
 +8   -1.0852957511885949e-08  +0.0000000000000000e+00
 +9   -2.6382641283874291e-09  +0.0000000000000000e+00
+10   -6.4539685859600715e-10  +0.0000000000000000e+00
+11   -1.5868613755720172e-10  +0.0000000000000000e+00
+12   -3.9180269369777019e-11  +0.0000000000000000e+00
+13   -9.7077323341003358e-12  +0.0000000000000000e+00
+14   -2.4124737304152157e-12  +0.0000000000000000e+00
+15   -6.0106558574117568e-13  +0.0000000000000000e+00
+16   -1.5008993336541638e-13  +0.0000000000000000e+00
+17   -3.7551819890283814e-14  +0.0000000000000000e+00
+18   -9.4116767906356362e-15  +0.0000000000000000e+00
+19   -2.3624494821201162e-15  +0.0000000000000000e+00
+20   -5.9385163797504935e-16  +0.0000000000000000e+00
+21   -1.4933542959958196e-16  +0.0000000000000000e+00
+22   -3.7983989129278727e-17  +0.0000000000000000e+00
+23   -9.3300444296531496e-18  +0.0000000000000000e+00
+24   -2.4295550068641982e-18  +0.0000000000000000e+00
+25   -6.3178081867019017e-19  +0.0000000000000000e+00
+26   -3.1840134071611751e-19  +0.0000000000000000e+00
+27   +9.4934499079026963e-20  +0.0000000000000000e+00
+28   -8.4318393399945865e-21  +0.0000000000000000e+00
+29   +1.0823124675682172e-19  +0.0000000000000000e+00
+30   -3.0900683050351033e-20  +0.0000000000000000e+00

