-30   -1.7381278434227343e-18  +5.1213976637429306e-18
-29   +2.2425525534421358e-18  -5.6420689355851698e-18
-28   -4.7399138879592866e-19  +3.5202509194873550e-18
-27   +1.3027744523596729e-18  -3.2219423637104329e-18
-26   -3.2447471404280109e-18  +5.3266031884759886e-18
-25   +2.1377497375067276e-18  -4.1186736524121741e-18
-24   -2.9389396071570136e-18  +4.3663508181533481e-18
-23   +1.9701215594382660e-18  -6.1532286278840660e-18
-22   -2.5256449161003932e-18  +4.1530042982331929e-18
-21   -2.0667937203739786e-18  -1.4693331251779897e-17
-20   -1.2456796349182246e-17  -2.0221238073391469e-17
-19   -3.7517875133414225e-17  -1.2288276783603796e-16
-18   -1.6254041117314552e-16  -4.4881305471575974e-16
-17   -6.4109505489295000e-16  -1.8426155850927558e-15
-16   -2.6133414616003717e-15  -7.3840050689451470e-15
-15   -1.0643242902369387e-14  -2.9877744527398017e-14
-14   -4.3533393690194929e-14  -1.2111666114115529e-13
-13   -1.7895010087116342e-13  -4.9321214051595574e-13
-12   -7.4026575258904675e-13  -2.0178091849914732e-12
-11   -3.0854931317939460e-12  -8.3031896857713619e-12
-10   -1.2981468853081055e-11  -3.4409027520814014e-11
 -9   -5.5263528808677331e-11  -1.4385787431346028e-10
 -8   -2.3887202442938879e-10  -6.0828342252038099e-10
 -7   -1.0536236278802053e-09  -2.6107100916257120e-09
 -6   -4.7798239459749149e-09  -1.1437710398529956e-08
 -5   -2.2577860274835504e-08  -5.1604944764915756e-08
 -4   -1.1376253988341000e-07  -2.4402724705086032e-07
 -3   -6.3240381826478467e-07  -1.2395503889031749e-06
 -2   -4.5216932244508877e-06  -7.6463878656785341e-06
 -1   -3.4217732533428072e-06  -3.1051016258624244e-06
 +0   +1.7361621557091692e-01  +0.0000000000000000e+00
 +1   -3.4217732533428072e-06  +3.1051016258624244e-06
 +2   -4.5216932244508877e-06  +7.6463878656785341e-06
 +3   -6.3240381826478467e-07  +1.2395503889031749e-06
 +4   -1.1376253988341000e-07  +2.4402724705086032e-07
 +5   -2.2577860274835504e-08  +5.1604944764915756e-08
 +6   -4.7798239459749149e-09  +1.1437710398529956e-08
 +7   -1.0536236278802053e-09  +2.6107100916257120e-09
 +8   -2.3887202442938879e-10  +6.0828342252038099e-10
 +9   -5.5263528808677331e-11  +1.4385787431346028e-10
+10   -1.2981468853081055e-11  +3.4409027520814014e-11
+11   -3.0854931317939460e-12  +8.3031896857713619e-12
+12   -7.4026575258904675e-13  +2.0178091849914732e-12
+13   -1.7895010087116342e-13  +4.9321214051595574e-13
+14   -4.3533393690194929e-14  +1.2111666114115529e-13
+15   -1.0643242902369387e-14  +2.9877744527398017e-14
+16   -2.6133414616003717e-15  +7.3840050689451470e-15
+17   -6.4109505489295000e-16  +1.8426155850927558e-15
+18   -1.6254041117314552e-16  +4.4881305471575974e-16
+19   -3.7517875133414225e-17  +1.2288276783603796e-16
+20   -1.2456796349182246e-17  +2.0221238073391469e-17
+21   -2.0667937203739786e-18  +1.4693331251779897e-17
+22   -2.5256449161003932e-18  -4.1530042982331929e-18
+23   +1.9701215594382660e-18  +6.1532286278840660e-18
+24   -2.9389396071570136e-18  -4.3663508181533481e-18
+25   +2.1377497375067276e-18  +4.1186736524121741e-18
+26   -3.2447471404280109e-18  -5.3266031884759886e-18
+27   +1.3027744523596729e-18  +3.2219423637104329e-18
+28   -4.7399138879592866e-19  -3.5202509194873550e-18
+29   +2.2425525534421358e-18  +5.6420689355851698e-18
+30   -1.7381278434227343e-18  -5.1213976637429306e-18

