-30   +1.5804804421246695e-16  -3.6739370536905483e-16
-29   -1.5056467815028762e-16  +3.7755615763725536e-16
-28   +1.5067064036578526e-16  -3.9014429526881424e-16
-27   -1.4874814798074541e-16  +4.0794952904549856e-16
-26   +1.5326186934350059e-16  -4.2240310498581885e-16
-25   -1.4662009840334983e-16  +4.4041564590761402e-16
-24   +1.5200796656360463e-16  -4.5932222944022305e-16
-23   -1.4768597908708771e-16  +4.8434749044172358e-16
-22   +1.5206539200413664e-16  -5.0013625814279440e-16
-21   -1.3886756097814413e-16  +5.4053903404139297e-16
-20   +1.7294332931505197e-16  -5.4776214345954384e-16
-19   -5.2159084928424072e-17  +6.3758942918547526e-16
-18   +5.1887301157565691e-16  -4.4472797896016674e-16
-17   +1.3370764149894116e-15  +1.3792837120827913e-15
-16   +6.1682416645684977e-15  +2.1801648699006302e-15
-15   +2.4297889136498871e-14  +1.2352458569386495e-14
-14   +9.9809022969767340e-14  +4.5996562824286465e-14
-13   +4.0797725728732531e-13  +1.9033112029587051e-13
-12   +1.6810090641427070e-12  +7.6878767860430004e-13
-11   +6.9698992658058055e-12  +3.1417538334488121e-12
-10   +2.9147749864132041e-11  +1.2879503567161910e-11
 -9   +1.2318657244836214e-10  +5.3151472839829621e-11
 -8   +5.2776496730906572e-10  +2.2094837332718150e-10
 -7   +2.3022230746558255e-09  +9.2684373576638880e-10
 -6   +1.0296059363047146e-08  +3.9311331103319176e-09
 -5   +4.7709033622949330e-08  +1.6886740789435353e-08
 -4   +2.3390040172128386e-07  +7.3511513886307678e-08
 -3   +1.2447524043810560e-06  +3.1689046599664318e-07
 -2   +8.1998103615617273e-06  +1.2036219490612383e-06
 -1   +5.6192074742941975e-06  -1.4448361927640048e-06
 +0   -4.1983395184893296e-01  +0.0000000000000000e+00
 +1   +5.6192074742941975e-06  +1.4448361927640048e-06
 +2   +8.1998103615617273e-06  -1.2036219490612383e-06
 +3   +1.2447524043810560e-06  -3.1689046599664318e-07
 +4   +2.3390040172128386e-07  -7.3511513886307678e-08
 +5   +4.7709033622949330e-08  -1.6886740789435353e-08
 +6   +1.0296059363047146e-08  -3.9311331103319176e-09
 +7   +2.3022230746558255e-09  -9.2684373576638880e-10
 +8   +5.2776496730906572e-10  -2.2094837332718150e-10
 +9   +1.2318657244836214e-10  -5.3151472839829621e-11
+10   +2.9147749864132041e-11  -1.2879503567161910e-11
+11   +6.9698992658058055e-12  -3.1417538334488121e-12
+12   +1.6810090641427070e-12  -7.6878767860430004e-13
+13   +4.0797725728732531e-13  -1.9033112029587051e-13
+14   +9.9809022969767340e-14  -4.5996562824286465e-14
+15   +2.4297889136498871e-14  -1.2352458569386495e-14
+16   +6.1682416645684977e-15  -2.1801648699006302e-15
+17   +1.3370764149894116e-15  -1.3792837120827913e-15
+18   +5.1887301157565691e-16  +4.4472797896016674e-16
+19   -5.2159084928424072e-17  -6.3758942918547526e-16
+20   +1.7294332931505197e-16  +5.4776214345954384e-16
+21   -1.3886756097814413e-16  -5.4053903404139297e-16
+22   +1.5206539200413664e-16  +5.0013625814279440e-16
+23   -1.4768597908708771e-16  -4.8434749044172358e-16
+24   +1.5200796656360463e-16  +4.5932222944022305e-16
+25   -1.4662009840334983e-16  -4.4041564590761402e-16
+26   +1.5326186934350059e-16  +4.2240310498581885e-16
+27   -1.4874814798074541e-16  -4.0794952904549856e-16
+28   +1.5067064036578526e-16  +3.9014429526881424e-16
+29   -1.5056467815028762e-16  -3.7755615763725536e-16
+30   +1.5804804421246695e-16  +3.6739370536905483e-16

