-30   -1.9626155728757789e-18  -6.5420519149352910e-19
-29   +9.1744552058199747e-19  -4.0056544395429621e-19
-28   -1.0809109535196712e-18  +7.5274094935242594e-19
-27   -7.6009476049054008e-19  -7.5001366486322044e-19
-26   -1.3655805776797866e-18  +1.9444486604493242e-18
-25   -1.1130944400884832e-18  -1.8229513346354395e-18
-24   -1.4775363740864218e-18  +1.1797640363390057e-19
-23   -1.4493368366055402e-18  -1.7761728539989282e-18
-22   -3.2223692431130165e-18  -9.1720745651949569e-19
-21   -2.0286316334268532e-18  +2.3963035142907695e-18
-20   -1.1035804890550030e-17  +2.7374822101836891e-17
-19   -4.1332500859604606e-17  +1.0843335327175830e-16
-18   -1.6068403154554210e-16  +4.5586470043541110e-16
-17   -6.4211483452590536e-16  +1.8336352249084784e-15
-16   -2.6137654884006728e-15  +7.3899090094920678e-15
-15   -1.0644557355255646e-14  +2.9868418552627461e-14
-14   -4.3530584310586170e-14  +1.2113164261580212e-13
-13   -1.7895145593570657e-13  +4.9320334685122873e-13
-12   -7.4026733366668753e-13  +2.0178236340843209e-12
-11   -3.0854928292071945e-12  +8.3031726667364350e-12
-10   -1.2981470526010635e-11  +3.4409044096677941e-11
 -9   -5.5263529852643713e-11  +1.4385785159370233e-10
 -8   -2.3887202493205187e-10  +6.0828343861712226e-10
 -7   -1.0536236298168109e-09  +2.6107100702911635e-09
 -6   -4.7798239439756491e-09  +1.1437710420545874e-08
 -5   -2.2577860275483917e-08  +5.1604944730908674e-08
 -4   -1.1376253988299634e-07  +2.4402724707280599e-07
 -3   -6.3240381826952816e-07  +1.2395503888581356e-06
 -2   -4.5216932244455921e-06  +7.6463878657762562e-06
 -1   -3.4217732533200199e-06  +3.1051016257226978e-06
 +0   +1.7361621557091766e-01  +0.0000000000000000e+00
 +1   -3.4217732533200199e-06  -3.1051016257226978e-06
 +2   -4.5216932244455921e-06  -7.6463878657762562e-06
 +3   -6.3240381826952816e-07  -1.2395503888581356e-06
 +4   -1.1376253988299634e-07  -2.4402724707280599e-07
 +5   -2.2577860275483917e-08  -5.1604944730908674e-08
 +6   -4.7798239439756491e-09  -1.1437710420545874e-08
 +7   -1.0536236298168109e-09  -2.6107100702911635e-09
 +8   -2.3887202493205187e-10  -6.0828343861712226e-10
 +9   -5.5263529852643713e-11  -1.4385785159370233e-10
+10   -1.2981470526010635e-11  -3.4409044096677941e-11
+11   -3.0854928292071945e-12  -8.3031726667364350e-12
+12   -7.4026733366668753e-13  -2.0178236340843209e-12
+13   -1.7895145593570657e-13  -4.9320334685122873e-13
+14   -4.3530584310586170e-14  -1.2113164261580212e-13
+15   -1.0644557355255646e-14  -2.9868418552627461e-14
+16   -2.6137654884006728e-15  -7.3899090094920678e-15
+17   -6.4211483452590536e-16  -1.8336352249084784e-15
+18   -1.6068403154554210e-16  -4.5586470043541110e-16
+19   -4.1332500859604606e-17  -1.0843335327175830e-16
+20   -1.1035804890550030e-17  -2.7374822101836891e-17
+21   -2.0286316334268532e-18  -2.3963035142907695e-18
+22   -3.2223692431130165e-18  +9.1720745651949569e-19
+23   -1.4493368366055402e-18  +1.7761728539989282e-18
+24   -1.4775363740864218e-18  -1.1797640363390057e-19
+25   -1.1130944400884832e-18  +1.8229513346354395e-18
+26   -1.3655805776797866e-18  -1.9444486604493242e-18
+27   -7.6009476049054008e-19  +7.5001366486322044e-19
+28   -1.0809109535196712e-18  -7.5274094935242594e-19
+29   +9.1744552058199747e-19  +4.0056544395429621e-19
+30   -1.9626155728757789e-18  +6.5420519149352910e-19

