-30   -1.5543122344743264e-16  +3.4844101282905130e-16
-29   +1.5150608696241204e-16  -3.7543032305623565e-16
-28   -1.4913325395986991e-16  +3.8912553986679555e-16
-27   +1.5202691007467475e-16  -4.0146792851680445e-16
-26   -1.5131971142090030e-16  +4.2402185146342779e-16
-25   +1.4617807907775533e-16  -4.2983613967499168e-16
-24   -1.5345428090113576e-16  +4.5589877209670896e-16
-23   +1.4743354292055875e-16  -4.8212735212864480e-16
-22   -1.5584725725338363e-16  +5.0064547099990229e-16
-21   +1.3989310853646004e-16  -5.3569198946357456e-16
-20   -1.7195171810549615e-16  +5.6626586053662981e-16
-19   +5.0278380959443919e-17  -5.4897062980339191e-16
-18   -5.1567668791897658e-16  +7.9934418292159875e-16
-17   -1.3382407407990892e-15  +5.6282769328483689e-17
-16   -6.1677909589459081e-15  +3.5832997506361293e-15
-15   -2.4301756025982883e-14  +1.0845276690449431e-14
-14   -9.9807085558079162e-14  +4.7612800996135843e-14
-13   -4.0797942350624461e-13  +1.8859691280207580e-13
-12   -1.6810075464956426e-12  +7.7067947242091346e-13
-11   -6.9699009010267966e-12  +3.1396812675284690e-12
-10   -2.9147740098023996e-11  +1.2881755772430555e-11
 -9   -1.2318657199795852e-10  +5.3148927211254419e-11
 -8   -5.2776496992564469e-10  +2.2095120549209679e-10
 -7   -2.3022230737156471e-09  +9.2684048577107860e-10
 -6   -1.0296059365821207e-08  +3.9311368967464600e-09
 -5   -4.7709033625560435e-08  +1.6886736222451445e-08
 -4   -2.3390040172043503e-07  +7.3511519537443774e-08
 -3   -1.2447524043764806e-06  +3.1689045840240655e-07
 -2   -8.1998103615843312e-06  +1.2036219605145768e-06
 -1   -5.6192074742474549e-06  -1.4448362155795337e-06
 +0   +4.1983395184893219e-01  +0.0000000000000000e+00
 +1   -5.6192074742474549e-06  +1.4448362155795337e-06
 +2   -8.1998103615843312e-06  -1.2036219605145768e-06
 +3   -1.2447524043764806e-06  -3.1689045840240655e-07
 +4   -2.3390040172043503e-07  -7.3511519537443774e-08
 +5   -4.7709033625560435e-08  -1.6886736222451445e-08
 +6   -1.0296059365821207e-08  -3.9311368967464600e-09
 +7   -2.3022230737156471e-09  -9.2684048577107860e-10
 +8   -5.2776496992564469e-10  -2.2095120549209679e-10
 +9   -1.2318657199795852e-10  -5.3148927211254419e-11
+10   -2.9147740098023996e-11  -1.2881755772430555e-11
+11   -6.9699009010267966e-12  -3.1396812675284690e-12
+12   -1.6810075464956426e-12  -7.7067947242091346e-13
+13   -4.0797942350624461e-13  -1.8859691280207580e-13
+14   -9.9807085558079162e-14  -4.7612800996135843e-14
+15   -2.4301756025982883e-14  -1.0845276690449431e-14
+16   -6.1677909589459081e-15  -3.5832997506361293e-15
+17   -1.3382407407990892e-15  -5.6282769328483689e-17
+18   -5.1567668791897658e-16  -7.9934418292159875e-16
+19   +5.0278380959443919e-17  +5.4897062980339191e-16
+20   -1.7195171810549615e-16  -5.6626586053662981e-16
+21   +1.3989310853646004e-16  +5.3569198946357456e-16
+22   -1.5584725725338363e-16  -5.0064547099990229e-16
+23   +1.4743354292055875e-16  +4.8212735212864480e-16
+24   -1.5345428090113576e-16  -4.5589877209670896e-16
+25   +1.4617807907775533e-16  +4.2983613967499168e-16
+26   -1.5131971142090030e-16  -4.2402185146342779e-16
+27   +1.5202691007467475e-16  +4.0146792851680445e-16
+28   -1.4913325395986991e-16  -3.8912553986679555e-16
+29   +1.5150608696241204e-16  +3.7543032305623565e-16
+30   -1.5543122344743264e-16  -3.4844101282905130e-16

