-30   -6.3175641792605881e-18  +4.1497188774611029e-18
-29   +4.8844582630024049e-18  -9.5291460433943266e-18
-28   -2.7710738488460671e-18  +1.1941655651842626e-17
-27   +7.7711438739609294e-18  -8.3448443851096625e-18
-26   -5.5856475938514834e-18  +9.0171283943560838e-18
-25   +1.1004790464537394e-17  -2.2898865512209944e-18
-24   +8.6566189644983326e-19  +8.8783735115124777e-18
-23   -4.2309010680788408e-18  -3.3207871352539288e-18
-22   -1.1927606943126902e-18  +2.2475471391022235e-17
-21   -5.2056830645600550e-18  -3.7490200936686938e-18
-20   -3.1323468319643029e-17  +1.3811362452112925e-17
-19   -1.1242563481077493e-16  +2.3111357246273558e-17
-18   -4.3404493334323728e-16  +1.6385844866096314e-16
-17   -1.7372625825351235e-15  +5.9097129229211620e-16
-16   -6.9912879991077459e-15  +2.4610862686503136e-15
-15   -2.8123313339194403e-14  +9.9192274212238236e-15
-14   -1.1369036956250884e-13  +4.0474137606324067e-14
-13   -4.6118945028792485e-13  +1.6544870017077862e-13
-12   -1.8790401649069434e-12  +6.8051570615260287e-13
-11   -7.6961359199840976e-12  +2.8173282148002696e-12
-10   -3.1725946807761167e-11  +1.1760231094933941e-11
 -9   -1.3185124992795753e-10  +4.9599250823824265e-11
 -8   -5.5374820194688757e-10  +2.1199906752251810e-10
 -7   -2.3584426263156432e-09  +9.2240724874562959e-10
 -6   -1.0243795581889188e-08  +4.1142318062212716e-09
 -5   -4.5787862189104786e-08  +1.9025805887413018e-08
 -4   -2.1457183751998219e-07  +9.3290757459425526e-08
 -3   -1.0834761178050277e-06  +5.0268114635618347e-07
 -2   -6.7649512320923729e-06  +3.4815291494966165e-06
 -1   -2.7258323220252233e-06  +1.9382141900058618e-06
 +0   -5.5352537056663087e-01  +0.0000000000000000e+00
 +1   -2.7258323220252233e-06  -1.9382141900058618e-06
 +2   -6.7649512320923729e-06  -3.4815291494966165e-06
 +3   -1.0834761178050277e-06  -5.0268114635618347e-07
 +4   -2.1457183751998219e-07  -9.3290757459425526e-08
 +5   -4.5787862189104786e-08  -1.9025805887413018e-08
 +6   -1.0243795581889188e-08  -4.1142318062212716e-09
 +7   -2.3584426263156432e-09  -9.2240724874562959e-10
 +8   -5.5374820194688757e-10  -2.1199906752251810e-10
 +9   -1.3185124992795753e-10  -4.9599250823824265e-11
+10   -3.1725946807761167e-11  -1.1760231094933941e-11
+11   -7.6961359199840976e-12  -2.8173282148002696e-12
+12   -1.8790401649069434e-12  -6.8051570615260287e-13
+13   -4.6118945028792485e-13  -1.6544870017077862e-13
+14   -1.1369036956250884e-13  -4.0474137606324067e-14
+15   -2.8123313339194403e-14  -9.9192274212238236e-15
+16   -6.9912879991077459e-15  -2.4610862686503136e-15
+17   -1.7372625825351235e-15  -5.9097129229211620e-16
+18   -4.3404493334323728e-16  -1.6385844866096314e-16
+19   -1.1242563481077493e-16  -2.3111357246273558e-17
+20   -3.1323468319643029e-17  -1.3811362452112925e-17
+21   -5.2056830645600550e-18  +3.7490200936686938e-18
+22   -1.1927606943126902e-18  -2.2475471391022235e-17
+23   -4.2309010680788408e-18  +3.3207871352539288e-18
+24   +8.6566189644983326e-19  -8.8783735115124777e-18
+25   +1.1004790464537394e-17  +2.2898865512209944e-18
+26   -5.5856475938514834e-18  -9.0171283943560838e-18
+27   +7.7711438739609294e-18  +8.3448443851096625e-18
+28   -2.7710738488460671e-18  -1.1941655651842626e-17
+29   +4.8844582630024049e-18  +9.5291460433943266e-18
+30   -6.3175641792605881e-18  -4.1497188774611029e-18

