-30   -8.1416355139875678e-17  +1.9917328954084841e-16
-29   +8.0413098207188231e-17  -2.0753561662055480e-16
-28   -8.1272196765353423e-17  +2.1388436402766791e-16
-27   +8.4386660391694016e-17  -2.2336661512313393e-16
-26   -8.3548897300778600e-17  +2.3397972364154751e-16
-25   +8.2939218932160953e-17  -2.4084698676310103e-16
-24   -8.4506764189621577e-17  +2.5290829865092002e-16
-23   +8.0181225489705675e-17  -2.6658417659428510e-16
-22   -8.2154070329237541e-17  +2.7672338104884971e-16
-21   +8.5829606301040204e-17  -2.9928780950552347e-16
-20   -7.6361045620830260e-17  +2.7857342635474498e-16
-19   +1.2655036633328354e-16  -4.1167991136949293e-16
-18   +8.7546616179970851e-17  -5.7505021320439427e-18
-17   +7.6430180676516826e-16  -1.7640723496300511e-15
-16   +2.6417307720661205e-15  -5.2555514604216822e-15
-15   +1.1010970359804794e-14  -2.3230021712830288e-14
-14   +4.3876070431273348e-14  -9.2116746830779682e-14
-13   +1.7739016504764634e-13  -3.7756621993934589e-13
-12   +7.1743087107349743e-13  -1.5431907309249403e-12
-11   +2.9149792242236317e-12  -6.3573829131580179e-12
-10   +1.1896669629616076e-11  -2.6364796903471415e-11
 -9   +4.8828890614893129e-11  -1.1034086986418209e-10
 -8   +2.0180908133751226e-10  -4.6712845695652458e-10
 -7   +8.4139549273827055e-10  -2.0079173572006323e-09
 -6   +3.5479260655056993e-09  -8.8136086484508186e-09
 -5   +1.5179326021504500e-08  -3.9863211175701211e-08
 -4   +6.6270592965790210e-08  -1.8910967927980852e-07
 -3   +2.9293221491242982e-07  -9.6433800669728222e-07
 -2   +1.3066520540131166e-06  -5.9609692242891029e-06
 -1   -3.2063255647208909e-07  -2.3660217788873444e-06
 +0   +2.2890235417111010e-01  +0.0000000000000000e+00
 +1   -3.2063255647208909e-07  +2.3660217788873444e-06
 +2   +1.3066520540131166e-06  +5.9609692242891029e-06
 +3   +2.9293221491242982e-07  +9.6433800669728222e-07
 +4   +6.6270592965790210e-08  +1.8910967927980852e-07
 +5   +1.5179326021504500e-08  +3.9863211175701211e-08
 +6   +3.5479260655056993e-09  +8.8136086484508186e-09
 +7   +8.4139549273827055e-10  +2.0079173572006323e-09
 +8   +2.0180908133751226e-10  +4.6712845695652458e-10
 +9   +4.8828890614893129e-11  +1.1034086986418209e-10
+10   +1.1896669629616076e-11  +2.6364796903471415e-11
+11   +2.9149792242236317e-12  +6.3573829131580179e-12
+12   +7.1743087107349743e-13  +1.5431907309249403e-12
+13   +1.7739016504764634e-13  +3.7756621993934589e-13
+14   +4.3876070431273348e-14  +9.2116746830779682e-14
+15   +1.1010970359804794e-14  +2.3230021712830288e-14
+16   +2.6417307720661205e-15  +5.2555514604216822e-15
+17   +7.6430180676516826e-16  +1.7640723496300511e-15
+18   +8.7546616179970851e-17  +5.7505021320439427e-18
+19   +1.2655036633328354e-16  +4.1167991136949293e-16
+20   -7.6361045620830260e-17  -2.7857342635474498e-16
+21   +8.5829606301040204e-17  +2.9928780950552347e-16
+22   -8.2154070329237541e-17  -2.7672338104884971e-16
+23   +8.0181225489705675e-17  +2.6658417659428510e-16
+24   -8.4506764189621577e-17  -2.5290829865092002e-16
+25   +8.2939218932160953e-17  +2.4084698676310103e-16
+26   -8.3548897300778600e-17  -2.3397972364154751e-16
+27   +8.4386660391694016e-17  +2.2336661512313393e-16
+28   -8.1272196765353423e-17  -2.1388436402766791e-16
+29   +8.0413098207188231e-17  +2.0753561662055480e-16
+30   -8.1416355139875678e-17  -1.9917328954084841e-16

