-30   -6.3175641784896968e-18  -1.0018307594985683e-17
-29   -1.9054908928489695e-18  -9.0760904401164761e-18
-28   +2.9112462195041933e-18  +7.7398979341774100e-18
-27   +4.7163191704476898e-18  +1.4436218740588517e-18
-26   -3.3991686562282257e-18  +6.1393551524471167e-18
-25   +1.4543404559925236e-18  -4.5037356663003504e-18
-24   -7.4873218439615491e-18  +7.1109691740313684e-18
-23   -1.6247235544169655e-18  -1.6405999063765487e-18
-22   -2.9029489073092135e-18  +3.0661953632553665e-18
-21   +1.2675410998517740e-17  -5.3809648940829314e-18
-20   +3.5024211735060229e-17  +2.0221238073391469e-17
-19   +1.1563566080635368e-16  +3.1924101895391916e-17
-18   +4.3228006965660627e-16  +1.5583295548401781e-16
-17   +1.7390048003718195e-15  +6.0018076385649828e-16
-16   +6.9829929021182649e-15  +2.4575121127779271e-15
-15   +2.8125542738687544e-14  +9.9286123772483843e-15
-14   +1.1368196347065760e-13  +4.0457957008238529e-14
-13   +4.6119648543209844e-13  +1.6547008122800905e-13
-12   +1.8790363071583838e-12  +6.8050435190604998e-13
-11   +7.6961377800502178e-12  +2.8173489731998221e-12
-10   +3.1725955742146123e-11  +1.1760213889102408e-11
 -9   +1.3185125215487043e-10  +4.9599268156995106e-11
 -8   +5.5374820406427783e-10  +2.1199903535698795e-10
 -7   +2.3584426269167301e-09  +9.2240727769937001e-10
 -6   +1.0243795582178526e-08  +4.1142317656613074e-09
 -5   +4.5787862181212159e-08  +1.9025805934747069e-08
 -4   +2.1457183751858125e-07  +9.3290757394546971e-08
 -3   +1.0834761177980570e-06  +5.0268114643793877e-07
 -2   +6.7649512321260154e-06  +3.4815291493695997e-06
 -1   +2.7258323219548539e-06  +1.9382141902380713e-06
 +0   +5.5352537056663031e-01  +0.0000000000000000e+00
 +1   +2.7258323219548539e-06  -1.9382141902380713e-06
 +2   +6.7649512321260154e-06  -3.4815291493695997e-06
 +3   +1.0834761177980570e-06  -5.0268114643793877e-07
 +4   +2.1457183751858125e-07  -9.3290757394546971e-08
 +5   +4.5787862181212159e-08  -1.9025805934747069e-08
 +6   +1.0243795582178526e-08  -4.1142317656613074e-09
 +7   +2.3584426269167301e-09  -9.2240727769937001e-10
 +8   +5.5374820406427783e-10  -2.1199903535698795e-10
 +9   +1.3185125215487043e-10  -4.9599268156995106e-11
+10   +3.1725955742146123e-11  -1.1760213889102408e-11
+11   +7.6961377800502178e-12  -2.8173489731998221e-12
+12   +1.8790363071583838e-12  -6.8050435190604998e-13
+13   +4.6119648543209844e-13  -1.6547008122800905e-13
+14   +1.1368196347065760e-13  -4.0457957008238529e-14
+15   +2.8125542738687544e-14  -9.9286123772483843e-15
+16   +6.9829929021182649e-15  -2.4575121127779271e-15
+17   +1.7390048003718195e-15  -6.0018076385649828e-16
+18   +4.3228006965660627e-16  -1.5583295548401781e-16
+19   +1.1563566080635368e-16  -3.1924101895391916e-17
+20   +3.5024211735060229e-17  -2.0221238073391469e-17
+21   +1.2675410998517740e-17  +5.3809648940829314e-18
+22   -2.9029489073092135e-18  -3.0661953632553665e-18
+23   -1.6247235544169655e-18  +1.6405999063765487e-18
+24   -7.4873218439615491e-18  -7.1109691740313684e-18
+25   +1.4543404559925236e-18  +4.5037356663003504e-18
+26   -3.3991686562282257e-18  -6.1393551524471167e-18
+27   +4.7163191704476898e-18  -1.4436218740588517e-18
+28   +2.9112462195041933e-18  -7.7398979341774100e-18
+29   -1.9054908928489695e-18  +9.0760904401164761e-18
+30   -6.3175641784896968e-18  +1.0018307594985683e-17

