-30   -7.8257573048497977e-17  +1.9078086592239093e-16
-29   +7.7601454624204306e-17  -1.9660872452947862e-16
-28   -7.5885132088637893e-17  +2.0400287159713249e-16
-27   +7.8468516081686978e-17  -2.1331987143384426e-16
-26   -8.0399337889138015e-17  +2.2029420581856096e-16
-25   +7.8380667470938383e-17  -2.3228940493230531e-16
-24   -7.8887395965997920e-17  +2.4187454371275319e-16
-23   +7.5318332444467731e-17  -2.5259081872975026e-16
-22   -7.7606041988244302e-17  +2.6666748158583748e-16
-21   +8.0839072062022754e-17  -2.7410988773644163e-16
-20   -6.6250426584134536e-17  +3.1260602688024937e-16
-19   +1.2266333669198784e-16  -2.2277781761659802e-16
-18   +9.2688528517370357e-17  +6.7531045553837029e-16
-17   +7.5861579205028584e-16  +1.0556580972448682e-15
-16   +2.6464004826482779e-15  +6.0107469682710771e-15
-15   +1.1008908710780267e-14  +2.2421139126244141e-14
-14   +4.3879256176528592e-14  +9.2985338607743537e-14
-13   +1.7738731975939880e-13  +3.7663020667729457e-13
-12   +7.1743789329662143e-13  +1.5442074404447879e-12
-11   +2.9149736707797307e-12  +6.3562718689992693e-12
-10   +1.1896667905344145e-11  +2.6366018727908810e-11
 -9   +4.8828886992722715e-11  +1.1033950980305409e-10
 -8   +2.0180908524022168e-10  +4.6712998548188860e-10
 -7   +8.4139548971286491e-10  +2.0079156065010991e-09
 -6   +3.5479260692826436e-09  +8.8136106922012919e-09
 -5   +1.5179326017077065e-08  +3.9863208718340807e-08
 -4   +6.6270592968517616e-08  +1.8910968234460073e-07
 -3   +2.9293221490940210e-07  +9.6433800260883375e-07
 -2   +1.3066520540196292e-06  +5.9609692304283418e-06
 -1   -3.2063255645888956e-07  +2.3660217665925693e-06
 +0   +2.2890235417111079e-01  +0.0000000000000000e+00
 +1   -3.2063255645888956e-07  -2.3660217665925693e-06
 +2   +1.3066520540196292e-06  -5.9609692304283418e-06
 +3   +2.9293221490940210e-07  -9.6433800260883375e-07
 +4   +6.6270592968517616e-08  -1.8910968234460073e-07
 +5   +1.5179326017077065e-08  -3.9863208718340807e-08
 +6   +3.5479260692826436e-09  -8.8136106922012919e-09
 +7   +8.4139548971286491e-10  -2.0079156065010991e-09
 +8   +2.0180908524022168e-10  -4.6712998548188860e-10
 +9   +4.8828886992722715e-11  -1.1033950980305409e-10
+10   +1.1896667905344145e-11  -2.6366018727908810e-11
+11   +2.9149736707797307e-12  -6.3562718689992693e-12
+12   +7.1743789329662143e-13  -1.5442074404447879e-12
+13   +1.7738731975939880e-13  -3.7663020667729457e-13
+14   +4.3879256176528592e-14  -9.2985338607743537e-14
+15   +1.1008908710780267e-14  -2.2421139126244141e-14
+16   +2.6464004826482779e-15  -6.0107469682710771e-15
+17   +7.5861579205028584e-16  -1.0556580972448682e-15
+18   +9.2688528517370357e-17  -6.7531045553837029e-16
+19   +1.2266333669198784e-16  +2.2277781761659802e-16
+20   -6.6250426584134536e-17  -3.1260602688024937e-16
+21   +8.0839072062022754e-17  +2.7410988773644163e-16
+22   -7.7606041988244302e-17  -2.6666748158583748e-16
+23   +7.5318332444467731e-17  +2.5259081872975026e-16
+24   -7.8887395965997920e-17  -2.4187454371275319e-16
+25   +7.8380667470938383e-17  +2.3228940493230531e-16
+26   -8.0399337889138015e-17  -2.2029420581856096e-16
+27   +7.8468516081686978e-17  +2.1331987143384426e-16
+28   -7.5885132088637893e-17  -2.0400287159713249e-16
+29   +7.7601454624204306e-17  +1.9660872452947862e-16
+30   -7.8257573048497977e-17  -1.9078086592239093e-16

