-30   +2.6168207646364964e-18  +1.6784847237991142e-17
-29   -5.9421689622566784e-18  -4.5098050000518749e-18
-28   +9.5773790468454188e-19  +4.3154278440182223e-18
-27   +2.0620677812278123e-18  -1.7679937697977322e-18
-26   -3.4520372415274965e-18  +8.0788953985677110e-18
-25   +5.0622690988235362e-18  -5.4331321079900703e-18
-24   -2.4871581544723079e-18  +3.4875071023231386e-18
-23   +1.5308294712690122e-18  +5.2355074791141855e-19
-22   -6.2570754173798048e-18  +9.1261122443116905e-18
-21   +3.5117031593368355e-18  -6.0770875395262837e-18
-20   +1.0110619036695735e-17  -2.7091322058613589e-18
-19   +1.3769480982414646e-17  -6.0736946361471238e-18
-18   +4.5635416156279528e-17  +4.5615490627013055e-18
-17   +1.9357517724815582e-16  -4.0078446753178483e-18
-16   +8.3339045865220682e-16  +2.0335718203658503e-17
-15   +3.5500842932656770e-15  +7.3824940085398330e-17
-14   +1.5345424832571384e-14  +3.5763726095900714e-16
-13   +6.6678628879536598e-14  +1.6426196653392139e-15
-12   +2.9241073319419370e-13  +7.8430245066663426e-15
-11   +1.2965696872013680e-12  +3.7898947080538611e-14
-10   +5.8250566328878767e-12  +1.8731387907819119e-13
 -9   +2.6591973738817907e-11  +9.4995292720210855e-13
 -8   +1.2383569029875118e-10  +4.9761271560943627e-12
 -7   +5.9149943091020134e-10  +2.7159667740506116e-11
 -6   +2.9221391600831490e-09  +1.5651309287737064e-10
 -5   +1.5110553723129377e-08  +9.7105025855513094e-10
 -4   +8.3825017090285315e-08  +6.7324350497068853e-09
 -3   +5.1124624825503137e-07  +5.4736064465809717e-08
 -2   +4.0066864337524875e-06  +6.4338864249705412e-07
 -1   +6.1607876822901066e-06  +1.9784838452781338e-06
 +0   +5.0175414682529296e-01  +0.0000000000000000e+00
 +1   +6.1607876822901066e-06  -1.9784838452781338e-06
 +2   +4.0066864337524875e-06  -6.4338864249705412e-07
 +3   +5.1124624825503137e-07  -5.4736064465809717e-08
 +4   +8.3825017090285315e-08  -6.7324350497068853e-09
 +5   +1.5110553723129377e-08  -9.7105025855513094e-10
 +6   +2.9221391600831490e-09  -1.5651309287737064e-10
 +7   +5.9149943091020134e-10  -2.7159667740506116e-11
 +8   +1.2383569029875118e-10  -4.9761271560943627e-12
 +9   +2.6591973738817907e-11  -9.4995292720210855e-13
+10   +5.8250566328878767e-12  -1.8731387907819119e-13
+11   +1.2965696872013680e-12  -3.7898947080538611e-14
+12   +2.9241073319419370e-13  -7.8430245066663426e-15
+13   +6.6678628879536598e-14  -1.6426196653392139e-15
+14   +1.5345424832571384e-14  -3.5763726095900714e-16
+15   +3.5500842932656770e-15  -7.3824940085398330e-17
+16   +8.3339045865220682e-16  -2.0335718203658503e-17
+17   +1.9357517724815582e-16  +4.0078446753178483e-18
+18   +4.5635416156279528e-17  -4.5615490627013055e-18
+19   +1.3769480982414646e-17  +6.0736946361471238e-18
+20   +1.0110619036695735e-17  +2.7091322058613589e-18
+21   +3.5117031593368355e-18  +6.0770875395262837e-18
+22   -6.2570754173798048e-18  -9.1261122443116905e-18
+23   +1.5308294712690122e-18  -5.2355074791141855e-19
+24   -2.4871581544723079e-18  -3.4875071023231386e-18
+25   +5.0622690988235362e-18  +5.4331321079900703e-18
+26   -3.4520372415274965e-18  -8.0788953985677110e-18
+27   +2.0620677812278123e-18  +1.7679937697977322e-18
+28   +9.5773790468454188e-19  -4.3154278440182223e-18
+29   -5.9421689622566784e-18  +4.5098050000518749e-18
+30   +2.6168207646364964e-18  -1.6784847237991142e-17

