-30   +7.4014868310570698e-18  -6.7665396422942033e-18
-29   -3.5381271489122851e-18  +3.9873246141738178e-18
-28   +3.0038499048706387e-18  +2.3937787417710447e-18
-27   +1.3633756478731741e-18  +6.5545166193519992e-18
-26   +7.5155434792035860e-18  -3.9440348392684079e-18
-25   -6.6039885411665391e-19  +1.2585447769689074e-18
-24   +1.8672520823534947e-18  -4.8027035136715139e-18
-23   -3.7055425511337614e-18  +6.7518435843640471e-18
-22   +3.0955401068968705e-19  -1.4941581239968944e-18
-21   -1.5537817121458522e-18  +3.6958499094995792e-18
-20   +3.7007434154171884e-18  +6.4098756212785470e-18
-19   +4.5389300104829828e-18  +8.2769532852783765e-19
-18   +5.1856732157451249e-17  -1.0163543917324249e-17
-17   +1.8463518862287865e-16  -5.2339285143029596e-19
-16   +8.3467346040516486e-16  -1.7863556597227851e-17
-15   +3.5506262543842682e-15  -6.4016303350845839e-17
-14   +1.5348635139716318e-14  -3.6041495152322786e-16
-13   +6.6679168437184099e-14  -1.6408991227045736e-15
-12   +2.9241599358536222e-13  -7.8462802628293681e-15
-11   +1.2965660582182118e-12  -3.7896871509717788e-14
-10   +5.8250581135537529e-12  -1.8731797656483321e-13
 -9   +2.6591971860211543e-11  -9.4995593137323678e-13
 -8   +1.2383569492207533e-10  -4.9761314041692590e-12
 -7   +5.9149943478429471e-10  -2.7159671091670612e-11
 -6   +2.9221391677292029e-09  -1.5651309584330691e-10
 -5   +1.5110553716184812e-08  -9.7105027906960904e-10
 -4   +8.3825017086380850e-08  -6.7324350476765878e-09
 -3   +5.1124624826483133e-07  -5.4736064468272690e-08
 -2   +4.0066864337629382e-06  -6.4338864249706873e-07
 -1   +6.1607876823011426e-06  -1.9784838452818125e-06
 +0   +5.0175414682529207e-01  +0.0000000000000000e+00
 +1   +6.1607876823011426e-06  +1.9784838452818125e-06
 +2   +4.0066864337629382e-06  +6.4338864249706873e-07
 +3   +5.1124624826483133e-07  +5.4736064468272690e-08
 +4   +8.3825017086380850e-08  +6.7324350476765878e-09
 +5   +1.5110553716184812e-08  +9.7105027906960904e-10
 +6   +2.9221391677292029e-09  +1.5651309584330691e-10
 +7   +5.9149943478429471e-10  +2.7159671091670612e-11
 +8   +1.2383569492207533e-10  +4.9761314041692590e-12
 +9   +2.6591971860211543e-11  +9.4995593137323678e-13
+10   +5.8250581135537529e-12  +1.8731797656483321e-13
+11   +1.2965660582182118e-12  +3.7896871509717788e-14
+12   +2.9241599358536222e-13  +7.8462802628293681e-15
+13   +6.6679168437184099e-14  +1.6408991227045736e-15
+14   +1.5348635139716318e-14  +3.6041495152322786e-16
+15   +3.5506262543842682e-15  +6.4016303350845839e-17
+16   +8.3467346040516486e-16  +1.7863556597227851e-17
+17   +1.8463518862287865e-16  +5.2339285143029596e-19
+18   +5.1856732157451249e-17  +1.0163543917324249e-17
+19   +4.5389300104829828e-18  -8.2769532852783765e-19
+20   +3.7007434154171884e-18  -6.4098756212785470e-18
+21   -1.5537817121458522e-18  -3.6958499094995792e-18
+22   +3.0955401068968705e-19  +1.4941581239968944e-18
+23   -3.7055425511337614e-18  -6.7518435843640471e-18
+24   +1.8672520823534947e-18  +4.8027035136715139e-18
+25   -6.6039885411665391e-19  -1.2585447769689074e-18
+26   +7.5155434792035860e-18  +3.9440348392684079e-18
+27   +1.3633756478731741e-18  -6.5545166193519992e-18
+28   +3.0038499048706387e-18  -2.3937787417710447e-18
+29   -3.5381271489122851e-18  -3.9873246141738178e-18
+30   +7.4014868310570698e-18  +6.7665396422942033e-18

