-30   +1.1961664281770652e-18  -7.3549940669974232e-18
-29   -1.4042362244742249e-18  +5.9664195066385933e-18
-28   +1.2514492165857339e-18  -9.2329247879024225e-18
-27   -2.1898383427745144e-18  +6.0379226993136863e-18
-26   -7.1436441629116243e-19  -6.6024480818822305e-18
-25   -1.1728489753899848e-17  +7.7276812894639328e-18
-24   -3.2019304339531128e-17  +3.2980431659098486e-18
-23   -1.2953574221011677e-16  +5.1211007304298963e-17
-22   -4.8103280674989370e-16  +1.5541939170402456e-16
-21   -1.8392176880752543e-15  +6.2563186743127920e-16
-20   -6.9857109090943903e-15  +2.3569308034693843e-15
-19   -2.6559693282885121e-14  +9.0329920602267688e-15
-18   -1.0084476671038914e-13  +3.4393766414755835e-14
-17   -3.8260832013158086e-13  +1.3115407992236046e-13
-16   -1.4502356424790830e-12  +4.9970075955437946e-13
-15   -5.4914489471916562e-12  +1.9034329915600591e-12
-14   -2.0770988969410165e-11  +7.2479843173615166e-12
-13   -7.8471622918980439e-11  +2.7593342486675480e-11
-12   -2.9608190101475923e-10  +1.0503852712456938e-10
-11   -1.1156122625279415e-09  +3.9988898446479732e-10
-10   -4.1973751665957634e-09  +1.5230476347914168e-09
 -9   -1.5767930690738411e-08  +5.8061317183967895e-09
 -8   -5.9142220822672900e-08  +2.2172308803761274e-08
 -7   -2.2150411334279636e-07  +8.4928209461702726e-08
 -6   -8.2871270962114053e-07  +3.2706880037847260e-07
 -5   -3.0990912574171875e-06  +1.2710749440186563e-06
 -4   -1.1624212992388078e-05  +5.0329596631111492e-06
 -3   -4.3609023863922139e-05  +2.0412952893706338e-05
 -2   -1.7308111909288722e-04  +9.2641262002095796e-05
 -1   -2.8640771049576814e-05  +3.3996427065678588e-05
 +0   +1.9642069927265987e-01  +0.0000000000000000e+00
 +1   -2.8640771049576814e-05  -3.3996427065678588e-05
 +2   -1.7308111909288722e-04  -9.2641262002095796e-05
 +3   -4.3609023863922139e-05  -2.0412952893706338e-05
 +4   -1.1624212992388078e-05  -5.0329596631111492e-06
 +5   -3.0990912574171875e-06  -1.2710749440186563e-06
 +6   -8.2871270962114053e-07  -3.2706880037847260e-07
 +7   -2.2150411334279636e-07  -8.4928209461702726e-08
 +8   -5.9142220822672900e-08  -2.2172308803761274e-08
 +9   -1.5767930690738411e-08  -5.8061317183967895e-09
+10   -4.1973751665957634e-09  -1.5230476347914168e-09
+11   -1.1156122625279415e-09  -3.9988898446479732e-10
+12   -2.9608190101475923e-10  -1.0503852712456938e-10
+13   -7.8471622918980439e-11  -2.7593342486675480e-11
+14   -2.0770988969410165e-11  -7.2479843173615166e-12
+15   -5.4914489471916562e-12  -1.9034329915600591e-12
+16   -1.4502356424790830e-12  -4.9970075955437946e-13
+17   -3.8260832013158086e-13  -1.3115407992236046e-13
+18   -1.0084476671038914e-13  -3.4393766414755835e-14
+19   -2.6559693282885121e-14  -9.0329920602267688e-15
+20   -6.9857109090943903e-15  -2.3569308034693843e-15
+21   -1.8392176880752543e-15  -6.2563186743127920e-16
+22   -4.8103280674989370e-16  -1.5541939170402456e-16
+23   -1.2953574221011677e-16  -5.1211007304298963e-17
+24   -3.2019304339531128e-17  -3.2980431659098486e-18
+25   -1.1728489753899848e-17  -7.7276812894639328e-18
+26   -7.1436441629116243e-19  +6.6024480818822305e-18
+27   -2.1898383427745144e-18  -6.0379226993136863e-18
+28   +1.2514492165857339e-18  +9.2329247879024225e-18
+29   -1.4042362244742249e-18  -5.9664195066385933e-18
+30   +1.1961664281770652e-18  +7.3549940669974232e-18

