-30   +4.5365854189872660e-16  -1.1204988614115078e-15
-29   -4.6418253647122886e-16  +1.1491029713917851e-15
-28   +4.5910970549179209e-16  -1.1979479411213065e-15
-27   -4.5673066248806395e-16  +1.2415682154308613e-15
-26   +4.6616959195441543e-16  -1.2952914069026165e-15
-25   -4.6912273085735920e-16  +1.3691970661668312e-15
-24   +4.7844628905706134e-16  -1.4331364736263718e-15
-23   -4.0767228479066443e-16  +1.3789933663331378e-15
-22   +6.5089488798516151e-16  -1.9400372555745400e-15
-21   +2.8675450789099344e-16  +1.7626705766367063e-16
-20   +3.2827488048823771e-15  -7.3326994618990693e-15
-19   +1.0264415474616653e-14  -1.9561264494406844e-14
-18   +4.1130966745109455e-14  -8.3310228805461262e-14
-17   +1.5356304434953759e-13  -3.0783700832552391e-13
-16   +5.8320196393169051e-13  -1.1813382613416631e-12
-15   +2.2015083282868626e-12  -4.4823596249706687e-12
-14   +8.3090207893629583e-12  -1.7050255251341967e-11
-13   +3.1299764890081285e-11  -6.4771222992672293e-11
-12   +1.1770301533789041e-10  -2.4601724319096202e-10
-11   +4.4170230916040727e-10  -9.3411848500246298e-10
-10   +1.6536453449926257e-09  -3.5466822489401272e-09
 -9   +6.1736676114940149e-09  -1.3470035654261631e-08
 -8   +2.2971795255830793e-08  -5.1204111724809639e-08
 -7   +8.5123556927745240e-08  -1.9501049101010895e-07
 -6   +3.1376536156237746e-07  -7.4548412460771470e-07
 -5   +1.1476742823532601e-06  -2.8685642286218469e-06
 -4   +4.1518039886157729e-06  -1.1199985140968045e-05
 -3   +1.4558387534346265e-05  -4.4434493770947776e-05
 -2   +4.8843234349786457e-05  -1.9388137200739429e-04
 -1   -3.5859660453371005e-06  -7.0724208430073164e-05
 +0   -1.2721739595483805e+00  +0.0000000000000000e+00
 +1   -3.5859660453371005e-06  +7.0724208430073164e-05
 +2   +4.8843234349786457e-05  +1.9388137200739429e-04
 +3   +1.4558387534346265e-05  +4.4434493770947776e-05
 +4   +4.1518039886157729e-06  +1.1199985140968045e-05
 +5   +1.1476742823532601e-06  +2.8685642286218469e-06
 +6   +3.1376536156237746e-07  +7.4548412460771470e-07
 +7   +8.5123556927745240e-08  +1.9501049101010895e-07
 +8   +2.2971795255830793e-08  +5.1204111724809639e-08
 +9   +6.1736676114940149e-09  +1.3470035654261631e-08
+10   +1.6536453449926257e-09  +3.5466822489401272e-09
+11   +4.4170230916040727e-10  +9.3411848500246298e-10
+12   +1.1770301533789041e-10  +2.4601724319096202e-10
+13   +3.1299764890081285e-11  +6.4771222992672293e-11
+14   +8.3090207893629583e-12  +1.7050255251341967e-11
+15   +2.2015083282868626e-12  +4.4823596249706687e-12
+16   +5.8320196393169051e-13  +1.1813382613416631e-12
+17   +1.5356304434953759e-13  +3.0783700832552391e-13
+18   +4.1130966745109455e-14  +8.3310228805461262e-14
+19   +1.0264415474616653e-14  +1.9561264494406844e-14
+20   +3.2827488048823771e-15  +7.3326994618990693e-15
+21   +2.8675450789099344e-16  -1.7626705766367063e-16
+22   +6.5089488798516151e-16  +1.9400372555745400e-15
+23   -4.0767228479066443e-16  -1.3789933663331378e-15
+24   +4.7844628905706134e-16  +1.4331364736263718e-15
+25   -4.6912273085735920e-16  -1.3691970661668312e-15
+26   +4.6616959195441543e-16  +1.2952914069026165e-15
+27   -4.5673066248806395e-16  -1.2415682154308613e-15
+28   +4.5910970549179209e-16  +1.1979479411213065e-15
+29   -4.6418253647122886e-16  -1.1491029713917851e-15
+30   +4.5365854189872660e-16  +1.1204988614115078e-15

