-30   -2.3923328868428247e-18  +8.0091992160904054e-18
-29   +3.3862526602345560e-18  -6.1395248722534779e-18
-28   -2.7822975817448099e-18  +5.5450777019460637e-18
-27   +3.3066082494589162e-18  -7.8375599219364958e-18
-26   -2.2642354983273496e-19  +7.8799733503726902e-18
-25   +1.1144643326213472e-17  -4.7182864272998495e-18
-24   +3.0250261317703963e-17  +1.9573306752299341e-17
-23   +1.2851908153778007e-16  +3.7421870235058655e-17
-22   +4.7920316901174454e-16  +1.7381934342684348e-16
-21   +1.8399544994597705e-15  +6.0742077668995392e-16
-20   +6.9857109090943903e-15  +2.3712379715262741e-15
-19   +2.6560463641298860e-14  +9.0120866680794368e-15
-18   +1.0084342922254947e-13  +3.4412654637867832e-14
-17   +3.8260877044384665e-13  +1.3113393941155850e-13
-16   +1.4502364143661074e-12  +4.9972257570883218e-13
-15   +5.4914482888852438e-12  +1.9034064131536498e-12
-14   +2.0770987979993840e-11  +7.2480082736365597e-12
-13   +7.8471625739025173e-11  +2.7593315947458050e-11
-12   +2.9608190190586426e-10  +1.0503855992452744e-10
-11   +1.1156122653792901e-09  +3.9988895053002800e-10
-10   +4.1973751574040316e-09  +1.5230476719488559e-09
 -9   +1.5767930692702529e-08  +5.8061316787984533e-09
 -8   +5.9142220823083208e-08  +2.2172308852242581e-08
 -7   +2.2150411334443365e-07  +8.4928209412236491e-08
 -6   +8.2871270962104291e-07  +3.2706880043588810e-07
 -5   +3.0990912574185017e-06  +1.2710749439428699e-06
 -4   +1.1624212992392345e-05  +5.0329596632062091e-06
 -3   +4.3609023863928901e-05  +2.0412952893580438e-05
 -2   +1.7308111909286589e-04  +9.2641262002309316e-05
 -1   +2.8640771049685261e-05  +3.3996427065290153e-05
 +0   -1.9642069927265862e-01  +0.0000000000000000e+00
 +1   +2.8640771049685261e-05  -3.3996427065290153e-05
 +2   +1.7308111909286589e-04  -9.2641262002309316e-05
 +3   +4.3609023863928901e-05  -2.0412952893580438e-05
 +4   +1.1624212992392345e-05  -5.0329596632062091e-06
 +5   +3.0990912574185017e-06  -1.2710749439428699e-06
 +6   +8.2871270962104291e-07  -3.2706880043588810e-07
 +7   +2.2150411334443365e-07  -8.4928209412236491e-08
 +8   +5.9142220823083208e-08  -2.2172308852242581e-08
 +9   +1.5767930692702529e-08  -5.8061316787984533e-09
+10   +4.1973751574040316e-09  -1.5230476719488559e-09
+11   +1.1156122653792901e-09  -3.9988895053002800e-10
+12   +2.9608190190586426e-10  -1.0503855992452744e-10
+13   +7.8471625739025173e-11  -2.7593315947458050e-11
+14   +2.0770987979993840e-11  -7.2480082736365597e-12
+15   +5.4914482888852438e-12  -1.9034064131536498e-12
+16   +1.4502364143661074e-12  -4.9972257570883218e-13
+17   +3.8260877044384665e-13  -1.3113393941155850e-13
+18   +1.0084342922254947e-13  -3.4412654637867832e-14
+19   +2.6560463641298860e-14  -9.0120866680794368e-15
+20   +6.9857109090943903e-15  -2.3712379715262741e-15
+21   +1.8399544994597705e-15  -6.0742077668995392e-16
+22   +4.7920316901174454e-16  -1.7381934342684348e-16
+23   +1.2851908153778007e-16  -3.7421870235058655e-17
+24   +3.0250261317703963e-17  -1.9573306752299341e-17
+25   +1.1144643326213472e-17  +4.7182864272998495e-18
+26   -2.2642354983273496e-19  -7.8799733503726902e-18
+27   +3.3066082494589162e-18  +7.8375599219364958e-18
+28   -2.7822975817448099e-18  -5.5450777019460637e-18
+29   +3.3862526602345560e-18  +6.1395248722534779e-18
+30   -2.3923328868428247e-18  -8.0091992160904054e-18

