-30   +4.6285593079489247e-16  -1.0311550119600422e-15
-29   -4.3463093533737703e-16  +1.0851687725509165e-15
-28   +4.3533010756781398e-16  -1.1263098186663807e-15
-27   -4.3113787689333705e-16  +1.1627443224619452e-15
-26   +4.3405898302904334e-16  -1.2035287003870577e-15
-25   -4.1282960369125162e-16  +1.2906108822646474e-15
-24   +4.5199056921413496e-16  -1.3038013488735034e-15
-23   -3.8510564555762300e-16  +1.5011035448059627e-15
-22   +6.2444027289208329e-16  -1.0695202800731752e-15
-21   +3.1291696832928334e-16  +2.9978266267672613e-15
-20   +3.2733640956324314e-15  +3.9977512353185757e-15
-19   +1.0294047993199345e-14  +2.3064826107942445e-14
-18   +4.1094720244005237e-14  +7.9587802240520481e-14
-17   +1.5359352554379097e-13  +3.1180346454840603e-13
-16   +5.8316985969571530e-13  +1.1771265448249590e-12
-15   +2.2015354613993317e-12  +4.4868553748740523e-12
-14   +8.3089863040937665e-12  +1.7045410462292211e-11
-13   +3.1299805902815534e-11  +6.4776437887757168e-11
-12   +1.1770299163111409e-10  +2.4601158149947762e-10
-11   +4.4170234786860936e-10  +9.3412463930245065e-10
-10   +1.6536453214138068e-09  +3.5466754644932257e-09
 -9   +6.1736676371197386e-09  +1.3470043208267695e-08
 -8   +2.2971795221694525e-08  +5.1204103222710879e-08
 -7   +8.5123556961932390e-08  +1.9501050076423011e-07
 -6   +3.1376536151903060e-07  +7.4548411320212490e-07
 -5   +1.1476742823811749e-06  +2.8685642422718468e-06
 -4   +4.1518039885822516e-06  +1.1199985123920890e-05
 -3   +1.4558387534420588e-05  +4.4434493793693945e-05
 -2   +4.8843234349696847e-05  +1.9388137197336896e-04
 -1   -3.5859660451449163e-06  +7.0724208498464610e-05
 +0   -1.2721739595483821e+00  +0.0000000000000000e+00
 +1   -3.5859660451449163e-06  -7.0724208498464610e-05
 +2   +4.8843234349696847e-05  -1.9388137197336896e-04
 +3   +1.4558387534420588e-05  -4.4434493793693945e-05
 +4   +4.1518039885822516e-06  -1.1199985123920890e-05
 +5   +1.1476742823811749e-06  -2.8685642422718468e-06
 +6   +3.1376536151903060e-07  -7.4548411320212490e-07
 +7   +8.5123556961932390e-08  -1.9501050076423011e-07
 +8   +2.2971795221694525e-08  -5.1204103222710879e-08
 +9   +6.1736676371197386e-09  -1.3470043208267695e-08
+10   +1.6536453214138068e-09  -3.5466754644932257e-09
+11   +4.4170234786860936e-10  -9.3412463930245065e-10
+12   +1.1770299163111409e-10  -2.4601158149947762e-10
+13   +3.1299805902815534e-11  -6.4776437887757168e-11
+14   +8.3089863040937665e-12  -1.7045410462292211e-11
+15   +2.2015354613993317e-12  -4.4868553748740523e-12
+16   +5.8316985969571530e-13  -1.1771265448249590e-12
+17   +1.5359352554379097e-13  -3.1180346454840603e-13
+18   +4.1094720244005237e-14  -7.9587802240520481e-14
+19   +1.0294047993199345e-14  -2.3064826107942445e-14
+20   +3.2733640956324314e-15  -3.9977512353185757e-15
+21   +3.1291696832928334e-16  -2.9978266267672613e-15
+22   +6.2444027289208329e-16  +1.0695202800731752e-15
+23   -3.8510564555762300e-16  -1.5011035448059627e-15
+24   +4.5199056921413496e-16  +1.3038013488735034e-15
+25   -4.1282960369125162e-16  -1.2906108822646474e-15
+26   +4.3405898302904334e-16  +1.2035287003870577e-15
+27   -4.3113787689333705e-16  -1.1627443224619452e-15
+28   +4.3533010756781398e-16  +1.1263098186663807e-15
+29   -4.3463093533737703e-16  -1.0851687725509165e-15
+30   +4.6285593079489247e-16  +1.0311550119600422e-15

