-30   +1.0467283180644661e-17  +3.3498278328873148e-26
-29   -8.7237053468127760e-18  +1.3186294208199710e-17
-28   +6.9765325455116383e-18  -1.3154575931476174e-17
-27   -1.0759751246858152e-17  +1.4579258417214475e-17
-26   +7.6917858448520434e-18  -1.1438619694840253e-17
-25   -1.4835817566562086e-18  +1.8739874440016016e-17
-24   +7.9577563930325318e-18  +2.4344221161273276e-17
-23   +2.6056460661609319e-17  +1.3181477955750351e-16
-22   +1.6025528576226683e-16  +4.4784211854059678e-16
-21   +5.8221888328177203e-16  +1.7681467424014923e-15
-20   +2.2383611339701813e-15  +6.6638043969403130e-15
-19   +8.5221839738897272e-15  +2.5273437200432572e-14
-18   +3.2446622467582445e-14  +9.5695662624484984e-14
-17   +1.2323618871975916e-13  +3.6220425031754011e-13
-16   +4.6791319307099710e-13  +1.3690249014044979e-12
-15   +1.7749893061923192e-12  +5.1681632267832838e-12
-14   +6.7277136894945436e-12  +1.9481426920399143e-11
-13   +2.5477398106012704e-11  +7.3320287581807516e-11
-12   +9.6394689349578406e-11  +2.7546817238250190e-10
-11   +3.6438827517157255e-10  +1.0329681063731388e-09
-10   +1.3762974654018854e-09  +3.8653531987555972e-09
 -9   +5.1946502227693968e-09  +1.4431066593696473e-08
 -8   +1.9598628762459182e-08  +5.3746908084789092e-08
 -7   +7.3955441164024331e-08  +1.9968096203181032e-07
 -6   +2.7946559608317044e-07  +7.4028788374278502e-07
 -5   +1.0598240451845393e-06  +2.7408441086652923e-06
 -4   +4.0602717990764318e-06  +1.0179616748947313e-05
 -3   +1.5790919720403609e-05  +3.7928665756115100e-05
 -2   +6.7683929778624002e-05  +1.5253612711325305e-04
 -1   +1.4943919695581554e-05  +2.6622068662994094e-05
 +0   -9.6490938375557467e-01  +0.0000000000000000e+00
 +1   +1.4943919695581554e-05  -2.6622068662994094e-05
 +2   +6.7683929778624002e-05  -1.5253612711325305e-04
 +3   +1.5790919720403609e-05  -3.7928665756115100e-05
 +4   +4.0602717990764318e-06  -1.0179616748947313e-05
 +5   +1.0598240451845393e-06  -2.7408441086652923e-06
 +6   +2.7946559608317044e-07  -7.4028788374278502e-07
 +7   +7.3955441164024331e-08  -1.9968096203181032e-07
 +8   +1.9598628762459182e-08  -5.3746908084789092e-08
 +9   +5.1946502227693968e-09  -1.4431066593696473e-08
+10   +1.3762974654018854e-09  -3.8653531987555972e-09
+11   +3.6438827517157255e-10  -1.0329681063731388e-09
+12   +9.6394689349578406e-11  -2.7546817238250190e-10
+13   +2.5477398106012704e-11  -7.3320287581807516e-11
+14   +6.7277136894945436e-12  -1.9481426920399143e-11
+15   +1.7749893061923192e-12  -5.1681632267832838e-12
+16   +4.6791319307099710e-13  -1.3690249014044979e-12
+17   +1.2323618871975916e-13  -3.6220425031754011e-13
+18   +3.2446622467582445e-14  -9.5695662624484984e-14
+19   +8.5221839738897272e-15  -2.5273437200432572e-14
+20   +2.2383611339701813e-15  -6.6638043969403130e-15
+21   +5.8221888328177203e-16  -1.7681467424014923e-15
+22   +1.6025528576226683e-16  -4.4784211854059678e-16
+23   +2.6056460661609319e-17  -1.3181477955750351e-16
+24   +7.9577563930325318e-18  -2.4344221161273276e-17
+25   -1.4835817566562086e-18  -1.8739874440016016e-17
+26   +7.6917858448520434e-18  +1.1438619694840253e-17
+27   -1.0759751246858152e-17  -1.4579258417214475e-17
+28   +6.9765325455116383e-18  +1.3154575931476174e-17
+29   -8.7237053468127760e-18  -1.3186294208199710e-17
+30   +1.0467283180644661e-17  -3.3498278328873148e-26

