-30   -5.2735593761879240e-17  +1.2954858157371039e-16
-29   +5.2721377804866564e-17  -1.2928677166889766e-16
-28   -5.1720845018901355e-17  +1.3621313266275899e-16
-27   +5.1759135380816208e-17  -1.3941621886348360e-16
-26   -5.4246584227162424e-17  +1.4692197193582701e-16
-25   +4.5707874573974757e-17  -1.5382755128850161e-16
-24   -7.5605516208836761e-17  +1.4649465679438119e-16
-23   -4.3656650851727347e-17  -2.1598335803848126e-16
-22   -4.1880491560425702e-16  -1.2422343612019370e-17
-21   -1.3448113841348079e-15  -8.9065118536973691e-16
-20   -5.3646645364490971e-15  -2.4972577545915959e-15
-19   -2.0148524142708275e-14  -1.0405138272308306e-14
-18   -7.6780586316041216e-14  -3.8378769718083071e-14
-17   -2.9110762415306162e-13  -1.4605781299691387e-13
-16   -1.1039204198838250e-12  -5.4998618962949428e-13
-15   -4.1808907485624877e-12  -2.0730845845175439e-12
-14   -1.5818728726740442e-11  -7.7947848795537004e-12
-13   -5.9782004195146401e-11  -2.9256692175112469e-11
-12   -2.2565266763252044e-10  -1.0955915653726488e-10
-11   -8.5063679204872149e-10  -4.0923036290295975e-10
-10   -3.2022355037462320e-09  -1.5240583684654002e-09
 -9   -1.2037925937259834e-08  -5.6563909641185503e-09
 -8   -4.5191380448088879e-08  -2.0908084925847720e-08
 -7   -1.6944806919120986e-07  -7.6908977226904139e-08
 -6   -6.3494194163706433e-07  -2.8126054485910082e-07
 -5   -2.3797650419137726e-06  -1.0208816194996611e-06
 -4   -8.9572541448798837e-06  -3.6750297833182037e-06
 -3   -3.3808893732858661e-05  -1.2948643325220092e-05
 -2   -1.3600574253829926e-04  -4.5932072453721252e-05
 -1   -2.4441145944279647e-05  -3.3586377762975954e-06
 +0   +1.4897978241433077e-01  +0.0000000000000000e+00
 +1   -2.4441145944279647e-05  +3.3586377762975954e-06
 +2   -1.3600574253829926e-04  +4.5932072453721252e-05
 +3   -3.3808893732858661e-05  +1.2948643325220092e-05
 +4   -8.9572541448798837e-06  +3.6750297833182037e-06
 +5   -2.3797650419137726e-06  +1.0208816194996611e-06
 +6   -6.3494194163706433e-07  +2.8126054485910082e-07
 +7   -1.6944806919120986e-07  +7.6908977226904139e-08
 +8   -4.5191380448088879e-08  +2.0908084925847720e-08
 +9   -1.2037925937259834e-08  +5.6563909641185503e-09
+10   -3.2022355037462320e-09  +1.5240583684654002e-09
+11   -8.5063679204872149e-10  +4.0923036290295975e-10
+12   -2.2565266763252044e-10  +1.0955915653726488e-10
+13   -5.9782004195146401e-11  +2.9256692175112469e-11
+14   -1.5818728726740442e-11  +7.7947848795537004e-12
+15   -4.1808907485624877e-12  +2.0730845845175439e-12
+16   -1.1039204198838250e-12  +5.4998618962949428e-13
+17   -2.9110762415306162e-13  +1.4605781299691387e-13
+18   -7.6780586316041216e-14  +3.8378769718083071e-14
+19   -2.0148524142708275e-14  +1.0405138272308306e-14
+20   -5.3646645364490971e-15  +2.4972577545915959e-15
+21   -1.3448113841348079e-15  +8.9065118536973691e-16
+22   -4.1880491560425702e-16  +1.2422343612019370e-17
+23   -4.3656650851727347e-17  +2.1598335803848126e-16
+24   -7.5605516208836761e-17  -1.4649465679438119e-16
+25   +4.5707874573974757e-17  +1.5382755128850161e-16
+26   -5.4246584227162424e-17  -1.4692197193582701e-16
+27   +5.1759135380816208e-17  +1.3941621886348360e-16
+28   -5.1720845018901355e-17  -1.3621313266275899e-16
+29   +5.2721377804866564e-17  +1.2928677166889766e-16
+30   -5.2735593761879240e-17  -1.2954858157371039e-16

