-30   -1.1623573559896676e-25  -2.2204460385149726e-17
-29   -2.5644851190855275e-18  +2.8149297219830007e-19
-28   +6.3451051392762279e-18  +2.9785167630929986e-18
-27   -4.5830659578565055e-18  +4.9364311952700075e-18
-26   +2.5829347146326739e-18  -9.2561848193837381e-18
-25   +4.3278673833611820e-19  -4.3704775647993252e-19
-24   +1.8952461729862172e-18  -2.3820947596344874e-17
-23   +2.9028737369476744e-17  -1.1846386043887187e-16
-22   +1.5650863265446153e-16  -4.7203970562228605e-16
-21   +5.8015264639993276e-16  -1.7526957037075753e-15
-20   +2.2127216314850660e-15  -6.6638043969403138e-15
-19   +8.5222287845867803e-15  -2.5268176487994587e-14
-18   +3.2441255121342281e-14  -9.5710686062134326e-14
-17   +1.2323796108508085e-13  -3.6220228031699648e-13
-16   +4.6791198684677633e-13  -1.3690698435843941e-12
-15   +1.7749949205116422e-12  -5.1681136910480341e-12
-14   +6.7277085411540354e-12  -1.9481455425142423e-11
-13   +2.5477402672332872e-11  -7.3320286883153129e-11
-12   +9.6394687016977857e-11  -2.7546825977314110e-10
-11   +3.6438828134729049e-10  -1.0329680343397687e-09
-10   +1.3762974480114304e-09  -3.8653532222407561e-09
 -9   +5.1946502269353538e-09  -1.4431066512736323e-08
 -8   +1.9598628755941167e-08  -5.3746908198287669e-08
 -7   +7.3955441170789862e-08  -1.9968096200829351e-07
 -6   +2.7946559607713194e-07  -7.4028788382922028e-07
 -5   +1.0598240451746062e-06  -2.7408441084954092e-06
 -4   +4.0602717990628157e-06  -1.0179616749220100e-05
 -3   +1.5790919720425510e-05  -3.7928665755790117e-05
 -2   +6.7683929778579224e-05  -1.5253612711356508e-04
 -1   +1.4943919695673247e-05  -2.6622068662742237e-05
 +0   -9.6490938375557489e-01  +0.0000000000000000e+00
 +1   +1.4943919695673247e-05  +2.6622068662742237e-05
 +2   +6.7683929778579224e-05  +1.5253612711356508e-04
 +3   +1.5790919720425510e-05  +3.7928665755790117e-05
 +4   +4.0602717990628157e-06  +1.0179616749220100e-05
 +5   +1.0598240451746062e-06  +2.7408441084954092e-06
 +6   +2.7946559607713194e-07  +7.4028788382922028e-07
 +7   +7.3955441170789862e-08  +1.9968096200829351e-07
 +8   +1.9598628755941167e-08  +5.3746908198287669e-08
 +9   +5.1946502269353538e-09  +1.4431066512736323e-08
+10   +1.3762974480114304e-09  +3.8653532222407561e-09
+11   +3.6438828134729049e-10  +1.0329680343397687e-09
+12   +9.6394687016977857e-11  +2.7546825977314110e-10
+13   +2.5477402672332872e-11  +7.3320286883153129e-11
+14   +6.7277085411540354e-12  +1.9481455425142423e-11
+15   +1.7749949205116422e-12  +5.1681136910480341e-12
+16   +4.6791198684677633e-13  +1.3690698435843941e-12
+17   +1.2323796108508085e-13  +3.6220228031699648e-13
+18   +3.2441255121342281e-14  +9.5710686062134326e-14
+19   +8.5222287845867803e-15  +2.5268176487994587e-14
+20   +2.2127216314850660e-15  +6.6638043969403138e-15
+21   +5.8015264639993276e-16  +1.7526957037075753e-15
+22   +1.5650863265446153e-16  +4.7203970562228605e-16
+23   +2.9028737369476744e-17  +1.1846386043887187e-16
+24   +1.8952461729862172e-18  +2.3820947596344874e-17
+25   +4.3278673833611820e-19  +4.3704775647993252e-19
+26   +2.5829347146326739e-18  +9.2561848193837381e-18
+27   -4.5830659578565055e-18  -4.9364311952700075e-18
+28   +6.3451051392762279e-18  -2.9785167630929986e-18
+29   -2.5644851190855275e-18  -2.8149297219830007e-19
+30   -1.1623573559896676e-25  +2.2204460385149726e-17

