-30   +4.7997420454985307e-17  -1.2442718392120056e-16
-29   -5.0187673810812327e-17  +1.2473691953500559e-16
-28   +5.0664813507480507e-17  -1.2934820005524437e-16
-27   -5.1191705126784437e-17  +1.3658351270305521e-16
-26   +5.2547732444333309e-17  -1.4392401827699772e-16
-25   -4.4376543459001303e-17  +1.4568930617189694e-16
-24   +7.5023091503882354e-17  -1.6670638753277590e-16
-23   +4.5317991490510095e-17  +1.1344156959866757e-16
-22   +4.1746471482247713e-16  -3.5944006077251188e-16
-21   +1.3457827323905645e-15  -5.3275552240410096e-16
-20   +5.3655897223029506e-15  -2.8837280004483700e-15
-19   +2.0150183777702770e-14  -1.0006115300215126e-14
-18   +7.6777192186682295e-14  -3.8805606943325269e-14
-17   +2.9110944240014695e-13  -1.4560910664639623e-13
-16   +1.1039194123366170e-12  -5.5046741517361455e-13
-15   +4.1808908260034154e-12  -2.0725762193896801e-12
-14   +1.5818727166721624e-11  -7.7953363769405077e-12
-13   +5.9782006030734316e-11  -2.9256099931759010e-11
-12   +2.2565266778912052e-10  -1.0955980927073766e-10
-11   +8.5063679222666313e-10  -4.0922964834914554e-10
-10   +3.2022354966989303e-09  -1.5240591418305704e-09
 -9   +1.2037925940724814e-08  -5.6563900935569088e-09
 -8   +4.5191380444315638e-08  -2.0908085904871690e-08
 -7   +1.6944806919339788e-07  -7.6908976127672161e-08
 -6   +6.3494194163471540e-07  -2.8126054616285202e-07
 -5   +2.3797650419141999e-06  -1.0208816179296997e-06
 -4   +8.9572541448794094e-06  -3.6750297852952502e-06
 -3   +3.3808893732859874e-05  -1.2948643322600165e-05
 -2   +1.3600574253829230e-04  -4.5932072457645718e-05
 -1   +2.4441145944334450e-05  -3.3586377685164543e-06
 +0   -1.4897978241433088e-01  +0.0000000000000000e+00
 +1   +2.4441145944334450e-05  +3.3586377685164543e-06
 +2   +1.3600574253829230e-04  +4.5932072457645718e-05
 +3   +3.3808893732859874e-05  +1.2948643322600165e-05
 +4   +8.9572541448794094e-06  +3.6750297852952502e-06
 +5   +2.3797650419141999e-06  +1.0208816179296997e-06
 +6   +6.3494194163471540e-07  +2.8126054616285202e-07
 +7   +1.6944806919339788e-07  +7.6908976127672161e-08
 +8   +4.5191380444315638e-08  +2.0908085904871690e-08
 +9   +1.2037925940724814e-08  +5.6563900935569088e-09
+10   +3.2022354966989303e-09  +1.5240591418305704e-09
+11   +8.5063679222666313e-10  +4.0922964834914554e-10
+12   +2.2565266778912052e-10  +1.0955980927073766e-10
+13   +5.9782006030734316e-11  +2.9256099931759010e-11
+14   +1.5818727166721624e-11  +7.7953363769405077e-12
+15   +4.1808908260034154e-12  +2.0725762193896801e-12
+16   +1.1039194123366170e-12  +5.5046741517361455e-13
+17   +2.9110944240014695e-13  +1.4560910664639623e-13
+18   +7.6777192186682295e-14  +3.8805606943325269e-14
+19   +2.0150183777702770e-14  +1.0006115300215126e-14
+20   +5.3655897223029506e-15  +2.8837280004483700e-15
+21   +1.3457827323905645e-15  +5.3275552240410096e-16
+22   +4.1746471482247713e-16  +3.5944006077251188e-16
+23   +4.5317991490510095e-17  -1.1344156959866757e-16
+24   +7.5023091503882354e-17  +1.6670638753277590e-16
+25   -4.4376543459001303e-17  -1.4568930617189694e-16
+26   +5.2547732444333309e-17  +1.4392401827699772e-16
+27   -5.1191705126784437e-17  -1.3658351270305521e-16
+28   +5.0664813507480507e-17  +1.2934820005524437e-16
+29   -5.0187673810812327e-17  -1.2473691953500559e-16
+30   +4.7997420454985307e-17  +1.2442718392120056e-16

