-30   -4.3356906292871017e-18  -7.4014868239862029e-18
-29   +7.3400655921864031e-18  -1.5697314768276313e-17
-28   -5.8014917952846821e-18  +2.4787732661340048e-17
-27   -6.8163450299875921e-18  -1.2817745288648544e-17
-26   -3.9521076028823797e-18  +1.7688624537929386e-17
-25   +6.1360694830451423e-18  -6.7258688090444631e-18
-24   -3.6859584771297465e-18  +1.5680248283242809e-17
-23   -5.3691339728463535e-19  -2.7240055787881410e-17
-22   -1.1159673438757216e-17  -2.0793588837732514e-17
-21   -8.6910026683800908e-19  -1.8237073171113067e-16
-20   +5.4182644117226593e-18  -6.3875771478980551e-16
-19   +1.5645908546499545e-17  -2.6030234660615334e-15
-18   +9.9536983974995061e-17  -1.0263197725945994e-14
-17   +4.0107852640191442e-16  -4.1136599369854396e-14
-16   +1.6506767183998988e-15  -1.6455727829637177e-13
-15   +7.1021988074962726e-15  -6.6046615703329452e-13
-14   +3.0590890205949005e-14  -2.6566412551043096e-12
-13   +1.3287346915712147e-13  -1.0717794688226415e-11
-12   +5.8260572897797077e-13  -4.3384849587553838e-11
-11   +2.5824611128211211e-12  -1.7632497075234965e-10
-10   +1.1598604659104381e-11  -7.2008711918961977e-10
 -9   +5.2932480203215428e-11  -2.9581830632720934e-09
 -8   +2.4642524432482087e-10  -1.2243179737208650e-08
 -7   +1.1766857273832458e-09  -5.1156820776721088e-08
 -6   +5.8112865634261483e-09  -2.1653995206675812e-07
 -5   +3.0040878165888655e-08  -9.3252826477928524e-07
 -4   +1.6659412831425825e-07  -4.1337127303323928e-06
 -3   +1.0156154452568609e-06  -1.8860979165280265e-05
 -2   +7.9574589279205853e-06  -9.7835639590490285e-05
 -1   +1.2234846813998726e-05  -7.2268907797375147e-05
 +0   -9.9650397269893143e-01  +0.0000000000000000e+00
 +1   +1.2234846813998726e-05  +7.2268907797375147e-05
 +2   +7.9574589279205853e-06  +9.7835639590490285e-05
 +3   +1.0156154452568609e-06  +1.8860979165280265e-05
 +4   +1.6659412831425825e-07  +4.1337127303323928e-06
 +5   +3.0040878165888655e-08  +9.3252826477928524e-07
 +6   +5.8112865634261483e-09  +2.1653995206675812e-07
 +7   +1.1766857273832458e-09  +5.1156820776721088e-08
 +8   +2.4642524432482087e-10  +1.2243179737208650e-08
 +9   +5.2932480203215428e-11  +2.9581830632720934e-09
+10   +1.1598604659104381e-11  +7.2008711918961977e-10
+11   +2.5824611128211211e-12  +1.7632497075234965e-10
+12   +5.8260572897797077e-13  +4.3384849587553838e-11
+13   +1.3287346915712147e-13  +1.0717794688226415e-11
+14   +3.0590890205949005e-14  +2.6566412551043096e-12
+15   +7.1021988074962726e-15  +6.6046615703329452e-13
+16   +1.6506767183998988e-15  +1.6455727829637177e-13
+17   +4.0107852640191442e-16  +4.1136599369854396e-14
+18   +9.9536983974995061e-17  +1.0263197725945994e-14
+19   +1.5645908546499545e-17  +2.6030234660615334e-15
+20   +5.4182644117226593e-18  +6.3875771478980551e-16
+21   -8.6910026683800908e-19  +1.8237073171113067e-16
+22   -1.1159673438757216e-17  +2.0793588837732514e-17
+23   -5.3691339728463535e-19  +2.7240055787881410e-17
+24   -3.6859584771297465e-18  -1.5680248283242809e-17
+25   +6.1360694830451423e-18  +6.7258688090444631e-18
+26   -3.9521076028823797e-18  -1.7688624537929386e-17
+27   -6.8163450299875921e-18  +1.2817745288648544e-17
+28   -5.8014917952846821e-18  -2.4787732661340048e-17
+29   +7.3400655921864031e-18  +1.5697314768276313e-17
+30   -4.3356906292871017e-18  +7.4014868239862029e-18

