-30   -2.1678453098911357e-18  +1.2635128366795473e-17
-29   -3.1689287714384183e-18  -1.1356322774316851e-17
-28   -8.4069617746493316e-18  +1.2378804777221907e-17
-27   +2.0026450003469358e-17  -1.0460116882621944e-17
-26   -7.4782216547152606e-18  +4.5922354611814103e-18
-25   +5.5136204437402318e-18  -2.9213487678108169e-18
-24   -6.5934766709917229e-18  +7.7264648956342521e-18
-23   +1.3199372349468861e-17  -2.1096772671193009e-17
-22   -8.8090476147750214e-19  -3.2547986018301339e-17
-21   +6.3890377035686333e-18  -1.7480823703424878e-16
-20   +1.4802973661668729e-17  -6.0373350305474534e-16
-19   -8.2030498147858383e-18  -2.5952136823517750e-15
-18   -1.0614280062281107e-16  -1.0270573745186793e-14
-17   -3.9840606257754455e-16  -4.1119188565206949e-14
-16   -1.6547025950535198e-15  -1.6456842082771732e-13
-15   -7.0993002406204588e-15  -6.6046082446439668e-13
-14   -3.0595798035115736e-14  -2.6566529083592684e-12
-13   -1.3286740125903552e-13  -1.0717769926063831e-11
-12   -5.8261082624432597e-13  -4.3384859264923794e-11
-11   -2.5824517783640781e-12  -1.7632494109768519e-10
-10   -1.1598598249228813e-11  -7.2008713335764623e-10
 -9   -5.2932474905451161e-11  -2.9581830235128922e-09
 -8   -2.4642525134137591e-10  -1.2243179744852575e-08
 -7   -1.1766857176614723e-09  -5.1156820721628417e-08
 -6   -5.8112865719045618e-09  -2.1653995206885739e-07
 -5   -3.0040878162170782e-08  -9.3252826470105561e-07
 -4   -1.6659412832296072e-07  -4.1337127303375555e-06
 -3   -1.0156154452553638e-06  -1.8860979165140336e-05
 -2   -7.9574589279234737e-06  -9.7835639590491573e-05
 -1   -1.2234846814057302e-05  -7.2268907796954815e-05
 +0   +9.9650397269893110e-01  +0.0000000000000000e+00
 +1   -1.2234846814057302e-05  +7.2268907796954815e-05
 +2   -7.9574589279234737e-06  +9.7835639590491573e-05
 +3   -1.0156154452553638e-06  +1.8860979165140336e-05
 +4   -1.6659412832296072e-07  +4.1337127303375555e-06
 +5   -3.0040878162170782e-08  +9.3252826470105561e-07
 +6   -5.8112865719045618e-09  +2.1653995206885739e-07
 +7   -1.1766857176614723e-09  +5.1156820721628417e-08
 +8   -2.4642525134137591e-10  +1.2243179744852575e-08
 +9   -5.2932474905451161e-11  +2.9581830235128922e-09
+10   -1.1598598249228813e-11  +7.2008713335764623e-10
+11   -2.5824517783640781e-12  +1.7632494109768519e-10
+12   -5.8261082624432597e-13  +4.3384859264923794e-11
+13   -1.3286740125903552e-13  +1.0717769926063831e-11
+14   -3.0595798035115736e-14  +2.6566529083592684e-12
+15   -7.0993002406204588e-15  +6.6046082446439668e-13
+16   -1.6547025950535198e-15  +1.6456842082771732e-13
+17   -3.9840606257754455e-16  +4.1119188565206949e-14
+18   -1.0614280062281107e-16  +1.0270573745186793e-14
+19   -8.2030498147858383e-18  +2.5952136823517750e-15
+20   +1.4802973661668729e-17  +6.0373350305474534e-16
+21   +6.3890377035686333e-18  +1.7480823703424878e-16
+22   -8.8090476147750214e-19  +3.2547986018301339e-17
+23   +1.3199372349468861e-17  +2.1096772671193009e-17
+24   -6.5934766709917229e-18  -7.7264648956342521e-18
+25   +5.5136204437402318e-18  +2.9213487678108169e-18
+26   -7.4782216547152606e-18  -4.5922354611814103e-18
+27   +2.0026450003469358e-17  +1.0460116882621944e-17
+28   -8.4069617746493316e-18  -1.2378804777221907e-17
+29   -3.1689287714384183e-18  +1.1356322774316851e-17
+30   -2.1678453098911357e-18  -1.2635128366795473e-17

