-30   +2.8878015241928373e-18  +3.0465382836074800e-18
-29   +1.7561577406571137e-18  -4.6368858894018169e-18
-28   -2.2967528713118643e-18  +1.6724571735057922e-18
-27   +5.4248262515736043e-19  -1.0120872910073816e-17
-26   -2.2928156705935912e-18  +8.2457459386756556e-18
-25   +1.3299861255512959e-17  +1.1426208559718601e-18
-24   +3.5466119182789710e-17  +1.7692908814892032e-17
-23   +1.2686826690193050e-16  +3.8141689966155587e-17
-22   +4.7890169844529670e-16  +1.7046601533180803e-16
-21   +1.8420076022738878e-15  +5.9938701616561861e-16
-20   +6.9873133779997104e-15  +2.3767226612936984e-15
-19   +2.6556770161491894e-14  +9.0096784595022323e-15
-18   +1.0083941915180947e-13  +3.4415036183608219e-14
-17   +3.8260841998919185e-13  +1.3113284803000278e-13
-16   +1.4502347761952999e-12  +4.9972602129433795e-13
-15   +5.4914438307507091e-12  +1.9034025261415460e-12
-14   +2.0770986019909501e-11  +7.2480107661720744e-12
-13   +7.8471627953541218e-11  +2.7593308293400726e-11
-12   +2.9608189489200525e-10  +1.0503857187435102e-10
-11   +1.1156122724851858e-09  +3.9988894190824538e-10
-10   +4.1973751641161903e-09  +1.5230476778826199e-09
 -9   +1.5767930691643605e-08  +5.8061316641110285e-09
 -8   +5.9142220817109211e-08  +2.2172308850470641e-08
 -7   +2.2150411334447648e-07  +8.4928209405072697e-08
 -6   +8.2871270962176088e-07  +3.2706880044136946e-07
 -5   +3.0990912574249866e-06  +1.2710749439314396e-06
 -4   +1.1624212992391057e-05  +5.0329596632034343e-06
 -3   +4.3609023863908864e-05  +2.0412952893566425e-05
 -2   +1.7308111909287462e-04  +9.2641262002328913e-05
 -1   +2.8640771049665122e-05  +3.3996427065238030e-05
 +0   -1.9642069927265932e-01  +0.0000000000000000e+00
 +1   +2.8640771049665122e-05  -3.3996427065238030e-05
 +2   +1.7308111909287462e-04  -9.2641262002328913e-05
 +3   +4.3609023863908864e-05  -2.0412952893566425e-05
 +4   +1.1624212992391057e-05  -5.0329596632034343e-06
 +5   +3.0990912574249866e-06  -1.2710749439314396e-06
 +6   +8.2871270962176088e-07  -3.2706880044136946e-07
 +7   +2.2150411334447648e-07  -8.4928209405072697e-08
 +8   +5.9142220817109211e-08  -2.2172308850470641e-08
 +9   +1.5767930691643605e-08  -5.8061316641110285e-09
+10   +4.1973751641161903e-09  -1.5230476778826199e-09
+11   +1.1156122724851858e-09  -3.9988894190824538e-10
+12   +2.9608189489200525e-10  -1.0503857187435102e-10
+13   +7.8471627953541218e-11  -2.7593308293400726e-11
+14   +2.0770986019909501e-11  -7.2480107661720744e-12
+15   +5.4914438307507091e-12  -1.9034025261415460e-12
+16   +1.4502347761952999e-12  -4.9972602129433795e-13
+17   +3.8260841998919185e-13  -1.3113284803000278e-13
+18   +1.0083941915180947e-13  -3.4415036183608219e-14
+19   +2.6556770161491894e-14  -9.0096784595022323e-15
+20   +6.9873133779997104e-15  -2.3767226612936984e-15
+21   +1.8420076022738878e-15  -5.9938701616561861e-16
+22   +4.7890169844529670e-16  -1.7046601533180803e-16
+23   +1.2686826690193050e-16  -3.8141689966155587e-17
+24   +3.5466119182789710e-17  -1.7692908814892032e-17
+25   +1.3299861255512959e-17  -1.1426208559718601e-18
+26   -2.2928156705935912e-18  -8.2457459386756556e-18
+27   +5.4248262515736043e-19  +1.0120872910073816e-17
+28   -2.2967528713118643e-18  -1.6724571735057922e-18
+29   +1.7561577406571137e-18  +4.6368858894018169e-18
+30   +2.8878015241928373e-18  -3.0465382836074800e-18

