-30   -2.8336052987906443e-17  -7.4014867019480773e-18
-29   -7.1086977832668057e-18  -2.5138426892892774e-18
-28   +5.0924527824627525e-18  +1.2936069145041525e-17
-27   -5.2043479719961033e-18  -3.3791842573813296e-18
-26   +7.8333454729819083e-18  -3.1788797774557506e-18
-25   -6.7263314864686845e-18  -1.6621651340111668e-17
-24   -6.5831825305680510e-18  -4.4591407167577891e-17
-23   +3.7422281074046648e-17  -1.3300492578567410e-16
-22   +1.6384529040306463e-16  -4.6316913665826022e-16
-21   +5.8416870908300404e-16  -1.7427489393659994e-15
-20   +2.2457626208010144e-15  -6.6509846456977567e-15
-19   +8.5429795742240637e-15  -2.5266579546355306e-14
-18   +3.2430326187306362e-14  -9.5701910289185031e-14
-17   +1.2325416013720663e-13  -3.6220057881526969e-13
-16   +4.6791944631464246e-13  -1.3690551389513545e-12
-15   +1.7749823515100729e-12  -5.1681294908470472e-12
-14   +6.7277077772064911e-12  -1.9481456508060721e-11
-13   +2.5477416094692079e-11  -7.3320277544234731e-11
-12   +9.6394685832493347e-11  -2.7546822937929438e-10
-11   +3.6438827700870579e-10  -1.0329680826640395e-09
-10   +1.3762974281053635e-09  -3.8653532174943268e-09
 -9   +5.1946502505553208e-09  -1.4431066558830040e-08
 -8   +1.9598628765275431e-08  -5.3746908160781592e-08
 -7   +7.3955441157336450e-08  -1.9968096198256451e-07
 -6   +2.7946559608686192e-07  -7.4028788380417341e-07
 -5   +1.0598240451936608e-06  -2.7408441085702886e-06
 -4   +4.0602717989969962e-06  -1.0179616749120337e-05
 -3   +1.5790919720338160e-05  -3.7928665755920668e-05
 -2   +6.7683929778634302e-05  -1.5253612711345208e-04
 -1   +1.4943919695561074e-05  -2.6622068662802254e-05
 +0   -9.6490938375557289e-01  +0.0000000000000000e+00
 +1   +1.4943919695561074e-05  +2.6622068662802254e-05
 +2   +6.7683929778634302e-05  +1.5253612711345208e-04
 +3   +1.5790919720338160e-05  +3.7928665755920668e-05
 +4   +4.0602717989969962e-06  +1.0179616749120337e-05
 +5   +1.0598240451936608e-06  +2.7408441085702886e-06
 +6   +2.7946559608686192e-07  +7.4028788380417341e-07
 +7   +7.3955441157336450e-08  +1.9968096198256451e-07
 +8   +1.9598628765275431e-08  +5.3746908160781592e-08
 +9   +5.1946502505553208e-09  +1.4431066558830040e-08
+10   +1.3762974281053635e-09  +3.8653532174943268e-09
+11   +3.6438827700870579e-10  +1.0329680826640395e-09
+12   +9.6394685832493347e-11  +2.7546822937929438e-10
+13   +2.5477416094692079e-11  +7.3320277544234731e-11
+14   +6.7277077772064911e-12  +1.9481456508060721e-11
+15   +1.7749823515100729e-12  +5.1681294908470472e-12
+16   +4.6791944631464246e-13  +1.3690551389513545e-12
+17   +1.2325416013720663e-13  +3.6220057881526969e-13
+18   +3.2430326187306362e-14  +9.5701910289185031e-14
+19   +8.5429795742240637e-15  +2.5266579546355306e-14
+20   +2.2457626208010144e-15  +6.6509846456977567e-15
+21   +5.8416870908300404e-16  +1.7427489393659994e-15
+22   +1.6384529040306463e-16  +4.6316913665826022e-16
+23   +3.7422281074046648e-17  +1.3300492578567410e-16
+24   -6.5831825305680510e-18  +4.4591407167577891e-17
+25   -6.7263314864686845e-18  +1.6621651340111668e-17
+26   +7.8333454729819083e-18  +3.1788797774557506e-18
+27   -5.2043479719961033e-18  +3.3791842573813296e-18
+28   +5.0924527824627525e-18  -1.2936069145041525e-17
+29   -7.1086977832668057e-18  +2.5138426892892774e-18
+30   -2.8336052987906443e-17  +7.4014867019480773e-18

