-30   +1.9626155728839607e-18  -3.2710259552240900e-18
-29   -4.3476918045340551e-19  +8.7465066232767650e-19
-28   +1.8041604430942194e-18  -1.3498392275910147e-19
-27   -1.8918605488416538e-18  +2.5035760445509755e-18
-26   +2.2424510425687173e-18  +1.7547997716104969e-19
-25   -3.8812886990214009e-18  -2.5513297608714310e-18
-24   -1.6559171365093567e-19  +3.8353193067906160e-18
-23   +3.1088887521017995e-18  -8.3013915378214381e-19
-22   -2.0711966397716376e-19  -2.6651903250654581e-18
-21   +7.0830967925163976e-19  -8.0614025007186974e-18
-20   +5.9804953722021619e-18  -3.1075565517254075e-17
-19   +4.0607993790607373e-17  -1.1542647189207687e-16
-18   +1.5652071186300658e-16  -4.5688015413234186e-16
-17   +6.4376950482046038e-16  -1.8346263334604226e-15
-16   +2.6136964527684704e-15  -7.3894041698813085e-15
-15   +1.0646921080218476e-14  -2.9869060110848994e-14
-14   +4.3531982733054217e-14  -1.2112585820045088e-13
-13   +1.7895077555036889e-13  -4.9320096279857939e-13
-12   +7.4026703751484426e-13  -2.0178217811504233e-12
-11   +3.0854972521082032e-12  -8.3031736557739175e-12
-10   +1.2981467043793451e-11  -3.4409044920529610e-11
 -9   +5.5263530732977769e-11  -1.4385785583621897e-10
 -8   +2.3887201897538614e-10  -6.0828344102776727e-10
 -7   +1.0536236252034821e-09  -2.6107100706116720e-09
 -6   +4.7798239494287381e-09  -1.1437710419433151e-08
 -5   +2.2577860282347829e-08  -5.1604944734451879e-08
 -4   +1.1376253987867559e-07  -2.4402724708418371e-07
 -3   +6.3240381825772836e-07  -1.2395503888535316e-06
 -2   +4.5216932244496223e-06  -7.6463878657617584e-06
 -1   +3.4217732533294571e-06  -3.1051016257295228e-06
 +0   -1.7361621557091672e-01  +0.0000000000000000e+00
 +1   +3.4217732533294571e-06  +3.1051016257295228e-06
 +2   +4.5216932244496223e-06  +7.6463878657617584e-06
 +3   +6.3240381825772836e-07  +1.2395503888535316e-06
 +4   +1.1376253987867559e-07  +2.4402724708418371e-07
 +5   +2.2577860282347829e-08  +5.1604944734451879e-08
 +6   +4.7798239494287381e-09  +1.1437710419433151e-08
 +7   +1.0536236252034821e-09  +2.6107100706116720e-09
 +8   +2.3887201897538614e-10  +6.0828344102776727e-10
 +9   +5.5263530732977769e-11  +1.4385785583621897e-10
+10   +1.2981467043793451e-11  +3.4409044920529610e-11
+11   +3.0854972521082032e-12  +8.3031736557739175e-12
+12   +7.4026703751484426e-13  +2.0178217811504233e-12
+13   +1.7895077555036889e-13  +4.9320096279857939e-13
+14   +4.3531982733054217e-14  +1.2112585820045088e-13
+15   +1.0646921080218476e-14  +2.9869060110848994e-14
+16   +2.6136964527684704e-15  +7.3894041698813085e-15
+17   +6.4376950482046038e-16  +1.8346263334604226e-15
+18   +1.5652071186300658e-16  +4.5688015413234186e-16
+19   +4.0607993790607373e-17  +1.1542647189207687e-16
+20   +5.9804953722021619e-18  +3.1075565517254075e-17
+21   +7.0830967925163976e-19  +8.0614025007186974e-18
+22   -2.0711966397716376e-19  +2.6651903250654581e-18
+23   +3.1088887521017995e-18  +8.3013915378214381e-19
+24   -1.6559171365093567e-19  -3.8353193067906160e-18
+25   -3.8812886990214009e-18  +2.5513297608714310e-18
+26   +2.2424510425687173e-18  -1.7547997716104969e-19
+27   -1.8918605488416538e-18  -2.5035760445509755e-18
+28   +1.8041604430942194e-18  +1.3498392275910147e-19
+29   -4.3476918045340551e-19  -8.7465066232767650e-19
+30   +1.9626155728839607e-18  +3.2710259552240900e-18

