-30   +1.3084103821046889e-17  +6.3175641787481220e-18
-29   -3.0936547157283995e-18  -2.8594981582726107e-18
-28   -1.8225827708615639e-18  +3.8924991121742130e-18
-27   +2.0073684337077963e-18  -1.0922292464558958e-17
-26   +1.1755868326231988e-17  +9.3062464627269095e-18
-25   +1.4364263509202573e-18  +8.4814868401144861e-18
-24   +2.9016796885401338e-18  -7.9069267971098977e-18
-23   +1.8356291691416607e-17  -2.0371712117040794e-18
-22   -9.4858310606362302e-19  +1.2946445993658557e-17
-21   -7.4747697312379990e-18  -1.1140029470343553e-17
-20   -2.6631113694670018e-17  +9.1190078271399063e-18
-19   -1.0114047193154873e-16  -3.0256942863880415e-17
-18   -4.3456761134968906e-16  -1.5149204818812167e-16
-17   -1.7270924517702668e-15  -6.0502013181076197e-16
-16   -6.9823206782309030e-15  -2.4291948079306505e-15
-15   -2.8121769962485118e-14  -9.9398098478863601e-15
-14   -1.1368390769398540e-13  -4.0451617402041818e-14
-13   -4.6119100606826508e-13  -1.6547583019983785e-13
-12   -1.8790433588124296e-12  -6.8047377979470293e-13
-11   -7.6961350498505064e-12  -2.8173667049790253e-12
-10   -3.1725979880696266e-11  -1.1760217067002826e-11
 -9   -1.3185124050728992e-10  -4.9599298570940419e-11
 -8   -5.5374819838774715e-10  -2.1199899750806563e-10
 -7   -2.3584426221562453e-09  -9.2240727969714044e-10
 -6   -1.0243795575361205e-08  -4.1142317470978160e-09
 -5   -4.5787862176213017e-08  -1.9025805963796729e-08
 -4   -2.1457183754350027e-07  -9.3290757311180969e-08
 -3   -1.0834761178433508e-06  -5.0268114651530941e-07
 -2   -6.7649512320882013e-06  -3.4815291493017722e-06
 -1   -2.7258323220022200e-06  -1.9382141902860180e-06
 +0   -5.5352537056662920e-01  +0.0000000000000000e+00
 +1   -2.7258323220022200e-06  +1.9382141902860180e-06
 +2   -6.7649512320882013e-06  +3.4815291493017722e-06
 +3   -1.0834761178433508e-06  +5.0268114651530941e-07
 +4   -2.1457183754350027e-07  +9.3290757311180969e-08
 +5   -4.5787862176213017e-08  +1.9025805963796729e-08
 +6   -1.0243795575361205e-08  +4.1142317470978160e-09
 +7   -2.3584426221562453e-09  +9.2240727969714044e-10
 +8   -5.5374819838774715e-10  +2.1199899750806563e-10
 +9   -1.3185124050728992e-10  +4.9599298570940419e-11
+10   -3.1725979880696266e-11  +1.1760217067002826e-11
+11   -7.6961350498505064e-12  +2.8173667049790253e-12
+12   -1.8790433588124296e-12  +6.8047377979470293e-13
+13   -4.6119100606826508e-13  +1.6547583019983785e-13
+14   -1.1368390769398540e-13  +4.0451617402041818e-14
+15   -2.8121769962485118e-14  +9.9398098478863601e-15
+16   -6.9823206782309030e-15  +2.4291948079306505e-15
+17   -1.7270924517702668e-15  +6.0502013181076197e-16
+18   -4.3456761134968906e-16  +1.5149204818812167e-16
+19   -1.0114047193154873e-16  +3.0256942863880415e-17
+20   -2.6631113694670018e-17  -9.1190078271399063e-18
+21   -7.4747697312379990e-18  +1.1140029470343553e-17
+22   -9.4858310606362302e-19  -1.2946445993658557e-17
+23   +1.8356291691416607e-17  +2.0371712117040794e-18
+24   +2.9016796885401338e-18  +7.9069267971098977e-18
+25   +1.4364263509202573e-18  -8.4814868401144861e-18
+26   +1.1755868326231988e-17  -9.3062464627269095e-18
+27   +2.0073684337077963e-18  +1.0922292464558958e-17
+28   -1.8225827708615639e-18  -3.8924991121742130e-18
+29   -3.0936547157283995e-18  +2.8594981582726107e-18
+30   +1.3084103821046889e-17  -6.3175641787481220e-18

