-30   -4.7586300231447604e-16  +1.1309661445045098e-15
-29   +4.7771109348060127e-16  -1.1759822640926061e-15
-28   -4.7751731942166754e-16  +1.2110158527553679e-15
-27   +4.5384151312730714e-16  -1.2659438302575827e-15
-26   -4.6975517172687504e-16  +1.3293878201341964e-15
-25   +4.9060274081241326e-16  -1.3519879535875312e-15
-24   -4.4900637714884659e-16  +1.4485261857805733e-15
-23   +5.0598318904997442e-16  -1.3920325860808658e-15
-22   -2.7804989426031483e-16  +1.9430066991295758e-15
-21   +1.2180474470713014e-15  -2.2381627445263963e-16
-20   +2.3407767549473005e-15  +7.3677236736341298e-15
-19   +1.1185609614770817e-14  +1.9504048820215377e-14
-18   +4.0190203738378791e-14  +8.3338356208936659e-14
-17   +1.5450164694171710e-13  +3.0780079007474214e-13
-16   +5.8227710542432043e-13  +1.1813728783461577e-12
-15   +2.2024328614793362e-12  +4.4823212300918275e-12
-14   +8.3080941653421744e-12  +1.7050293474208211e-11
-13   +3.1300691557083785e-11  +6.4771189404330324e-11
-12   +1.1770203570312354e-10  +2.4601728481019332e-10
-11   +4.4170327108854102e-10  +9.3411841756384046e-10
-10   +1.6536443867522809e-09  +3.5466822910199650e-09
 -9   +6.1736685386130745e-09  +1.3470035566286207e-08
 -8   +2.2971794274861688e-08  +5.1204111763404410e-08
 -7   +8.5123557840408378e-08  +1.9501049095582374e-07
 -6   +3.1376536064842605e-07  +7.4548412463758458e-07
 -5   +1.1476742833467537e-06  +2.8685642285331062e-06
 -4   +4.1518039876879347e-06  +1.1199985141028016e-05
 -3   +1.4558387535165440e-05  +4.4434493770792288e-05
 -2   +4.8843234348849056e-05  +1.9388137200777858e-04
 -1   -3.5859660441890291e-06  +7.0724208429611131e-05
 +0   -1.2721739595483827e+00  +0.0000000000000000e+00
 +1   -3.5859660441890291e-06  -7.0724208429611131e-05
 +2   +4.8843234348849056e-05  -1.9388137200777858e-04
 +3   +1.4558387535165440e-05  -4.4434493770792288e-05
 +4   +4.1518039876879347e-06  -1.1199985141028016e-05
 +5   +1.1476742833467537e-06  -2.8685642285331062e-06
 +6   +3.1376536064842605e-07  -7.4548412463758458e-07
 +7   +8.5123557840408378e-08  -1.9501049095582374e-07
 +8   +2.2971794274861688e-08  -5.1204111763404410e-08
 +9   +6.1736685386130745e-09  -1.3470035566286207e-08
+10   +1.6536443867522809e-09  -3.5466822910199650e-09
+11   +4.4170327108854102e-10  -9.3411841756384046e-10
+12   +1.1770203570312354e-10  -2.4601728481019332e-10
+13   +3.1300691557083785e-11  -6.4771189404330324e-11
+14   +8.3080941653421744e-12  -1.7050293474208211e-11
+15   +2.2024328614793362e-12  -4.4823212300918275e-12
+16   +5.8227710542432043e-13  -1.1813728783461577e-12
+17   +1.5450164694171710e-13  -3.0780079007474214e-13
+18   +4.0190203738378791e-14  -8.3338356208936659e-14
+19   +1.1185609614770817e-14  -1.9504048820215377e-14
+20   +2.3407767549473005e-15  -7.3677236736341298e-15
+21   +1.2180474470713014e-15  +2.2381627445263963e-16
+22   -2.7804989426031483e-16  -1.9430066991295758e-15
+23   +5.0598318904997442e-16  +1.3920325860808658e-15
+24   -4.4900637714884659e-16  -1.4485261857805733e-15
+25   +4.9060274081241326e-16  +1.3519879535875312e-15
+26   -4.6975517172687504e-16  -1.3293878201341964e-15
+27   +4.5384151312730714e-16  +1.2659438302575827e-15
+28   -4.7751731942166754e-16  -1.2110158527553679e-15
+29   +4.7771109348060127e-16  +1.1759822640926061e-15
+30   -4.7586300231447604e-16  -1.1309661445045098e-15

