-30   -5.4856946049407920e-17  +1.2889437658897455e-16
-29   +5.4735196205147605e-17  -1.3878269237310407e-16
-28   -5.3244179134590975e-17  +1.4222823942501641e-16
-27   +5.0709251091563002e-17  -1.4830990630055135e-16
-26   -5.1709195730666405e-17  +1.5285020822788274e-16
-25   +5.8217084448924113e-17  -1.6604582164615090e-16
-24   -3.2314041812733231e-17  +1.5817408455443718e-16
-23   +1.5043119209442922e-16  -2.2621797134919051e-16
-22   +3.1052632293139062e-16  -1.0078888958061204e-17
-21   +1.4529607965979674e-15  -9.0635063300876096e-16
-20   +5.2598706321611719e-15  -2.4910293564170059e-15
-19   +2.0257170558719696e-14  -1.0418605265157069e-14
-18   +7.6671570446356065e-14  -3.8367960820657117e-14
-17   +2.9121420863388564e-13  -1.4607317048882737e-13
-16   +1.1038165500748444e-12  -5.4997147573644305e-13
-15   +4.1809992553733576e-12  -2.0731027081531801e-12
-14   +1.5818622908496017e-11  -7.7947744137612768e-12
-13   +5.9782111417384193e-11  -2.9256702604255793e-11
-12   +2.2565255803785900e-10  -1.0955914855699896e-10
-11   +8.5063689527026254e-10  -4.0923037235490399e-10
-10   +3.2022353918667409e-09  -1.5240583489273152e-09
 -9   +1.2037926051290667e-08  -5.6563909817213641e-09
 -8   +4.5191380343482957e-08  -2.0908084909489029e-08
 -7   +1.6944806929285810e-07  -7.6908977264678645e-08
 -6   +6.3494194153420255e-07  -2.8126054482932364e-07
 -5   +2.3797650420225634e-06  -1.0208816195378693e-06
 -4   +8.9572541447668218e-06  -3.6750297832875195e-06
 -3   +3.3808893732958529e-05  -1.2948643325279298e-05
 -2   +1.3600574253819670e-04  -4.5932072453630247e-05
 -1   +2.4441145944424577e-05  -3.3586377765312435e-06
 +0   -1.4897978241433030e-01  +0.0000000000000000e+00
 +1   +2.4441145944424577e-05  +3.3586377765312435e-06
 +2   +1.3600574253819670e-04  +4.5932072453630247e-05
 +3   +3.3808893732958529e-05  +1.2948643325279298e-05
 +4   +8.9572541447668218e-06  +3.6750297832875195e-06
 +5   +2.3797650420225634e-06  +1.0208816195378693e-06
 +6   +6.3494194153420255e-07  +2.8126054482932364e-07
 +7   +1.6944806929285810e-07  +7.6908977264678645e-08
 +8   +4.5191380343482957e-08  +2.0908084909489029e-08
 +9   +1.2037926051290667e-08  +5.6563909817213641e-09
+10   +3.2022353918667409e-09  +1.5240583489273152e-09
+11   +8.5063689527026254e-10  +4.0923037235490399e-10
+12   +2.2565255803785900e-10  +1.0955914855699896e-10
+13   +5.9782111417384193e-11  +2.9256702604255793e-11
+14   +1.5818622908496017e-11  +7.7947744137612768e-12
+15   +4.1809992553733576e-12  +2.0731027081531801e-12
+16   +1.1038165500748444e-12  +5.4997147573644305e-13
+17   +2.9121420863388564e-13  +1.4607317048882737e-13
+18   +7.6671570446356065e-14  +3.8367960820657117e-14
+19   +2.0257170558719696e-14  +1.0418605265157069e-14
+20   +5.2598706321611719e-15  +2.4910293564170059e-15
+21   +1.4529607965979674e-15  +9.0635063300876096e-16
+22   +3.1052632293139062e-16  +1.0078888958061204e-17
+23   +1.5043119209442922e-16  +2.2621797134919051e-16
+24   -3.2314041812733231e-17  -1.5817408455443718e-16
+25   +5.8217084448924113e-17  +1.6604582164615090e-16
+26   -5.1709195730666405e-17  -1.5285020822788274e-16
+27   +5.0709251091563002e-17  +1.4830990630055135e-16
+28   -5.3244179134590975e-17  -1.4222823942501641e-16
+29   +5.4735196205147605e-17  +1.3878269237310407e-16
+30   -5.4856946049407920e-17  -1.2889437658897455e-16

