-30   -1.5804804421191606e-16  +3.5475857701086421e-16
-29   +1.4565491726875130e-16  -3.6645749841955228e-16
-28   -1.4057150536897594e-16  +3.7934827976209341e-16
-27   +1.4365132994462382e-16  -4.0922144696862251e-16
-26   -1.5011425275633467e-16  +4.1253983786636867e-16
-25   +1.4677482527280312e-16  -4.3638239166771779e-16
-24   -1.5321578084966677e-16  +4.5358054328898512e-16
-23   +1.4456339044530329e-16  -4.8001683447682965e-16
-22   -1.4194194951100018e-16  +4.9940974376394204e-16
-21   +1.5043925576623906e-16  -5.2716103791882063e-16
-20   -1.2780849854329603e-16  +5.3223326001112548e-16
-19   +2.3640635088625120e-16  -6.2782377262109737e-16
-18   +2.2120800689198392e-16  +4.3993680039124724e-16
-17   +1.6273884809931931e-15  -1.3732745595654645e-15
-16   +5.8774243168042179e-15  -2.1926893849855203e-15
-15   +2.4602366327934588e-14  -1.2341873008569176e-14
-14   +9.9512017249916114e-14  -4.6003383067787451e-14
-13   +4.0827575273953744e-13  -1.9033527509407324e-13
-12   +1.6806923628950241e-12  -7.6879640291491769e-13
-11   +6.9702149706385174e-12  -3.1417397699431886e-12
-10   +2.9147441627099400e-11  -1.2879502417965216e-11
 -9   +1.2318686292717233e-10  -5.3151450116398719e-11
 -8   +5.2776465621865397e-10  -2.2094838148596973e-10
 -7   +2.3022233672881345e-09  -9.2684371586577891e-10
 -6   +1.0296059086489683e-08  -3.9311331143458025e-09
 -5   +4.7709033927094152e-08  -1.6886740760474443e-08
 -4   +2.3390040142702168e-07  -7.3511513893432522e-08
 -3   +1.2447524046394074e-06  -3.1689046596703482e-07
 -2   +8.1998103613124269e-06  -1.2036219491613605e-06
 -1   +5.6192074745607071e-06  +1.4448361928600638e-06
 +0   -4.1983395184893235e-01  +0.0000000000000000e+00
 +1   +5.6192074745607071e-06  -1.4448361928600638e-06
 +2   +8.1998103613124269e-06  +1.2036219491613605e-06
 +3   +1.2447524046394074e-06  +3.1689046596703482e-07
 +4   +2.3390040142702168e-07  +7.3511513893432522e-08
 +5   +4.7709033927094152e-08  +1.6886740760474443e-08
 +6   +1.0296059086489683e-08  +3.9311331143458025e-09
 +7   +2.3022233672881345e-09  +9.2684371586577891e-10
 +8   +5.2776465621865397e-10  +2.2094838148596973e-10
 +9   +1.2318686292717233e-10  +5.3151450116398719e-11
+10   +2.9147441627099400e-11  +1.2879502417965216e-11
+11   +6.9702149706385174e-12  +3.1417397699431886e-12
+12   +1.6806923628950241e-12  +7.6879640291491769e-13
+13   +4.0827575273953744e-13  +1.9033527509407324e-13
+14   +9.9512017249916114e-14  +4.6003383067787451e-14
+15   +2.4602366327934588e-14  +1.2341873008569176e-14
+16   +5.8774243168042179e-15  +2.1926893849855203e-15
+17   +1.6273884809931931e-15  +1.3732745595654645e-15
+18   +2.2120800689198392e-16  -4.3993680039124724e-16
+19   +2.3640635088625120e-16  +6.2782377262109737e-16
+20   -1.2780849854329603e-16  -5.3223326001112548e-16
+21   +1.5043925576623906e-16  +5.2716103791882063e-16
+22   -1.4194194951100018e-16  -4.9940974376394204e-16
+23   +1.4456339044530329e-16  +4.8001683447682965e-16
+24   -1.5321578084966677e-16  -4.5358054328898512e-16
+25   +1.4677482527280312e-16  +4.3638239166771779e-16
+26   -1.5011425275633467e-16  -4.1253983786636867e-16
+27   +1.4365132994462382e-16  +4.0922144696862251e-16
+28   -1.4057150536897594e-16  -3.7934827976209341e-16
+29   +1.4565491726875130e-16  +3.6645749841955228e-16
+30   -1.5804804421191606e-16  -3.5475857701086421e-16

