-30   -7.8257573050045673e-17  +1.9894880180849637e-16
-29   +8.2965510805836775e-17  -2.0860118816920452e-16
-28   -8.2826938900456214e-17  +2.1252878557469606e-16
-27   +8.6598412221928226e-17  -2.2387225619352601e-16
-26   -8.4490631442594489e-17  +2.3459230316277506e-16
-25   +8.0757404754194877e-17  -2.4293574298733316e-16
-24   -7.9056583816566088e-17  +2.5141973169501483e-16
-23   +8.9205721007829494e-17  -2.6825532124870331e-16
-22   -8.2222555259148934e-17  +2.8035156508999692e-16
-21   +7.9452478002415846e-17  -2.9885715967551760e-16
-20   -9.1526974175873864e-17  +2.9003861149437139e-16
-19   +4.2093645149491755e-17  -4.1044859807346480e-16
-18   -2.5266925622699332e-16  -9.1689503004418135e-18
-17   -5.9545151467107997e-16  -1.7593338333706962e-15
-16   -2.8094012642531124e-15  -5.2536888748389002e-15
-15   -1.0846647133351998e-14  -2.3229029978488000e-14
-14   -4.4039925411750994e-14  -9.2119973480882225e-14
-13   -1.7722446849938614e-13  -3.7756157207902322e-13
-12   -7.1759776354706819e-13  -1.5431845244950816e-12
-11   -2.9148174487368912e-12  -6.3573827575958365e-12
-10   -1.1896838564624756e-11  -2.6364799431126175e-11
 -9   -4.8828721280619568e-11  -1.1034087653550051e-10
 -8   -2.0180924003228954e-10  -4.6712845179668865e-10
 -7   -8.4139533355493203e-10  -2.0079173499569380e-09
 -6   -3.5479262264647030e-09  -8.8136086473800217e-09
 -5   -1.5179325860151649e-08  -3.9863211175085729e-08
 -4   -6.6270593141765540e-08  -1.8910967925964101e-07
 -3   -2.9293221477138047e-07  -9.6433800671601668e-07
 -2   -1.3066520541602218e-06  -5.9609692242837598e-06
 -1   +3.2063255657425614e-07  -2.3660217788509495e-06
 +0   -2.2890235417111035e-01  +0.0000000000000000e+00
 +1   +3.2063255657425614e-07  +2.3660217788509495e-06
 +2   -1.3066520541602218e-06  +5.9609692242837598e-06
 +3   -2.9293221477138047e-07  +9.6433800671601668e-07
 +4   -6.6270593141765540e-08  +1.8910967925964101e-07
 +5   -1.5179325860151649e-08  +3.9863211175085729e-08
 +6   -3.5479262264647030e-09  +8.8136086473800217e-09
 +7   -8.4139533355493203e-10  +2.0079173499569380e-09
 +8   -2.0180924003228954e-10  +4.6712845179668865e-10
 +9   -4.8828721280619568e-11  +1.1034087653550051e-10
+10   -1.1896838564624756e-11  +2.6364799431126175e-11
+11   -2.9148174487368912e-12  +6.3573827575958365e-12
+12   -7.1759776354706819e-13  +1.5431845244950816e-12
+13   -1.7722446849938614e-13  +3.7756157207902322e-13
+14   -4.4039925411750994e-14  +9.2119973480882225e-14
+15   -1.0846647133351998e-14  +2.3229029978488000e-14
+16   -2.8094012642531124e-15  +5.2536888748389002e-15
+17   -5.9545151467107997e-16  +1.7593338333706962e-15
+18   -2.5266925622699332e-16  +9.1689503004418135e-18
+19   +4.2093645149491755e-17  +4.1044859807346480e-16
+20   -9.1526974175873864e-17  -2.9003861149437139e-16
+21   +7.9452478002415846e-17  +2.9885715967551760e-16
+22   -8.2222555259148934e-17  -2.8035156508999692e-16
+23   +8.9205721007829494e-17  +2.6825532124870331e-16
+24   -7.9056583816566088e-17  -2.5141973169501483e-16
+25   +8.0757404754194877e-17  +2.4293574298733316e-16
+26   -8.4490631442594489e-17  -2.3459230316277506e-16
+27   +8.6598412221928226e-17  +2.2387225619352601e-16
+28   -8.2826938900456214e-17  -2.1252878557469606e-16
+29   +8.2965510805836775e-17  +2.0860118816920452e-16
+30   -7.8257573050045673e-17  -1.9894880180849637e-16

