-30   -1.2635128372739727e-17  -9.5693321209743653e-18
-29   -4.9298755558434202e-18  -1.7042335599805096e-17
-28   +1.1671107714065227e-18  +1.6327534879013773e-17
-27   +6.2481335134671303e-18  -1.7472170296286201e-17
-26   -1.5907206279348821e-17  +1.5217571287539777e-17
-25   -9.4062974873113937e-18  -1.0601536793427106e-17
-24   -1.5493334257586885e-18  +1.0049955963706110e-17
-23   +1.1419421971232825e-17  -2.1032078100148862e-17
-22   +9.2762827897775061e-18  -2.7653559520909288e-17
-21   +7.7124068107723605e-18  -1.8522088523198875e-16
-20   -2.7622724904225894e-17  -6.1113498988557969e-16
-19   -1.1288042185376268e-17  -2.5909767227381772e-15
-18   -1.0098425704791097e-16  -1.0263779174965633e-14
-17   -3.7772615452843535e-16  -4.1131018302366816e-14
-16   -1.6661421596800472e-15  -1.6456634013242882e-13
-15   -7.0772763213424113e-15  -6.6045853993270017e-13
-14   -3.0602071592207843e-14  -2.6566503107780428e-12
-13   -1.3287860555519619e-13  -1.0717788262968836e-11
-12   -5.8261177297797456e-13  -4.3384852031487592e-11
-11   -2.5824437636838132e-12  -1.7632495677382463e-10
-10   -1.1598580754309930e-11  -7.2008712694777062e-10
 -9   -5.2932496395083741e-11  -2.9581830476180966e-09
 -8   -2.4642527431917130e-10  -1.2243179739364283e-08
 -7   -1.1766857184756968e-09  -5.1156820743068952e-08
 -6   -5.8112866028411283e-09  -2.1653995206452421e-07
 -5   -3.0040878151846629e-08  -9.3252826472788400e-07
 -4   -1.6659412833738156e-07  -4.1337127303400170e-06
 -3   -1.0156154453206258e-06  -1.8860979165227438e-05
 -2   -7.9574589279094248e-06  -9.7835639590499853e-05
 -1   -1.2234846814176850e-05  -7.2268907797182837e-05
 +0   +9.9650397269893176e-01  +0.0000000000000000e+00
 +1   -1.2234846814176850e-05  +7.2268907797182837e-05
 +2   -7.9574589279094248e-06  +9.7835639590499853e-05
 +3   -1.0156154453206258e-06  +1.8860979165227438e-05
 +4   -1.6659412833738156e-07  +4.1337127303400170e-06
 +5   -3.0040878151846629e-08  +9.3252826472788400e-07
 +6   -5.8112866028411283e-09  +2.1653995206452421e-07
 +7   -1.1766857184756968e-09  +5.1156820743068952e-08
 +8   -2.4642527431917130e-10  +1.2243179739364283e-08
 +9   -5.2932496395083741e-11  +2.9581830476180966e-09
+10   -1.1598580754309930e-11  +7.2008712694777062e-10
+11   -2.5824437636838132e-12  +1.7632495677382463e-10
+12   -5.8261177297797456e-13  +4.3384852031487592e-11
+13   -1.3287860555519619e-13  +1.0717788262968836e-11
+14   -3.0602071592207843e-14  +2.6566503107780428e-12
+15   -7.0772763213424113e-15  +6.6045853993270017e-13
+16   -1.6661421596800472e-15  +1.6456634013242882e-13
+17   -3.7772615452843535e-16  +4.1131018302366816e-14
+18   -1.0098425704791097e-16  +1.0263779174965633e-14
+19   -1.1288042185376268e-17  +2.5909767227381772e-15
+20   -2.7622724904225894e-17  +6.1113498988557969e-16
+21   +7.7124068107723605e-18  +1.8522088523198875e-16
+22   +9.2762827897775061e-18  +2.7653559520909288e-17
+23   +1.1419421971232825e-17  +2.1032078100148862e-17
+24   -1.5493334257586885e-18  -1.0049955963706110e-17
+25   -9.4062974873113937e-18  +1.0601536793427106e-17
+26   -1.5907206279348821e-17  -1.5217571287539777e-17
+27   +6.2481335134671303e-18  +1.7472170296286201e-17
+28   +1.1671107714065227e-18  -1.6327534879013773e-17
+29   -4.9298755558434202e-18  +1.7042335599805096e-17
+30   -1.2635128372739727e-17  +9.5693321209743653e-18

