-30   +9.3833604068779165e-18  +1.0839226507516981e-18
-29   -8.3768637875429329e-18  -6.3499865852470247e-18
-28   -5.8194394377437400e-19  -5.3122527637502433e-18
-27   +7.3312603811773859e-18  -8.6945823522893762e-18
-26   -3.8331639118745899e-18  -7.8820378732557318e-19
-25   -1.1840830125855257e-17  +3.3316841504580748e-18
-24   +3.6059934057778156e-18  -1.3397037218203437e-18
-23   +6.4291974779440093e-18  +4.3893538450535087e-19
-22   +1.0378794239759612e-17  +2.2950650040159730e-18
-21   +4.5410032278873779e-18  -7.4428991825178155e-19
-20   +8.2173010960522062e-34  +7.4014868308343768e-18
-19   -2.6137276060147854e-18  +2.6632921836098244e-19
-18   -5.9696457460455067e-17  +9.5934888760649704e-18
-17   -1.9617750334425740e-16  +2.6728437623729670e-18
-16   -8.2998218390730175e-16  +2.0461946792847546e-17
-15   -3.5643518791219971e-15  +7.4768011803168168e-17
-14   -1.5353058407178035e-14  +3.5787022996387638e-16
-13   -6.6668452223603188e-14  +1.6461422778641648e-15
-12   -2.9242609314683000e-13  +7.8450120898975961e-15
-11   -1.2965685355997118e-12  +3.7907932868218785e-14
-10   -5.8250769401465194e-12  +1.8732142066038220e-13
 -9   -2.6591956282534938e-11  +9.4996667994735406e-13
 -8   -1.2383568057033607e-10  +4.9761273079266171e-12
 -7   -5.9149944088776576e-10  +2.7159680330433832e-11
 -6   -2.9221391649728063e-09  +1.5651308942160062e-10
 -5   -1.5110553724386807e-08  +9.7105029885701213e-10
 -4   -8.3825017081230956e-08  +6.7324350515633234e-09
 -3   -5.1124624824273330e-07  +5.4736064509569173e-08
 -2   -4.0066864337686887e-06  +6.4338864250560671e-07
 -1   -6.1607876822457306e-06  +1.9784838453916032e-06
 +0   -5.0175414682529240e-01  +0.0000000000000000e+00
 +1   -6.1607876822457306e-06  -1.9784838453916032e-06
 +2   -4.0066864337686887e-06  -6.4338864250560671e-07
 +3   -5.1124624824273330e-07  -5.4736064509569173e-08
 +4   -8.3825017081230956e-08  -6.7324350515633234e-09
 +5   -1.5110553724386807e-08  -9.7105029885701213e-10
 +6   -2.9221391649728063e-09  -1.5651308942160062e-10
 +7   -5.9149944088776576e-10  -2.7159680330433832e-11
 +8   -1.2383568057033607e-10  -4.9761273079266171e-12
 +9   -2.6591956282534938e-11  -9.4996667994735406e-13
+10   -5.8250769401465194e-12  -1.8732142066038220e-13
+11   -1.2965685355997118e-12  -3.7907932868218785e-14
+12   -2.9242609314683000e-13  -7.8450120898975961e-15
+13   -6.6668452223603188e-14  -1.6461422778641648e-15
+14   -1.5353058407178035e-14  -3.5787022996387638e-16
+15   -3.5643518791219971e-15  -7.4768011803168168e-17
+16   -8.2998218390730175e-16  -2.0461946792847546e-17
+17   -1.9617750334425740e-16  -2.6728437623729670e-18
+18   -5.9696457460455067e-17  -9.5934888760649704e-18
+19   -2.6137276060147854e-18  -2.6632921836098244e-19
+20   +8.2173010960522062e-34  -7.4014868308343768e-18
+21   +4.5410032278873779e-18  +7.4428991825178155e-19
+22   +1.0378794239759612e-17  -2.2950650040159730e-18
+23   +6.4291974779440093e-18  -4.3893538450535087e-19
+24   +3.6059934057778156e-18  +1.3397037218203437e-18
+25   -1.1840830125855257e-17  -3.3316841504580748e-18
+26   -3.8331639118745899e-18  +7.8820378732557318e-19
+27   +7.3312603811773859e-18  +8.6945823522893762e-18
+28   -5.8194394377437400e-19  +5.3122527637502433e-18
+29   -8.3768637875429329e-18  +6.3499865852470247e-18
+30   +9.3833604068779165e-18  -1.0839226507516981e-18

