-30   -5.8220956572042566e-18  +1.4055782821838596e-17
-29   +6.1934548502346106e-18  -2.0873369063966805e-17
-28   -6.5516397803244951e-18  +1.4600371284881950e-17
-27   +1.1662029552615262e-17  -1.4154710764911226e-17
-26   -5.7440500894725090e-18  +1.5999499124730922e-17
-25   +1.3317141132541047e-17  -2.3491461948038079e-17
-24   +2.4530609908347622e-17  +1.1011647879414695e-17
-23   +1.3199655639918649e-16  -5.6363843950785355e-17
-22   +4.7801969283132491e-16  -1.4780485903308051e-16
-21   +1.8431629023032538e-15  -6.3703402047347864e-16
-20   +6.9845378204381468e-15  -2.3392372201551668e-15
-19   +2.6564255179689094e-14  -9.0472682217424339e-15
-18   +1.0083839152109166e-13  -3.4385181707841226e-14
-17   +3.8261495519076605e-13  -1.3116830709436265e-13
-16   +1.4502356982406414e-12  -4.9968781864189826e-13
-15   +5.4914518135724762e-12  -1.9034552777171794e-12
-14   +2.0770983487840731e-11  -7.2479664879935282e-12
-13   +7.8471625137723739e-11  -2.7593350964939973e-11
-12   +2.9608190146856877e-10  -1.0503851347280003e-10
-11   +1.1156122722819076e-09  -3.9988900226717286e-10
-10   +4.1973751658785077e-09  -1.5230476026701209e-09
 -9   +1.5767930695538008e-08  -5.8061317368592076e-09
 -8   +5.9142220817184822e-08  -2.2172308773371588e-08
 -7   +2.2150411333846588e-07  -8.4928209505878736e-08
 -6   +8.2871270962564029e-07  -3.2706880034523159e-07
 -5   +3.0990912574143275e-06  -1.2710749440664850e-06
 -4   +1.1624212992391927e-05  -5.0329596630682817e-06
 -3   +4.3609023863901769e-05  -2.0412952893768002e-05
 -2   +1.7308111909290793e-04  -9.2641262001978702e-05
 -1   +2.8640771049506707e-05  -3.3996427065859657e-05
 +0   -1.9642069927265779e-01  +0.0000000000000000e+00
 +1   +2.8640771049506707e-05  +3.3996427065859657e-05
 +2   +1.7308111909290793e-04  +9.2641262001978702e-05
 +3   +4.3609023863901769e-05  +2.0412952893768002e-05
 +4   +1.1624212992391927e-05  +5.0329596630682817e-06
 +5   +3.0990912574143275e-06  +1.2710749440664850e-06
 +6   +8.2871270962564029e-07  +3.2706880034523159e-07
 +7   +2.2150411333846588e-07  +8.4928209505878736e-08
 +8   +5.9142220817184822e-08  +2.2172308773371588e-08
 +9   +1.5767930695538008e-08  +5.8061317368592076e-09
+10   +4.1973751658785077e-09  +1.5230476026701209e-09
+11   +1.1156122722819076e-09  +3.9988900226717286e-10
+12   +2.9608190146856877e-10  +1.0503851347280003e-10
+13   +7.8471625137723739e-11  +2.7593350964939973e-11
+14   +2.0770983487840731e-11  +7.2479664879935282e-12
+15   +5.4914518135724762e-12  +1.9034552777171794e-12
+16   +1.4502356982406414e-12  +4.9968781864189826e-13
+17   +3.8261495519076605e-13  +1.3116830709436265e-13
+18   +1.0083839152109166e-13  +3.4385181707841226e-14
+19   +2.6564255179689094e-14  +9.0472682217424339e-15
+20   +6.9845378204381468e-15  +2.3392372201551668e-15
+21   +1.8431629023032538e-15  +6.3703402047347864e-16
+22   +4.7801969283132491e-16  +1.4780485903308051e-16
+23   +1.3199655639918649e-16  +5.6363843950785355e-17
+24   +2.4530609908347622e-17  -1.1011647879414695e-17
+25   +1.3317141132541047e-17  +2.3491461948038079e-17
+26   -5.7440500894725090e-18  -1.5999499124730922e-17
+27   +1.1662029552615262e-17  +1.4154710764911226e-17
+28   -6.5516397803244951e-18  -1.4600371284881950e-17
+29   +6.1934548502346106e-18  +2.0873369063966805e-17
+30   -5.8220956572042566e-18  -1.4055782821838596e-17

