-30   -1.0467283196244482e-17  +2.5270256686062308e-17
-29   +1.4193535015076812e-17  -9.1967902066470219e-18
-28   -1.1339426536479967e-17  +2.4338605910372901e-17
-27   +1.3279328574856631e-17  -1.0187450583007939e-17
-26   +1.1580390389049521e-18  +8.9607329302262141e-18
-25   -7.0885350183457357e-18  +1.4727551795150933e-18
-24   -5.6939432437315513e-18  -2.2555817231663658e-17
-23   -4.5017938157575331e-17  -1.3211333090750895e-16
-22   -1.5470847948439285e-16  -4.3508245967564526e-16
-21   -5.8835011324489795e-16  -1.7654944244815281e-15
-20   -2.2383611339701813e-15  -6.6233619207935310e-15
-19   -8.5427137745912963e-15  -2.5270564258413372e-14
-18   -3.2437735312970785e-14  -9.5694055104719861e-14
-17   -1.2325119176701514e-13  -3.6221020886068470e-13
-16   -4.6792123989319133e-13  -1.3690353555195984e-12
-15   -1.7749933897977601e-12  -5.1681367988130213e-12
-14   -6.7277211921859352e-12  -1.9481417052284404e-11
-13   -2.5477407460771339e-11  -7.3320308139447693e-11
-12   -9.6394694759659240e-11  -2.7546819907185871e-10
-11   -3.6438828078818826e-10  -1.0329680836678186e-09
-10   -1.3762974231239218e-09  -3.8653531922151728e-09
 -9   -5.1946502640520720e-09  -1.4431066581833269e-08
 -8   -1.9598628779558597e-08  -5.3746908105992643e-08
 -7   -7.3955441152007290e-08  -1.9968096205896214e-07
 -6   -2.7946559610431546e-07  -7.4028788373741621e-07
 -5   -1.0598240451816073e-06  -2.7408441086218700e-06
 -4   -4.0602717990296942e-06  -1.0179616749014497e-05
 -3   -1.5790919720320749e-05  -3.7928665756022922e-05
 -2   -6.7683929778674078e-05  -1.5253612711330772e-04
 -1   -1.4943919695510289e-05  -2.6622068663075060e-05
 +0   +9.6490938375557422e-01  +0.0000000000000000e+00
 +1   -1.4943919695510289e-05  +2.6622068663075060e-05
 +2   -6.7683929778674078e-05  +1.5253612711330772e-04
 +3   -1.5790919720320749e-05  +3.7928665756022922e-05
 +4   -4.0602717990296942e-06  +1.0179616749014497e-05
 +5   -1.0598240451816073e-06  +2.7408441086218700e-06
 +6   -2.7946559610431546e-07  +7.4028788373741621e-07
 +7   -7.3955441152007290e-08  +1.9968096205896214e-07
 +8   -1.9598628779558597e-08  +5.3746908105992643e-08
 +9   -5.1946502640520720e-09  +1.4431066581833269e-08
+10   -1.3762974231239218e-09  +3.8653531922151728e-09
+11   -3.6438828078818826e-10  +1.0329680836678186e-09
+12   -9.6394694759659240e-11  +2.7546819907185871e-10
+13   -2.5477407460771339e-11  +7.3320308139447693e-11
+14   -6.7277211921859352e-12  +1.9481417052284404e-11
+15   -1.7749933897977601e-12  +5.1681367988130213e-12
+16   -4.6792123989319133e-13  +1.3690353555195984e-12
+17   -1.2325119176701514e-13  +3.6221020886068470e-13
+18   -3.2437735312970785e-14  +9.5694055104719861e-14
+19   -8.5427137745912963e-15  +2.5270564258413372e-14
+20   -2.2383611339701813e-15  +6.6233619207935310e-15
+21   -5.8835011324489795e-16  +1.7654944244815281e-15
+22   -1.5470847948439285e-16  +4.3508245967564526e-16
+23   -4.5017938157575331e-17  +1.3211333090750895e-16
+24   -5.6939432437315513e-18  +2.2555817231663658e-17
+25   -7.0885350183457357e-18  -1.4727551795150933e-18
+26   +1.1580390389049521e-18  -8.9607329302262141e-18
+27   +1.3279328574856631e-17  +1.0187450583007939e-17
+28   -1.1339426536479967e-17  -2.4338605910372901e-17
+29   +1.4193535015076812e-17  +9.1967902066470219e-18
+30   -1.0467283196244482e-17  -2.5270256686062308e-17

