-30   -1.9626155742975008e-18  +1.5793910453980605e-18
-29   +3.3366398480648617e-18  -3.9708675834704007e-18
-28   -4.4694989201414486e-18  +5.2569185153566878e-18
-27   +4.3462876018727436e-18  -5.7712366329781307e-18
-26   -1.9686807822225424e-18  +4.9030180599137713e-18
-25   +4.8668122673716177e-18  -3.7530138010885379e-18
-24   -1.9669725546754224e-18  +3.6342000506076969e-18
-23   -6.4591308167249291e-19  -4.3885520086999388e-18
-22   -4.9517081345575301e-19  +5.6496170592496999e-18
-21   -2.1078166773406883e-18  -1.3592420538205403e-17
-20   -1.3811362452112925e-17  -2.0717043678169386e-17
-19   -3.9754220393941707e-17  -1.1995937123925327e-16
-18   -1.5908737173902613e-16  -4.4893293156649350e-16
-17   -6.4417367773636561e-16  -1.8406737244572303e-15
-16   -2.6160586726224679e-15  -7.3833017704596941e-15
-15   -1.0641873130966044e-14  -2.9879175780752562e-14
-14   -4.3532643734111903e-14  -1.2112275798639611e-13
-13   -1.7894870591223381e-13  -4.9321593401641949e-13
-12   -7.4026749134219659e-13  -2.0178127983021422e-12
-11   -3.0854969395803281e-12  -8.3031891022152985e-12
-10   -1.2981469061011830e-11  -3.4409030025390919e-11
 -9   -5.5263529511981792e-11  -1.4385787160590336e-10
 -8   -2.3887201930258823e-10  -6.0828342102061879e-10
 -7   -1.0536236231100292e-09  -2.6107100916309985e-09
 -6   -4.7798239514767024e-09  -1.1437710398649735e-08
 -5   -2.2577860282646355e-08  -5.1604944765663210e-08
 -4   -1.1376253988130728e-07  -2.4402724704399332e-07
 -3   -6.3240381825235309e-07  -1.2395503889107239e-06
 -2   -4.5216932244514451e-06  -7.6463878656905094e-06
 -1   -3.4217732533396876e-06  -3.1051016258825584e-06
 +0   +1.7361621557091705e-01  +0.0000000000000000e+00
 +1   -3.4217732533396876e-06  +3.1051016258825584e-06
 +2   -4.5216932244514451e-06  +7.6463878656905094e-06
 +3   -6.3240381825235309e-07  +1.2395503889107239e-06
 +4   -1.1376253988130728e-07  +2.4402724704399332e-07
 +5   -2.2577860282646355e-08  +5.1604944765663210e-08
 +6   -4.7798239514767024e-09  +1.1437710398649735e-08
 +7   -1.0536236231100292e-09  +2.6107100916309985e-09
 +8   -2.3887201930258823e-10  +6.0828342102061879e-10
 +9   -5.5263529511981792e-11  +1.4385787160590336e-10
+10   -1.2981469061011830e-11  +3.4409030025390919e-11
+11   -3.0854969395803281e-12  +8.3031891022152985e-12
+12   -7.4026749134219659e-13  +2.0178127983021422e-12
+13   -1.7894870591223381e-13  +4.9321593401641949e-13
+14   -4.3532643734111903e-14  +1.2112275798639611e-13
+15   -1.0641873130966044e-14  +2.9879175780752562e-14
+16   -2.6160586726224679e-15  +7.3833017704596941e-15
+17   -6.4417367773636561e-16  +1.8406737244572303e-15
+18   -1.5908737173902613e-16  +4.4893293156649350e-16
+19   -3.9754220393941707e-17  +1.1995937123925327e-16
+20   -1.3811362452112925e-17  +2.0717043678169386e-17
+21   -2.1078166773406883e-18  +1.3592420538205403e-17
+22   -4.9517081345575301e-19  -5.6496170592496999e-18
+23   -6.4591308167249291e-19  +4.3885520086999388e-18
+24   -1.9669725546754224e-18  -3.6342000506076969e-18
+25   +4.8668122673716177e-18  +3.7530138010885379e-18
+26   -1.9686807822225424e-18  -4.9030180599137713e-18
+27   +4.3462876018727436e-18  +5.7712366329781307e-18
+28   -4.4694989201414486e-18  -5.2569185153566878e-18
+29   +3.3366398480648617e-18  +3.9708675834704007e-18
+30   -1.9626155742975008e-18  -1.5793910453980605e-18

