-30   -1.7868769888958300e-17  +1.5700924586297168e-17
-29   +3.4273829268411692e-18  -1.3287145389067562e-17
-28   -4.2099091038727687e-18  +1.7015018846001541e-17
-27   +1.4526360189249994e-17  -5.8018578940714091e-18
-26   -5.2934651204838166e-18  +1.6796384893370023e-17
-25   -1.0733491257375574e-17  -9.1219411000787162e-18
-24   -2.9859311323152713e-18  +1.1053659529552192e-17
-23   +5.7290472651665247e-18  -6.0032196802613770e-18
-22   -4.1190046558209031e-18  +2.0488105717761356e-17
-21   -3.6173640951821691e-18  -7.6454636809559741e-18
-20   -3.8724955150477411e-17  +2.8614336113781681e-17
-19   -1.0318004946978506e-16  +2.3402472428795874e-17
-18   -4.3573306225870241e-16  +1.6066454168181805e-16
-17   -1.7376108459020594e-15  +5.9379539078438712e-16
-16   -6.9907918239216475e-15  +2.4740998644575036e-15
-15   -2.8124613995584790e-14  +9.9195118472777055e-15
-14   -1.1369037485354024e-13  +4.0486489064629166e-14
-13   -4.6118798045809586e-13  +1.6545902083570446e-13
-12   -1.8790495806676213e-12  +6.8053231139273368e-13
-11   -7.6961390022340684e-12  +2.8173218749225074e-12
-10   -3.1725960131022731e-11  +1.1760231286307763e-11
 -9   -1.3185124441607873e-10  +4.9599241593689979e-11
 -8   -5.5374820151292081e-10  +2.1199908825364703e-10
 -7   -2.3584426263125995e-09  +9.2240726465872093e-10
 -6   -1.0243795573539563e-08  +4.1142318194292069e-09
 -5   -4.5787862189001990e-08  +1.9025805862117514e-08
 -4   -2.1457183754147242e-07  +9.3290757511722319e-08
 -3   -1.0834761178505718e-06  +5.0268114632890138e-07
 -2   -6.7649512320700443e-06  +3.4815291495476926e-06
 -1   -2.7258323220316282e-06  +1.9382141900863600e-06
 +0   -5.5352537056663109e-01  +0.0000000000000000e+00
 +1   -2.7258323220316282e-06  -1.9382141900863600e-06
 +2   -6.7649512320700443e-06  -3.4815291495476926e-06
 +3   -1.0834761178505718e-06  -5.0268114632890138e-07
 +4   -2.1457183754147242e-07  -9.3290757511722319e-08
 +5   -4.5787862189001990e-08  -1.9025805862117514e-08
 +6   -1.0243795573539563e-08  -4.1142318194292069e-09
 +7   -2.3584426263125995e-09  -9.2240726465872093e-10
 +8   -5.5374820151292081e-10  -2.1199908825364703e-10
 +9   -1.3185124441607873e-10  -4.9599241593689979e-11
+10   -3.1725960131022731e-11  -1.1760231286307763e-11
+11   -7.6961390022340684e-12  -2.8173218749225074e-12
+12   -1.8790495806676213e-12  -6.8053231139273368e-13
+13   -4.6118798045809586e-13  -1.6545902083570446e-13
+14   -1.1369037485354024e-13  -4.0486489064629166e-14
+15   -2.8124613995584790e-14  -9.9195118472777055e-15
+16   -6.9907918239216475e-15  -2.4740998644575036e-15
+17   -1.7376108459020594e-15  -5.9379539078438712e-16
+18   -4.3573306225870241e-16  -1.6066454168181805e-16
+19   -1.0318004946978506e-16  -2.3402472428795874e-17
+20   -3.8724955150477411e-17  -2.8614336113781681e-17
+21   -3.6173640951821691e-18  +7.6454636809559741e-18
+22   -4.1190046558209031e-18  -2.0488105717761356e-17
+23   +5.7290472651665247e-18  +6.0032196802613770e-18
+24   -2.9859311323152713e-18  -1.1053659529552192e-17
+25   -1.0733491257375574e-17  +9.1219411000787162e-18
+26   -5.2934651204838166e-18  -1.6796384893370023e-17
+27   +1.4526360189249994e-17  +5.8018578940714091e-18
+28   -4.2099091038727687e-18  -1.7015018846001541e-17
+29   +3.4273829268411692e-18  +1.3287145389067562e-17
+30   -1.7868769888958300e-17  -1.5700924586297168e-17

