-30   +4.4932285145391024e-16  -1.0564252688664041e-15
-29   -4.4706937892486177e-16  +1.1238594493220632e-15
-28   +4.4838581864026613e-16  -1.1493962537067320e-15
-27   -4.5523653939475437e-16  +1.1896258620654865e-15
-26   +4.5241060073967107e-16  -1.2552563331471551e-15
-25   -4.4386465007335058e-16  +1.3129692437318440e-15
-24   +4.3551822918327722e-16  -1.3394575065262310e-15
-23   -4.9901108881054261e-16  +1.5249937011772687e-15
-22   +2.4100353215603355e-16  -1.0909594407150805e-15
-21   -1.1808114628092775e-15  +3.0272078952215107e-15
-20   -2.4147916232556440e-15  +3.9277028118484555e-15
-19   -1.1169648131258050e-14  +2.3118485003688501e-14
-18   -4.0213450230362016e-14  +7.9574195150360288e-14
-17   -1.5447515235765694e-13  +3.1182187476341433e-13
-16   -5.8231683503849546e-13  +1.1771116237254776e-12
-15   -2.2024024764761957e-12  +4.4868874226144372e-12
-14   -8.3081041862192188e-12  +1.7045374361342371e-11
-13   -3.1300665100114814e-11  +6.4776465675572652e-11
-12   -1.1770210228512854e-10  +2.4601153730480723e-10
-11   -4.4170324382574910e-10  +9.3412469884246881e-10
-10   -1.6536444484211079e-09  +3.5466753721161768e-09
 -9   -6.1736685099652167e-09  +1.3470043288971836e-08
 -8   -2.2971794316577826e-08  +5.1204103151135172e-08
 -7   -8.5123557797211842e-08  +1.9501050085643534e-07
 -6   -3.1376536067663473e-07  +7.4548411314128485e-07
 -5   -1.1476742832750028e-06  +2.8685642423977955e-06
 -4   -4.1518039877083143e-06  +1.1199985123814416e-05
 -3   -1.4558387535153678e-05  +4.4434493793858310e-05
 -2   -4.8843234348926806e-05  +1.9388137197293788e-04
 -1   +3.5859660445531037e-06  +7.0724208498820743e-05
 +0   +1.2721739595483812e+00  +0.0000000000000000e+00
 +1   +3.5859660445531037e-06  -7.0724208498820743e-05
 +2   -4.8843234348926806e-05  -1.9388137197293788e-04
 +3   -1.4558387535153678e-05  -4.4434493793858310e-05
 +4   -4.1518039877083143e-06  -1.1199985123814416e-05
 +5   -1.1476742832750028e-06  -2.8685642423977955e-06
 +6   -3.1376536067663473e-07  -7.4548411314128485e-07
 +7   -8.5123557797211842e-08  -1.9501050085643534e-07
 +8   -2.2971794316577826e-08  -5.1204103151135172e-08
 +9   -6.1736685099652167e-09  -1.3470043288971836e-08
+10   -1.6536444484211079e-09  -3.5466753721161768e-09
+11   -4.4170324382574910e-10  -9.3412469884246881e-10
+12   -1.1770210228512854e-10  -2.4601153730480723e-10
+13   -3.1300665100114814e-11  -6.4776465675572652e-11
+14   -8.3081041862192188e-12  -1.7045374361342371e-11
+15   -2.2024024764761957e-12  -4.4868874226144372e-12
+16   -5.8231683503849546e-13  -1.1771116237254776e-12
+17   -1.5447515235765694e-13  -3.1182187476341433e-13
+18   -4.0213450230362016e-14  -7.9574195150360288e-14
+19   -1.1169648131258050e-14  -2.3118485003688501e-14
+20   -2.4147916232556440e-15  -3.9277028118484555e-15
+21   -1.1808114628092775e-15  -3.0272078952215107e-15
+22   +2.4100353215603355e-16  +1.0909594407150805e-15
+23   -4.9901108881054261e-16  -1.5249937011772687e-15
+24   +4.3551822918327722e-16  +1.3394575065262310e-15
+25   -4.4386465007335058e-16  -1.3129692437318440e-15
+26   +4.5241060073967107e-16  +1.2552563331471551e-15
+27   -4.5523653939475437e-16  -1.1896258620654865e-15
+28   +4.4838581864026613e-16  +1.1493962537067320e-15
+29   -4.4706937892486177e-16  -1.1238594493220632e-15
+30   +4.4932285145391024e-16  +1.0564252688664041e-15

