-30   -5.0389753543200242e-17  +1.3597838980271682e-16
-29   +5.2174929146812590e-17  -1.3898398015916725e-16
-28   -5.4231571955036542e-17  +1.4091783122314621e-16
-27   +5.5609068946355627e-17  -1.4925817232870760e-16
-26   -5.5926685729689567e-17  +1.5448937928637511e-16
-25   +5.9797545413362514e-17  -1.5832435257809383e-16
-24   -3.0872613199366146e-17  +1.8179752063936503e-16
-23   +1.5518173495850611e-16  -1.2983179908209585e-16
-22   +3.1109060535328651e-16  +3.7546479388330785e-16
-21   +1.4533847008582486e-15  +5.1709737659182175e-16
-20   +5.2585160660582411e-15  +2.9021652921697533e-15
-19   +2.0259789417933466e-14  +9.9850726970200912e-15
-18   +7.6672419743864459e-14  +3.8825123148100530e-14
-17   +2.9122111537376795e-13  +1.4558744829738738e-13
-16   +1.1038129974603829e-12  +5.5048751495103974e-13
-15   +4.1809946665993914e-12  +2.0725500497639871e-12
-14   +1.5818619833906493e-11  +7.7953617087740140e-12
-13   +5.9782111025124432e-11  +2.9256070614299288e-11
-12   +2.2565256655741640e-10  +1.0955984005990649e-10
-11   +8.5063689803802511e-10  +4.0922961782538886e-10
-10   +3.2022353945218463e-09  +1.5240591792015880e-09
 -9   +1.2037926046896860e-08  +5.6563900582159613e-09
 -8   +4.5191380343861290e-08  +2.0908085943328816e-08
 -7   +1.6944806929745675e-07  +7.6908976072246494e-08
 -6   +6.3494194153308923e-07  +2.8126054621841474e-07
 -5   +2.3797650420149278e-06  +1.0208816178674566e-06
 -4   +8.9572541447675976e-06  +3.6750297853680984e-06
 -3   +3.3808893732950723e-05  +1.2948643322494360e-05
 -2   +1.3600574253819778e-04  +4.5932072457816480e-05
 -1   +2.4441145944401951e-05  +3.3586377681300735e-06
 +0   -1.4897978241433052e-01  +0.0000000000000000e+00
 +1   +2.4441145944401951e-05  -3.3586377681300735e-06
 +2   +1.3600574253819778e-04  -4.5932072457816480e-05
 +3   +3.3808893732950723e-05  -1.2948643322494360e-05
 +4   +8.9572541447675976e-06  -3.6750297853680984e-06
 +5   +2.3797650420149278e-06  -1.0208816178674566e-06
 +6   +6.3494194153308923e-07  -2.8126054621841474e-07
 +7   +1.6944806929745675e-07  -7.6908976072246494e-08
 +8   +4.5191380343861290e-08  -2.0908085943328816e-08
 +9   +1.2037926046896860e-08  -5.6563900582159613e-09
+10   +3.2022353945218463e-09  -1.5240591792015880e-09
+11   +8.5063689803802511e-10  -4.0922961782538886e-10
+12   +2.2565256655741640e-10  -1.0955984005990649e-10
+13   +5.9782111025124432e-11  -2.9256070614299288e-11
+14   +1.5818619833906493e-11  -7.7953617087740140e-12
+15   +4.1809946665993914e-12  -2.0725500497639871e-12
+16   +1.1038129974603829e-12  -5.5048751495103974e-13
+17   +2.9122111537376795e-13  -1.4558744829738738e-13
+18   +7.6672419743864459e-14  -3.8825123148100530e-14
+19   +2.0259789417933466e-14  -9.9850726970200912e-15
+20   +5.2585160660582411e-15  -2.9021652921697533e-15
+21   +1.4533847008582486e-15  -5.1709737659182175e-16
+22   +3.1109060535328651e-16  -3.7546479388330785e-16
+23   +1.5518173495850611e-16  +1.2983179908209585e-16
+24   -3.0872613199366146e-17  -1.8179752063936503e-16
+25   +5.9797545413362514e-17  +1.5832435257809383e-16
+26   -5.5926685729689567e-17  -1.5448937928637511e-16
+27   +5.5609068946355627e-17  +1.4925817232870760e-16
+28   -5.4231571955036542e-17  -1.4091783122314621e-16
+29   +5.2174929146812590e-17  +1.3898398015916725e-16
+30   -5.0389753543200242e-17  -1.3597838980271682e-16

