-30   -1.4802973661626850e-16  +3.5954324307703921e-16
-29   +1.4404031068588511e-16  -3.6673971380354977e-16
-28   -1.4257732010676765e-16  +3.8020094773754433e-16
-27   +1.4698602812592427e-16  -3.9298239834584658e-16
-26   -1.4308764414752674e-16  +4.1367644773721308e-16
-25   +1.3809305488146459e-16  -4.3137144369135325e-16
-24   -1.4379094589783163e-16  +4.4846258367998733e-16
-23   +1.4704226458919835e-16  -4.7296260731694712e-16
-22   -1.4780119373536021e-16  +4.8971148379347960e-16
-21   +1.5468159423920459e-16  -5.0634633021257100e-16
-20   -1.2681688733374019e-16  +5.4875375466909978e-16
-19   +2.4124652752987728e-16  -5.2790024016100584e-16
-18   +2.2291004389304962e-16  +7.8741717655634407e-16
-17   +1.6401307681086334e-15  +7.3435114985665222e-17
-16   +5.8732286810184822e-15  +3.5677507972399298e-15
-15   +2.4601126737426994e-14  +1.0870857795538673e-14
-14   +9.9512922020263806e-14  +4.7600090933298500e-14
-13   +4.0826970377627035e-13  +1.8862111914335482e-13
-12   +1.6807105332939281e-12  +7.7065558513682228e-13
-11   +6.9702065306014620e-12  +3.1397148802669188e-12
-10   +2.9147454262227758e-11  +1.2881731428510994e-11
 -9   +1.2318686259707024e-10  +5.3148966132127740e-11
 -8   +5.2776466108040657e-10  +2.2095118101073161e-10
 -7   +2.3022233574852940e-09  +9.2684051728546839e-10
 -6   +1.0296059078720301e-08  +3.9311368627518638e-09
 -5   +4.7709033931638854e-08  +1.6886736289488977e-08
 -4   +2.3390040142009607e-07  +7.3511519487912093e-08
 -3   +1.2447524046443918e-06  +3.1689045849989279e-07
 -2   +8.1998103612797263e-06  +1.2036219603518359e-06
 -1   +5.6192074746257356e-06  -1.4448362153164747e-06
 +0   -4.1983395184893302e-01  +0.0000000000000000e+00
 +1   +5.6192074746257356e-06  +1.4448362153164747e-06
 +2   +8.1998103612797263e-06  -1.2036219603518359e-06
 +3   +1.2447524046443918e-06  -3.1689045849989279e-07
 +4   +2.3390040142009607e-07  -7.3511519487912093e-08
 +5   +4.7709033931638854e-08  -1.6886736289488977e-08
 +6   +1.0296059078720301e-08  -3.9311368627518638e-09
 +7   +2.3022233574852940e-09  -9.2684051728546839e-10
 +8   +5.2776466108040657e-10  -2.2095118101073161e-10
 +9   +1.2318686259707024e-10  -5.3148966132127740e-11
+10   +2.9147454262227758e-11  -1.2881731428510994e-11
+11   +6.9702065306014620e-12  -3.1397148802669188e-12
+12   +1.6807105332939281e-12  -7.7065558513682228e-13
+13   +4.0826970377627035e-13  -1.8862111914335482e-13
+14   +9.9512922020263806e-14  -4.7600090933298500e-14
+15   +2.4601126737426994e-14  -1.0870857795538673e-14
+16   +5.8732286810184822e-15  -3.5677507972399298e-15
+17   +1.6401307681086334e-15  -7.3435114985665222e-17
+18   +2.2291004389304962e-16  -7.8741717655634407e-16
+19   +2.4124652752987728e-16  +5.2790024016100584e-16
+20   -1.2681688733374019e-16  -5.4875375466909978e-16
+21   +1.5468159423920459e-16  +5.0634633021257100e-16
+22   -1.4780119373536021e-16  -4.8971148379347960e-16
+23   +1.4704226458919835e-16  +4.7296260731694712e-16
+24   -1.4379094589783163e-16  -4.4846258367998733e-16
+25   +1.3809305488146459e-16  +4.3137144369135325e-16
+26   -1.4308764414752674e-16  -4.1367644773721308e-16
+27   +1.4698602812592427e-16  +3.9298239834584658e-16
+28   -1.4257732010676765e-16  -3.8020094773754433e-16
+29   +1.4404031068588511e-16  +3.6673971380354977e-16
+30   -1.4802973661626850e-16  -3.5954324307703921e-16

