-30   +7.5098790958764779e-17  -1.9132282724672711e-16
-29   -7.8209863550018392e-17  +1.9984744393967414e-16
-28   +8.3900973128907995e-17  -2.0138636515349618e-16
-27   -8.3555865589519687e-17  +2.1408874644488540e-16
-26   +8.2121976365716853e-17  -2.2215639882238129e-16
-25   -7.7137715529130190e-17  +2.3625753414786320e-16
-24   +7.7501534720951508e-17  -2.4288050069987747e-16
-23   -8.1427525238096970e-17  +2.5295324182660467e-16
-22   +7.7416795171426458e-17  -2.6737458459969505e-16
-21   -7.9305145010234546e-17  +2.6880630380604931e-16
-20   +8.6471664657525984e-17  -3.1630677029566654e-16
-19   -3.7364678107879778e-17  +2.2056651397408495e-16
-18   +2.4929818444349611e-16  -6.7064750989114895e-16
-17   +5.9869981055274791e-16  -1.0568463514480180e-15
-16   +2.8039314706267783e-15  -6.0129058113877760e-15
-15   +1.0853848065827442e-14  -2.2418133842424342e-14
-14   +4.4037157469699687e-14  -9.2982143289981493e-14
-13   +1.7722962395343874e-13  -3.7663530940705609e-13
-12   +7.1758946584794382e-13  -1.5442120254135260e-12
-11   +2.9148175975633175e-12  -6.3562691476922100e-12
-10   +1.1896834097432283e-11  -2.6366019008448640e-11
 -9   +4.8828720784788762e-11  -1.1033950710502998e-10
 -8   +2.0180923419043648e-10  -4.6712999254073351e-10
 -7   +8.4139533497098138e-10  -2.0079156092499684e-09
 -6   +3.5479262256524517e-09  -8.8136106909603605e-09
 -5   +1.5179325866193313e-08  -3.9863208709928242e-08
 -4   +6.6270593140627604e-08  -1.8910968236179802e-07
 -3   +2.9293221477089861e-07  -9.6433800258664382e-07
 -2   +1.3066520541612641e-06  -5.9609692304372229e-06
 -1   -3.2063255661440788e-07  -2.3660217666281349e-06
 +0   +2.2890235417110913e-01  +0.0000000000000000e+00
 +1   -3.2063255661440788e-07  +2.3660217666281349e-06
 +2   +1.3066520541612641e-06  +5.9609692304372229e-06
 +3   +2.9293221477089861e-07  +9.6433800258664382e-07
 +4   +6.6270593140627604e-08  +1.8910968236179802e-07
 +5   +1.5179325866193313e-08  +3.9863208709928242e-08
 +6   +3.5479262256524517e-09  +8.8136106909603605e-09
 +7   +8.4139533497098138e-10  +2.0079156092499684e-09
 +8   +2.0180923419043648e-10  +4.6712999254073351e-10
 +9   +4.8828720784788762e-11  +1.1033950710502998e-10
+10   +1.1896834097432283e-11  +2.6366019008448640e-11
+11   +2.9148175975633175e-12  +6.3562691476922100e-12
+12   +7.1758946584794382e-13  +1.5442120254135260e-12
+13   +1.7722962395343874e-13  +3.7663530940705609e-13
+14   +4.4037157469699687e-14  +9.2982143289981493e-14
+15   +1.0853848065827442e-14  +2.2418133842424342e-14
+16   +2.8039314706267783e-15  +6.0129058113877760e-15
+17   +5.9869981055274791e-16  +1.0568463514480180e-15
+18   +2.4929818444349611e-16  +6.7064750989114895e-16
+19   -3.7364678107879778e-17  -2.2056651397408495e-16
+20   +8.6471664657525984e-17  +3.1630677029566654e-16
+21   -7.9305145010234546e-17  -2.6880630380604931e-16
+22   +7.7416795171426458e-17  +2.6737458459969505e-16
+23   -8.1427525238096970e-17  -2.5295324182660467e-16
+24   +7.7501534720951508e-17  +2.4288050069987747e-16
+25   -7.7137715529130190e-17  -2.3625753414786320e-16
+26   +8.2121976365716853e-17  +2.2215639882238129e-16
+27   -8.3555865589519687e-17  -2.1408874644488540e-16
+28   +8.3900973128907995e-17  +2.0138636515349618e-16
+29   -7.8209863550018392e-17  -1.9984744393967414e-16
+30   +7.5098790958764779e-17  +1.9132282724672711e-16

