-30   +1.0467283076433379e-17  +2.2204460485613683e-17
-29   +7.7594343501237494e-18  +6.1385825979071123e-18
-28   -2.5178066557682757e-18  -1.3091551884167736e-17
-27   -8.3782003307938960e-18  +8.8903600661164766e-18
-26   +8.1364662760129099e-18  -1.7975026750774707e-18
-25   +8.5579000483555616e-18  +1.0474314072213503e-18
-24   -2.0834003571181056e-19  -1.2861017092071359e-17
-23   -5.1477769199776687e-18  +1.3890288552034782e-17
-22   +8.0146484164860037e-18  +3.1905233510674262e-17
-21   -1.6288647428861419e-17  +1.7106149409872867e-16
-20   +5.2590727014734120e-32  +6.4814242403975154e-16
-19   -3.2626766364007198e-17  +2.5833879294428693e-15
-18   -8.7409447740687268e-17  +1.0289553083920080e-14
-17   -3.8307489588390941e-16  +4.1133252383324382e-14
-16   -1.6578965746294740e-15  +1.6458667642510283e-13
-15   -7.0913002983659849e-15  +6.6045875555505750e-13
-14   -3.0587758830799280e-14  +2.6566542689817724e-12
-13   -1.3289589657172014e-13  +1.0717778853664698e-11
-12   -5.8258698267898543e-13  +4.3384870030323927e-11
-11   -2.5824596531392846e-12  +1.7632495817822544e-10
-10   -1.1598555840717175e-11  +7.2008716417671544e-10
 -9   -5.2932505347084917e-11  +2.9581830548569754e-09
 -8   -2.4642527130915396e-10  +1.2243179778098109e-08
 -7   -1.1766857138654232e-09  +5.1156820725216343e-08
 -6   -5.8112865724680380e-09  +2.1653995208193148e-07
 -5   -3.0040878132224925e-08  +9.3252826474251819e-07
 -4   -1.6659412834153724e-07  +4.1337127303611318e-06
 -3   -1.0156154452941225e-06  +1.8860979165182528e-05
 -2   -7.9574589278575864e-06  +9.7835639590536648e-05
 -1   -1.2234846814222358e-05  +7.2268907797107078e-05
 +0   +9.9650397269892932e-01  +0.0000000000000000e+00
 +1   -1.2234846814222358e-05  -7.2268907797107078e-05
 +2   -7.9574589278575864e-06  -9.7835639590536648e-05
 +3   -1.0156154452941225e-06  -1.8860979165182528e-05
 +4   -1.6659412834153724e-07  -4.1337127303611318e-06
 +5   -3.0040878132224925e-08  -9.3252826474251819e-07
 +6   -5.8112865724680380e-09  -2.1653995208193148e-07
 +7   -1.1766857138654232e-09  -5.1156820725216343e-08
 +8   -2.4642527130915396e-10  -1.2243179778098109e-08
 +9   -5.2932505347084917e-11  -2.9581830548569754e-09
+10   -1.1598555840717175e-11  -7.2008716417671544e-10
+11   -2.5824596531392846e-12  -1.7632495817822544e-10
+12   -5.8258698267898543e-13  -4.3384870030323927e-11
+13   -1.3289589657172014e-13  -1.0717778853664698e-11
+14   -3.0587758830799280e-14  -2.6566542689817724e-12
+15   -7.0913002983659849e-15  -6.6045875555505750e-13
+16   -1.6578965746294740e-15  -1.6458667642510283e-13
+17   -3.8307489588390941e-16  -4.1133252383324382e-14
+18   -8.7409447740687268e-17  -1.0289553083920080e-14
+19   -3.2626766364007198e-17  -2.5833879294428693e-15
+20   +5.2590727014734120e-32  -6.4814242403975154e-16
+21   -1.6288647428861419e-17  -1.7106149409872867e-16
+22   +8.0146484164860037e-18  -3.1905233510674262e-17
+23   -5.1477769199776687e-18  -1.3890288552034782e-17
+24   -2.0834003571181056e-19  +1.2861017092071359e-17
+25   +8.5579000483555616e-18  -1.0474314072213503e-18
+26   +8.1364662760129099e-18  +1.7975026750774707e-18
+27   -8.3782003307938960e-18  -8.8903600661164766e-18
+28   -2.5178066557682757e-18  +1.3091551884167736e-17
+29   +7.7594343501237494e-18  -6.1385825979071123e-18
+30   +1.0467283076433379e-17  -2.2204460485613683e-17

