-30   -1.0018307595184724e-17  +2.6168207645821317e-18
-29   +1.8434256121395945e-18  -5.0243797832431982e-18
-28   +1.0749495457466017e-18  -3.6442349927454988e-18
-27   -9.4665616133357076e-18  -1.3776200976846033e-17
-26   -1.4853433845911902e-18  +2.9141590757590785e-18
-25   +4.8193110805639941e-18  -5.5941969442970676e-18
-24   +3.9906535126842943e-18  +4.1946879065835740e-18
-23   -2.8866722309695059e-18  -3.6509800114898999e-18
-22   +7.0438556523089143e-19  +9.8186907403524571e-18
-21   +5.6202718321017630e-18  -7.0667419556931780e-18
-20   -3.7007434154171876e-18  +6.4098756212785462e-18
-19   +1.2682236300723240e-17  -1.2716833556851827e-18
-18   +4.3035571861566575e-17  +9.1793120689540672e-18
-17   +1.9785434674982546e-16  -8.1554351067773021e-18
-16   +8.2806280702465586e-16  +2.3475720787430936e-17
-15   +3.5687249582041353e-15  +6.1255908809968040e-17
-14   +1.5341918807046635e-14  +3.6189541736918907e-16
-13   +6.6674488309041947e-14  +1.6374025625961064e-15
-12   +2.9242433981645060e-13  +7.8490378970709964e-15
-11   +1.2965751721974002e-12  +3.7893198770239763e-14
-10   +5.8250788557922735e-12  +1.8732703704955093e-13
 -9   +2.6591956777683657e-11  +9.4994933203584705e-13
 -8   +1.2383567520210721e-10  +4.9761266671711025e-12
 -7   +5.9149943595308375e-10  +2.7159652138386004e-11
 -6   +2.9221391548323479e-09  +1.5651309702333090e-10
 -5   +1.5110553729663432e-08  +9.7105026034495540e-10
 -4   +8.3825017078546351e-08  +6.7324350523472094e-09
 -3   +5.1124624823332743e-07  +5.4736064440451920e-08
 -2   +4.0066864337646593e-06  +6.4338864250816825e-07
 -1   +6.1607876822772605e-06  +1.9784838451804489e-06
 +0   +5.0175414682529240e-01  +0.0000000000000000e+00
 +1   +6.1607876822772605e-06  -1.9784838451804489e-06
 +2   +4.0066864337646593e-06  -6.4338864250816825e-07
 +3   +5.1124624823332743e-07  -5.4736064440451920e-08
 +4   +8.3825017078546351e-08  -6.7324350523472094e-09
 +5   +1.5110553729663432e-08  -9.7105026034495540e-10
 +6   +2.9221391548323479e-09  -1.5651309702333090e-10
 +7   +5.9149943595308375e-10  -2.7159652138386004e-11
 +8   +1.2383567520210721e-10  -4.9761266671711025e-12
 +9   +2.6591956777683657e-11  -9.4994933203584705e-13
+10   +5.8250788557922735e-12  -1.8732703704955093e-13
+11   +1.2965751721974002e-12  -3.7893198770239763e-14
+12   +2.9242433981645060e-13  -7.8490378970709964e-15
+13   +6.6674488309041947e-14  -1.6374025625961064e-15
+14   +1.5341918807046635e-14  -3.6189541736918907e-16
+15   +3.5687249582041353e-15  -6.1255908809968040e-17
+16   +8.2806280702465586e-16  -2.3475720787430936e-17
+17   +1.9785434674982546e-16  +8.1554351067773021e-18
+18   +4.3035571861566575e-17  -9.1793120689540672e-18
+19   +1.2682236300723240e-17  +1.2716833556851827e-18
+20   -3.7007434154171876e-18  -6.4098756212785462e-18
+21   +5.6202718321017630e-18  +7.0667419556931780e-18
+22   +7.0438556523089143e-19  -9.8186907403524571e-18
+23   -2.8866722309695059e-18  +3.6509800114898999e-18
+24   +3.9906535126842943e-18  -4.1946879065835740e-18
+25   +4.8193110805639941e-18  +5.5941969442970676e-18
+26   -1.4853433845911902e-18  -2.9141590757590785e-18
+27   -9.4665616133357076e-18  +1.3776200976846033e-17
+28   +1.0749495457466017e-18  +3.6442349927454988e-18
+29   +1.8434256121395945e-18  +5.0243797832431982e-18
+30   -1.0018307595184724e-17  -2.6168207645821317e-18

