-30   +5.3606309666045057e-17  +1.4802973661545491e-17
-29   +3.4941045392925799e-18  -1.7293176815458251e-18
-28   -1.8444832256560875e-16  +8.2732659899224658e-19
-27   -6.1801487893538958e-17  +1.6046007698005275e-18
-26   +1.4654697614557724e-17  -6.1422626029748737e-19
-25   -7.7037551637973799e-17  -1.0978155204088460e-18
-24   -1.8506970806551587e-17  -1.0867471409950545e-18
-23   +1.8436497817390735e-16  -3.8051166534321922e-18
-22   +1.1138871427544946e-16  -5.8213252445470209e-18
-21   -1.8148552874216857e-16  +3.5318440698326598e-18
-20   -1.2819751242557092e-17  +2.2204460492503132e-17
-19   +1.6635119327116877e-16  -1.5314001083039215e-19
-18   -1.3795771066359539e-16  +6.2189863397272534e-18
-17   -1.7907817414437082e-16  +6.5145242814856886e-18
-16   -8.1520323273619415e-16  +2.7132988703075692e-18
-15   -3.4930138743181599e-15  +3.1373392168729302e-18
-14   -1.5266743505269386e-14  -1.4097000632210997e-18
-13   -6.5722475643388226e-14  +2.1255703888056237e-18
-12   -2.8975874644458921e-13  +1.5048566808517642e-18
-11   -1.2911696141814458e-12  -3.8835054893088600e-19
-10   -5.8220425392556512e-12  -9.4476806769003606e-18
 -9   -2.7010042978628475e-11  +1.3328692575066032e-18
 -8   -1.2539533053997583e-10  +1.8919404251749421e-18
 -7   -6.5104910768169265e-10  +5.4309396095476942e-18
 -6   -3.0188840822638935e-09  -5.0409788462256349e-18
 -5   -2.4966656287446236e-08  -3.3092858153546337e-18
 -4   -9.0021706642918405e-08  -8.2656783715524835e-19
 -3   -2.9105592345033869e-06  -1.8043584075009779e-18
 -2   -4.8626699310496119e-06  +3.6836809954859345e-18
 -1   -1.5383455191082566e-03  -5.3830637863905294e-18
 +0   -1.0001948859216410e+00  +0.0000000000000000e+00
 +1   -1.5383455191082566e-03  +5.3830637863905294e-18
 +2   -4.8626699310496119e-06  -3.6836809954859345e-18
 +3   -2.9105592345033869e-06  +1.8043584075009779e-18
 +4   -9.0021706642918405e-08  +8.2656783715524835e-19
 +5   -2.4966656287446236e-08  +3.3092858153546337e-18
 +6   -3.0188840822638935e-09  +5.0409788462256349e-18
 +7   -6.5104910768169265e-10  -5.4309396095476942e-18
 +8   -1.2539533053997583e-10  -1.8919404251749421e-18
 +9   -2.7010042978628475e-11  -1.3328692575066032e-18
+10   -5.8220425392556512e-12  +9.4476806769003606e-18
+11   -1.2911696141814458e-12  +3.8835054893088600e-19
+12   -2.8975874644458921e-13  -1.5048566808517642e-18
+13   -6.5722475643388226e-14  -2.1255703888056237e-18
+14   -1.5266743505269386e-14  +1.4097000632210997e-18
+15   -3.4930138743181599e-15  -3.1373392168729302e-18
+16   -8.1520323273619415e-16  -2.7132988703075692e-18
+17   -1.7907817414437082e-16  -6.5145242814856886e-18
+18   -1.3795771066359539e-16  -6.2189863397272534e-18
+19   +1.6635119327116877e-16  +1.5314001083039215e-19
+20   -1.2819751242557092e-17  -2.2204460492503132e-17
+21   -1.8148552874216857e-16  -3.5318440698326598e-18
+22   +1.1138871427544946e-16  +5.8213252445470209e-18
+23   +1.8436497817390735e-16  +3.8051166534321922e-18
+24   -1.8506970806551587e-17  +1.0867471409950545e-18
+25   -7.7037551637973799e-17  +1.0978155204088460e-18
+26   +1.4654697614557724e-17  +6.1422626029748737e-19
+27   -6.1801487893538958e-17  -1.6046007698005275e-18
+28   -1.8444832256560875e-16  -8.2732659899224658e-19
+29   +3.4941045392925799e-18  +1.7293176815458251e-18
+30   +5.3606309666045057e-17  -1.4802973661545491e-17

