-30   +2.0176125295914956e-20  -9.7941156678454952e-20
-29   -7.1265067703035121e-20  +1.4046625533988936e-19
-28   +1.6363939165964506e-20  -1.4241986875594906e-19
-27   -6.9063067356582003e-20  +1.5196818428599520e-19
-26   +4.6335183053885936e-20  -8.9392197862570757e-20
-25   -8.2475124153553361e-20  +1.5157089368542364e-19
-24   +2.5726823474670652e-20  -1.9916967891036002e-19
-23   -5.6983005960562892e-20  +1.7926112508239315e-19
-22   +3.8890755292712815e-20  -4.0759312134394450e-20
-21   -2.6118559571400186e-20  +7.9466986796670681e-19
-20   +5.5308720141842847e-20  +2.2329737231815758e-18
-19   -1.1608979200511559e-19  +1.0284092070599238e-17
-18   +9.8573060904209794e-20  +4.2225658652625373e-17
-17   -1.0491485062005815e-19  +1.7983045219543890e-16
-16   +3.8822455935451614e-20  +7.6221878006978413e-16
-15   -3.7380232896142990e-20  +3.2588862528026239e-15
-14   -2.4374957894728792e-20  +1.4019279444956393e-14
-13   +1.8992221084360987e-20  +6.0774248081775601e-14
-12   +1.0010189712138465e-20  +2.6593719323587289e-13
-11   +2.0518000002781852e-20  +1.1741364210649304e-12
-10   +5.0015287513632662e-20  +5.2655197043025858e-12
 -9   -2.3906809186748988e-20  +2.3669648331688160e-11
 -8   +6.1663511813731647e-20  +1.1098084789358051e-10
 -7   -9.3630369229020802e-21  +4.8026444251808211e-10
 -6   +5.7241312756747337e-20  +2.5842939407748029e-09
 -5   -4.0044819856770676e-20  +4.1156030354467509e-09
 -4   +1.4733601217184728e-19  +7.2083856840167169e-08
 -3   -1.1313992448591174e-19  -1.9148350871214872e-06
 -2   +2.4965134543099887e-19  +3.0451428665930295e-06
 -1   -9.3803855096851553e-19  -1.5613460032015232e-03
 +0   +1.3366179907672859e-18  +0.0000000000000000e+00
 +1   -9.3803855096851553e-19  +1.5613460032015232e-03
 +2   +2.4965134543099887e-19  -3.0451428665930295e-06
 +3   -1.1313992448591174e-19  +1.9148350871214872e-06
 +4   +1.4733601217184728e-19  -7.2083856840167169e-08
 +5   -4.0044819856770676e-20  -4.1156030354467509e-09
 +6   +5.7241312756747337e-20  -2.5842939407748029e-09
 +7   -9.3630369229020802e-21  -4.8026444251808211e-10
 +8   +6.1663511813731647e-20  -1.1098084789358051e-10
 +9   -2.3906809186748988e-20  -2.3669648331688160e-11
+10   +5.0015287513632662e-20  -5.2655197043025858e-12
+11   +2.0518000002781852e-20  -1.1741364210649304e-12
+12   +1.0010189712138465e-20  -2.6593719323587289e-13
+13   +1.8992221084360987e-20  -6.0774248081775601e-14
+14   -2.4374957894728792e-20  -1.4019279444956393e-14
+15   -3.7380232896142990e-20  -3.2588862528026239e-15
+16   +3.8822455935451614e-20  -7.6221878006978413e-16
+17   -1.0491485062005815e-19  -1.7983045219543890e-16
+18   +9.8573060904209794e-20  -4.2225658652625373e-17
+19   -1.1608979200511559e-19  -1.0284092070599238e-17
+20   +5.5308720141842847e-20  -2.2329737231815758e-18
+21   -2.6118559571400186e-20  -7.9466986796670681e-19
+22   +3.8890755292712815e-20  +4.0759312134394450e-20
+23   -5.6983005960562892e-20  -1.7926112508239315e-19
+24   +2.5726823474670652e-20  +1.9916967891036002e-19
+25   -8.2475124153553361e-20  -1.5157089368542364e-19
+26   +4.6335183053885936e-20  +8.9392197862570757e-20
+27   -6.9063067356582003e-20  -1.5196818428599520e-19
+28   +1.6363939165964506e-20  +1.4241986875594906e-19
+29   -7.1265067703035121e-20  -1.4046625533988936e-19
+30   +2.0176125295914956e-20  +9.7941156678454952e-20

