-30   +6.8409283327735741e-17  +7.4014868306601172e-18
-29   +9.2358065958512058e-18  +1.0189186883531273e-18
-28   -1.7916730485217711e-16  -6.9327642707804547e-19
-27   -6.3160109471050550e-17  +2.2232059090507101e-18
-26   +4.8707474673395983e-18  -3.4730072410580319e-18
-25   -6.4059957061984349e-17  -8.3691505990424747e-18
-24   -2.7711102799543058e-17  +2.3535499055379820e-18
-23   +1.9400022252907505e-16  -4.7292442003298773e-19
-22   +1.1521310989195513e-16  -2.3956913450048556e-19
-21   -1.7853865658110514e-16  +1.5760354548173526e-18
-20   -2.2204460492503132e-17  -1.2819751242557094e-17
-19   +1.6022001407969612e-16  +2.5475212322090479e-19
-18   -1.3264806356660875e-16  +2.9303701063760090e-18
-17   -1.6988688379287292e-16  +3.6135537000243386e-18
-16   -7.9482906501453073e-16  +3.9836317852747054e-18
-15   -3.4795765264948037e-15  -1.2006069038816529e-18
-14   -1.5119991677864148e-14  -2.3677964835428096e-18
-13   -6.5105016594853390e-14  +1.7891286570825864e-18
-12   -2.8698884126068957e-13  +2.5248418668465036e-18
-11   -1.2786646184750678e-12  -4.1623903253352990e-18
-10   -5.7627226600561723e-12  +1.0110619036895019e-17
 -9   -2.6740475634284946e-11  +3.1626947568964034e-18
 -8   -1.2380485655861765e-10  -2.1367958204128071e-18
 -7   -6.4466439217809377e-10  +1.2297122059418240e-18
 -6   -2.9336337962409806e-09  +6.8692124159009141e-19
 -5   -2.4802134583649947e-08  +3.7936270852377746e-18
 -4   -7.7943442312969039e-08  -1.2875015500643639e-18
 -3   -2.9081141518021219e-06  -4.5070305486046098e-18
 -2   -1.2715221317503763e-06  +3.9924262694121007e-18
 -1   -1.5377316613577861e-03  -8.3808827933129490e-18
 +0   +9.9980744583782200e-01  +0.0000000000000000e+00
 +1   -1.5377316613577861e-03  +8.3808827933129490e-18
 +2   -1.2715221317503763e-06  -3.9924262694121007e-18
 +3   -2.9081141518021219e-06  +4.5070305486046098e-18
 +4   -7.7943442312969039e-08  +1.2875015500643639e-18
 +5   -2.4802134583649947e-08  -3.7936270852377746e-18
 +6   -2.9336337962409806e-09  -6.8692124159009141e-19
 +7   -6.4466439217809377e-10  -1.2297122059418240e-18
 +8   -1.2380485655861765e-10  +2.1367958204128071e-18
 +9   -2.6740475634284946e-11  -3.1626947568964034e-18
+10   -5.7627226600561723e-12  -1.0110619036895019e-17
+11   -1.2786646184750678e-12  +4.1623903253352990e-18
+12   -2.8698884126068957e-13  -2.5248418668465036e-18
+13   -6.5105016594853390e-14  -1.7891286570825864e-18
+14   -1.5119991677864148e-14  +2.3677964835428096e-18
+15   -3.4795765264948037e-15  +1.2006069038816529e-18
+16   -7.9482906501453073e-16  -3.9836317852747054e-18
+17   -1.6988688379287292e-16  -3.6135537000243386e-18
+18   -1.3264806356660875e-16  -2.9303701063760090e-18
+19   +1.6022001407969612e-16  -2.5475212322090479e-19
+20   -2.2204460492503132e-17  +1.2819751242557094e-17
+21   -1.7853865658110514e-16  -1.5760354548173526e-18
+22   +1.1521310989195513e-16  +2.3956913450048556e-19
+23   +1.9400022252907505e-16  +4.7292442003298773e-19
+24   -2.7711102799543058e-17  -2.3535499055379820e-18
+25   -6.4059957061984349e-17  +8.3691505990424747e-18
+26   +4.8707474673395983e-18  +3.4730072410580319e-18
+27   -6.3160109471050550e-17  -2.2232059090507101e-18
+28   -1.7916730485217711e-16  +6.9327642707804547e-19
+29   +9.2358065958512058e-18  -1.0189186883531273e-18
+30   +6.8409283327735741e-17  -7.4014868306601172e-18

