-30   +1.6298677430042434e-16  +5.2336415289459130e-18
-29   +1.5189757021596190e-16  +1.9355208846641483e-19
-28   -2.1450233058203739e-16  -1.8789128502954319e-18
-27   +2.7044090613610828e-17  -3.3082891010901907e-18
-26   +6.4064078716550293e-17  +1.8782887694878198e-18
-25   -2.6977232213751974e-17  +4.7247218307602790e-18
-24   -4.5044792728691671e-17  -2.8557072609933956e-19
-23   -3.5373234153756717e-17  +1.1213943628492701e-18
-22   +2.3731658710901012e-16  +3.8650626756167112e-19
-21   -1.3844284774391492e-17  +6.9499731289729539e-19
-20   -1.1049089961690340e-16  +8.2173010960522059e-33
-19   +1.3752026258182991e-16  -2.8620008785456332e-18
-18   +3.4916145494091595e-17  +1.8545859924937828e-18
-17   -9.7799552517090808e-17  -5.4174664485028707e-19
-16   -1.2479233051796077e-16  +1.4872438945529797e-19
-15   +1.8317726086962917e-16  -5.8661461256611626e-19
-14   -1.0323700609694636e-16  -1.7769155683790101e-18
-13   -7.7144014046547309e-17  +3.6091915658889095e-18
-12   -7.2805534049257820e-17  +2.8599376865628125e-18
-11   -1.9045844261322354e-15  -1.6043619499155398e-18
-10   +1.8461274624160455e-16  -7.1492872828413532e-18
 -9   -2.7201450464440123e-13  -2.7040099138943062e-18
 -8   +2.7854731885743645e-14  +2.7495402447719221e-18
 -7   -4.6559416087981525e-11  +4.4846183317070270e-18
 -6   +1.8688224554786013e-12  -4.6721416881699736e-19
 -5   -9.1123431232542136e-09  +3.8831868124848775e-18
 -4   -2.3580118738342587e-10  -3.1741740108847763e-18
 -3   -2.3483630313688588e-06  +2.7172552250121938e-18
 -2   -2.6064360361934687e-07  +3.4024409107068852e-18
 -1   -1.5355472920459158e-03  -2.0708261494473136e-18
 +0   -9.9999860962692011e-01  +0.0000000000000000e+00
 +1   -1.5355472920459158e-03  +2.0708261494473136e-18
 +2   -2.6064360361934687e-07  -3.4024409107068852e-18
 +3   -2.3483630313688588e-06  -2.7172552250121938e-18
 +4   -2.3580118738342587e-10  +3.1741740108847763e-18
 +5   -9.1123431232542136e-09  -3.8831868124848775e-18
 +6   +1.8688224554786013e-12  +4.6721416881699736e-19
 +7   -4.6559416087981525e-11  -4.4846183317070270e-18
 +8   +2.7854731885743645e-14  -2.7495402447719221e-18
 +9   -2.7201450464440123e-13  +2.7040099138943062e-18
+10   +1.8461274624160455e-16  +7.1492872828413532e-18
+11   -1.9045844261322354e-15  +1.6043619499155398e-18
+12   -7.2805534049257820e-17  -2.8599376865628125e-18
+13   -7.7144014046547309e-17  -3.6091915658889095e-18
+14   -1.0323700609694636e-16  +1.7769155683790101e-18
+15   +1.8317726086962917e-16  +5.8661461256611626e-19
+16   -1.2479233051796077e-16  -1.4872438945529797e-19
+17   -9.7799552517090808e-17  +5.4174664485028707e-19
+18   +3.4916145494091595e-17  -1.8545859924937828e-18
+19   +1.3752026258182991e-16  +2.8620008785456332e-18
+20   -1.1049089961690340e-16  -8.2173010960522059e-33
+21   -1.3844284774391492e-17  -6.9499731289729539e-19
+22   +2.3731658710901012e-16  -3.8650626756167112e-19
+23   -3.5373234153756717e-17  -1.1213943628492701e-18
+24   -4.5044792728691671e-17  +2.8557072609933956e-19
+25   -2.6977232213751974e-17  -4.7247218307602790e-18
+26   +6.4064078716550293e-17  -1.8782887694878198e-18
+27   +2.7044090613610828e-17  +3.3082891010901907e-18
+28   -2.1450233058203739e-16  +1.8789128502954319e-18
+29   +1.5189757021596190e-16  -1.9355208846641483e-19
+30   +1.6298677430042434e-16  -5.2336415289459130e-18

