-30   -3.0517063143036298e-20  +1.1566059682851969e-20
-29   -3.1215868245730868e-20  -5.3903264961833144e-22
-28   -1.7405411908422681e-20  -3.7768945580377635e-21
-27   -8.9656903542885601e-22  +1.5842387069166363e-20
-26   -2.3181730608875047e-20  +5.9182935189185960e-20
-25   -2.7652129193666527e-20  +7.9569820470657184e-21
-24   -1.8400096879197856e-20  +8.0784873722028756e-21
-23   -1.2659198267941783e-20  -3.3861447713617819e-20
-22   -1.6286353724857754e-20  -1.5128533797884792e-20
-21   -2.5447034172610372e-21  +2.4390531428343126e-21
-20   +2.9910071460654457e-21  -1.0127438854476972e-21
-19   -4.4021010716265934e-20  -1.5417683930410878e-20
-18   +6.6300770279079559e-20  -2.2840770077903204e-20
-17   -3.9526861004913959e-20  +1.0627299697058256e-19
-16   -2.3301971440839210e-20  -5.6723043347436003e-20
-15   +2.3622971511220962e-20  -4.4212871813302066e-20
-14   -7.6361367581482705e-20  -6.5058606307279686e-20
-13   +5.5748764270116395e-20  -1.1409398557875603e-17
-12   -1.5292352477104777e-20  +2.4795202982990423e-18
-11   +6.9058470292451894e-20  -1.7150765344961166e-15
-10   -2.6220465130591957e-20  +2.7843804575075015e-16
 -9   +6.1197550163404315e-20  -2.7157450122030153e-13
 -8   -4.2568822581699135e-21  +2.7746887394425849e-14
 -7   +5.6667268923521630e-20  -4.6521421757836328e-11
 -6   -2.7200952737703870e-20  +1.8895612728805353e-12
 -5   +2.1468094164459577e-20  -9.1047630545977652e-09
 -4   +2.6950740119755690e-20  -2.2152253257465345e-10
 -3   +8.5990613811887811e-21  -2.3478836755469052e-06
 -2   +8.0837830049424128e-21  -2.3781975839705283e-07
 -1   -7.2534167031127433e-20  -1.5624893068971030e-03
 +0   +3.6874167637137206e-20  +0.0000000000000000e+00
 +1   -7.2534167031127433e-20  +1.5624893068971030e-03
 +2   +8.0837830049424128e-21  +2.3781975839705283e-07
 +3   +8.5990613811887811e-21  +2.3478836755469052e-06
 +4   +2.6950740119755690e-20  +2.2152253257465345e-10
 +5   +2.1468094164459577e-20  +9.1047630545977652e-09
 +6   -2.7200952737703870e-20  -1.8895612728805353e-12
 +7   +5.6667268923521630e-20  +4.6521421757836328e-11
 +8   -4.2568822581699135e-21  -2.7746887394425849e-14
 +9   +6.1197550163404315e-20  +2.7157450122030153e-13
+10   -2.6220465130591957e-20  -2.7843804575075015e-16
+11   +6.9058470292451894e-20  +1.7150765344961166e-15
+12   -1.5292352477104777e-20  -2.4795202982990423e-18
+13   +5.5748764270116395e-20  +1.1409398557875603e-17
+14   -7.6361367581482705e-20  +6.5058606307279686e-20
+15   +2.3622971511220962e-20  +4.4212871813302066e-20
+16   -2.3301971440839210e-20  +5.6723043347436003e-20
+17   -3.9526861004913959e-20  -1.0627299697058256e-19
+18   +6.6300770279079559e-20  +2.2840770077903204e-20
+19   -4.4021010716265934e-20  +1.5417683930410878e-20
+20   +2.9910071460654457e-21  +1.0127438854476972e-21
+21   -2.5447034172610372e-21  -2.4390531428343126e-21
+22   -1.6286353724857754e-20  +1.5128533797884792e-20
+23   -1.2659198267941783e-20  +3.3861447713617819e-20
+24   -1.8400096879197856e-20  -8.0784873722028756e-21
+25   -2.7652129193666527e-20  -7.9569820470657184e-21
+26   -2.3181730608875047e-20  -5.9182935189185960e-20
+27   -8.9656903542885601e-22  -1.5842387069166363e-20
+28   -1.7405411908422681e-20  +3.7768945580377635e-21
+29   -3.1215868245730868e-20  +5.3903264961833144e-22
+30   -3.0517063143036298e-20  -1.1566059682851969e-20

