-30   +1.7778974796209317e-16  +2.3102411417672157e-17
-29   +1.5454557843251361e-16  -4.6645923190190531e-18
-28   -2.1265875211274213e-16  -6.6134851289179286e-19
-27   +3.4297803321042355e-17  +2.7565090173065805e-19
-26   +6.2256931414010343e-17  +3.2691758596521317e-18
-25   -5.2969505693442784e-17  -3.6152643549575510e-18
-24   -4.3697485692947933e-17  +1.0027160496023861e-18
-23   -2.6486239636167664e-17  +1.7768585841312546e-19
-22   +2.3647933821341131e-16  -7.4873374653623686e-19
-21   -1.3094509886278714e-17  -3.5164288027378108e-18
-20   -5.5245449808451689e-17  +1.4802973661668760e-17
-19   +1.4186312397675516e-16  -2.7821300461479512e-18
-18   +3.6378242832858966e-17  -1.1339274965322247e-18
-17   -9.6334141871346192e-17  -6.8567389512686298e-19
-16   -1.1731411339829103e-16  +8.2380934292034117e-19
-15   +1.9628231898640508e-16  +9.1226122669831277e-18
-14   -1.1521578074038291e-16  -4.8112084120963904e-18
-13   -8.2765683998875915e-17  +2.7042260809226061e-18
-12   -6.5497506158658311e-17  +2.6497948830988589e-18
-11   -1.9178501811044871e-15  -1.5404921369625414e-18
-10   +1.9181573980408873e-15  -2.2723097750915423e-18
 -9   -2.7348088579899871e-13  -5.6587015680097638e-19
 -8   +3.0901961092573424e-13  -2.3721590392149096e-18
 -7   -4.6787911781646456e-11  -2.0353373985069251e-18
 -6   +5.2556375404819030e-11  +4.1950738651805371e-18
 -5   -9.1517589297605993e-09  -1.5159228991548263e-18
 -4   +1.0679298086984516e-08  +7.9332069106803373e-19
 -3   -2.3564572012201077e-06  -2.2946828401908377e-19
 -2   +3.3215175933197957e-06  +1.3012402480036313e-18
 -1   -1.5355563796355396e-03  +2.1358782797964437e-18
 +0   +1.0000036648383290e+00  +0.0000000000000000e+00
 +1   -1.5355563796355396e-03  -2.1358782797964437e-18
 +2   +3.3215175933197957e-06  -1.3012402480036313e-18
 +3   -2.3564572012201077e-06  +2.2946828401908377e-19
 +4   +1.0679298086984516e-08  -7.9332069106803373e-19
 +5   -9.1517589297605993e-09  +1.5159228991548263e-18
 +6   +5.2556375404819030e-11  -4.1950738651805371e-18
 +7   -4.6787911781646456e-11  +2.0353373985069251e-18
 +8   +3.0901961092573424e-13  +2.3721590392149096e-18
 +9   -2.7348088579899871e-13  +5.6587015680097638e-19
+10   +1.9181573980408873e-15  +2.2723097750915423e-18
+11   -1.9178501811044871e-15  +1.5404921369625414e-18
+12   -6.5497506158658311e-17  -2.6497948830988589e-18
+13   -8.2765683998875915e-17  -2.7042260809226061e-18
+14   -1.1521578074038291e-16  +4.8112084120963904e-18
+15   +1.9628231898640508e-16  -9.1226122669831277e-18
+16   -1.1731411339829103e-16  -8.2380934292034117e-19
+17   -9.6334141871346192e-17  +6.8567389512686298e-19
+18   +3.6378242832858966e-17  +1.1339274965322247e-18
+19   +1.4186312397675516e-16  +2.7821300461479512e-18
+20   -5.5245449808451689e-17  -1.4802973661668760e-17
+21   -1.3094509886278714e-17  +3.5164288027378108e-18
+22   +2.3647933821341131e-16  +7.4873374653623686e-19
+23   -2.6486239636167664e-17  -1.7768585841312546e-19
+24   -4.3697485692947933e-17  -1.0027160496023861e-18
+25   -5.2969505693442784e-17  +3.6152643549575510e-18
+26   +6.2256931414010343e-17  -3.2691758596521317e-18
+27   +3.4297803321042355e-17  -2.7565090173065805e-19
+28   -2.1265875211274213e-16  +6.6134851289179286e-19
+29   +1.5454557843251361e-16  +4.6645923190190531e-18
+30   +1.7778974796209317e-16  -2.3102411417672157e-17

