-30   -1.2418343829601893e-16  -8.2994377561130807e-18
-29   -6.6578916531784073e-17  -8.7661471429028418e-19
-28   -1.3425012796302606e-16  +7.1296969053842879e-18
-27   -6.6925508566447221e-17  -1.1858072054233357e-18
-26   +1.8379064421638229e-16  +3.5736852798802603e-18
-25   +1.3656064043673772e-17  -1.9732365110280955e-18
-24   -2.5068795523926726e-17  -2.7807853889312846e-18
-23   -8.1217667482219918e-17  +3.1308466347423903e-18
-22   -4.9616280061846618e-17  +3.9561473124703671e-18
-21   -2.9773677973643531e-17  +6.0818445191825327e-18
-20   -1.2819751242557094e-17  -7.4014868308343768e-18
-19   +1.2734073476752469e-16  +3.8417962501879012e-18
-18   +4.7770833058201547e-17  +7.1600080576170227e-18
-17   -1.2624792904298726e-16  -2.8984093611145279e-18
-16   -8.3244984276833585e-16  -1.2703286554414721e-17
-15   -3.6040018450136148e-15  +1.0960411164937178e-17
-14   -1.4925231656975478e-14  -1.6028340078598047e-18
-13   -6.4985983373269120e-14  -2.9992386952980627e-18
-12   -2.8969889597987702e-13  +8.2209200884536213e-19
-11   -1.1499266745084453e-12  +2.0652703807769094e-18
-10   -5.8449374631111177e-12  +1.3428614812175949e-17
 -9   -4.6432919401570217e-12  +1.4725303117037339e-18
 -8   -1.2767672076122406e-10  -2.4979226448968045e-18
 -7   +3.1807537154714498e-09  +1.0573272493695616e-18
 -6   -3.1726920754162191e-09  -1.0443833444496070e-17
 -5   +7.2497248160940035e-07  +2.9758843828924804e-18
 -4   -7.0615433031861035e-08  -8.1875666804898155e-18
 -3   +1.9035798938881783e-04  -5.1240821315954003e-18
 -2   +1.6588106776322404e-05  -8.4775211976494924e-20
 -1   +1.2483606615746960e-01  -1.0363059037098771e-17
 +0   -1.0003093126022133e+00  +0.0000000000000000e+00
 +1   +1.2483606615746960e-01  +1.0363059037098771e-17
 +2   +1.6588106776322404e-05  +8.4775211976494924e-20
 +3   +1.9035798938881783e-04  +5.1240821315954003e-18
 +4   -7.0615433031861035e-08  +8.1875666804898155e-18
 +5   +7.2497248160940035e-07  -2.9758843828924804e-18
 +6   -3.1726920754162191e-09  +1.0443833444496070e-17
 +7   +3.1807537154714498e-09  -1.0573272493695616e-18
 +8   -1.2767672076122406e-10  +2.4979226448968045e-18
 +9   -4.6432919401570217e-12  -1.4725303117037339e-18
+10   -5.8449374631111177e-12  -1.3428614812175949e-17
+11   -1.1499266745084453e-12  -2.0652703807769094e-18
+12   -2.8969889597987702e-13  -8.2209200884536213e-19
+13   -6.4985983373269120e-14  +2.9992386952980627e-18
+14   -1.4925231656975478e-14  +1.6028340078598047e-18
+15   -3.6040018450136148e-15  -1.0960411164937178e-17
+16   -8.3244984276833585e-16  +1.2703286554414721e-17
+17   -1.2624792904298726e-16  +2.8984093611145279e-18
+18   +4.7770833058201547e-17  -7.1600080576170227e-18
+19   +1.2734073476752469e-16  -3.8417962501879012e-18
+20   -1.2819751242557094e-17  +7.4014868308343768e-18
+21   -2.9773677973643531e-17  -6.0818445191825327e-18
+22   -4.9616280061846618e-17  -3.9561473124703671e-18
+23   -8.1217667482219918e-17  -3.1308466347423903e-18
+24   -2.5068795523926726e-17  +2.7807853889312846e-18
+25   +1.3656064043673772e-17  +1.9732365110280955e-18
+26   +1.8379064421638229e-16  -3.5736852798802603e-18
+27   -6.6925508566447221e-17  +1.1858072054233357e-18
+28   -1.3425012796302606e-16  -7.1296969053842879e-18
+29   -6.6578916531784073e-17  +8.7661471429028418e-19
+30   -1.2418343829601893e-16  +8.2994377561130807e-18

