-30   +2.6760933556693779e-18  -1.0307777039809078e-18
-29   +3.2612757994535823e-18  +3.4447147844273571e-18
-28   +2.2222125055926645e-18  +3.0403774482337251e-20
-27   -5.4638038100857102e-19  +1.4576428223900902e-18
-26   +1.1402629909944001e-18  +5.1649926712489604e-19
-25   +2.1560386405785705e-18  -1.2694274504799011e-18
-24   +7.3999712396636213e-19  -7.0236737307443295e-19
-23   -6.0225824072064104e-19  +1.1815096846372246e-19
-22   +1.6734842570024746e-18  -6.4847148420768995e-20
-21   -1.2951766300114786e-19  +1.6382510438056757e-18
-20   -2.9450000842835424e-19  +3.0118063154948601e-18
-19   +3.9518493776916716e-18  +8.9260956078975463e-18
-18   -3.7918112438723631e-18  +4.4180905853008487e-17
-17   +3.8085452252436397e-18  +1.7124147284408752e-16
-16   +8.2363351913904314e-19  +7.7086790827635117e-16
-15   -2.9048681112540716e-18  +3.2611574295464330e-15
-14   +5.5346174176220172e-18  +1.4019998922712153e-14
-13   -4.4626691779444990e-18  +6.1716124183042493e-14
-12   +1.4875545678057234e-18  +2.6573513202343028e-13
-11   -4.5837295324773464e-18  +1.3153059211725031e-12
-10   +1.3357284625616451e-18  +5.2426888092019253e-12
 -9   -4.5251617876761896e-18  +4.6020772436187588e-11
 -8   +1.5719516807472546e-19  +1.0869904724669519e-10
 -7   -4.4127736611633931e-18  +4.3090124811201573e-09
 -6   +1.6369990301748386e-18  +2.4288234887366763e-09
 -5   -2.9957967157608501e-18  +7.5344301309755620e-07
 -4   -2.5460245347273339e-18  +9.0316450256401443e-08
 -3   -4.2782696909173622e-19  +1.9131733883173192e-04
 -2   -3.8795995170763391e-19  +2.2617897542124103e-05
 -1   +8.8523037247567064e-18  +1.2703241603261328e-01
 +0   -2.4575249243004767e-19  +0.0000000000000000e+00
 +1   +8.8523037247567064e-18  -1.2703241603261328e-01
 +2   -3.8795995170763391e-19  -2.2617897542124103e-05
 +3   -4.2782696909173622e-19  -1.9131733883173192e-04
 +4   -2.5460245347273339e-18  -9.0316450256401443e-08
 +5   -2.9957967157608501e-18  -7.5344301309755620e-07
 +6   +1.6369990301748386e-18  -2.4288234887366763e-09
 +7   -4.4127736611633931e-18  -4.3090124811201573e-09
 +8   +1.5719516807472546e-19  -1.0869904724669519e-10
 +9   -4.5251617876761896e-18  -4.6020772436187588e-11
+10   +1.3357284625616451e-18  -5.2426888092019253e-12
+11   -4.5837295324773464e-18  -1.3153059211725031e-12
+12   +1.4875545678057234e-18  -2.6573513202343028e-13
+13   -4.4626691779444990e-18  -6.1716124183042493e-14
+14   +5.5346174176220172e-18  -1.4019998922712153e-14
+15   -2.9048681112540716e-18  -3.2611574295464330e-15
+16   +8.2363351913904314e-19  -7.7086790827635117e-16
+17   +3.8085452252436397e-18  -1.7124147284408752e-16
+18   -3.7918112438723631e-18  -4.4180905853008487e-17
+19   +3.9518493776916716e-18  -8.9260956078975463e-18
+20   -2.9450000842835424e-19  -3.0118063154948601e-18
+21   -1.2951766300114786e-19  -1.6382510438056757e-18
+22   +1.6734842570024746e-18  +6.4847148420768995e-20
+23   -6.0225824072064104e-19  -1.1815096846372246e-19
+24   +7.3999712396636213e-19  +7.0236737307443295e-19
+25   +2.1560386405785705e-18  +1.2694274504799011e-18
+26   +1.1402629909944001e-18  -5.1649926712489604e-19
+27   -5.4638038100857102e-19  -1.4576428223900902e-18
+28   +2.2222125055926645e-18  -3.0403774482337251e-20
+29   +3.2612757994535823e-18  -3.4447147844273571e-18
+30   +2.6760933556693779e-18  +1.0307777039809078e-18

