-30   -2.7236723328770323e-16  +7.4014927805048047e-18
-29   -1.4756789057678491e-16  -1.1000051349848258e-18
-28   -1.2309979479511289e-16  +3.2078600054629284e-18
-27   -9.2485657677819459e-18  +1.6751823114614893e-18
-26   +2.1543033654288450e-16  +1.5771695585889063e-18
-25   +2.2418116935111513e-16  -1.1100554327415504e-18
-24   +8.8955372269379310e-16  -1.7103907656494005e-18
-23   +3.3319746391229318e-15  -7.4667077543315867e-19
-22   +1.3471693912045164e-14  -4.3274103637199525e-19
-21   +5.3577996455992197e-14  -1.0282894371410236e-18
-20   +2.1273964479224786e-13  -7.4014868308545714e-18
-19   +8.4547740186016114e-13  -3.5982055076635605e-18
-18   +3.3659716480749227e-12  +4.9465036624171324e-18
-17   +1.3422814911192550e-11  +3.2121972388777603e-18
-16   +5.3617024612989352e-11  -7.9729192647060995e-18
-15   +2.1457429607673050e-10  -4.5726499077190406e-18
-14   +8.6055382276383361e-10  +5.5774439292082773e-18
-13   +3.4596812272997033e-09  -5.5667853764000168e-19
-12   +1.3948139685356308e-08  -2.2173414606002765e-18
-11   +5.6418925125511585e-08  +2.9731359042412869e-18
-10   +2.2909950548827202e-07  -2.2876316438353402e-17
 -9   +9.3466845733805271e-07  +1.0394550432713866e-18
 -8   +3.8351250543390245e-06  -1.9358218836986387e-18
 -7   +1.5849980181446879e-05  -2.7942338325553292e-19
 -6   +6.6111405081108499e-05  +3.2579083811081825e-18
 -5   +2.7923345209111865e-04  +2.2732105549779408e-18
 -4   +1.1993458607112970e-03  +3.8217059297695606e-18
 -3   +5.2986830924639768e-03  +8.6825549086496953e-18
 -2   +2.4277790879996947e-02  -2.8360207912865433e-19
 -1   +1.2769068089108371e-01  -1.1056948427489493e-17
 +0   +1.0152518503582080e+00  +0.0000000000000000e+00
 +1   +1.2769068089108371e-01  +1.1056948427489493e-17
 +2   +2.4277790879996947e-02  +2.8360207912865433e-19
 +3   +5.2986830924639768e-03  -8.6825549086496953e-18
 +4   +1.1993458607112970e-03  -3.8217059297695606e-18
 +5   +2.7923345209111865e-04  -2.2732105549779408e-18
 +6   +6.6111405081108499e-05  -3.2579083811081825e-18
 +7   +1.5849980181446879e-05  +2.7942338325553292e-19
 +8   +3.8351250543390245e-06  +1.9358218836986387e-18
 +9   +9.3466845733805271e-07  -1.0394550432713866e-18
+10   +2.2909950548827202e-07  +2.2876316438353402e-17
+11   +5.6418925125511585e-08  -2.9731359042412869e-18
+12   +1.3948139685356308e-08  +2.2173414606002765e-18
+13   +3.4596812272997033e-09  +5.5667853764000168e-19
+14   +8.6055382276383361e-10  -5.5774439292082773e-18
+15   +2.1457429607673050e-10  +4.5726499077190406e-18
+16   +5.3617024612989352e-11  +7.9729192647060995e-18
+17   +1.3422814911192550e-11  -3.2121972388777603e-18
+18   +3.3659716480749227e-12  -4.9465036624171324e-18
+19   +8.4547740186016114e-13  +3.5982055076635605e-18
+20   +2.1273964479224786e-13  +7.4014868308545714e-18
+21   +5.3577996455992197e-14  +1.0282894371410236e-18
+22   +1.3471693912045164e-14  +4.3274103637199525e-19
+23   +3.3319746391229318e-15  +7.4667077543315867e-19
+24   +8.8955372269379310e-16  +1.7103907656494005e-18
+25   +2.2418116935111513e-16  +1.1100554327415504e-18
+26   +2.1543033654288450e-16  -1.5771695585889063e-18
+27   -9.2485657677819459e-18  -1.6751823114614893e-18
+28   -1.2309979479511289e-16  -3.2078600054629284e-18
+29   -1.4756789057678491e-16  +1.1000051349848258e-18
+30   -2.7236723328770323e-16  -7.4014927805048047e-18

