-30   -2.1352728773954603e-16  -1.2635128359780523e-17
-29   -6.0876144351649958e-17  +1.1423463768122324e-18
-28   -8.9530219903839897e-17  -1.4243514086959098e-19
-27   -3.3497180683631247e-17  -1.7914596525594874e-18
-26   +1.7624065984346597e-16  +3.7593525366085404e-18
-25   -3.4162299716753621e-17  -1.3154163305278296e-17
-24   +5.4148872940447916e-17  +7.6952033598365420e-18
-23   -9.1176994145690987e-17  +1.0866707561965811e-19
-22   -2.0228988308819901e-17  -4.4729912945503126e-18
-21   +4.6743965486361637e-17  -9.2346948961891635e-19
-20   +1.1049089961690340e-16  -8.2173010960522059e-33
-19   +1.4102689373956565e-16  -8.4157135089754523e-18
-18   -7.7228621066406215e-18  +1.3662005188902936e-18
-17   +6.9186435563387655e-17  +3.7327999648899303e-18
-16   +1.2309870367652656e-16  -1.3223170419481054e-17
-15   -1.2807820010242094e-17  -9.6732549074450099e-24
-14   -1.5685896049989567e-17  -1.6173747005692833e-18
-13   +9.0260013165483956e-16  +3.3620011583568965e-19
-12   -1.0170785580254938e-16  +3.0164162200636971e-18
-11   +1.3944870548933042e-13  -6.9391021050491825e-18
-10   -2.2719602158190999e-14  +9.8584194887029745e-18
 -9   +2.2095367296544632e-11  -1.6759008660561069e-18
 -8   -2.2536035751144999e-12  -3.9798681959786061e-18
 -7   +3.7853047559679104e-09  -4.6261899870507800e-18
 -6   -1.5194192148417933e-10  -4.4907566330207323e-18
 -5   +7.4083885209861271e-07  +1.8956346778971012e-17
 -4   +1.9170784457735864e-08  -4.6888986359264052e-18
 -3   +1.9092329292891454e-04  +1.7288661625970919e-18
 -2   +2.1190477985578847e-05  +1.8339541912421676e-19
 -1   +1.2484089620958944e-01  -3.1928686697279679e-18
 +0   -1.0001130381472239e+00  +0.0000000000000000e+00
 +1   +1.2484089620958944e-01  +3.1928686697279679e-18
 +2   +2.1190477985578847e-05  -1.8339541912421676e-19
 +3   +1.9092329292891454e-04  -1.7288661625970919e-18
 +4   +1.9170784457735864e-08  +4.6888986359264052e-18
 +5   +7.4083885209861271e-07  -1.8956346778971012e-17
 +6   -1.5194192148417933e-10  +4.4907566330207323e-18
 +7   +3.7853047559679104e-09  +4.6261899870507800e-18
 +8   -2.2536035751144999e-12  +3.9798681959786061e-18
 +9   +2.2095367296544632e-11  +1.6759008660561069e-18
+10   -2.2719602158190999e-14  -9.8584194887029745e-18
+11   +1.3944870548933042e-13  +6.9391021050491825e-18
+12   -1.0170785580254938e-16  -3.0164162200636971e-18
+13   +9.0260013165483956e-16  -3.3620011583568965e-19
+14   -1.5685896049989567e-17  +1.6173747005692833e-18
+15   -1.2807820010242094e-17  +9.6732549074450099e-24
+16   +1.2309870367652656e-16  +1.3223170419481054e-17
+17   +6.9186435563387655e-17  -3.7327999648899303e-18
+18   -7.7228621066406215e-18  -1.3662005188902936e-18
+19   +1.4102689373956565e-16  +8.4157135089754523e-18
+20   +1.1049089961690340e-16  +8.2173010960522059e-33
+21   +4.6743965486361637e-17  +9.2346948961891635e-19
+22   -2.0228988308819901e-17  +4.4729912945503126e-18
+23   -9.1176994145690987e-17  -1.0866707561965811e-19
+24   +5.4148872940447916e-17  -7.6952033598365420e-18
+25   -3.4162299716753621e-17  +1.3154163305278296e-17
+26   +1.7624065984346597e-16  -3.7593525366085404e-18
+27   -3.3497180683631247e-17  +1.7914596525594874e-18
+28   -8.9530219903839897e-17  +1.4243514086959098e-19
+29   -6.0876144351649958e-17  -1.1423463768122324e-18
+30   -2.1352728773954603e-16  +1.2635128359780523e-17

