-30   +2.9526127565349406e-18  -9.2897078173325866e-19
-29   +1.1620015316495722e-18  -3.3941784944097330e-19
-28   +1.5781304336038959e-18  +1.1483117346766062e-18
-27   +4.9338139385036534e-19  +8.2507136851607465e-19
-26   -4.6537280169683834e-19  -8.6738509184203938e-19
-25   +2.4010960323912939e-18  -2.0087455697331598e-18
-24   -1.3443665185049107e-19  +1.5343700665977143e-18
-23   -1.2132061103722627e-18  +1.5570231499431602e-19
-22   +1.6770547240481915e-18  +2.4848155920056737e-19
-21   -1.6206312907910104e-18  -8.8787862097152877e-20
-20   -1.1978368293093971e-19  +6.2541752395160096e-19
-19   +5.7897044321577921e-18  -2.3550130579875450e-19
-18   -4.2828776018623238e-18  +2.6131589188635159e-18
-17   +2.8880175329736254e-18  -9.7628244469258479e-18
-16   +3.4442610276993828e-18  +5.7753832978543889e-18
-15   -2.4491592792557478e-18  +2.7693206896967178e-18
-14   +6.2930446101630767e-18  +1.6622277280268675e-18
-13   -3.9241631782603222e-18  +9.2903406889125569e-16
-12   +1.1366307846175428e-18  -2.0390988375080549e-16
-11   -2.9995203674976300e-18  +1.3943731140344994e-13
-10   +1.4142930054671021e-18  -2.2636265342599816e-14
 -9   -6.9740047994508078e-18  +2.2079167766335688e-11
 -8   +1.2132843668265234e-18  -2.2558382793743524e-12
 -7   -4.4477830741866213e-18  +3.7822188954324814e-09
 -6   +6.0697932771056928e-19  -1.5362243839710535e-10
 -5   -2.7279472513193059e-18  +7.4022258083636201e-07
 -4   -1.2085444563256451e-18  +1.8009911932759278e-08
 -3   -3.0088496472989173e-19  +1.9088432102968002e-04
 -2   -9.1464503831035782e-19  +1.9334885957877507e-05
 -1   +6.8862837853163251e-18  +1.2703129783195788e-01
 +0   -1.3841647735398274e-18  +0.0000000000000000e+00
 +1   +6.8862837853163251e-18  -1.2703129783195788e-01
 +2   -9.1464503831035782e-19  -1.9334885957877507e-05
 +3   -3.0088496472989173e-19  -1.9088432102968002e-04
 +4   -1.2085444563256451e-18  -1.8009911932759278e-08
 +5   -2.7279472513193059e-18  -7.4022258083636201e-07
 +6   +6.0697932771056928e-19  +1.5362243839710535e-10
 +7   -4.4477830741866213e-18  -3.7822188954324814e-09
 +8   +1.2132843668265234e-18  +2.2558382793743524e-12
 +9   -6.9740047994508078e-18  -2.2079167766335688e-11
+10   +1.4142930054671021e-18  +2.2636265342599816e-14
+11   -2.9995203674976300e-18  -1.3943731140344994e-13
+12   +1.1366307846175428e-18  +2.0390988375080549e-16
+13   -3.9241631782603222e-18  -9.2903406889125569e-16
+14   +6.2930446101630767e-18  -1.6622277280268675e-18
+15   -2.4491592792557478e-18  -2.7693206896967178e-18
+16   +3.4442610276993828e-18  -5.7753832978543889e-18
+17   +2.8880175329736254e-18  +9.7628244469258479e-18
+18   -4.2828776018623238e-18  -2.6131589188635159e-18
+19   +5.7897044321577921e-18  +2.3550130579875450e-19
+20   -1.1978368293093971e-19  -6.2541752395160096e-19
+21   -1.6206312907910104e-18  +8.8787862097152877e-20
+22   +1.6770547240481915e-18  -2.4848155920056737e-19
+23   -1.2132061103722627e-18  -1.5570231499431602e-19
+24   -1.3443665185049107e-19  -1.5343700665977143e-18
+25   +2.4010960323912939e-18  +2.0087455697331598e-18
+26   -4.6537280169683834e-19  +8.6738509184203938e-19
+27   +4.9338139385036534e-19  -8.2507136851607465e-19
+28   +1.5781304336038959e-18  -1.1483117346766062e-18
+29   +1.1620015316495722e-18  +3.3941784944097330e-19
+30   +2.9526127565349406e-18  +9.2897078173325866e-19

