-30   -2.4186333360647252e-16  -3.0503895767568154e-17
-29   -1.4222293980238757e-16  +1.3032612769324367e-18
-28   -1.1502594108288577e-16  +5.0512772480197613e-18
-27   -5.9489626145153572e-18  -1.6218055728424743e-18
-26   +2.1983726198466958e-16  +4.6029108208236441e-18
-25   +2.3214631528530713e-16  -2.6853236334611388e-18
-24   +8.9233894077176019e-16  -7.0564297286697261e-19
-23   +3.3447176700505388e-15  -2.0829754757591125e-18
-22   +1.3551921963478650e-14  -4.3380144644846803e-18
-21   +5.3902730735629755e-14  +4.6112014515324289e-18
-20   +2.1389186634854890e-13  -7.4014868308545714e-18
-19   +8.4983670933809894e-13  -2.1653459846983370e-18
-18   +3.3824426637300893e-12  +1.1463774367714721e-19
-17   +1.3485174885898105e-11  +5.2904924807204300e-18
-16   +5.3852725110820130e-11  -6.0994880267880996e-18
-15   +2.1546408751386309e-10  -8.2119439917314176e-18
-14   +8.6390784097169202e-10  -1.2649707437644068e-18
-13   +3.4723030823416720e-09  -5.7610758336397586e-18
-12   +1.3995549970969581e-08  -6.3344443624033093e-18
-11   +5.6596634270616376e-08  +7.4287903752909772e-18
-10   +2.2976402546413226e-07  -6.7385564946657990e-18
 -9   +9.3714652715409393e-07  +3.7835029791964183e-18
 -8   +3.8443366718101467e-06  -7.7715139793369350e-19
 -7   +1.5884094668227575e-05  -3.6231141769734589e-18
 -6   +6.6237184944787007e-05  -5.8757043579980887e-18
 -5   +2.7969474078541216e-04  +4.9385408956714724e-18
 -4   +1.2010260097590525e-03  -7.6085525260250511e-19
 -3   +5.3047520425254660e-03  +7.0345676064717282e-18
 -2   +2.4299275280686081e-02  +2.9256363514284388e-18
 -1   +1.2775128188004808e-01  -3.0772204379961804e-18
 +0   +1.0154770964826665e+00  +0.0000000000000000e+00
 +1   +1.2775128188004808e-01  +3.0772204379961804e-18
 +2   +2.4299275280686081e-02  -2.9256363514284388e-18
 +3   +5.3047520425254660e-03  -7.0345676064717282e-18
 +4   +1.2010260097590525e-03  +7.6085525260250511e-19
 +5   +2.7969474078541216e-04  -4.9385408956714724e-18
 +6   +6.6237184944787007e-05  +5.8757043579980887e-18
 +7   +1.5884094668227575e-05  +3.6231141769734589e-18
 +8   +3.8443366718101467e-06  +7.7715139793369350e-19
 +9   +9.3714652715409393e-07  -3.7835029791964183e-18
+10   +2.2976402546413226e-07  +6.7385564946657990e-18
+11   +5.6596634270616376e-08  -7.4287903752909772e-18
+12   +1.3995549970969581e-08  +6.3344443624033093e-18
+13   +3.4723030823416720e-09  +5.7610758336397586e-18
+14   +8.6390784097169202e-10  +1.2649707437644068e-18
+15   +2.1546408751386309e-10  +8.2119439917314176e-18
+16   +5.3852725110820130e-11  +6.0994880267880996e-18
+17   +1.3485174885898105e-11  -5.2904924807204300e-18
+18   +3.3824426637300893e-12  -1.1463774367714721e-19
+19   +8.4983670933809894e-13  +2.1653459846983370e-18
+20   +2.1389186634854890e-13  +7.4014868308545714e-18
+21   +5.3902730735629755e-14  -4.6112014515324289e-18
+22   +1.3551921963478650e-14  +4.3380144644846803e-18
+23   +3.3447176700505388e-15  +2.0829754757591125e-18
+24   +8.9233894077176019e-16  +7.0564297286697261e-19
+25   +2.3214631528530713e-16  +2.6853236334611388e-18
+26   +2.1983726198466958e-16  -4.6029108208236441e-18
+27   -5.9489626145153572e-18  +1.6218055728424743e-18
+28   -1.1502594108288577e-16  -5.0512772480197613e-18
+29   -1.4222293980238757e-16  -1.3032612769324367e-18
+30   -2.4186333360647252e-16  +3.0503895767568154e-17

