-30   -1.0048591735577328e-15  +1.3874209932068991e-16
-29   -1.9616362893261078e-16  -1.9232485289741587e-16
-28   +9.8810503221648224e-17  +8.9551953461315515e-17
-27   +5.9365806797920265e-16  +2.4202592639254546e-17
-26   +3.4954147374963558e-16  -2.1101385819718370e-16
-25   -9.3524424558491138e-16  +3.0262705237000185e-17
-24   +1.5368393275135369e-16  -2.7746127183023145e-16
-23   +5.7448043420704287e-16  -1.6618946851665602e-16
-22   +4.6707683455298905e-17  -2.2239502490906133e-16
-21   +7.7886056977636328e-17  -9.9938721683240276e-17
-20   +3.4676892235025385e-16  +3.4676892235025375e-16
-19   -1.8555627545757989e-17  +1.6529088166941199e-16
-18   +6.0501237152623161e-17  -3.1408667647187571e-16
-17   -5.3610604628866195e-16  -1.9340866414462729e-16
-16   -8.0189401622884952e-16  -3.0439357629848684e-16
-15   -3.5190452539968477e-15  +5.1024595665329202e-16
-14   -1.5491879277128731e-14  -2.7131500722760677e-16
-13   -6.5144741208982809e-14  +5.6491016155038634e-17
-12   -2.8941203709608867e-13  -2.2356145833998665e-16
-11   -1.2898907637209399e-12  +2.2464335530288248e-16
-10   -5.8223040016486649e-12  +6.9440196468877440e-16
 -9   -2.6738027875943047e-11  -1.0085064519242509e-16
 -8   -1.2542389713592551e-10  -1.7164914150510649e-16
 -7   -6.0449086210421839e-10  -4.2244648946585646e-17
 -6   -3.0207530428154352e-09  +3.7403196477967057e-17
 -5   -1.5854459419411204e-08  -1.4937513584654694e-16
 -4   -8.9785909121838604e-08  +1.4936176518883489e-16
 -3   -5.6223395927604342e-07  +8.8049849549300862e-17
 -2   -4.6020305180614693e-06  +4.9080177104867695e-17
 -1   -2.8229149182412339e-06  -7.8672017800329465e-17
 +0   -1.0022386409482966e+02  +0.0000000000000000e+00
 +1   -2.8229149182412339e-06  +7.8672017800329465e-17
 +2   -4.6020305180614693e-06  -4.9080177104867695e-17
 +3   -5.6223395927604342e-07  -8.8049849549300862e-17
 +4   -8.9785909121838604e-08  -1.4936176518883489e-16
 +5   -1.5854459419411204e-08  +1.4937513584654694e-16
 +6   -3.0207530428154352e-09  -3.7403196477967057e-17
 +7   -6.0449086210421839e-10  +4.2244648946585646e-17
 +8   -1.2542389713592551e-10  +1.7164914150510649e-16
 +9   -2.6738027875943047e-11  +1.0085064519242509e-16
+10   -5.8223040016486649e-12  -6.9440196468877440e-16
+11   -1.2898907637209399e-12  -2.2464335530288248e-16
+12   -2.8941203709608867e-13  +2.2356145833998665e-16
+13   -6.5144741208982809e-14  -5.6491016155038634e-17
+14   -1.5491879277128731e-14  +2.7131500722760677e-16
+15   -3.5190452539968477e-15  -5.1024595665329202e-16
+16   -8.0189401622884952e-16  +3.0439357629848684e-16
+17   -5.3610604628866195e-16  +1.9340866414462729e-16
+18   +6.0501237152623161e-17  +3.1408667647187571e-16
+19   -1.8555627545757989e-17  -1.6529088166941199e-16
+20   +3.4676892235025385e-16  -3.4676892235025375e-16
+21   +7.7886056977636328e-17  +9.9938721683240276e-17
+22   +4.6707683455298905e-17  +2.2239502490906133e-16
+23   +5.7448043420704287e-16  +1.6618946851665602e-16
+24   +1.5368393275135369e-16  +2.7746127183023145e-16
+25   -9.3524424558491138e-16  -3.0262705237000185e-17
+26   +3.4954147374963558e-16  +2.1101385819718370e-16
+27   +5.9365806797920265e-16  -2.4202592639254546e-17
+28   +9.8810503221648224e-17  -8.9551953461315515e-17
+29   -1.9616362893261078e-16  +1.9232485289741587e-16
+30   -1.0048591735577328e-15  -1.3874209932068991e-16

