-30   +5.2124715762845012e-20  -1.2417831835264476e-19
-29   -5.2151768525320709e-20  +1.2795846482077762e-19
-28   +5.2340543359185820e-20  -1.3392885375489774e-19
-27   -5.2275208971663019e-20  +1.3861902439662401e-19
-26   +5.2458354053581483e-20  -1.4398533492043923e-19
-25   -5.2560740094161493e-20  +1.5289367331244423e-19
-24   +5.2678713443797983e-20  -1.4992185074771086e-19
-23   -5.2667185293124906e-20  +1.9786681400791104e-19
-22   +5.2876771322399504e-20  -3.2921248317584384e-20
-21   -5.3105641491537803e-20  +7.5868679303465748e-19
-20   +5.3238395964225759e-20  +2.2194165152037990e-18
-19   -5.3724882663776728e-20  +1.0300219484642094e-17
-18   +5.3736857178837657e-20  +4.2263150557340338e-17
-17   -5.3891877191552044e-20  +1.7973072439405519e-16
-16   +5.4329653776894316e-20  +7.6231462352341066e-16
-15   -5.4836895289667842e-20  +3.2589100534412498e-15
-14   +5.5214382025052558e-20  +1.4019293665800077e-14
-13   -5.5562601011935732e-20  +6.0785674120314271e-14
-12   +5.6642042936476860e-20  +2.6593469568210342e-13
-11   -5.7585421072416966e-20  +1.1758514516137986e-12
-10   +5.9009613646176426e-20  +5.2652412657483171e-12
 -9   -6.0624746185588005e-20  +2.3941218497851226e-11
 -8   +6.3383642382723874e-20  +1.1095310147304262e-10
 -7   -6.6721214574894875e-20  +5.2678511632762721e-10
 -6   +7.2549470578983453e-20  +2.5824044099168693e-09
 -5   -8.0919219149870779e-20  +1.3220219707673706e-08
 -4   +1.0026730028890034e-19  +7.2305375811207684e-08
 -3   -1.3545666645438953e-19  +4.3301084018090809e-07
 -2   +2.5143445546387935e-19  +3.2829588014282511e-06
 -1   -8.2869005599564521e-19  +1.1181826774721471e-06
 +0   +1.3245274777712174e-18  +0.0000000000000000e+00
 +1   -8.2869005599564521e-19  -1.1181826774721471e-06
 +2   +2.5143445546387935e-19  -3.2829588014282511e-06
 +3   -1.3545666645438953e-19  -4.3301084018090809e-07
 +4   +1.0026730028890034e-19  -7.2305375811207684e-08
 +5   -8.0919219149870779e-20  -1.3220219707673706e-08
 +6   +7.2549470578983453e-20  -2.5824044099168693e-09
 +7   -6.6721214574894875e-20  -5.2678511632762721e-10
 +8   +6.3383642382723874e-20  -1.1095310147304262e-10
 +9   -6.0624746185588005e-20  -2.3941218497851226e-11
+10   +5.9009613646176426e-20  -5.2652412657483171e-12
+11   -5.7585421072416966e-20  -1.1758514516137986e-12
+12   +5.6642042936476860e-20  -2.6593469568210342e-13
+13   -5.5562601011935732e-20  -6.0785674120314271e-14
+14   +5.5214382025052558e-20  -1.4019293665800077e-14
+15   -5.4836895289667842e-20  -3.2589100534412498e-15
+16   +5.4329653776894316e-20  -7.6231462352341066e-16
+17   -5.3891877191552044e-20  -1.7973072439405519e-16
+18   +5.3736857178837657e-20  -4.2263150557340338e-17
+19   -5.3724882663776728e-20  -1.0300219484642094e-17
+20   +5.3238395964225759e-20  -2.2194165152037990e-18
+21   -5.3105641491537803e-20  -7.5868679303465748e-19
+22   +5.2876771322399504e-20  +3.2921248317584384e-20
+23   -5.2667185293124906e-20  -1.9786681400791104e-19
+24   +5.2678713443797983e-20  +1.4992185074771086e-19
+25   -5.2560740094161493e-20  -1.5289367331244423e-19
+26   +5.2458354053581483e-20  +1.4398533492043923e-19
+27   -5.2275208971663019e-20  -1.3861902439662401e-19
+28   +5.2340543359185820e-20  +1.3392885375489774e-19
+29   -5.2151768525320709e-20  -1.2795846482077762e-19
+30   +5.2124715762845012e-20  +1.2417831835264476e-19

