-30   -4.0887824444892732e-20  -1.4661500635856573e-19
-29   +2.0487422764492026e-20  +1.2790211987126651e-20
-28   +8.1941119367157496e-20  +1.0103019890414468e-20
-27   +1.1754071542856990e-19  -1.8227086343009312e-20
-26   -6.8717921927708295e-21  +1.7705214705585995e-20
-25   -3.1739202649102036e-20  -5.6194544867583179e-20
-24   -2.5662388473438259e-20  +5.1866804938110556e-20
-23   -3.2952421630503033e-20  -3.4860678731347210e-20
-22   +4.7630991177009376e-20  -5.4549204208562393e-20
-21   +1.0270013633607435e-19  -1.6598145728228756e-20
-20   -5.7824115865893581e-20  -2.1580253831426441e-19
-19   -8.4080098718300091e-20  +6.7928082345371333e-24
-18   +5.6597520773020875e-20  +2.9143581323838107e-20
-17   +4.8036382962468353e-20  -1.1745071218595631e-21
-16   -1.3011626904225053e-19  +1.0064070133351273e-20
-15   -4.3436777308052263e-19  -2.0443912224364604e-20
-14   -1.3888622823851067e-18  +4.2097382723339366e-23
-13   -6.5482116015014948e-18  +2.4297520229827136e-20
-12   -2.8820074759446781e-17  +8.9945529335082810e-21
-11   -1.2838950884879040e-16  +1.5522517693228959e-21
-10   -5.7963806117119086e-16  -1.0199069716385605e-21
 -9   -2.6618136258763885e-15  -1.8430887503584870e-20
 -8   -1.2486251901028755e-14  +1.8454552612884652e-20
 -7   -6.0178878035986953e-14  +2.5448795251776661e-21
 -6   -3.0072579652064224e-13  +3.8714357533085943e-20
 -5   -1.5783641846627951e-12  +1.1459705933352527e-19
 -4   -8.9384956061841341e-12  +3.8398144895159921e-21
 -3   -5.5972480834790783e-11  +3.9937339799220011e-21
 -2   -4.5814947957770178e-10  +2.8184494853892811e-20
 -1   -2.8103179883890112e-10  -3.1129224661192443e-20
 +0   +9.9776635937108352e-03  +0.0000000000000000e+00
 +1   -2.8103179883890112e-10  +3.1129224661192443e-20
 +2   -4.5814947957770178e-10  -2.8184494853892811e-20
 +3   -5.5972480834790783e-11  -3.9937339799220011e-21
 +4   -8.9384956061841341e-12  -3.8398144895159921e-21
 +5   -1.5783641846627951e-12  -1.1459705933352527e-19
 +6   -3.0072579652064224e-13  -3.8714357533085943e-20
 +7   -6.0178878035986953e-14  -2.5448795251776661e-21
 +8   -1.2486251901028755e-14  -1.8454552612884652e-20
 +9   -2.6618136258763885e-15  +1.8430887503584870e-20
+10   -5.7963806117119086e-16  +1.0199069716385605e-21
+11   -1.2838950884879040e-16  -1.5522517693228959e-21
+12   -2.8820074759446781e-17  -8.9945529335082810e-21
+13   -6.5482116015014948e-18  -2.4297520229827136e-20
+14   -1.3888622823851067e-18  -4.2097382723339366e-23
+15   -4.3436777308052263e-19  +2.0443912224364604e-20
+16   -1.3011626904225053e-19  -1.0064070133351273e-20
+17   +4.8036382962468353e-20  +1.1745071218595631e-21
+18   +5.6597520773020875e-20  -2.9143581323838107e-20
+19   -8.4080098718300091e-20  -6.7928082345371333e-24
+20   -5.7824115865893581e-20  +2.1580253831426441e-19
+21   +1.0270013633607435e-19  +1.6598145728228756e-20
+22   +4.7630991177009376e-20  +5.4549204208562393e-20
+23   -3.2952421630503033e-20  +3.4860678731347210e-20
+24   -2.5662388473438259e-20  -5.1866804938110556e-20
+25   -3.1739202649102036e-20  +5.6194544867583179e-20
+26   -6.8717921927708295e-21  -1.7705214705585995e-20
+27   +1.1754071542856990e-19  +1.8227086343009312e-20
+28   +8.1941119367157496e-20  -1.0103019890414468e-20
+29   +2.0487422764492026e-20  -1.2790211987126651e-20
+30   -4.0887824444892732e-20  +1.4661500635856573e-19

