-30   +1.4071944069756428e-17  -7.3684640921472458e-20
-29   -2.1362760056621301e-18  -1.0893846886603358e-18
-28   -6.2864394901122563e-18  +1.1410051595713802e-20
-27   -4.9527437818416537e-19  +1.0572486753237851e-19
-26   +3.2806852572892886e-18  -1.9625438197421155e-19
-25   +2.6471346564764393e-18  -6.6446502873171158e-19
-24   -2.4726102471840666e-17  +1.1515272761853660e-19
-23   +6.9802970618002351e-17  +1.1566315106541432e-18
-22   -2.3725405913592936e-16  -3.7776317251705107e-18
-21   +9.6855833693520913e-16  +1.4978941434814633e-17
-20   -3.6561513199282655e-15  -5.9834156477240832e-17
-19   +1.3773269289686195e-14  +2.3781189396990481e-16
-18   -5.1700140754257051e-14  -9.4107226781813134e-16
-17   +1.9401925155631363e-13  +3.7368177120241755e-15
-16   -7.2718488502092600e-13  -1.4881438742853211e-14
-15   +2.7206128664535357e-12  +5.9370722544105677e-14
-14   -1.0158819338819453e-11  -2.3747429583340301e-13
-13   +3.7848547174011645e-11  +9.5260760274431663e-13
-12   -1.4065056341719756e-10  -3.8343112600547652e-12
-11   +5.2112352117811511e-10  +1.5495585394505853e-11
-10   -1.9240731182565934e-09  -6.2926693433015719e-11
 -9   +7.0744296874533491e-09  +2.5706634657835700e-10
 -8   -2.5880503135896350e-08  -1.0580518897795177e-09
 -7   +9.4084887749417124e-08  +4.3968923746041333e-09
 -6   -3.3937068270255151e-07  -1.8512690544939784e-08
 -5   +1.2105408844660608e-06  +7.9324368551745973e-08
 -4   -4.2644200658315276e-06  -3.5005040812040434e-07
 -3   +1.4478727072988793e-05  +1.5925380418959438e-06
 -2   -4.9460834403548918e-05  -8.2826191057095928e-06
 -1   +1.7727663116707759e-05  +6.4659799935079379e-06
 +0   -2.7748128244987611e-09  +0.0000000000000000e+00
 +1   +1.7727663116707759e-05  -6.4659799935079379e-06
 +2   -4.9460834403548918e-05  +8.2826191057095928e-06
 +3   +1.4478727072988793e-05  -1.5925380418959438e-06
 +4   -4.2644200658315276e-06  +3.5005040812040434e-07
 +5   +1.2105408844660608e-06  -7.9324368551745973e-08
 +6   -3.3937068270255151e-07  +1.8512690544939784e-08
 +7   +9.4084887749417124e-08  -4.3968923746041333e-09
 +8   -2.5880503135896350e-08  +1.0580518897795177e-09
 +9   +7.0744296874533491e-09  -2.5706634657835700e-10
+10   -1.9240731182565934e-09  +6.2926693433015719e-11
+11   +5.2112352117811511e-10  -1.5495585394505853e-11
+12   -1.4065056341719756e-10  +3.8343112600547652e-12
+13   +3.7848547174011645e-11  -9.5260760274431663e-13
+14   -1.0158819338819453e-11  +2.3747429583340301e-13
+15   +2.7206128664535357e-12  -5.9370722544105677e-14
+16   -7.2718488502092600e-13  +1.4881438742853211e-14
+17   +1.9401925155631363e-13  -3.7368177120241755e-15
+18   -5.1700140754257051e-14  +9.4107226781813134e-16
+19   +1.3773269289686195e-14  -2.3781189396990481e-16
+20   -3.6561513199282655e-15  +5.9834156477240832e-17
+21   +9.6855833693520913e-16  -1.4978941434814633e-17
+22   -2.3725405913592936e-16  +3.7776317251705107e-18
+23   +6.9802970618002351e-17  -1.1566315106541432e-18
+24   -2.4726102471840666e-17  -1.1515272761853660e-19
+25   +2.6471346564764393e-18  +6.6446502873171158e-19
+26   +3.2806852572892886e-18  +1.9625438197421155e-19
+27   -4.9527437818416537e-19  -1.0572486753237851e-19
+28   -6.2864394901122563e-18  -1.1410051595713802e-20
+29   -2.1362760056621301e-18  +1.0893846886603358e-18
+30   +1.4071944069756428e-17  +7.3684640921472458e-20

