-30   -1.6151067922220460e-17  -3.5968836454805956e-17
-29   -1.5370544924413654e-17  -3.7092001660193902e-17
-28   -1.4903197288400117e-17  -3.7980169570435005e-17
-27   -1.4134157983280437e-17  -4.4617202149444619e-17
-26   -1.7590966806012910e-17  -2.5098056972511216e-17
-25   -5.5616961848857077e-18  -1.0453800916786859e-16
-24   -4.6975792252138043e-17  +1.7841035426202167e-16
-23   +1.0343813050644757e-16  -8.6080614387225636e-16
-22   -4.3995391440853198e-16  +2.8993246641789408e-15
-21   +1.4965834196736924e-15  -1.0709420656198288e-14
-20   -5.3640358801329123e-15  +3.8335221835404847e-14
-19   +1.8832914292662691e-14  -1.3791180300254319e-13
-18   -6.6030199321824622e-14  +4.9317060649503939e-13
-17   +2.2962640915781334e-13  -1.7578274344332726e-12
-16   -7.9253958494531431e-13  +6.2365828616785245e-12
-15   +2.7099269925362324e-12  -2.2019019862883525e-11
-14   -9.1649121058806636e-12  +7.7307577334398496e-11
-13   +3.0585414540335576e-11  -2.6971259530383282e-10
-12   -1.0040429047271107e-10  +9.3418157287604261e-10
-11   +3.2277426685790136e-10  -3.2086071737732519e-09
-10   -1.0093852821496086e-09  +1.0912661377248792e-08
 -9   +3.0380720158733787e-09  -3.6683252813864949e-08
 -8   -8.6373182836155542e-09  +1.2158140114203565e-07
 -7   +2.2325706779783693e-08  -3.9598418665796203e-07
 -6   -4.7404747763369751e-08  +1.2614849673941481e-06
 -5   +4.8971219412349670e-08  -3.9022730106997238e-06
 -4   +2.6497716085477668e-07  +1.1604002528646777e-05
 -3   -2.4632404992810456e-06  -3.2238082850248301e-05
 -2   +1.4552512064256190e-05  +8.3269190783367191e-05
 -1   -6.2020233744941602e-06  -5.1220512657891986e-06
 +0   -4.1943007201475327e-02  +0.0000000000000000e+00
 +1   -6.2020233744941602e-06  +5.1220512657891986e-06
 +2   +1.4552512064256190e-05  -8.3269190783367191e-05
 +3   -2.4632404992810456e-06  +3.2238082850248301e-05
 +4   +2.6497716085477668e-07  -1.1604002528646777e-05
 +5   +4.8971219412349670e-08  +3.9022730106997238e-06
 +6   -4.7404747763369751e-08  -1.2614849673941481e-06
 +7   +2.2325706779783693e-08  +3.9598418665796203e-07
 +8   -8.6373182836155542e-09  -1.2158140114203565e-07
 +9   +3.0380720158733787e-09  +3.6683252813864949e-08
+10   -1.0093852821496086e-09  -1.0912661377248792e-08
+11   +3.2277426685790136e-10  +3.2086071737732519e-09
+12   -1.0040429047271107e-10  -9.3418157287604261e-10
+13   +3.0585414540335576e-11  +2.6971259530383282e-10
+14   -9.1649121058806636e-12  -7.7307577334398496e-11
+15   +2.7099269925362324e-12  +2.2019019862883525e-11
+16   -7.9253958494531431e-13  -6.2365828616785245e-12
+17   +2.2962640915781334e-13  +1.7578274344332726e-12
+18   -6.6030199321824622e-14  -4.9317060649503939e-13
+19   +1.8832914292662691e-14  +1.3791180300254319e-13
+20   -5.3640358801329123e-15  -3.8335221835404847e-14
+21   +1.4965834196736924e-15  +1.0709420656198288e-14
+22   -4.3995391440853198e-16  -2.8993246641789408e-15
+23   +1.0343813050644757e-16  +8.6080614387225636e-16
+24   -4.6975792252138043e-17  -1.7841035426202167e-16
+25   -5.5616961848857077e-18  +1.0453800916786859e-16
+26   -1.7590966806012910e-17  +2.5098056972511216e-17
+27   -1.4134157983280437e-17  +4.4617202149444619e-17
+28   -1.4903197288400117e-17  +3.7980169570435005e-17
+29   -1.5370544924413654e-17  +3.7092001660193902e-17
+30   -1.6151067922220460e-17  +3.5968836454805956e-17

