-30   +1.4821214292750693e-17  -1.4415916874856563e-18
-29   -3.5319904756320460e-18  -1.1924341582493663e-18
-28   -7.5616029711755540e-18  -4.1701694750063789e-19
-27   +4.6818154129150849e-18  -4.1709302403253476e-18
-26   -1.3267864582123786e-17  +1.1984048122696185e-17
-25   +5.5955505225460832e-17  -4.3977645102994543e-17
-24   -2.2293693980994289e-16  +1.5795447215069088e-16
-23   +7.8327358587712532e-16  -5.7809595959568335e-16
-22   -2.8080890127912881e-15  +2.0982210180359247e-15
-21   +1.0188513425550835e-14  -7.5934920159287235e-15
-20   -3.6601686154655823e-14  +2.7377094494897567e-14
-19   +1.3104185188848484e-13  -9.8419088088454417e-14
-18   -4.6720700345329596e-13  +3.5256424296401645e-13
-17   +1.6587500634710071e-12  -1.2581920530380255e-12
-16   -5.8610409567604991e-12  +4.4710817362157712e-12
-15   +2.0597678172816553e-11  -1.5813274154313007e-11
-14   -7.1945974626670181e-11  +5.5631525881045206e-11
-13   +2.4955516047564758e-10  -1.9453927532369765e-10
-12   -8.5870210594061387e-10  +6.7563761726946760e-10
-11   +2.9273023200934123e-09  -2.3280406901554712e-09
-10   -9.8701940306321035e-09  +7.9483590063133201e-09
 -9   +3.2846868030876271e-08  -2.6845091845180598e-08
 -8   -1.0758660208280179e-07  +8.9503191320471814e-08
 -7   +3.4551448356426993e-07  -2.9375296908768598e-07
 -6   -1.0822785457529189e-06  +9.4554076272594741e-07
 -5   +3.2801611122060445e-06  -2.9683681738077754e-06
 -4   -9.5164222101798835e-06  +9.0303469937880120e-06
 -3   +2.5681689653132050e-05  -2.6105004455271159e-05
 -2   -6.4696439530905289e-05  +7.3627151437414642e-05
 -1   +3.4310492909690338e-06  -7.9263187338456149e-06
 +0   -1.4076353326901472e-08  +0.0000000000000000e+00
 +1   +3.4310492909690338e-06  +7.9263187338456149e-06
 +2   -6.4696439530905289e-05  -7.3627151437414642e-05
 +3   +2.5681689653132050e-05  +2.6105004455271159e-05
 +4   -9.5164222101798835e-06  -9.0303469937880120e-06
 +5   +3.2801611122060445e-06  +2.9683681738077754e-06
 +6   -1.0822785457529189e-06  -9.4554076272594741e-07
 +7   +3.4551448356426993e-07  +2.9375296908768598e-07
 +8   -1.0758660208280179e-07  -8.9503191320471814e-08
 +9   +3.2846868030876271e-08  +2.6845091845180598e-08
+10   -9.8701940306321035e-09  -7.9483590063133201e-09
+11   +2.9273023200934123e-09  +2.3280406901554712e-09
+12   -8.5870210594061387e-10  -6.7563761726946760e-10
+13   +2.4955516047564758e-10  +1.9453927532369765e-10
+14   -7.1945974626670181e-11  -5.5631525881045206e-11
+15   +2.0597678172816553e-11  +1.5813274154313007e-11
+16   -5.8610409567604991e-12  -4.4710817362157712e-12
+17   +1.6587500634710071e-12  +1.2581920530380255e-12
+18   -4.6720700345329596e-13  -3.5256424296401645e-13
+19   +1.3104185188848484e-13  +9.8419088088454417e-14
+20   -3.6601686154655823e-14  -2.7377094494897567e-14
+21   +1.0188513425550835e-14  +7.5934920159287235e-15
+22   -2.8080890127912881e-15  -2.0982210180359247e-15
+23   +7.8327358587712532e-16  +5.7809595959568335e-16
+24   -2.2293693980994289e-16  -1.5795447215069088e-16
+25   +5.5955505225460832e-17  +4.3977645102994543e-17
+26   -1.3267864582123786e-17  -1.1984048122696185e-17
+27   +4.6818154129150849e-18  +4.1709302403253476e-18
+28   -7.5616029711755540e-18  +4.1701694750063789e-19
+29   -3.5319904756320460e-18  +1.1924341582493663e-18
+30   +1.4821214292750693e-17  +1.4415916874856563e-18

