-30   -1.7050454734634179e-17  +2.9476870629444754e-19
-29   +2.4035015248787285e-18  +1.4442786522673850e-18
-28   +6.3164066066969053e-18  -4.2743560325401841e-20
-27   -2.1916236080222217e-18  -1.9631761133812837e-18
-26   +5.4194659634447719e-18  +1.1545544619245040e-17
-25   -2.9514603496407782e-17  -4.1951065399519248e-17
-24   +1.2397411675828329e-16  +1.5327030669339889e-16
-23   -4.2144254474657305e-16  -5.5575350706412306e-16
-22   +1.5013218082412198e-15  +2.0168784258372296e-15
-21   -5.5278704904816196e-15  -7.2816850430590554e-15
-20   +2.0029517291819654e-14  +2.6196085469769846e-14
-19   -7.2318675110467809e-14  -9.3952059624993778e-14
-18   +2.6022011953662331e-13  +3.3568838752744346e-13
-17   -9.3341587206224172e-13  -1.1944407961839450e-12
-16   +3.3361145153961716e-12  +4.2303918352204404e-12
-15   -1.1874982366457728e-11  -1.4905292373755769e-11
-14   +4.2078335782518004e-11  +5.2209126609238282e-11
-13   -1.4834721849219365e-10  -1.8165046211763073e-10
-12   +5.2001294516658914e-10  +6.2713982878788162e-10
-11   -1.8110191482531500e-09  -2.1457046005049089e-09
-10   +6.2602486412354028e-09  +7.2633348640830637e-09
 -9   -2.1453838246210289e-08  -2.4272867933376447e-08
 -8   +7.2780892128813568e-08  +7.9845906286398306e-08
 -7   -2.4393893740120336e-07  -2.5747327731578507e-07
 -6   +8.0579728371841393e-07  +8.0895832186328350e-07
 -5   -2.6128394335185481e-06  -2.4517981480577829e-06
 -4   +8.2870679377433662e-06  +7.0529104912781892e-06
 -3   -2.5170658629846670e-05  -1.8420760874425460e-05
 -2   +7.5210027724488307e-05  +4.0761764756134184e-05
 -1   -1.4202746235854747e-05  +1.7299858536228635e-06
 +0   -1.2245420309594789e-08  +0.0000000000000000e+00
 +1   -1.4202746235854747e-05  -1.7299858536228635e-06
 +2   +7.5210027724488307e-05  -4.0761764756134184e-05
 +3   -2.5170658629846670e-05  +1.8420760874425460e-05
 +4   +8.2870679377433662e-06  -7.0529104912781892e-06
 +5   -2.6128394335185481e-06  +2.4517981480577829e-06
 +6   +8.0579728371841393e-07  -8.0895832186328350e-07
 +7   -2.4393893740120336e-07  +2.5747327731578507e-07
 +8   +7.2780892128813568e-08  -7.9845906286398306e-08
 +9   -2.1453838246210289e-08  +2.4272867933376447e-08
+10   +6.2602486412354028e-09  -7.2633348640830637e-09
+11   -1.8110191482531500e-09  +2.1457046005049089e-09
+12   +5.2001294516658914e-10  -6.2713982878788162e-10
+13   -1.4834721849219365e-10  +1.8165046211763073e-10
+14   +4.2078335782518004e-11  -5.2209126609238282e-11
+15   -1.1874982366457728e-11  +1.4905292373755769e-11
+16   +3.3361145153961716e-12  -4.2303918352204404e-12
+17   -9.3341587206224172e-13  +1.1944407961839450e-12
+18   +2.6022011953662331e-13  -3.3568838752744346e-13
+19   -7.2318675110467809e-14  +9.3952059624993778e-14
+20   +2.0029517291819654e-14  -2.6196085469769846e-14
+21   -5.5278704904816196e-15  +7.2816850430590554e-15
+22   +1.5013218082412198e-15  -2.0168784258372296e-15
+23   -4.2144254474657305e-16  +5.5575350706412306e-16
+24   +1.2397411675828329e-16  -1.5327030669339889e-16
+25   -2.9514603496407782e-17  +4.1951065399519248e-17
+26   +5.4194659634447719e-18  -1.1545544619245040e-17
+27   -2.1916236080222217e-18  +1.9631761133812837e-18
+28   +6.3164066066969053e-18  +4.2743560325401841e-20
+29   +2.4035015248787285e-18  -1.4442786522673850e-18
+30   -1.7050454734634179e-17  -2.9476870629444754e-19

