-30   +1.4052962548024192e-17  +3.6854337762506820e-17
-29   +1.5306719491876641e-17  +3.8606098755311524e-17
-28   +1.6602886326857500e-17  +4.0454628989831318e-17
-27   +1.6958028387885440e-17  +3.7551497791742650e-17
-26   +1.2740838015496893e-17  +6.0321042253564423e-17
-25   +2.4240703016248157e-17  -1.5911631632353043e-17
-24   -1.7882128951606102e-17  +2.7099223592519908e-16
-23   +1.3387231154604475e-16  -7.6512128732598928e-16
-22   -4.1077433296395624e-16  +3.0018421743789029e-15
-21   +1.5250690212467100e-15  -1.0607096458471778e-14
-20   -5.3313777094228763e-15  +3.8469188729922551e-14
-19   +1.8851835534615495e-14  -1.3787271371196570e-13
-18   -6.5958523134362738e-14  +4.9360922966821036e-13
-17   +2.2948826332461806e-13  -1.7589405824569750e-12
-16   -7.9183791864500430e-13  +6.2416815387433795e-12
-15   +2.7072461022351567e-12  -2.2038620914613869e-11
-14   -9.1539374661999642e-12  +7.7386637798253183e-11
-13   +3.0541063727805472e-11  -2.7002840363012596e-10
-12   -1.0022337036765771e-10  +9.3545113147313731e-10
-11   +3.2203245891634751e-10  -3.2137245616589744e-09
-10   -1.0063198215260009e-09  +1.0933381937689360e-08
 -9   +3.0252837888841700e-09  -3.6767579089018977e-08
 -8   -8.5833084859970190e-09  +1.2192677898755221e-07
 -7   +2.2093840164768797e-08  -3.9741003876155852e-07
 -6   -4.6386425868472134e-08  +1.2674334951489518e-06
 -5   +4.4349836949998448e-08  -3.9274140828775913e-06
 -4   +2.8708855177312148e-07  +1.1712527699104209e-05
 -3   -2.5777833196136972e-06  -3.2710772699051198e-05
 -2   +1.5287050214501110e-05  +8.5485411466349707e-05
 -1   -6.6338808021251243e-06  -6.8424676206615022e-06
 +0   +4.1942990334828553e-02  +0.0000000000000000e+00
 +1   -6.6338808021251243e-06  +6.8424676206615022e-06
 +2   +1.5287050214501110e-05  -8.5485411466349707e-05
 +3   -2.5777833196136972e-06  +3.2710772699051198e-05
 +4   +2.8708855177312148e-07  -1.1712527699104209e-05
 +5   +4.4349836949998448e-08  +3.9274140828775913e-06
 +6   -4.6386425868472134e-08  -1.2674334951489518e-06
 +7   +2.2093840164768797e-08  +3.9741003876155852e-07
 +8   -8.5833084859970190e-09  -1.2192677898755221e-07
 +9   +3.0252837888841700e-09  +3.6767579089018977e-08
+10   -1.0063198215260009e-09  -1.0933381937689360e-08
+11   +3.2203245891634751e-10  +3.2137245616589744e-09
+12   -1.0022337036765771e-10  -9.3545113147313731e-10
+13   +3.0541063727805472e-11  +2.7002840363012596e-10
+14   -9.1539374661999642e-12  -7.7386637798253183e-11
+15   +2.7072461022351567e-12  +2.2038620914613869e-11
+16   -7.9183791864500430e-13  -6.2416815387433795e-12
+17   +2.2948826332461806e-13  +1.7589405824569750e-12
+18   -6.5958523134362738e-14  -4.9360922966821036e-13
+19   +1.8851835534615495e-14  +1.3787271371196570e-13
+20   -5.3313777094228763e-15  -3.8469188729922551e-14
+21   +1.5250690212467100e-15  +1.0607096458471778e-14
+22   -4.1077433296395624e-16  -3.0018421743789029e-15
+23   +1.3387231154604475e-16  +7.6512128732598928e-16
+24   -1.7882128951606102e-17  -2.7099223592519908e-16
+25   +2.4240703016248157e-17  +1.5911631632353043e-17
+26   +1.2740838015496893e-17  -6.0321042253564423e-17
+27   +1.6958028387885440e-17  -3.7551497791742650e-17
+28   +1.6602886326857500e-17  -4.0454628989831318e-17
+29   +1.5306719491876641e-17  -3.8606098755311524e-17
+30   +1.4052962548024192e-17  -3.6854337762506820e-17

