-30   +1.3351971757244326e-17  -8.8864820047867810e-18
-29   -6.2213986444950671e-18  -8.9644884981025420e-18
-28   -1.0448971818764979e-17  -1.0213771013160518e-17
-27   -2.1942339859519846e-19  -6.6471171296964751e-18
-26   -1.2308612693222449e-17  -2.2516397115720935e-17
-25   +3.7100174558944004e-17  +3.3633388872668417e-17
-24   -1.7136096684861224e-16  -1.7162594999407869e-16
-23   +5.7959373212965213e-16  +5.7078949776595257e-16
-22   -2.0897962576656640e-15  -2.1259526454868073e-15
-21   +7.6003037664195917e-15  +7.6224054421779921e-15
-20   -2.7393879721106746e-14  -2.7522535914477655e-14
-19   +9.8318736223115491e-14  +9.8769448337888554e-14
-18   -3.5155248554770499e-13  -3.5348847541423161e-13
-17   +1.2521235845701295e-12  +1.2598054404391810e-12
-16   -4.4402380581879294e-12  -4.4704842706146779e-12
-15   +1.5667797789867743e-11  +1.5785558207737495e-11
-14   -5.4978287313354919e-11  -5.5432266213132008e-11
-13   +1.9170453728110603e-10  +1.9343477006712521e-10
-12   -6.6365447775420875e-10  -6.7016503396189235e-10
-11   +2.2784596185994053e-09  +2.3025853330745700e-09
-10   -7.7470150250396568e-09  -7.8347179999379778e-09
 -9   +2.6041492208496107e-08  +2.6352308341848984e-08
 -8   -8.6350215471988663e-08  -8.7412468859363026e-08
 -7   +2.8160028834854360e-07  +2.8503157301329921e-07
 -6   -8.9962962955137784e-07  -9.0962810644432419e-07
 -5   +2.7987314954765488e-06  +2.8218502188935017e-06
 -4   -8.4216759662078581e-06  -8.4336960551139497e-06
 -3   +2.3951246019857581e-05  +2.3672101241595260e-05
 -2   -6.5914974050223759e-05  -6.2848626188744011e-05
 -1   +9.3171738513485350e-06  +5.4877121493074271e-06
 +0   -1.1178129367552248e-02  +0.0000000000000000e+00
 +1   +9.3171738513485350e-06  -5.4877121493074271e-06
 +2   -6.5914974050223759e-05  +6.2848626188744011e-05
 +3   +2.3951246019857581e-05  -2.3672101241595260e-05
 +4   -8.4216759662078581e-06  +8.4336960551139497e-06
 +5   +2.7987314954765488e-06  -2.8218502188935017e-06
 +6   -8.9962962955137784e-07  +9.0962810644432419e-07
 +7   +2.8160028834854360e-07  -2.8503157301329921e-07
 +8   -8.6350215471988663e-08  +8.7412468859363026e-08
 +9   +2.6041492208496107e-08  -2.6352308341848984e-08
+10   -7.7470150250396568e-09  +7.8347179999379778e-09
+11   +2.2784596185994053e-09  -2.3025853330745700e-09
+12   -6.6365447775420875e-10  +6.7016503396189235e-10
+13   +1.9170453728110603e-10  -1.9343477006712521e-10
+14   -5.4978287313354919e-11  +5.5432266213132008e-11
+15   +1.5667797789867743e-11  -1.5785558207737495e-11
+16   -4.4402380581879294e-12  +4.4704842706146779e-12
+17   +1.2521235845701295e-12  -1.2598054404391810e-12
+18   -3.5155248554770499e-13  +3.5348847541423161e-13
+19   +9.8318736223115491e-14  -9.8769448337888554e-14
+20   -2.7393879721106746e-14  +2.7522535914477655e-14
+21   +7.6003037664195917e-15  -7.6224054421779921e-15
+22   -2.0897962576656640e-15  +2.1259526454868073e-15
+23   +5.7959373212965213e-16  -5.7078949776595257e-16
+24   -1.7136096684861224e-16  +1.7162594999407869e-16
+25   +3.7100174558944004e-17  -3.3633388872668417e-17
+26   -1.2308612693222449e-17  +2.2516397115720935e-17
+27   -2.1942339859519846e-19  +6.6471171296964751e-18
+28   -1.0448971818764979e-17  +1.0213771013160518e-17
+29   -6.2213986444950671e-18  +8.9644884981025420e-18
+30   +1.3351971757244326e-17  +8.8864820047867810e-18

