-30   -4.8616845965238731e-17  -1.7586249795420484e-16
-29   -7.4962495866048180e-17  -1.8175909574778239e-16
-28   -8.1923220754208989e-17  -1.8911105462928999e-16
-27   -6.8133796434930645e-17  -1.9743983115007592e-16
-26   -8.2198441435213811e-17  -2.0610422531416720e-16
-25   -2.4987888295231196e-17  -2.1360774986492391e-16
-24   -2.7716304185503013e-16  -2.2346146628346138e-16
-23   +6.2814787179494644e-16  -2.3547445231418765e-16
-22   -2.5741924067761599e-15  -2.4512840071012494e-16
-21   +9.0842188838135115e-15  -2.6137774167196000e-16
-20   -3.3119280434029085e-14  -2.5491631232324894e-16
-19   +1.1877538272566932e-13  -3.5185250099749640e-16
-18   -4.2587219849194851e-13  -4.4745547380645124e-17
-17   +1.5199909919539716e-12  -1.3504441756890912e-15
-16   -5.4042033305206723e-12  +3.7621701587875406e-15
-15   +1.9123185149016375e-11  -1.6784200095813515e-14
-14   -6.7317952475551899e-11  +6.5468257732102630e-14
-13   +2.3557960434985188e-10  -2.6543266142465357e-13
-12   -8.1890195664923287e-10  +1.0699838234423878e-12
-11   +2.8247645350318594e-09  -4.3440719148079284e-12
-10   -9.6573221614037280e-09  +1.7722259930002339e-11
 -9   +3.2672687808487052e-08  -7.2810048262799229e-11
 -8   -1.0917187209191741e-07  +3.0172166978946962e-10
 -7   +3.5933576500907159e-07  -1.2644980162465960e-09
 -6   -1.1611190136957618e-06  +5.3816103961228396e-09
 -5   +3.6639689433284574e-06  -2.3394691460238528e-08
 -4   -1.1228944094205047e-05  +1.0528502978988847e-07
 -3   +3.2669545739421354e-05  -4.9479400564758440e-07
 -2   -9.2638902357715285e-05  +2.6946388383022117e-06
 -1   +1.6915033646015190e-05  -1.4579501638076633e-06
 +0   +1.1206557796078211e-08  +0.0000000000000000e+00
 +1   +1.6915033646015190e-05  +1.4579501638076633e-06
 +2   -9.2638902357715285e-05  -2.6946388383022117e-06
 +3   +3.2669545739421354e-05  +4.9479400564758440e-07
 +4   -1.1228944094205047e-05  -1.0528502978988847e-07
 +5   +3.6639689433284574e-06  +2.3394691460238528e-08
 +6   -1.1611190136957618e-06  -5.3816103961228396e-09
 +7   +3.5933576500907159e-07  +1.2644980162465960e-09
 +8   -1.0917187209191741e-07  -3.0172166978946962e-10
 +9   +3.2672687808487052e-08  +7.2810048262799229e-11
+10   -9.6573221614037280e-09  -1.7722259930002339e-11
+11   +2.8247645350318594e-09  +4.3440719148079284e-12
+12   -8.1890195664923287e-10  -1.0699838234423878e-12
+13   +2.3557960434985188e-10  +2.6543266142465357e-13
+14   -6.7317952475551899e-11  -6.5468257732102630e-14
+15   +1.9123185149016375e-11  +1.6784200095813515e-14
+16   -5.4042033305206723e-12  -3.7621701587875406e-15
+17   +1.5199909919539716e-12  +1.3504441756890912e-15
+18   -4.2587219849194851e-13  +4.4745547380645124e-17
+19   +1.1877538272566932e-13  +3.5185250099749640e-16
+20   -3.3119280434029085e-14  +2.5491631232324894e-16
+21   +9.0842188838135115e-15  +2.6137774167196000e-16
+22   -2.5741924067761599e-15  +2.4512840071012494e-16
+23   +6.2814787179494644e-16  +2.3547445231418765e-16
+24   -2.7716304185503013e-16  +2.2346146628346138e-16
+25   -2.4987888295231196e-17  +2.1360774986492391e-16
+26   -8.2198441435213811e-17  +2.0610422531416720e-16
+27   -6.8133796434930645e-17  +1.9743983115007592e-16
+28   -8.1923220754208989e-17  +1.8911105462928999e-16
+29   -7.4962495866048180e-17  +1.8175909574778239e-16
+30   -4.8616845965238731e-17  +1.7586249795420484e-16

