-30   +1.4563320621966130e-17  +8.1427729980044151e-19
-29   -1.4231326396406625e-18  +5.4710550326624206e-19
-28   -7.1242713444139243e-18  +5.4396981900471404e-19
-27   +1.7519671068431137e-18  +7.2710978832761349e-19
-26   +2.6409977077325303e-18  +2.0858015026189084e-19
-25   +5.0656645311404615e-20  +7.2391387970023995e-19
-24   -2.5840467971938872e-17  +1.3064990564916630e-18
-23   +7.1415092489143049e-17  +7.9293843076148856e-19
-22   -2.3600149530970952e-16  +5.2844796475593392e-19
-21   +9.6756422031555178e-16  +6.3126923636089140e-19
-20   -3.6553748136883862e-15  +9.7190421662860648e-19
-19   +1.3777391677230267e-14  +1.6528640404425593e-18
-18   -5.1718277841368283e-14  +6.3153364745511539e-19
-17   +1.9409084011584740e-13  +1.6906393829662629e-19
-16   -7.2748470157252773e-13  +1.2752447540684726e-18
-15   +2.7219053284223356e-12  +7.1588908644685926e-19
-14   -1.0164350086379333e-11  +4.0895380255431954e-19
-13   +3.7872435142429365e-11  +1.5811969599081885e-18
-12   -1.4075473795334576e-10  +1.1704457791857917e-18
-11   +5.2158279673836443e-10  +6.6024779633524042e-19
-10   -1.9261247100828542e-09  +1.3567097056184435e-18
 -9   +7.0837420134172256e-09  +2.2585154983871270e-18
 -8   -2.5923622474201529e-08  +4.6156134343672047e-18
 -7   +9.4289674937224567e-08  +4.4247645579253509e-19
 -6   -3.4037662522623966e-07  +6.9866756837287125e-16
 -5   +1.2157132760829973e-06  -7.0537104904569699e-16
 -4   -4.2929516317831512e-06  +2.2705823813449664e-13
 -3   +1.4651797693909973e-05  -2.4819625804528374e-13
 -2   -5.0811041707495637e-05  +1.5312704498514051e-10
 -1   +1.9835753087969327e-05  -8.2115394702192356e-13
 +0   -2.6202707298307674e-09  +0.0000000000000000e+00
 +1   +1.9835753087969327e-05  +8.2115394702192356e-13
 +2   -5.0811041707495637e-05  -1.5312704498514051e-10
 +3   +1.4651797693909973e-05  +2.4819625804528374e-13
 +4   -4.2929516317831512e-06  -2.2705823813449664e-13
 +5   +1.2157132760829973e-06  +7.0537104904569699e-16
 +6   -3.4037662522623966e-07  -6.9866756837287125e-16
 +7   +9.4289674937224567e-08  -4.4247645579253509e-19
 +8   -2.5923622474201529e-08  -4.6156134343672047e-18
 +9   +7.0837420134172256e-09  -2.2585154983871270e-18
+10   -1.9261247100828542e-09  -1.3567097056184435e-18
+11   +5.2158279673836443e-10  -6.6024779633524042e-19
+12   -1.4075473795334576e-10  -1.1704457791857917e-18
+13   +3.7872435142429365e-11  -1.5811969599081885e-18
+14   -1.0164350086379333e-11  -4.0895380255431954e-19
+15   +2.7219053284223356e-12  -7.1588908644685926e-19
+16   -7.2748470157252773e-13  -1.2752447540684726e-18
+17   +1.9409084011584740e-13  -1.6906393829662629e-19
+18   -5.1718277841368283e-14  -6.3153364745511539e-19
+19   +1.3777391677230267e-14  -1.6528640404425593e-18
+20   -3.6553748136883862e-15  -9.7190421662860648e-19
+21   +9.6756422031555178e-16  -6.3126923636089140e-19
+22   -2.3600149530970952e-16  -5.2844796475593392e-19
+23   +7.1415092489143049e-17  -7.9293843076148856e-19
+24   -2.5840467971938872e-17  -1.3064990564916630e-18
+25   +5.0656645311404615e-20  -7.2391387970023995e-19
+26   +2.6409977077325303e-18  -2.0858015026189084e-19
+27   +1.7519671068431137e-18  -7.2710978832761349e-19
+28   -7.1242713444139243e-18  -5.4396981900471404e-19
+29   -1.4231326396406625e-18  -5.4710550326624206e-19
+30   +1.4563320621966130e-17  -8.1427729980044151e-19

