-30   -2.3663333687331173e-17  -3.0174381553980723e-18
-29   +1.4655442482914324e-18  -3.2504536862931437e-18
-28   +8.8379739414776487e-18  -3.3647982166195978e-18
-27   -5.9029729894818127e-18  -3.6702726298490580e-18
-26   +1.4362453217595728e-17  -3.2444178178154920e-18
-25   -7.0121875281417526e-17  -4.5353906993294596e-18
-24   +2.7770803574877374e-16  -4.4539685452149944e-18
-23   -9.7818882333060332e-16  -4.2096737445295217e-18
-22   +3.4954780961445746e-15  -4.4474922886319136e-18
-21   -1.2716255183314243e-14  -2.5554085480111376e-19
-20   +4.5755122268865752e-14  -2.0558527553053871e-17
-19   -1.6408672510991197e-13  +6.0540261716637685e-17
-18   +5.8606324976547621e-13  -2.6348456419024780e-16
-17   -2.0849227738544368e-12  +1.0236950517104900e-15
-16   +7.3835966704713048e-12  -4.1102891243221225e-15
-15   -2.6015096262655898e-11  +1.6414080503297363e-14
-14   +9.1134994852775261e-11  -6.5866189538751015e-14
-13   -3.1718292445413600e-10  +2.6500246613710002e-13
-12   +1.0956976615555146e-09  -1.0704516409303239e-12
-11   -3.7525395405645660e-09  +4.3435607009195552e-12
-10   +1.2722910200726758e-08  -1.7722818235517623e-11
 -9   -4.2626391451030793e-08  +7.2809423144430725e-11
 -8   +1.4079131528560073e-07  -3.0172236543133060e-10
 -7   -4.5699973512721923e-07  +1.2644972061468683e-09
 -6   +1.4517619163790417e-06  -5.3816099398908375e-09
 -5   -4.4858068669761085e-06  +2.3394688915584378e-08
 -4   +1.3387794773772706e-05  -1.0528457709378811e-07
 -3   -3.7771960949427237e-05  +4.9479350735842524e-07
 -2   +1.0350893531149869e-04  -2.6943325870772074e-06
 -1   -1.1369995526488398e-05  +1.4579485158155527e-06
 +0   +7.7446864169561439e-09  +0.0000000000000000e+00
 +1   -1.1369995526488398e-05  -1.4579485158155527e-06
 +2   +1.0350893531149869e-04  +2.6943325870772074e-06
 +3   -3.7771960949427237e-05  -4.9479350735842524e-07
 +4   +1.3387794773772706e-05  +1.0528457709378811e-07
 +5   -4.4858068669761085e-06  -2.3394688915584378e-08
 +6   +1.4517619163790417e-06  +5.3816099398908375e-09
 +7   -4.5699973512721923e-07  -1.2644972061468683e-09
 +8   +1.4079131528560073e-07  +3.0172236543133060e-10
 +9   -4.2626391451030793e-08  -7.2809423144430725e-11
+10   +1.2722910200726758e-08  +1.7722818235517623e-11
+11   -3.7525395405645660e-09  -4.3435607009195552e-12
+12   +1.0956976615555146e-09  +1.0704516409303239e-12
+13   -3.1718292445413600e-10  -2.6500246613710002e-13
+14   +9.1134994852775261e-11  +6.5866189538751015e-14
+15   -2.6015096262655898e-11  -1.6414080503297363e-14
+16   +7.3835966704713048e-12  +4.1102891243221225e-15
+17   -2.0849227738544368e-12  -1.0236950517104900e-15
+18   +5.8606324976547621e-13  +2.6348456419024780e-16
+19   -1.6408672510991197e-13  -6.0540261716637685e-17
+20   +4.5755122268865752e-14  +2.0558527553053871e-17
+21   -1.2716255183314243e-14  +2.5554085480111376e-19
+22   +3.4954780961445746e-15  +4.4474922886319136e-18
+23   -9.7818882333060332e-16  +4.2096737445295217e-18
+24   +2.7770803574877374e-16  +4.4539685452149944e-18
+25   -7.0121875281417526e-17  +4.5353906993294596e-18
+26   +1.4362453217595728e-17  +3.2444178178154920e-18
+27   -5.9029729894818127e-18  +3.6702726298490580e-18
+28   +8.8379739414776487e-18  +3.3647982166195978e-18
+29   +1.4655442482914324e-18  +3.2504536862931437e-18
+30   -2.3663333687331173e-17  +3.0174381553980723e-18

