-30   -1.9765135981681849e-17  -9.6253682903985501e-18
-29   -1.4037037513778983e-18  -9.9768303660152637e-18
-28   +1.9103078241997878e-18  -1.1131399024433107e-17
-27   -8.5678408318838449e-18  -8.0651002722403561e-18
-26   +3.5845414212962860e-18  -2.3770903049223886e-17
-25   -4.5252400857778790e-17  +3.2088216291626411e-17
-24   +1.6413512745673495e-16  -1.7406302910627417e-16
-23   -5.8717555209779761e-16  +5.7192378557617724e-16
-22   +2.0814809817336692e-15  -2.1282631488172796e-15
-21   -7.6049612645542756e-15  +7.6296236581572474e-15
-20   +2.7376929250058948e-14  -2.7560446882350913e-14
-19   -9.8285974630139474e-14  +9.8915964444201357e-14
-18   +3.5138598630267781e-13  -3.5407570691421320e-13
-17   -1.2515003500466061e-12  +1.2621324227597218e-12
-16   +4.4377038512024780e-12  -4.4797629584615576e-12
-15   -1.5657636899199328e-11  +1.5822611751065522e-11
-14   +5.4937222181269043e-11  -5.5580651402674881e-11
-13   -1.9153805007151878e-10  +1.9403074167798298e-10
-12   +6.6297586448873921e-10  -6.7256715082739920e-10
-11   -2.2756766720275504e-09  +2.3123077659332092e-09
-10   +7.7355154241772336e-09  -7.8742677456226380e-09
 -9   -2.5993519493164757e-08  +2.6514189055300874e-08
 -8   +8.6147612310092734e-08  -8.8080228126186838e-08
 -7   -2.8073052331815261e-07  +2.8781368318402765e-07
 -6   +8.9580984701315252e-07  -9.2137667518683172e-07
 -5   -2.7813967135498857e-06  +2.8723663020533819e-06
 -4   +8.3387338638233957e-06  -8.6573947404809439e-06
 -3   -2.3521503997552084e-05  +2.4693580149938647e-05
 -2   +6.3158103502448441e-05  -6.8116089713905721e-05
 -1   -7.6971712380979702e-06  +8.5620070024366168e-06
 +0   -1.1178136925324116e-02  +0.0000000000000000e+00
 +1   -7.6971712380979702e-06  -8.5620070024366168e-06
 +2   +6.3158103502448441e-05  +6.8116089713905721e-05
 +3   -2.3521503997552084e-05  -2.4693580149938647e-05
 +4   +8.3387338638233957e-06  +8.6573947404809439e-06
 +5   -2.7813967135498857e-06  -2.8723663020533819e-06
 +6   +8.9580984701315252e-07  +9.2137667518683172e-07
 +7   -2.8073052331815261e-07  -2.8781368318402765e-07
 +8   +8.6147612310092734e-08  +8.8080228126186838e-08
 +9   -2.5993519493164757e-08  -2.6514189055300874e-08
+10   +7.7355154241772336e-09  +7.8742677456226380e-09
+11   -2.2756766720275504e-09  -2.3123077659332092e-09
+12   +6.6297586448873921e-10  +6.7256715082739920e-10
+13   -1.9153805007151878e-10  -1.9403074167798298e-10
+14   +5.4937222181269043e-11  +5.5580651402674881e-11
+15   -1.5657636899199328e-11  -1.5822611751065522e-11
+16   +4.4377038512024780e-12  +4.4797629584615576e-12
+17   -1.2515003500466061e-12  -1.2621324227597218e-12
+18   +3.5138598630267781e-13  +3.5407570691421320e-13
+19   -9.8285974630139474e-14  -9.8915964444201357e-14
+20   +2.7376929250058948e-14  +2.7560446882350913e-14
+21   -7.6049612645542756e-15  -7.6296236581572474e-15
+22   +2.0814809817336692e-15  +2.1282631488172796e-15
+23   -5.8717555209779761e-16  -5.7192378557617724e-16
+24   +1.6413512745673495e-16  +1.7406302910627417e-16
+25   -4.5252400857778790e-17  -3.2088216291626411e-17
+26   +3.5845414212962860e-18  +2.3770903049223886e-17
+27   -8.5678408318838449e-18  +8.0651002722403561e-18
+28   +1.9103078241997878e-18  +1.1131399024433107e-17
+29   -1.4037037513778983e-18  +9.9768303660152637e-18
+30   -1.9765135981681849e-17  +9.6253682903985501e-18

