-30   -1.2405740639504315e-17  +9.3461692239153654e-18
-29   +5.9301777162947483e-18  +1.0281052207513690e-17
-28   +1.1241581434148652e-17  +9.8303211889979748e-18
-27   +5.2189630649947229e-19  +1.3725751692098320e-17
-26   +1.2449976543390717e-17  -3.5193619482989127e-19
-25   -3.6449266514645992e-17  +5.5060146054298714e-17
-24   +1.7246511322044986e-16  -1.4889813654714727e-16
-23   -5.7985134010632208e-16  +5.9598845553083873e-16
-22   +2.0896658692168475e-15  -2.0989251163923766e-15
-21   -7.5999476958612984e-15  +7.6492933648585299e-15
-20   +2.7394889567342030e-14  -2.7493217757117218e-14
-19   -9.8318991788257360e-14  +9.8799128905713936e-14
-18   +3.5155314715149704e-13  -3.5345668729886778e-13
-17   -1.2521230828596408e-12  +1.2598399123278795e-12
-16   +4.4402381214895002e-12  -4.4704472292489382e-12
-15   -1.5667797465438330e-11  +1.5785596740234659e-11
-14   +5.4978287515421125e-11  -5.5432223992290535e-11
-13   -1.9170453694952603e-10  +1.9343481449087834e-10
-12   +6.6365447792031241e-10  -6.7016498512636897e-10
-11   -2.2784596175268656e-09  +2.3025853832435990e-09
-10   +7.7470150246232160e-09  -7.8347179401235915e-09
 -9   -2.6041492207010405e-08  +2.6352308406938817e-08
 -8   +8.6350215473785525e-08  -8.7412468785106745e-08
 -7   -2.8160028834732614e-07  +2.8503157309925023e-07
 -6   +8.9962962955277311e-07  -9.0962810634725634e-07
 -5   -2.7987314954743605e-06  +2.8218502190098467e-06
 -4   +8.4216759662087509e-06  -8.4336960549664677e-06
 -3   -2.3951246019848141e-05  +2.3672101241784690e-05
 -2   +6.5914974050220099e-05  -6.2848626188451683e-05
 -1   -9.3171738513278657e-06  +5.4877121498791346e-06
 +0   +1.1178129367550327e-02  +0.0000000000000000e+00
 +1   -9.3171738513278657e-06  -5.4877121498791346e-06
 +2   +6.5914974050220099e-05  +6.2848626188451683e-05
 +3   -2.3951246019848141e-05  -2.3672101241784690e-05
 +4   +8.4216759662087509e-06  +8.4336960549664677e-06
 +5   -2.7987314954743605e-06  -2.8218502190098467e-06
 +6   +8.9962962955277311e-07  +9.0962810634725634e-07
 +7   -2.8160028834732614e-07  -2.8503157309925023e-07
 +8   +8.6350215473785525e-08  +8.7412468785106745e-08
 +9   -2.6041492207010405e-08  -2.6352308406938817e-08
+10   +7.7470150246232160e-09  +7.8347179401235915e-09
+11   -2.2784596175268656e-09  -2.3025853832435990e-09
+12   +6.6365447792031241e-10  +6.7016498512636897e-10
+13   -1.9170453694952603e-10  -1.9343481449087834e-10
+14   +5.4978287515421125e-11  +5.5432223992290535e-11
+15   -1.5667797465438330e-11  -1.5785596740234659e-11
+16   +4.4402381214895002e-12  +4.4704472292489382e-12
+17   -1.2521230828596408e-12  -1.2598399123278795e-12
+18   +3.5155314715149704e-13  +3.5345668729886778e-13
+19   -9.8318991788257360e-14  -9.8799128905713936e-14
+20   +2.7394889567342030e-14  +2.7493217757117218e-14
+21   -7.5999476958612984e-15  -7.6492933648585299e-15
+22   +2.0896658692168475e-15  +2.0989251163923766e-15
+23   -5.7985134010632208e-16  -5.9598845553083873e-16
+24   +1.7246511322044986e-16  +1.4889813654714727e-16
+25   -3.6449266514645992e-17  -5.5060146054298714e-17
+26   +1.2449976543390717e-17  +3.5193619482989127e-19
+27   +5.2189630649947229e-19  -1.3725751692098320e-17
+28   +1.1241581434148652e-17  -9.8303211889979748e-18
+29   +5.9301777162947483e-18  -1.0281052207513690e-17
+30   -1.2405740639504315e-17  -9.3461692239153654e-18

