-30   -4.8654133064656061e-17  -1.7528295748275717e-16
-29   -7.5930460850553698e-17  -1.8166038306175895e-16
-28   -8.1720129698599816e-17  -1.8895673533230437e-16
-27   -6.7583765638278383e-17  -1.9747854803749203e-16
-26   -8.0858485406240931e-17  -2.0574564788305358e-16
-25   -2.5219617677235451e-17  -2.1402941906515997e-16
-24   -2.7766996885303287e-16  -2.2331467119445065e-16
-23   +6.2710983083873030e-16  -2.3501857559727601e-16
-22   -2.5743760046768393e-15  -2.4646443983762857e-16
-21   +9.0841836333549609e-15  -2.5282513547146612e-16
-20   -3.3119497894980037e-14  -2.8857849479248770e-16
-19   +1.1877633435586855e-13  -2.2113430051983261e-16
-18   -4.2587175690051630e-13  -5.6099574142915704e-16
-17   +1.5199907186419232e-12  +7.0770417517368023e-16
-16   -5.4042031405727616e-12  -4.4490985853727998e-15
-15   +1.9123185628903498e-11  +1.6056103462947371e-14
-14   -6.7317952498535797e-11  -6.6250468451191140e-14
-13   +2.3557960495148537e-10  +2.6458690776688286e-13
-12   -8.1890195670009362e-10  -1.0709035457352779e-12
-11   +2.8247645346156217e-09  +4.3430710816291662e-12
-10   -9.6573221613395156e-09  -1.7723363233392856e-11
 -9   +3.2672687808691981e-08  +7.2808818799239196e-11
 -8   -1.0917187209127351e-07  -3.0172305170649610e-10
 -7   +3.5933576501014028e-07  +1.2644964294933014e-09
 -6   -1.1611190136953588e-06  -5.3816122398035343e-09
 -5   +3.6639689433294040e-06  +2.3394689246200054e-08
 -4   -1.1228944094204655e-05  -1.0528503257010729e-07
 -3   +3.2669545739422039e-05  +4.9479400194199493e-07
 -2   -9.2638902357715448e-05  -2.6946388438689249e-06
 -1   +1.6915033646023183e-05  +1.4579501527082808e-06
 +0   +1.1206557946207573e-08  +0.0000000000000000e+00
 +1   +1.6915033646023183e-05  -1.4579501527082808e-06
 +2   -9.2638902357715448e-05  +2.6946388438689249e-06
 +3   +3.2669545739422039e-05  -4.9479400194199493e-07
 +4   -1.1228944094204655e-05  +1.0528503257010729e-07
 +5   +3.6639689433294040e-06  -2.3394689246200054e-08
 +6   -1.1611190136953588e-06  +5.3816122398035343e-09
 +7   +3.5933576501014028e-07  -1.2644964294933014e-09
 +8   -1.0917187209127351e-07  +3.0172305170649610e-10
 +9   +3.2672687808691981e-08  -7.2808818799239196e-11
+10   -9.6573221613395156e-09  +1.7723363233392856e-11
+11   +2.8247645346156217e-09  -4.3430710816291662e-12
+12   -8.1890195670009362e-10  +1.0709035457352779e-12
+13   +2.3557960495148537e-10  -2.6458690776688286e-13
+14   -6.7317952498535797e-11  +6.6250468451191140e-14
+15   +1.9123185628903498e-11  -1.6056103462947371e-14
+16   -5.4042031405727616e-12  +4.4490985853727998e-15
+17   +1.5199907186419232e-12  -7.0770417517368023e-16
+18   -4.2587175690051630e-13  +5.6099574142915704e-16
+19   +1.1877633435586855e-13  +2.2113430051983261e-16
+20   -3.3119497894980037e-14  +2.8857849479248770e-16
+21   +9.0841836333549609e-15  +2.5282513547146612e-16
+22   -2.5743760046768393e-15  +2.4646443983762857e-16
+23   +6.2710983083873030e-16  +2.3501857559727601e-16
+24   -2.7766996885303287e-16  +2.2331467119445065e-16
+25   -2.5219617677235451e-17  +2.1402941906515997e-16
+26   -8.0858485406240931e-17  +2.0574564788305358e-16
+27   -6.7583765638278383e-17  +1.9747854803749203e-16
+28   -8.1720129698599816e-17  +1.8895673533230437e-16
+29   -7.5930460850553698e-17  +1.8166038306175895e-16
+30   -4.8654133064656061e-17  +1.7528295748275717e-16

