-30   +1.9248828026858939e-17  +9.2825330655028024e-18
-29   +8.8564264453280915e-19  +9.2049678966031539e-18
-28   -2.4333068664327132e-18  +8.5927526678530364e-18
-27   +7.3038869397855972e-18  +1.2636658957291594e-17
-26   -3.5221475285375546e-18  -2.3083263196688376e-18
-25   +4.3769868636722335e-17  +5.4117971819513878e-17
-24   -1.6430646408750356e-16  -1.5020749514788540e-16
-23   +5.8652778036306149e-16  +5.9416757828704188e-16
-22   -2.0824259607229781e-15  -2.1031345456408969e-15
-21   +7.6040564990236905e-15  +7.6578437242535734e-15
-20   -2.7378424373902003e-14  -2.7531876286911990e-14
-19   +9.8287306723399330e-14  +9.8945679795046937e-14
-18   -3.5138683962186299e-13  -3.5404406994706257e-13
-17   +1.2514995352323048e-12  +1.2621650545478051e-12
-16   -4.4377042610771665e-12  -4.4797285420269720e-12
-15   +1.5657637148067204e-11  +1.5822649819732159e-11
-14   -5.4937224202588016e-11  -5.5580610322492104e-11
-13   +1.9153805080626852e-10  +1.9403078401229848e-10
-12   -6.6297586542343831e-10  -6.7256710165264906e-10
-11   +2.2756766706772140e-09  +2.3123078182830585e-09
-10   -7.7355154232415716e-09  -7.8742676872913551e-09
 -9   +2.5993519492059121e-08  +2.6514189118351721e-08
 -8   -8.6147612309705044e-08  -8.8080228054586653e-08
 -7   +2.8073052332028025e-07  +2.8781368326224516e-07
 -6   -8.9580984701404603e-07  -9.2137667508905267e-07
 -5   +2.7813967135527127e-06  +2.8723663021680464e-06
 -4   -8.3387338638236786e-06  -8.6573947403403195e-06
 -3   +2.3521503997558823e-05  +2.4693580150132252e-05
 -2   -6.3158103502461031e-05  -6.8116089713621944e-05
 -1   +7.6971712381213585e-06  +8.5620070030230973e-06
 +0   +1.1178136925326071e-02  +0.0000000000000000e+00
 +1   +7.6971712381213585e-06  -8.5620070030230973e-06
 +2   -6.3158103502461031e-05  +6.8116089713621944e-05
 +3   +2.3521503997558823e-05  -2.4693580150132252e-05
 +4   -8.3387338638236786e-06  +8.6573947403403195e-06
 +5   +2.7813967135527127e-06  -2.8723663021680464e-06
 +6   -8.9580984701404603e-07  +9.2137667508905267e-07
 +7   +2.8073052332028025e-07  -2.8781368326224516e-07
 +8   -8.6147612309705044e-08  +8.8080228054586653e-08
 +9   +2.5993519492059121e-08  -2.6514189118351721e-08
+10   -7.7355154232415716e-09  +7.8742676872913551e-09
+11   +2.2756766706772140e-09  -2.3123078182830585e-09
+12   -6.6297586542343831e-10  +6.7256710165264906e-10
+13   +1.9153805080626852e-10  -1.9403078401229848e-10
+14   -5.4937224202588016e-11  +5.5580610322492104e-11
+15   +1.5657637148067204e-11  -1.5822649819732159e-11
+16   -4.4377042610771665e-12  +4.4797285420269720e-12
+17   +1.2514995352323048e-12  -1.2621650545478051e-12
+18   -3.5138683962186299e-13  +3.5404406994706257e-13
+19   +9.8287306723399330e-14  -9.8945679795046937e-14
+20   -2.7378424373902003e-14  +2.7531876286911990e-14
+21   +7.6040564990236905e-15  -7.6578437242535734e-15
+22   -2.0824259607229781e-15  +2.1031345456408969e-15
+23   +5.8652778036306149e-16  -5.9416757828704188e-16
+24   -1.6430646408750356e-16  +1.5020749514788540e-16
+25   +4.3769868636722335e-17  -5.4117971819513878e-17
+26   -3.5221475285375546e-18  +2.3083263196688376e-18
+27   +7.3038869397855972e-18  -1.2636658957291594e-17
+28   -2.4333068664327132e-18  -8.5927526678530364e-18
+29   +8.8564264453280915e-19  -9.2049678966031539e-18
+30   +1.9248828026858939e-17  -9.2825330655028024e-18

