-30   +1.4982078989817860e-17  +3.8618945771298810e-19
-29   -1.5468911513664146e-18  +6.9103428850384622e-19
-28   -7.0460988972011260e-18  +5.7830475038239929e-19
-27   +2.1301869586220502e-18  +2.2869549068239495e-19
-26   +2.7517415154590363e-18  +1.1081043060080856e-18
-25   +1.9673615369831447e-19  -5.6869739213489157e-21
-24   -2.6383919492855902e-17  +1.2152410437708634e-18
-23   +7.1053304130456571e-17  +1.1303230059457662e-18
-22   -2.3591534841762824e-16  +1.0644786905527672e-18
-21   +9.6760082624852960e-16  +4.4616124832923693e-19
-20   -3.6558942397771905e-15  +1.2563576041934023e-18
-19   +1.3777586729712594e-14  +1.3000534942216908e-18
-18   -5.1718794727096273e-14  +7.6283681456727764e-19
-17   +1.9409080208072410e-13  +1.2346880743707096e-19
-16   -7.2748470352965927e-13  +1.5369446997058633e-18
-15   +2.7219050096422937e-12  +1.5383534058450880e-18
-14   -1.0164350020067737e-11  +8.3397151679708102e-19
-13   +3.7872435256274866e-11  +2.2964691608497468e-18
-12   -1.4075473796534727e-10  +1.7599304446045821e-18
-11   +5.2158279678985839e-10  +1.5279345704217028e-18
-10   -1.9261247101028116e-09  +2.0522126401320758e-18
 -9   +7.0837420135557652e-09  +2.7422933387196714e-18
 -8   -2.5923622474092787e-08  -1.1017427122889251e-18
 -7   +9.4289674936969504e-08  +5.6227993765229776e-18
 -6   -3.4037662522633596e-07  -6.9473354507105497e-16
 -5   +1.2157132760830445e-06  +7.1410442460000975e-16
 -4   -4.2929516317826582e-06  -2.2705255574598499e-13
 -3   +1.4651797693909966e-05  +2.4820702257670943e-13
 -2   -5.0811041707495529e-05  -1.5312702004728971e-10
 -1   +1.9835753087969110e-05  +8.2119914930480244e-13
 +0   -2.6202707296815063e-09  +0.0000000000000000e+00
 +1   +1.9835753087969110e-05  -8.2119914930480244e-13
 +2   -5.0811041707495529e-05  +1.5312702004728971e-10
 +3   +1.4651797693909966e-05  -2.4820702257670943e-13
 +4   -4.2929516317826582e-06  +2.2705255574598499e-13
 +5   +1.2157132760830445e-06  -7.1410442460000975e-16
 +6   -3.4037662522633596e-07  +6.9473354507105497e-16
 +7   +9.4289674936969504e-08  -5.6227993765229776e-18
 +8   -2.5923622474092787e-08  +1.1017427122889251e-18
 +9   +7.0837420135557652e-09  -2.7422933387196714e-18
+10   -1.9261247101028116e-09  -2.0522126401320758e-18
+11   +5.2158279678985839e-10  -1.5279345704217028e-18
+12   -1.4075473796534727e-10  -1.7599304446045821e-18
+13   +3.7872435256274866e-11  -2.2964691608497468e-18
+14   -1.0164350020067737e-11  -8.3397151679708102e-19
+15   +2.7219050096422937e-12  -1.5383534058450880e-18
+16   -7.2748470352965927e-13  -1.5369446997058633e-18
+17   +1.9409080208072410e-13  -1.2346880743707096e-19
+18   -5.1718794727096273e-14  -7.6283681456727764e-19
+19   +1.3777586729712594e-14  -1.3000534942216908e-18
+20   -3.6558942397771905e-15  -1.2563576041934023e-18
+21   +9.6760082624852960e-16  -4.4616124832923693e-19
+22   -2.3591534841762824e-16  -1.0644786905527672e-18
+23   +7.1053304130456571e-17  -1.1303230059457662e-18
+24   -2.6383919492855902e-17  -1.2152410437708634e-18
+25   +1.9673615369831447e-19  +5.6869739213489157e-21
+26   +2.7517415154590363e-18  -1.1081043060080856e-18
+27   +2.1301869586220502e-18  -2.2869549068239495e-19
+28   -7.0460988972011260e-18  -5.7830475038239929e-19
+29   -1.5468911513664146e-18  -6.9103428850384622e-19
+30   +1.4982078989817860e-17  -3.8618945771298810e-19

