-30   -2.2415456302378294e-17  -3.3256679540295230e-19
-29   +2.9865951463300595e-18  +5.9190024842858337e-20
-28   +1.0549402069641255e-17  -1.0502338982211128e-18
-27   -4.8568849510514146e-18  -7.4745803149829541e-19
-26   +1.5494051500922135e-17  +4.4406880010376445e-19
-25   -6.9226079098357250e-17  -1.5222697716758051e-18
-24   +2.7930452503598630e-16  -6.0571668073496174e-19
-23   -9.7766301045229266e-16  -7.5133234873544064e-19
-22   +3.4957505377750304e-15  +1.3330638033694424e-18
-21   -1.2715196009759376e-14  -4.4083004452371154e-18
-20   +4.5756839349860146e-14  +1.5442801103934711e-17
-19   -1.6408598182135432e-13  -6.6045587019597614e-17
-18   +5.8606462831014727e-13  +2.5713415188492204e-16
-17   -2.0849214561504760e-12  -1.0291376059217231e-15
-16   +7.3835972190593966e-12  +4.1060936358642182e-15
-15   -2.6015095621541079e-11  -1.6420794036966300e-14
-14   +9.1134995437025206e-11  +6.5858991337087480e-14
-13   -3.1718292319106848e-10  -2.6501036734422539e-13
-12   +1.0956976620620942e-09  +1.0704435292733134e-12
-11   -3.7525395393913733e-09  -4.3435746337152049e-12
-10   +1.2722910201064344e-08  +1.7722813020992794e-11
 -9   -4.2626391450096291e-08  -7.2809433865264597e-11
 -8   +1.4079131528700307e-07  +3.0172235494275632e-10
 -7   -4.5699973512715560e-07  -1.2644972162020401e-09
 -6   +1.4517619163794482e-06  +5.3816099235707535e-09
 -5   -4.4858068669760695e-06  -2.3394688936160178e-08
 -4   +1.3387794773772272e-05  +1.0528457706548285e-07
 -3   -3.7771960949429142e-05  -4.9479350739679170e-07
 -2   +1.0350893531149355e-04  +2.6943325870036735e-06
 -1   -1.1369995526514544e-05  -1.4579485159110243e-06
 +0   +7.7446863991152941e-09  +0.0000000000000000e+00
 +1   -1.1369995526514544e-05  +1.4579485159110243e-06
 +2   +1.0350893531149355e-04  -2.6943325870036735e-06
 +3   -3.7771960949429142e-05  +4.9479350739679170e-07
 +4   +1.3387794773772272e-05  -1.0528457706548285e-07
 +5   -4.4858068669760695e-06  +2.3394688936160178e-08
 +6   +1.4517619163794482e-06  -5.3816099235707535e-09
 +7   -4.5699973512715560e-07  +1.2644972162020401e-09
 +8   +1.4079131528700307e-07  -3.0172235494275632e-10
 +9   -4.2626391450096291e-08  +7.2809433865264597e-11
+10   +1.2722910201064344e-08  -1.7722813020992794e-11
+11   -3.7525395393913733e-09  +4.3435746337152049e-12
+12   +1.0956976620620942e-09  -1.0704435292733134e-12
+13   -3.1718292319106848e-10  +2.6501036734422539e-13
+14   +9.1134995437025206e-11  -6.5858991337087480e-14
+15   -2.6015095621541079e-11  +1.6420794036966300e-14
+16   +7.3835972190593966e-12  -4.1060936358642182e-15
+17   -2.0849214561504760e-12  +1.0291376059217231e-15
+18   +5.8606462831014727e-13  -2.5713415188492204e-16
+19   -1.6408598182135432e-13  +6.6045587019597614e-17
+20   +4.5756839349860146e-14  -1.5442801103934711e-17
+21   -1.2715196009759376e-14  +4.4083004452371154e-18
+22   +3.4957505377750304e-15  -1.3330638033694424e-18
+23   -9.7766301045229266e-16  +7.5133234873544064e-19
+24   +2.7930452503598630e-16  +6.0571668073496174e-19
+25   -6.9226079098357250e-17  +1.5222697716758051e-18
+26   +1.5494051500922135e-17  -4.4406880010376445e-19
+27   -4.8568849510514146e-18  +7.4745803149829541e-19
+28   +1.0549402069641255e-17  +1.0502338982211128e-18
+29   +2.9865951463300595e-18  -5.9190024842858337e-20
+30   -2.2415456302378294e-17  +3.3256679540295230e-19

