-30   +1.3638643560530784e-17  +5.6200835741056456e-19
-29   -1.4634923110416777e-18  -7.4436039356726366e-19
-28   -7.1834490765866478e-18  -1.1458404620011890e-18
-27   +5.1205391731936368e-18  +3.4709147094576315e-18
-26   -1.2924150874317097e-17  -1.2344389853303610e-17
-25   +5.5908867704880144e-17  +4.4572863697826914e-17
-24   -2.2334941583144995e-16  -1.6176362930734598e-16
-23   +7.8479457009818700e-16  +5.7978760448475544e-16
-22   -2.8083909526757622e-15  -2.0976946125471135e-15
-21   +1.0187849619412932e-14  +7.5914284345057706e-15
-20   -3.6602679043026797e-14  -2.7376512550782355e-14
-19   +1.3104243674002148e-13  +9.8416157753308133e-14
-18   -4.6720851224825874e-13  -3.5256401977097242e-13
-17   +1.6587501777557182e-12  +1.2581916280828588e-12
-16   -5.8610401452153845e-12  -4.4710818219262439e-12
-15   +2.0597678879996281e-11  +1.5813271526751276e-11
-14   -7.1945974664939782e-11  -5.5631528805643443e-11
-13   +2.4955516073539315e-10  +1.9453927480522190e-10
-12   -8.5870210575009070e-10  -6.7563762515590630e-10
-11   +2.9273023181516112e-09  +2.3280406874099980e-09
-10   -9.8701940291747734e-09  -7.9483590086721116e-09
 -9   +3.2846868030388909e-08  +2.6845091844780835e-08
 -8   -1.0758660208237683e-07  -8.9503191326445368e-08
 -7   +3.4551448356302353e-07  +2.9375296908959561e-07
 -6   -1.0822785457537363e-06  -9.4554076273790826e-07
 -5   +3.2801611122057163e-06  +2.9683681738047574e-06
 -4   -9.5164222101823670e-06  -9.0303469937978528e-06
 -3   +2.5681689653127083e-05  +2.6105004455262058e-05
 -2   -6.4696439530917147e-05  -7.3627151437447656e-05
 -1   +3.4310492909371248e-06  +7.9263187338309257e-06
 +0   -1.4076353143035649e-08  +0.0000000000000000e+00
 +1   +3.4310492909371248e-06  -7.9263187338309257e-06
 +2   -6.4696439530917147e-05  +7.3627151437447656e-05
 +3   +2.5681689653127083e-05  -2.6105004455262058e-05
 +4   -9.5164222101823670e-06  +9.0303469937978528e-06
 +5   +3.2801611122057163e-06  -2.9683681738047574e-06
 +6   -1.0822785457537363e-06  +9.4554076273790826e-07
 +7   +3.4551448356302353e-07  -2.9375296908959561e-07
 +8   -1.0758660208237683e-07  +8.9503191326445368e-08
 +9   +3.2846868030388909e-08  -2.6845091844780835e-08
+10   -9.8701940291747734e-09  +7.9483590086721116e-09
+11   +2.9273023181516112e-09  -2.3280406874099980e-09
+12   -8.5870210575009070e-10  +6.7563762515590630e-10
+13   +2.4955516073539315e-10  -1.9453927480522190e-10
+14   -7.1945974664939782e-11  +5.5631528805643443e-11
+15   +2.0597678879996281e-11  -1.5813271526751276e-11
+16   -5.8610401452153845e-12  +4.4710818219262439e-12
+17   +1.6587501777557182e-12  -1.2581916280828588e-12
+18   -4.6720851224825874e-13  +3.5256401977097242e-13
+19   +1.3104243674002148e-13  -9.8416157753308133e-14
+20   -3.6602679043026797e-14  +2.7376512550782355e-14
+21   +1.0187849619412932e-14  -7.5914284345057706e-15
+22   -2.8083909526757622e-15  +2.0976946125471135e-15
+23   +7.8479457009818700e-16  -5.7978760448475544e-16
+24   -2.2334941583144995e-16  +1.6176362930734598e-16
+25   +5.5908867704880144e-17  -4.4572863697826914e-17
+26   -1.2924150874317097e-17  +1.2344389853303610e-17
+27   +5.1205391731936368e-18  -3.4709147094576315e-18
+28   -7.1834490765866478e-18  +1.1458404620011890e-18
+29   -1.4634923110416777e-18  +7.4436039356726366e-19
+30   +1.3638643560530784e-17  -5.6200835741056456e-19

