-30   +1.5253943788890753e-17  +3.1338092260492042e-17
-29   +1.2988055279298467e-17  +3.2067870747628302e-17
-28   +1.2775915911629059e-17  +3.4914465201107941e-17
-27   +1.2580670537654387e-17  +3.0245986771757250e-17
-26   +1.6098704923993724e-17  +5.3613001360451811e-17
-25   +3.5896052422341096e-18  -2.3670540629206409e-17
-24   +4.5764311951575126e-17  +2.6523508705306222e-16
-23   -1.0593598084711856e-16  -7.7300230480232558e-16
-22   +4.3833214139791844e-16  +2.9931201989221276e-15
-21   -1.4978312460156769e-15  -1.0610729967540429e-14
-20   +5.3634493358047968e-15  +3.8437881867941833e-14
-19   -1.8834948955178929e-14  -1.3780237550394178e-13
-18   +6.6028712655070615e-14  +4.9328614506647219e-13
-17   -2.2962822539662340e-13  -1.7577047407057213e-12
-16   +7.9253862357418265e-13  +6.2367126722319394e-12
-15   -2.7099286688942293e-12  -2.2018880815634814e-11
-14   +9.1649105444840138e-12  +7.7307727608805980e-11
-13   -3.0585415331735328e-11  -2.6971243450555830e-10
-12   +1.0040428882039895e-10  +9.3418175185767903e-10
-11   -3.2277426877715156e-10  -3.2086069811665864e-09
-10   +1.0093852801079634e-09  +1.0912661587553790e-08
 -9   -3.0380720173687169e-09  -3.6683252580615210e-08
 -8   +8.6373182818794593e-09  +1.2158140140739347e-07
 -7   -2.2325706780825351e-08  -3.9598418635918720e-07
 -6   +4.7404747762290751e-08  +1.2614849677506416e-06
 -5   -4.8971219412884287e-08  -3.9022730102774169e-06
 -4   -2.6497716085380514e-07  +1.1604002529180354e-05
 -3   +2.4632404992822119e-06  -3.2238082849546470e-05
 -2   -1.4552512064251054e-05  +8.3269190784457695e-05
 -1   +6.2020233745392436e-06  -5.1220512636691810e-06
 +0   +4.1943007201482405e-02  +0.0000000000000000e+00
 +1   +6.2020233745392436e-06  +5.1220512636691810e-06
 +2   -1.4552512064251054e-05  -8.3269190784457695e-05
 +3   +2.4632404992822119e-06  +3.2238082849546470e-05
 +4   -2.6497716085380514e-07  -1.1604002529180354e-05
 +5   -4.8971219412884287e-08  +3.9022730102774169e-06
 +6   +4.7404747762290751e-08  -1.2614849677506416e-06
 +7   -2.2325706780825351e-08  +3.9598418635918720e-07
 +8   +8.6373182818794593e-09  -1.2158140140739347e-07
 +9   -3.0380720173687169e-09  +3.6683252580615210e-08
+10   +1.0093852801079634e-09  -1.0912661587553790e-08
+11   -3.2277426877715156e-10  +3.2086069811665864e-09
+12   +1.0040428882039895e-10  -9.3418175185767903e-10
+13   -3.0585415331735328e-11  +2.6971243450555830e-10
+14   +9.1649105444840138e-12  -7.7307727608805980e-11
+15   -2.7099286688942293e-12  +2.2018880815634814e-11
+16   +7.9253862357418265e-13  -6.2367126722319394e-12
+17   -2.2962822539662340e-13  +1.7577047407057213e-12
+18   +6.6028712655070615e-14  -4.9328614506647219e-13
+19   -1.8834948955178929e-14  +1.3780237550394178e-13
+20   +5.3634493358047968e-15  -3.8437881867941833e-14
+21   -1.4978312460156769e-15  +1.0610729967540429e-14
+22   +4.3833214139791844e-16  -2.9931201989221276e-15
+23   -1.0593598084711856e-16  +7.7300230480232558e-16
+24   +4.5764311951575126e-17  -2.6523508705306222e-16
+25   +3.5896052422341096e-18  +2.3670540629206409e-17
+26   +1.6098704923993724e-17  -5.3613001360451811e-17
+27   +1.2580670537654387e-17  -3.0245986771757250e-17
+28   +1.2775915911629059e-17  -3.4914465201107941e-17
+29   +1.2988055279298467e-17  -3.2067870747628302e-17
+30   +1.5253943788890753e-17  -3.1338092260492042e-17

