-30   +1.4644775982388061e-17  +7.4048835637372147e-20
-29   -2.2078869765442396e-18  +4.5680560852300834e-19
-28   -5.3766345449668793e-18  +8.5735493027789406e-19
-27   +8.4670156611317313e-19  +6.2910434087889869e-19
-26   +3.6147385229666562e-18  +1.1035557416308535e-19
-25   +2.2036271462596589e-18  +7.0961591732994878e-19
-24   -2.3698269534397813e-17  +8.6609146183195394e-19
-23   +6.9889840599368693e-17  -1.0180857613993271e-18
-22   -2.3700492373619824e-16  +4.4072285505200389e-18
-21   +9.6885729031190932e-16  -1.4652314031574746e-17
-20   -3.6557869072324045e-15  +6.0531888770113709e-17
-19   +1.3773042704062082e-14  -2.3725014449334963e-16
-18   -5.1700225373591108e-14  +9.4129835409468787e-16
-17   +1.9402099695637262e-13  -3.7370973790525556e-15
-16   -7.2718514614466150e-13  +1.4882510089500310e-14
-15   +2.7206129819008610e-12  -5.9370130270854526e-14
-14   -1.0158819037180866e-11  +2.3747413521151644e-13
-13   +3.7848547147444885e-11  -9.5260691425095188e-13
-12   -1.4065056357528666e-10  +3.8343116681749980e-12
-11   +5.2112352139608392e-10  -1.5495583677201815e-11
-10   -1.9240731176197520e-09  +6.2926695184020100e-11
 -9   +7.0744296886181601e-09  -2.5706634523764535e-10
 -8   -2.5880503135828905e-08  +1.0580518891679037e-09
 -7   +9.4084887749622278e-08  -4.3968923718898692e-09
 -6   -3.3937068270179812e-07  +1.8512690546944552e-08
 -5   +1.2105408844664862e-06  -7.9324368546911228e-08
 -4   -4.2644200658309948e-06  +3.5005040811990009e-07
 -3   +1.4478727072989027e-05  -1.5925380418935986e-06
 -2   -4.9460834403543971e-05  +8.2826191057152341e-06
 -1   +1.7727663116722941e-05  -6.4659799934858642e-06
 +0   -2.7748129194238377e-09  +0.0000000000000000e+00
 +1   +1.7727663116722941e-05  +6.4659799934858642e-06
 +2   -4.9460834403543971e-05  -8.2826191057152341e-06
 +3   +1.4478727072989027e-05  +1.5925380418935986e-06
 +4   -4.2644200658309948e-06  -3.5005040811990009e-07
 +5   +1.2105408844664862e-06  +7.9324368546911228e-08
 +6   -3.3937068270179812e-07  -1.8512690546944552e-08
 +7   +9.4084887749622278e-08  +4.3968923718898692e-09
 +8   -2.5880503135828905e-08  -1.0580518891679037e-09
 +9   +7.0744296886181601e-09  +2.5706634523764535e-10
+10   -1.9240731176197520e-09  -6.2926695184020100e-11
+11   +5.2112352139608392e-10  +1.5495583677201815e-11
+12   -1.4065056357528666e-10  -3.8343116681749980e-12
+13   +3.7848547147444885e-11  +9.5260691425095188e-13
+14   -1.0158819037180866e-11  -2.3747413521151644e-13
+15   +2.7206129819008610e-12  +5.9370130270854526e-14
+16   -7.2718514614466150e-13  -1.4882510089500310e-14
+17   +1.9402099695637262e-13  +3.7370973790525556e-15
+18   -5.1700225373591108e-14  -9.4129835409468787e-16
+19   +1.3773042704062082e-14  +2.3725014449334963e-16
+20   -3.6557869072324045e-15  -6.0531888770113709e-17
+21   +9.6885729031190932e-16  +1.4652314031574746e-17
+22   -2.3700492373619824e-16  -4.4072285505200389e-18
+23   +6.9889840599368693e-17  +1.0180857613993271e-18
+24   -2.3698269534397813e-17  -8.6609146183195394e-19
+25   +2.2036271462596589e-18  -7.0961591732994878e-19
+26   +3.6147385229666562e-18  -1.1035557416308535e-19
+27   +8.4670156611317313e-19  -6.2910434087889869e-19
+28   -5.3766345449668793e-18  -8.5735493027789406e-19
+29   -2.2078869765442396e-18  -4.5680560852300834e-19
+30   +1.4644775982388061e-17  -7.4048835637372147e-20

