-30   -1.5700098174849297e-17  -3.9211801249765366e-17
-29   -1.6284908257567989e-17  -4.1678255102832339e-17
-28   -1.7507821549556103e-17  -4.0931577503178554e-17
-27   -1.7699220801590650e-17  -4.8795089285224167e-17
-26   -1.4439403448304066e-17  -2.9364934879654699e-17
-25   -2.5360065832244867e-17  -1.0874169407948725e-16
-24   +1.5378340121324761e-17  +1.7381113591904413e-16
-23   -1.3447415325608495e-16  -8.6743621780923421e-16
-22   +4.0976846370697763e-16  +2.8951257149615357e-15
-21   -1.5254519159544103e-15  -1.0719937195132759e-14
-20   +5.3291886961894417e-15  +3.8349140542919229e-14
-19   -1.8853552282319009e-14  -1.3799793730564236e-13
-18   +6.5956992703985975e-14  +4.9347781751156662e-13
-17   -2.2948772121162226e-13  -1.7590802241585070e-12
-16   +7.9183682113291092e-13  +6.2415305686178208e-12
-15   -2.7072469154134291e-12  -2.2038780171706529e-11
-14   +9.1539372026169604e-12  +7.7386467417690317e-11
-13   -3.0541064251301760e-11  -2.7002858847994956e-10
-12   +1.0022336964239896e-10  +9.3545093149362588e-10
-11   -3.2203245995804242e-10  -3.2137247783829932e-09
-10   +1.0063198201191956e-09  +1.0933381697007057e-08
 -9   -3.0252837896167480e-09  -3.6767579357145424e-08
 -8   +8.5833084844483301e-09  +1.2192677868525764e-07
 -7   -2.2093840168159172e-08  -3.9741003910827796e-07
 -6   +4.6386425867849942e-08  +1.2674334947474251e-06
 -5   -4.4349836951634559e-08  -3.9274140833589406e-06
 -4   -2.8708855177347396e-07  +1.1712527698498826e-05
 -3   +2.5777833196104578e-06  -3.2710772699862113e-05
 -2   -1.5287050214495296e-05  +8.5485411465153804e-05
 -1   +6.6338808021512019e-06  -6.8424676230834422e-06
 +0   -4.1942990334835610e-02  +0.0000000000000000e+00
 +1   +6.6338808021512019e-06  +6.8424676230834422e-06
 +2   -1.5287050214495296e-05  -8.5485411465153804e-05
 +3   +2.5777833196104578e-06  +3.2710772699862113e-05
 +4   -2.8708855177347396e-07  -1.1712527698498826e-05
 +5   -4.4349836951634559e-08  +3.9274140833589406e-06
 +6   +4.6386425867849942e-08  -1.2674334947474251e-06
 +7   -2.2093840168159172e-08  +3.9741003910827796e-07
 +8   +8.5833084844483301e-09  -1.2192677868525764e-07
 +9   -3.0252837896167480e-09  +3.6767579357145424e-08
+10   +1.0063198201191956e-09  -1.0933381697007057e-08
+11   -3.2203245995804242e-10  +3.2137247783829932e-09
+12   +1.0022336964239896e-10  -9.3545093149362588e-10
+13   -3.0541064251301760e-11  +2.7002858847994956e-10
+14   +9.1539372026169604e-12  -7.7386467417690317e-11
+15   -2.7072469154134291e-12  +2.2038780171706529e-11
+16   +7.9183682113291092e-13  -6.2415305686178208e-12
+17   -2.2948772121162226e-13  +1.7590802241585070e-12
+18   +6.5956992703985975e-14  -4.9347781751156662e-13
+19   -1.8853552282319009e-14  +1.3799793730564236e-13
+20   +5.3291886961894417e-15  -3.8349140542919229e-14
+21   -1.5254519159544103e-15  +1.0719937195132759e-14
+22   +4.0976846370697763e-16  -2.8951257149615357e-15
+23   -1.3447415325608495e-16  +8.6743621780923421e-16
+24   +1.5378340121324761e-17  -1.7381113591904413e-16
+25   -2.5360065832244867e-17  +1.0874169407948725e-16
+26   -1.4439403448304066e-17  +2.9364934879654699e-17
+27   -1.7699220801590650e-17  +4.8795089285224167e-17
+28   -1.7507821549556103e-17  +4.0931577503178554e-17
+29   -1.6284908257567989e-17  +4.1678255102832339e-17
+30   -1.5700098174849297e-17  +3.9211801249765366e-17

