-30   -1.6803546835201119e-17  +5.6801518498414981e-21
-29   +2.6230060148358463e-18  +5.8839212360010814e-19
-28   +7.9272793039563733e-18  -8.4809309639297647e-19
-27   -1.7344492532740060e-18  +3.5995341625047660e-18
-26   +2.9486334515711758e-18  -1.1576776064168867e-17
-25   -2.6876441513373211e-17  +4.2779172901634543e-17
-24   +1.2402254850130391e-16  -1.5254772538664242e-16
-23   -4.2090655804385244e-16  +5.5951002268828137e-16
-22   +1.5010433006036603e-15  -2.0167353109632092e-15
-21   -5.5280544647605842e-15  +7.2799483058057053e-15
-20   +2.0029231162314613e-14  -2.6198242263749745e-14
-19   -7.2320888579561673e-14  +9.3955032539271925e-14
-18   +2.6021909299615589e-13  -3.3569050341916453e-13
-17   -9.3341521057344237e-13  +1.1944413108892096e-12
-16   +3.3361129282735326e-12  -4.2303889123727829e-12
-15   -1.1874982632132584e-11  +1.4905293146984134e-11
-14   +4.2078338998307481e-11  -5.2209127187114691e-11
-13   -1.4834721928374563e-10  +1.8165046564385365e-10
-12   +5.2001294663197424e-10  -6.2713982790528518e-10
-11   -1.8110191466699050e-09  +2.1457046014037350e-09
-10   +6.2602486387544491e-09  -7.2633348633640188e-09
 -9   -2.1453838244118273e-08  +2.4272867936035337e-08
 -8   +7.2780892129829267e-08  -7.9845906283420667e-08
 -7   -2.4393893740523672e-07  +2.5747327732647113e-07
 -6   +8.0579728372184939e-07  -8.0895832186315009e-07
 -5   -2.6128394335217384e-06  +2.4517981480631362e-06
 -4   +8.2870679377464663e-06  -7.0529104912731121e-06
 -3   -2.5170658629848137e-05  +1.8420760874445829e-05
 -2   +7.5210027724529913e-05  -4.0761764756147757e-05
 -1   -1.4202746235883707e-05  -1.7299858536086976e-06
 +0   -1.2245420344153860e-08  +0.0000000000000000e+00
 +1   -1.4202746235883707e-05  +1.7299858536086976e-06
 +2   +7.5210027724529913e-05  +4.0761764756147757e-05
 +3   -2.5170658629848137e-05  -1.8420760874445829e-05
 +4   +8.2870679377464663e-06  +7.0529104912731121e-06
 +5   -2.6128394335217384e-06  -2.4517981480631362e-06
 +6   +8.0579728372184939e-07  +8.0895832186315009e-07
 +7   -2.4393893740523672e-07  -2.5747327732647113e-07
 +8   +7.2780892129829267e-08  +7.9845906283420667e-08
 +9   -2.1453838244118273e-08  -2.4272867936035337e-08
+10   +6.2602486387544491e-09  +7.2633348633640188e-09
+11   -1.8110191466699050e-09  -2.1457046014037350e-09
+12   +5.2001294663197424e-10  +6.2713982790528518e-10
+13   -1.4834721928374563e-10  -1.8165046564385365e-10
+14   +4.2078338998307481e-11  +5.2209127187114691e-11
+15   -1.1874982632132584e-11  -1.4905293146984134e-11
+16   +3.3361129282735326e-12  +4.2303889123727829e-12
+17   -9.3341521057344237e-13  -1.1944413108892096e-12
+18   +2.6021909299615589e-13  +3.3569050341916453e-13
+19   -7.2320888579561673e-14  -9.3955032539271925e-14
+20   +2.0029231162314613e-14  +2.6198242263749745e-14
+21   -5.5280544647605842e-15  -7.2799483058057053e-15
+22   +1.5010433006036603e-15  +2.0167353109632092e-15
+23   -4.2090655804385244e-16  -5.5951002268828137e-16
+24   +1.2402254850130391e-16  +1.5254772538664242e-16
+25   -2.6876441513373211e-17  -4.2779172901634543e-17
+26   +2.9486334515711758e-18  +1.1576776064168867e-17
+27   -1.7344492532740060e-18  -3.5995341625047660e-18
+28   +7.9272793039563733e-18  +8.4809309639297647e-19
+29   +2.6230060148358463e-18  -5.8839212360010814e-19
+30   -1.6803546835201119e-17  -5.6801518498414981e-21

