-30   +0.0000000000000000e+00  -1.2474254383451021e-19
-29   +0.0000000000000000e+00  +1.2951520585552852e-19
-28   +0.0000000000000000e+00  -1.3425949511904546e-19
-27   +0.0000000000000000e+00  +1.3997151633941908e-19
-26   +0.0000000000000000e+00  -1.4544470983740208e-19
-25   +0.0000000000000000e+00  +1.4946916150339851e-19
-24   +0.0000000000000000e+00  -1.4950121778894404e-19
-23   +0.0000000000000000e+00  +1.2781537295152671e-19
-22   +0.0000000000000000e+00  -1.4982312019381194e-20
-21   +0.0000000000000000e+00  -4.7921038245213532e-19
-20   +0.0000000000000000e+00  +2.5577326828726710e-18
-19   +0.0000000000000000e+00  -1.1254288222917376e-17
-18   +0.0000000000000000e+00  +4.7717339496248790e-17
-17   +0.0000000000000000e+00  -2.0123607802903434e-16
-16   +0.0000000000000000e+00  +8.5097616001604738e-16
-15   +0.0000000000000000e+00  -3.6176524095914019e-15
-14   +0.0000000000000000e+00  +1.5480872651912063e-14
-13   +0.0000000000000000e+00  -6.6759639322587621e-14
-12   +0.0000000000000000e+00  +2.9049584490289439e-13
-11   +0.0000000000000000e+00  -1.2775115992655951e-12
-10   +0.0000000000000000e+00  +5.6895551295769441e-12
 -9   +0.0000000000000000e+00  -2.5730793663485373e-11
 -8   +0.0000000000000000e+00  +1.1860222130159891e-10
 -7   +0.0000000000000000e+00  -5.6005722526229015e-10
 -6   +0.0000000000000000e+00  +2.7306820411046115e-09
 -5   +0.0000000000000000e+00  -1.3903630861204225e-08
 -4   +0.0000000000000000e+00  +7.5646081345695167e-08
 -3   +0.0000000000000000e+00  -4.5051832271977772e-07
 -2   +0.0000000000000000e+00  +3.4216432174412054e-06
 -1   +0.0000000000000000e+00  -1.1948633762993490e-06
 +0   +0.0000000000000000e+00  +0.0000000000000000e+00
 +1   +0.0000000000000000e+00  +1.1948633762993490e-06
 +2   +0.0000000000000000e+00  -3.4216432174412054e-06
 +3   +0.0000000000000000e+00  +4.5051832271977772e-07
 +4   +0.0000000000000000e+00  -7.5646081345695167e-08
 +5   +0.0000000000000000e+00  +1.3903630861204225e-08
 +6   +0.0000000000000000e+00  -2.7306820411046115e-09
 +7   +0.0000000000000000e+00  +5.6005722526229015e-10
 +8   +0.0000000000000000e+00  -1.1860222130159891e-10
 +9   +0.0000000000000000e+00  +2.5730793663485373e-11
+10   +0.0000000000000000e+00  -5.6895551295769441e-12
+11   +0.0000000000000000e+00  +1.2775115992655951e-12
+12   +0.0000000000000000e+00  -2.9049584490289439e-13
+13   +0.0000000000000000e+00  +6.6759639322587621e-14
+14   +0.0000000000000000e+00  -1.5480872651912063e-14
+15   +0.0000000000000000e+00  +3.6176524095914019e-15
+16   +0.0000000000000000e+00  -8.5097616001604738e-16
+17   +0.0000000000000000e+00  +2.0123607802903434e-16
+18   +0.0000000000000000e+00  -4.7717339496248790e-17
+19   +0.0000000000000000e+00  +1.1254288222917376e-17
+20   +0.0000000000000000e+00  -2.5577326828726710e-18
+21   +0.0000000000000000e+00  +4.7921038245213532e-19
+22   +0.0000000000000000e+00  +1.4982312019381194e-20
+23   +0.0000000000000000e+00  -1.2781537295152671e-19
+24   +0.0000000000000000e+00  +1.4950121778894404e-19
+25   +0.0000000000000000e+00  -1.4946916150339851e-19
+26   +0.0000000000000000e+00  +1.4544470983740208e-19
+27   +0.0000000000000000e+00  -1.3997151633941908e-19
+28   +0.0000000000000000e+00  +1.3425949511904546e-19
+29   +0.0000000000000000e+00  -1.2951520585552852e-19
+30   +0.0000000000000000e+00  +1.2474254383451021e-19

