-30   -8.7249853122900128e-21  +0.0000000000000000e+00
-29   -3.6044452161774028e-21  +0.0000000000000000e+00
-28   -2.9982246118678561e-20  +0.0000000000000000e+00
-27   +6.5629722754208633e-21  +0.0000000000000000e+00
-26   -1.4688406949945766e-20  +0.0000000000000000e+00
-25   -7.9186150711061313e-21  +0.0000000000000000e+00
-24   -2.6410508380512988e-20  +0.0000000000000000e+00
-23   +1.9520095920272169e-20  +0.0000000000000000e+00
-22   -1.0900734344160665e-19  +0.0000000000000000e+00
-21   +6.5994205131877598e-19  +0.0000000000000000e+00
-20   -2.9216858373018405e-18  +0.0000000000000000e+00
-19   +1.2139145197738930e-17  +0.0000000000000000e+00
-18   -5.0866837060603999e-17  +0.0000000000000000e+00
-17   +2.1420203790009067e-16  +0.0000000000000000e+00
-16   -9.0856964343230102e-16  +0.0000000000000000e+00
-15   +3.8773898860043206e-15  +0.0000000000000000e+00
-14   -1.6668080526798518e-14  +0.0000000000000000e+00
-13   +7.2255627264569153e-14  +0.0000000000000000e+00
-12   -3.1631292191155646e-13  +0.0000000000000000e+00
-11   +1.4008578592926820e-12  +0.0000000000000000e+00
-10   -6.2908198938088011e-12  +0.0000000000000000e+00
 -9   +2.8733492036001514e-11  +0.0000000000000000e+00
 -8   -1.3405180237428469e-10  +0.0000000000000000e+00
 -7   +6.4257057093317051e-10  +0.0000000000000000e+00
 -6   -3.1936209071279082e-09  +0.0000000000000000e+00
 -5   +1.6670422801149075e-08  +0.0000000000000000e+00
 -4   -9.3911144539309444e-08  +0.0000000000000000e+00
 -3   +5.8476425204910231e-07  +0.0000000000000000e+00
 -2   -4.7941635256706251e-06  +0.0000000000000000e+00
 -1   +2.9792706718524133e-06  +0.0000000000000000e+00
 +0   -1.9915141818340910e-04  +0.0000000000000000e+00
 +1   +2.9792706718524133e-06  +0.0000000000000000e+00
 +2   -4.7941635256706251e-06  +0.0000000000000000e+00
 +3   +5.8476425204910231e-07  +0.0000000000000000e+00
 +4   -9.3911144539309444e-08  +0.0000000000000000e+00
 +5   +1.6670422801149075e-08  +0.0000000000000000e+00
 +6   -3.1936209071279082e-09  +0.0000000000000000e+00
 +7   +6.4257057093317051e-10  +0.0000000000000000e+00
 +8   -1.3405180237428469e-10  +0.0000000000000000e+00
 +9   +2.8733492036001514e-11  +0.0000000000000000e+00
+10   -6.2908198938088011e-12  +0.0000000000000000e+00
+11   +1.4008578592926820e-12  +0.0000000000000000e+00
+12   -3.1631292191155646e-13  +0.0000000000000000e+00
+13   +7.2255627264569153e-14  +0.0000000000000000e+00
+14   -1.6668080526798518e-14  +0.0000000000000000e+00
+15   +3.8773898860043206e-15  +0.0000000000000000e+00
+16   -9.0856964343230102e-16  +0.0000000000000000e+00
+17   +2.1420203790009067e-16  +0.0000000000000000e+00
+18   -5.0866837060603999e-17  +0.0000000000000000e+00
+19   +1.2139145197738930e-17  +0.0000000000000000e+00
+20   -2.9216858373018405e-18  +0.0000000000000000e+00
+21   +6.5994205131877598e-19  +0.0000000000000000e+00
+22   -1.0900734344160665e-19  +0.0000000000000000e+00
+23   +1.9520095920272169e-20  +0.0000000000000000e+00
+24   -2.6410508380512988e-20  +0.0000000000000000e+00
+25   -7.9186150711061313e-21  +0.0000000000000000e+00
+26   -1.4688406949945766e-20  +0.0000000000000000e+00
+27   +6.5629722754208633e-21  +0.0000000000000000e+00
+28   -2.9982246118678561e-20  +0.0000000000000000e+00
+29   -3.6044452161774028e-21  +0.0000000000000000e+00
+30   -8.7249853122900128e-21  +0.0000000000000000e+00

