-30   +6.5528200431829975e-20  +0.0000000000000000e+00
-29   +5.7087479068902634e-20  +0.0000000000000000e+00
-28   +1.2826984491236000e-19  +0.0000000000000000e+00
-27   -1.7594109198709165e-20  +0.0000000000000000e+00
-26   +1.2156607716486782e-19  +0.0000000000000000e+00
-25   -8.3407888168845037e-19  +0.0000000000000000e+00
-24   +2.8430384543821883e-18  +0.0000000000000000e+00
-23   -1.0933299684857527e-17  +0.0000000000000000e+00
-22   +4.3247401701819442e-17  +0.0000000000000000e+00
-21   -1.7136314467241946e-16  +0.0000000000000000e+00
-20   +6.7749503020995481e-16  +0.0000000000000000e+00
-19   -2.6804316367203839e-15  +0.0000000000000000e+00
-18   +1.0620435028746368e-14  +0.0000000000000000e+00
-17   -4.2145849386016391e-14  +0.0000000000000000e+00
-16   +1.6754117817579147e-13  +0.0000000000000000e+00
-15   -6.6733218884741188e-13  +0.0000000000000000e+00
-14   +2.6639822277480998e-12  +0.0000000000000000e+00
-13   -1.0661906345268043e-11  +0.0000000000000000e+00
-12   +4.2798897672365825e-11  +0.0000000000000000e+00
-11   -1.7240584108485045e-10  +0.0000000000000000e+00
-10   +6.9740859979713503e-10  +0.0000000000000000e+00
 -9   -2.8354744991231961e-09  +0.0000000000000000e+00
 -8   +1.1601179798611161e-08  +0.0000000000000000e+00
 -7   -4.7845990720811440e-08  +0.0000000000000000e+00
 -6   +1.9944920745208140e-07  +0.0000000000000000e+00
 -5   -8.4314867554323949e-07  +0.0000000000000000e+00
 -4   +3.6485326155269029e-06  +0.0000000000000000e+00
 -3   -1.6131628392235418e-05  +0.0000000000000000e+00
 -2   +7.9845430239541454e-05  +0.0000000000000000e+00
 -1   -1.1799118440911982e-05  +0.0000000000000000e+00
 +0   -1.9915142561499743e-04  +0.0000000000000000e+00
 +1   -1.1799118440911982e-05  +0.0000000000000000e+00
 +2   +7.9845430239541454e-05  +0.0000000000000000e+00
 +3   -1.6131628392235418e-05  +0.0000000000000000e+00
 +4   +3.6485326155269029e-06  +0.0000000000000000e+00
 +5   -8.4314867554323949e-07  +0.0000000000000000e+00
 +6   +1.9944920745208140e-07  +0.0000000000000000e+00
 +7   -4.7845990720811440e-08  +0.0000000000000000e+00
 +8   +1.1601179798611161e-08  +0.0000000000000000e+00
 +9   -2.8354744991231961e-09  +0.0000000000000000e+00
+10   +6.9740859979713503e-10  +0.0000000000000000e+00
+11   -1.7240584108485045e-10  +0.0000000000000000e+00
+12   +4.2798897672365825e-11  +0.0000000000000000e+00
+13   -1.0661906345268043e-11  +0.0000000000000000e+00
+14   +2.6639822277480998e-12  +0.0000000000000000e+00
+15   -6.6733218884741188e-13  +0.0000000000000000e+00
+16   +1.6754117817579147e-13  +0.0000000000000000e+00
+17   -4.2145849386016391e-14  +0.0000000000000000e+00
+18   +1.0620435028746368e-14  +0.0000000000000000e+00
+19   -2.6804316367203839e-15  +0.0000000000000000e+00
+20   +6.7749503020995481e-16  +0.0000000000000000e+00
+21   -1.7136314467241946e-16  +0.0000000000000000e+00
+22   +4.3247401701819442e-17  +0.0000000000000000e+00
+23   -1.0933299684857527e-17  +0.0000000000000000e+00
+24   +2.8430384543821883e-18  +0.0000000000000000e+00
+25   -8.3407888168845037e-19  +0.0000000000000000e+00
+26   +1.2156607716486782e-19  +0.0000000000000000e+00
+27   -1.7594109198709165e-20  +0.0000000000000000e+00
+28   +1.2826984491236000e-19  +0.0000000000000000e+00
+29   +5.7087479068902634e-20  +0.0000000000000000e+00
+30   +6.5528200431829975e-20  +0.0000000000000000e+00

