-30   +0.0000000000000000e+00  +2.7904747868403904e-18
-29   +0.0000000000000000e+00  +1.3259642727616653e-18
-28   +0.0000000000000000e+00  +1.1296241617785009e-17
-27   +0.0000000000000000e+00  -3.0556845966045386e-18
-26   +0.0000000000000000e+00  +5.5655669003583140e-18
-25   +0.0000000000000000e+00  +1.6560842802153309e-18
-24   +0.0000000000000000e+00  +8.5047964317290858e-18
-23   +0.0000000000000000e+00  -6.7084503558801290e-18
-22   +0.0000000000000000e+00  +3.0560152564722193e-17
-21   +0.0000000000000000e+00  -1.7144247812024497e-16
-20   +0.0000000000000000e+00  +7.1899383057307636e-16
-19   +0.0000000000000000e+00  -2.8412924784614846e-15
-18   +0.0000000000000000e+00  +1.1277380550677332e-14
-17   +0.0000000000000000e+00  -4.4836786354926298e-14
-16   +0.0000000000000000e+00  +1.7894758414999360e-13
-15   +0.0000000000000000e+00  -7.1573055901846167e-13
-14   +0.0000000000000000e+00  +2.8706929252853275e-12
-13   +0.0000000000000000e+00  -1.1551040479238393e-11
-12   +0.0000000000000000e+00  +4.6656416907137379e-11
-11   +0.0000000000000000e+00  -1.8931051340751197e-10
-10   +0.0000000000000000e+00  +7.7237584804767363e-10
 -9   +0.0000000000000000e+00  -3.1727207265085351e-09
 -8   +0.0000000000000000e+00  +1.3145305686479600e-08
 -7   +0.0000000000000000e+00  -5.5072333684326814e-08
 -6   +0.0000000000000000e+00  +2.3426665547172978e-07
 -5   +0.0000000000000000e+00  -1.0170175758665705e-06
 -4   +0.0000000000000000e+00  +4.5704264020854311e-06
 -3   +0.0000000000000000e+00  -2.1247042810352785e-05
 -2   +0.0000000000000000e+00  +1.1516934601775658e-04
 -1   +0.0000000000000000e+00  -3.5653551581820690e-05
 +0   +0.0000000000000000e+00  +0.0000000000000000e+00
 +1   +0.0000000000000000e+00  +3.5653551581820690e-05
 +2   +0.0000000000000000e+00  -1.1516934601775658e-04
 +3   +0.0000000000000000e+00  +2.1247042810352785e-05
 +4   +0.0000000000000000e+00  -4.5704264020854311e-06
 +5   +0.0000000000000000e+00  +1.0170175758665705e-06
 +6   +0.0000000000000000e+00  -2.3426665547172978e-07
 +7   +0.0000000000000000e+00  +5.5072333684326814e-08
 +8   +0.0000000000000000e+00  -1.3145305686479600e-08
 +9   +0.0000000000000000e+00  +3.1727207265085351e-09
+10   +0.0000000000000000e+00  -7.7237584804767363e-10
+11   +0.0000000000000000e+00  +1.8931051340751197e-10
+12   +0.0000000000000000e+00  -4.6656416907137379e-11
+13   +0.0000000000000000e+00  +1.1551040479238393e-11
+14   +0.0000000000000000e+00  -2.8706929252853275e-12
+15   +0.0000000000000000e+00  +7.1573055901846167e-13
+16   +0.0000000000000000e+00  -1.7894758414999360e-13
+17   +0.0000000000000000e+00  +4.4836786354926298e-14
+18   +0.0000000000000000e+00  -1.1277380550677332e-14
+19   +0.0000000000000000e+00  +2.8412924784614846e-15
+20   +0.0000000000000000e+00  -7.1899383057307636e-16
+21   +0.0000000000000000e+00  +1.7144247812024497e-16
+22   +0.0000000000000000e+00  -3.0560152564722193e-17
+23   +0.0000000000000000e+00  +6.7084503558801290e-18
+24   +0.0000000000000000e+00  -8.5047964317290858e-18
+25   +0.0000000000000000e+00  -1.6560842802153309e-18
+26   +0.0000000000000000e+00  -5.5655669003583140e-18
+27   +0.0000000000000000e+00  +3.0556845966045386e-18
+28   +0.0000000000000000e+00  -1.1296241617785009e-17
+29   +0.0000000000000000e+00  -1.3259642727616653e-18
+30   +0.0000000000000000e+00  -2.7904747868403904e-18

