-30   +3.8322452722579449e-19  +3.5420066186669116e-18
-29   -1.2987749684103669e-18  -1.2828414069552620e-18
-28   +6.6850257785353070e-19  +6.9251197021159753e-19
-27   +1.0590571595749844e-18  +1.1526118040624106e-18
-26   -1.1548460867048583e-19  -5.8537068713898024e-19
-25   +1.2867725857404038e-18  -1.0236093774837713e-18
-24   -5.1975368175790525e-19  +1.9137684255599154e-18
-23   +3.9011039477788510e-19  +1.7788178339884967e-18
-22   -9.4957005722323874e-19  -7.2280313676257923e-19
-21   +3.1701427150672998e-18  +5.0222191102408772e-18
-20   -1.4059265254501884e-17  -2.9902476861010822e-17
-19   +4.5215735795767729e-17  +1.2735906402560161e-16
-18   -1.7545904244003989e-16  -5.1050886334964806e-16
-17   +7.0925743060240010e-16  +2.0380994997794158e-15
-16   -2.8583741803370763e-15  -8.1728833767471807e-15
-15   +1.1579565057632643e-14  +3.2861183597626204e-14
-14   -4.7096045387276363e-14  -1.3254276595163571e-13
-13   +1.9258010387313466e-13  +5.3675234637660909e-13
-12   -7.9242300462306396e-13  -2.1840817782644371e-12
-11   +3.2854745535340370e-12  +8.9385143840338395e-12
-10   -1.3750182011491881e-11  -3.6840578037488643e-11
 -9   +5.8229931517470460e-11  +1.5318526381792914e-10
 -8   -2.5038637458489247e-10  -6.4419162756125643e-10
 -7   +1.0987249947848982e-09  +2.7497211372941243e-09
 -6   -4.9590677155776994e-09  -1.1980712900469381e-08
 -5   +2.3307734475298613e-08  +5.3757913713622809e-08
 -4   -1.1686900600631707e-07  -2.5280139720600071e-07
 -3   +6.4674595291876650e-07  +1.2770736344997768e-06
 -2   -4.6075261644077684e-06  -7.8378007402672646e-06
 -1   +3.5558972372077007e-06  +3.2747136222983007e-06
 +0   +1.6953690753986264e-01  +0.0000000000000000e+00
 +1   +3.5558972372077007e-06  -3.2747136222983007e-06
 +2   -4.6075261644077684e-06  +7.8378007402672646e-06
 +3   +6.4674595291876650e-07  -1.2770736344997768e-06
 +4   -1.1686900600631707e-07  +2.5280139720600071e-07
 +5   +2.3307734475298613e-08  -5.3757913713622809e-08
 +6   -4.9590677155776994e-09  +1.1980712900469381e-08
 +7   +1.0987249947848982e-09  -2.7497211372941243e-09
 +8   -2.5038637458489247e-10  +6.4419162756125643e-10
 +9   +5.8229931517470460e-11  -1.5318526381792914e-10
+10   -1.3750182011491881e-11  +3.6840578037488643e-11
+11   +3.2854745535340370e-12  -8.9385143840338395e-12
+12   -7.9242300462306396e-13  +2.1840817782644371e-12
+13   +1.9258010387313466e-13  -5.3675234637660909e-13
+14   -4.7096045387276363e-14  +1.3254276595163571e-13
+15   +1.1579565057632643e-14  -3.2861183597626204e-14
+16   -2.8583741803370763e-15  +8.1728833767471807e-15
+17   +7.0925743060240010e-16  -2.0380994997794158e-15
+18   -1.7545904244003989e-16  +5.1050886334964806e-16
+19   +4.5215735795767729e-17  -1.2735906402560161e-16
+20   -1.4059265254501884e-17  +2.9902476861010822e-17
+21   +3.1701427150672998e-18  -5.0222191102408772e-18
+22   -9.4957005722323874e-19  +7.2280313676257923e-19
+23   +3.9011039477788510e-19  -1.7788178339884967e-18
+24   -5.1975368175790525e-19  -1.9137684255599154e-18
+25   +1.2867725857404038e-18  +1.0236093774837713e-18
+26   -1.1548460867048583e-19  +5.8537068713898024e-19
+27   +1.0590571595749844e-18  -1.1526118040624106e-18
+28   +6.6850257785353070e-19  -6.9251197021159753e-19
+29   -1.2987749684103669e-18  +1.2828414069552620e-18
+30   +3.8322452722579449e-19  -3.5420066186669116e-18

