-30   -1.5281440268432872e-16  +3.6369296195322277e-16
-29   +1.4700948549948793e-16  -3.7357329570490502e-16
-28   -1.4998423068006639e-16  +3.8613814191923152e-16
-27   +1.5143606348986729e-16  -3.9958229596574828e-16
-26   -1.4750446619070573e-16  +4.1769934682046800e-16
-25   +1.4554273449640714e-16  -4.3777240197601524e-16
-24   -1.4941219341069694e-16  +4.5646018908137886e-16
-23   +1.4990014370816922e-16  -4.7619542250585065e-16
-22   -1.4942490769553197e-16  +5.0125200655006912e-16
-21   +1.5660219483037792e-16  -5.2884937215866040e-16
-20   -1.6924258589963477e-16  +5.3593400342654256e-16
-19   +2.5271417283310885e-16  -5.3556817343478891e-16
-18   -5.6355424010471870e-16  +4.1571426407214232e-16
-17   +1.8101842530685220e-15  +1.2863582386482028e-16
-16   -6.8338170017691019e-15  -2.4278777535695940e-15
-15   +2.7135289721958913e-14  +1.1769341355855295e-14
-14   -1.0955808595603091e-13  -4.9461773377272344e-14
-13   +4.4575645741913193e-13  +2.0142432492395672e-13
-12   -1.8253676813928199e-12  -8.1621913634542938e-13
-11   +7.5276710347228144e-12  +3.3140051794696882e-12
-10   -3.1307295951561527e-11  -1.3515114373291543e-11
 -9   +1.3159077762788293e-10  +5.5439915344395040e-11
 -8   -5.6067957248659324e-10  -2.2906241155665506e-10
 -7   +2.4323453343821889e-09  +9.5475210004873529e-10
 -6   -1.0817735241688948e-08  -4.0219683632534247e-09
 -5   +4.9846379345534326e-08  +1.7146017242099290e-08
 -4   -2.4298526760320860e-07  -7.3948817313734287e-08
 -3   +1.2855877036908636e-06  +3.1437794797488786e-07
 -2   -8.4181418126532712e-06  -1.1479042433361748e-06
 -1   +5.8507571002486226e-06  -1.5529754235017536e-06
 +0   +4.1677112699311525e-01  +0.0000000000000000e+00
 +1   +5.8507571002486226e-06  +1.5529754235017536e-06
 +2   -8.4181418126532712e-06  +1.1479042433361748e-06
 +3   +1.2855877036908636e-06  -3.1437794797488786e-07
 +4   -2.4298526760320860e-07  +7.3948817313734287e-08
 +5   +4.9846379345534326e-08  -1.7146017242099290e-08
 +6   -1.0817735241688948e-08  +4.0219683632534247e-09
 +7   +2.4323453343821889e-09  -9.5475210004873529e-10
 +8   -5.6067957248659324e-10  +2.2906241155665506e-10
 +9   +1.3159077762788293e-10  -5.5439915344395040e-11
+10   -3.1307295951561527e-11  +1.3515114373291543e-11
+11   +7.5276710347228144e-12  -3.3140051794696882e-12
+12   -1.8253676813928199e-12  +8.1621913634542938e-13
+13   +4.4575645741913193e-13  -2.0142432492395672e-13
+14   -1.0955808595603091e-13  +4.9461773377272344e-14
+15   +2.7135289721958913e-14  -1.1769341355855295e-14
+16   -6.8338170017691019e-15  +2.4278777535695940e-15
+17   +1.8101842530685220e-15  -1.2863582386482028e-16
+18   -5.6355424010471870e-16  -4.1571426407214232e-16
+19   +2.5271417283310885e-16  +5.3556817343478891e-16
+20   -1.6924258589963477e-16  -5.3593400342654256e-16
+21   +1.5660219483037792e-16  +5.2884937215866040e-16
+22   -1.4942490769553197e-16  -5.0125200655006912e-16
+23   +1.4990014370816922e-16  +4.7619542250585065e-16
+24   -1.4941219341069694e-16  -4.5646018908137886e-16
+25   +1.4554273449640714e-16  +4.3777240197601524e-16
+26   -1.4750446619070573e-16  -4.1769934682046800e-16
+27   +1.5143606348986729e-16  +3.9958229596574828e-16
+28   -1.4998423068006639e-16  -3.8613814191923152e-16
+29   +1.4700948549948793e-16  +3.7357329570490502e-16
+30   -1.5281440268432872e-16  -3.6369296195322277e-16

