-30   -1.1961665160964857e-18  +4.1962118084285022e-18
-29   +3.1729235981415612e-18  -5.0155132550322540e-18
-28   -1.6846179333219104e-18  +5.7818913690206680e-18
-27   +2.6197883202094365e-18  -5.7825797390761375e-18
-26   -2.2642014724303447e-18  +6.2951373877941126e-18
-25   +1.4611052949177602e-18  -8.6283959727919978e-18
-24   -2.4837784994705021e-18  +7.8384721754857184e-18
-23   +3.1068916250001795e-18  -7.6773823094215226e-18
-22   -3.1014500326669548e-18  +9.9941655136262481e-18
-21   +4.9670046132566946e-18  -1.8289116911839181e-17
-20   -8.7560529337650526e-18  +4.6489396874686633e-17
-19   +4.6761820876848910e-17  -1.3740535447725488e-16
-18   -1.7935296609552245e-16  +5.1960561187947410e-16
-17   +7.1131923808633648e-16  -2.0501821689982438e-15
-16   -2.8615800436649750e-15  +8.1889686932300845e-15
-15   +1.1582512803074448e-14  -3.2876516265041749e-14
-14   -4.7099490782597469e-14  +1.3255468959442533e-13
-13   +1.9258355605811437e-13  -5.3676843737616328e-13
-12   -7.9242480898470416e-13  +2.1840972823635731e-12
-11   +3.2854788163223164e-12  -8.9385361243460032e-12
-10   -1.3750187821880130e-11  +3.6840596391115228e-11
 -9   +5.8229934860096536e-11  -1.5318528901111493e-10
 -8   -2.5038637744399490e-10  +6.4419165127314608e-10
 -7   +1.0987249982401789e-09  -2.7497211611041878e-09
 -6   -4.9590677201389056e-09  +1.1980712928120428e-08
 -5   +2.3307734482478537e-08  -5.3757913755773663e-08
 -4   -1.1686900601076543e-07  +2.5280139725701497e-07
 -3   +6.4674595292553524e-07  -1.2770736345665440e-06
 -2   -4.6075261644253028e-06  +7.8378007403775923e-06
 -1   +3.5558972372675326e-06  -3.2747136224645813e-06
 +0   +1.6953690753986261e-01  +0.0000000000000000e+00
 +1   +3.5558972372675326e-06  +3.2747136224645813e-06
 +2   -4.6075261644253028e-06  -7.8378007403775923e-06
 +3   +6.4674595292553524e-07  +1.2770736345665440e-06
 +4   -1.1686900601076543e-07  -2.5280139725701497e-07
 +5   +2.3307734482478537e-08  +5.3757913755773663e-08
 +6   -4.9590677201389056e-09  -1.1980712928120428e-08
 +7   +1.0987249982401789e-09  +2.7497211611041878e-09
 +8   -2.5038637744399490e-10  -6.4419165127314608e-10
 +9   +5.8229934860096536e-11  +1.5318528901111493e-10
+10   -1.3750187821880130e-11  -3.6840596391115228e-11
+11   +3.2854788163223164e-12  +8.9385361243460032e-12
+12   -7.9242480898470416e-13  -2.1840972823635731e-12
+13   +1.9258355605811437e-13  +5.3676843737616328e-13
+14   -4.7099490782597469e-14  -1.3255468959442533e-13
+15   +1.1582512803074448e-14  +3.2876516265041749e-14
+16   -2.8615800436649750e-15  -8.1889686932300845e-15
+17   +7.1131923808633648e-16  +2.0501821689982438e-15
+18   -1.7935296609552245e-16  -5.1960561187947410e-16
+19   +4.6761820876848910e-17  +1.3740535447725488e-16
+20   -8.7560529337650526e-18  -4.6489396874686633e-17
+21   +4.9670046132566946e-18  +1.8289116911839181e-17
+22   -3.1014500326669548e-18  -9.9941655136262481e-18
+23   +3.1068916250001795e-18  +7.6773823094215226e-18
+24   -2.4837784994705021e-18  -7.8384721754857184e-18
+25   +1.4611052949177602e-18  +8.6283959727919978e-18
+26   -2.2642014724303447e-18  -6.2951373877941126e-18
+27   +2.6197883202094365e-18  +5.7825797390761375e-18
+28   -1.6846179333219104e-18  -5.7818913690206680e-18
+29   +3.1729235981415612e-18  +5.0155132550322540e-18
+30   -1.1961665160964857e-18  -4.1962118084285022e-18

