-30   +1.4694581396614882e-16  -3.5845932042463804e-16
-29   -1.4464235175384173e-16  +3.6730746854055423e-16
-28   +1.4772548460894359e-16  -3.7991493743524368e-16
-27   -1.4881227558052849e-16  +3.9464803682027142e-16
-26   +1.4700269266278594e-16  -4.1206546275696265e-16
-25   -1.5000923771552625e-16  +4.3117924297984898e-16
-24   +1.4640748675282512e-16  -4.5191566427427661e-16
-23   -1.4669923701369261e-16  +4.6372458396945867e-16
-22   +1.4582298322497333e-16  -4.9652464322246000e-16
-21   -1.5318096702822879e-16  +5.2474761617697005e-16
-20   +1.6184109906880042e-16  -5.5615524149993423e-16
-19   -2.4755162239131282e-16  +6.2187101585162100e-16
-18   +5.6026845787673848e-16  -8.0151632693334921e-16
-17   -1.8065428357963750e-15  +1.4282576737918732e-15
-16   +6.8296861332402397e-15  -3.8201596832291944e-15
-15   -2.7138634008577895e-14  +1.3263623999755066e-14
-14   +1.0955365874495796e-13  -5.1042788473757383e-14
-13   -4.4575261416429293e-13  +2.0313903576587702e-13
-12   +1.8253665267342273e-12  -8.1807532925703202e-13
-11   -7.5276669469954710e-12  +3.3160408343980773e-12
-10   +3.1307313356011524e-11  -1.3517347389012525e-11
 -9   -1.3159077873633122e-10  +5.5442408685900017e-11
 -8   +5.6067956802951001e-10  -2.2906520877871679e-10
 -7   -2.4323453310562392e-09  +9.5475529173669716e-10
 -6   +1.0817735239950522e-08  -4.0219720892212383e-09
 -5   -4.9846379346355955e-08  +1.7146021737574413e-08
 -4   +2.4298526760216326e-07  -7.3948822933381324e-08
 -3   -1.2855877036938413e-06  +3.1437795546845023e-07
 -2   +8.4181418126505641e-06  -1.1479042546116410e-06
 -1   -5.8507571002347634e-06  -1.5529754010506975e-06
 +0   -4.1677112699311536e-01  +0.0000000000000000e+00
 +1   -5.8507571002347634e-06  +1.5529754010506975e-06
 +2   +8.4181418126505641e-06  +1.1479042546116410e-06
 +3   -1.2855877036938413e-06  -3.1437795546845023e-07
 +4   +2.4298526760216326e-07  +7.3948822933381324e-08
 +5   -4.9846379346355955e-08  -1.7146021737574413e-08
 +6   +1.0817735239950522e-08  +4.0219720892212383e-09
 +7   -2.4323453310562392e-09  -9.5475529173669716e-10
 +8   +5.6067956802951001e-10  +2.2906520877871679e-10
 +9   -1.3159077873633122e-10  -5.5442408685900017e-11
+10   +3.1307313356011524e-11  +1.3517347389012525e-11
+11   -7.5276669469954710e-12  -3.3160408343980773e-12
+12   +1.8253665267342273e-12  +8.1807532925703202e-13
+13   -4.4575261416429293e-13  -2.0313903576587702e-13
+14   +1.0955365874495796e-13  +5.1042788473757383e-14
+15   -2.7138634008577895e-14  -1.3263623999755066e-14
+16   +6.8296861332402397e-15  +3.8201596832291944e-15
+17   -1.8065428357963750e-15  -1.4282576737918732e-15
+18   +5.6026845787673848e-16  +8.0151632693334921e-16
+19   -2.4755162239131282e-16  -6.2187101585162100e-16
+20   +1.6184109906880042e-16  +5.5615524149993423e-16
+21   -1.5318096702822879e-16  -5.2474761617697005e-16
+22   +1.4582298322497333e-16  +4.9652464322246000e-16
+23   -1.4669923701369261e-16  -4.6372458396945867e-16
+24   +1.4640748675282512e-16  +4.5191566427427661e-16
+25   -1.5000923771552625e-16  -4.3117924297984898e-16
+26   +1.4700269266278594e-16  +4.1206546275696265e-16
+27   -1.4881227558052849e-16  -3.9464803682027142e-16
+28   +1.4772548460894359e-16  +3.7991493743524368e-16
+29   -1.4464235175384173e-16  -3.6730746854055423e-16
+30   +1.4694581396614882e-16  +3.5845932042463804e-16

