-30   -7.4014868313667840e-18  +1.6335871774019874e-17
-29   +4.3171393067086194e-18  -1.8829417617619952e-17
-28   -1.4481319658312180e-17  +1.3456288131410119e-17
-27   +3.8682005723799838e-18  -1.2774110889622830e-17
-26   -1.1087455234919175e-17  +1.8000025153574500e-17
-25   +8.1618502800770905e-18  -1.7502060731483677e-17
-24   -6.9533322374299250e-18  +1.9640222527632688e-17
-23   +6.1507941712186829e-18  -1.5213017196747093e-17
-22   -9.1342475181826748e-18  +2.2859134099601092e-17
-21   +1.3645296603145001e-17  -2.5565162133878219e-17
-20   -3.4032600525504396e-17  +2.3921981488808660e-17
-19   +1.1883506721158986e-16  -7.1156828939219330e-17
-18   -4.9178243351402817e-16  +1.9149635644072253e-16
-17   +1.9426316367728078e-15  -6.9829343573984092e-16
-16   -7.7202698122005507e-15  +2.7101238788449101e-15
-15   +3.0949832005024522e-14  -1.0841399147760129e-14
-14   -1.2441743302821390e-13  +4.3802495611272398e-14
-13   +5.0194591600106129e-13  -1.7811907339313618e-13
-12   -2.0339597624671271e-12  +7.2856029152916449e-13
-11   +8.2854097848229364e-12  -3.0003254573026681e-12
-10   -3.3969465040192959e-11  +1.2458236987045028e-11
 -9   +1.4040682198420413e-10  -5.2269546109144337e-11
 -8   -5.8646545197566241e-10  +2.2225850014778776e-10
 -7   +2.4841445696672384e-09  -9.6211020301695451e-10
 -6   -1.0730667711263894e-08  +4.2697835917092606e-09
 -5   +4.7700795058458848e-08  -1.9648871236971739e-08
 -4   -2.2230206520673033e-07  +9.5897329902420594e-08
 -3   +1.1164100057599461e-06  -5.1459538643432081e-07
 -2   -6.9369067540930298e-06  +3.5547876060381948e-06
 -1   +2.8874243430658674e-06  -2.0464981532408523e-06
 +0   -5.4765085838695526e-01  +0.0000000000000000e+00
 +1   +2.8874243430658674e-06  +2.0464981532408523e-06
 +2   -6.9369067540930298e-06  -3.5547876060381948e-06
 +3   +1.1164100057599461e-06  +5.1459538643432081e-07
 +4   -2.2230206520673033e-07  -9.5897329902420594e-08
 +5   +4.7700795058458848e-08  +1.9648871236971739e-08
 +6   -1.0730667711263894e-08  -4.2697835917092606e-09
 +7   +2.4841445696672384e-09  +9.6211020301695451e-10
 +8   -5.8646545197566241e-10  -2.2225850014778776e-10
 +9   +1.4040682198420413e-10  +5.2269546109144337e-11
+10   -3.3969465040192959e-11  -1.2458236987045028e-11
+11   +8.2854097848229364e-12  +3.0003254573026681e-12
+12   -2.0339597624671271e-12  -7.2856029152916449e-13
+13   +5.0194591600106129e-13  +1.7811907339313618e-13
+14   -1.2441743302821390e-13  -4.3802495611272398e-14
+15   +3.0949832005024522e-14  +1.0841399147760129e-14
+16   -7.7202698122005507e-15  -2.7101238788449101e-15
+17   +1.9426316367728078e-15  +6.9829343573984092e-16
+18   -4.9178243351402817e-16  -1.9149635644072253e-16
+19   +1.1883506721158986e-16  +7.1156828939219330e-17
+20   -3.4032600525504396e-17  -2.3921981488808660e-17
+21   +1.3645296603145001e-17  +2.5565162133878219e-17
+22   -9.1342475181826748e-18  -2.2859134099601092e-17
+23   +6.1507941712186829e-18  +1.5213017196747093e-17
+24   -6.9533322374299250e-18  -1.9640222527632688e-17
+25   +8.1618502800770905e-18  +1.7502060731483677e-17
+26   -1.1087455234919175e-17  -1.8000025153574500e-17
+27   +3.8682005723799838e-18  +1.2774110889622830e-17
+28   -1.4481319658312180e-17  -1.3456288131410119e-17
+29   +4.3171393067086194e-18  +1.8829417617619952e-17
+30   -7.4014868313667840e-18  -1.6335871774019874e-17

