-30   +8.0874393814258692e-17  -1.9524805839489527e-16
-29   -8.0976339427227724e-17  +2.0501846382949862e-16
-28   +7.9732300672152640e-17  -2.1391442345962809e-16
-27   -8.4377131909368341e-17  +2.2241475992839695e-16
-26   +8.1286298060880115e-17  -2.2957780314550612e-16
-25   -8.1719736551805497e-17  +2.3972831689979455e-16
-24   +8.0410305168900534e-17  -2.5062875590050999e-16
-23   -8.1888865631029787e-17  +2.6370683350601763e-16
-22   +8.1033307717638185e-17  -2.7378951081115219e-16
-21   -7.8500448797737510e-17  +2.8292827564761512e-16
-20   +7.2660302205413072e-17  -2.7487268293932781e-16
-19   -3.5149868868522771e-17  +2.2165869620367939e-16
-18   -1.0581927418428440e-16  +5.1154183155274332e-17
-17   +6.6386160660027555e-16  -1.2013526256629163e-15
-16   -2.8764600634312335e-15  +5.8789358770180774e-15
-15   +1.1719387248829626e-14  -2.4773150540346025e-14
-14   -4.7125362072434116e-14  +1.0117759733349770e-13
-13   +1.8924342183593297e-13  -4.1126572575885110e-13
-12   -7.6169979399966512e-13  +1.6758997742456788e-12
-11   +3.0768786024697797e-12  -6.8651675086874507e-12
-10   -1.2485063124232156e-11  +2.8320474189716010e-11
 -9   +5.0940095604774659e-11  -1.1787722063583981e-10
 -8   -2.0925543764899325e-10  +4.9630924968068955e-10
 -7   +8.6693404806044548e-10  -2.1216327868160264e-09
 -6   -3.6311594949019469e-09  +9.2613340595136267e-09
 -5   +1.5421315195402782e-08  -4.1655190227608055e-08
 -4   -6.6741859939211832e-08  +1.9649198814009535e-07
 -3   +2.9147800627827847e-07  -9.9620912843287001e-07
 -2   -1.2671250528405279e-06  +6.1217231255045336e-06
 -1   -3.7077955788682891e-07  -2.4846685769488904e-06
 +0   -2.2277702747948100e-01  +0.0000000000000000e+00
 +1   -3.7077955788682891e-07  +2.4846685769488904e-06
 +2   -1.2671250528405279e-06  -6.1217231255045336e-06
 +3   +2.9147800627827847e-07  +9.9620912843287001e-07
 +4   -6.6741859939211832e-08  -1.9649198814009535e-07
 +5   +1.5421315195402782e-08  +4.1655190227608055e-08
 +6   -3.6311594949019469e-09  -9.2613340595136267e-09
 +7   +8.6693404806044548e-10  +2.1216327868160264e-09
 +8   -2.0925543764899325e-10  -4.9630924968068955e-10
 +9   +5.0940095604774659e-11  +1.1787722063583981e-10
+10   -1.2485063124232156e-11  -2.8320474189716010e-11
+11   +3.0768786024697797e-12  +6.8651675086874507e-12
+12   -7.6169979399966512e-13  -1.6758997742456788e-12
+13   +1.8924342183593297e-13  +4.1126572575885110e-13
+14   -4.7125362072434116e-14  -1.0117759733349770e-13
+15   +1.1719387248829626e-14  +2.4773150540346025e-14
+16   -2.8764600634312335e-15  -5.8789358770180774e-15
+17   +6.6386160660027555e-16  +1.2013526256629163e-15
+18   -1.0581927418428440e-16  -5.1154183155274332e-17
+19   -3.5149868868522771e-17  -2.2165869620367939e-16
+20   +7.2660302205413072e-17  +2.7487268293932781e-16
+21   -7.8500448797737510e-17  -2.8292827564761512e-16
+22   +8.1033307717638185e-17  +2.7378951081115219e-16
+23   -8.1888865631029787e-17  -2.6370683350601763e-16
+24   +8.0410305168900534e-17  +2.5062875590050999e-16
+25   -8.1719736551805497e-17  -2.3972831689979455e-16
+26   +8.1286298060880115e-17  +2.2957780314550612e-16
+27   -8.4377131909368341e-17  -2.2241475992839695e-16
+28   +7.9732300672152640e-17  +2.1391442345962809e-16
+29   -8.0976339427227724e-17  -2.0501846382949862e-16
+30   +8.0874393814258692e-17  +1.9524805839489527e-16

