-30   -6.3175641788605223e-18  +1.0839226521028502e-18
-29   -3.4935355322831959e-19  -4.2364683788515352e-18
-28   +2.3302351696156341e-18  +4.6065049626701274e-18
-27   +2.4882874688283921e-18  -9.8152669142022165e-18
-26   +2.5442878316325612e-18  +4.0235583760654591e-18
-25   +2.3848217772093896e-18  -1.0029457321562462e-17
-24   +2.5144639724279369e-18  +9.2664308413987821e-18
-23   +4.5916475234799343e-18  -5.7132016437674500e-18
-22   -1.7098930268365956e-18  +7.1154407921021579e-18
-21   -8.6396464012971221e-18  -7.2817918320260464e-18
-20   +2.2930370279252827e-17  +1.7512105867530108e-17
-19   -1.1813602820618891e-16  -4.7116191181726323e-17
-18   +4.8757210733379250e-16  +1.7004440200391197e-16
-17   -1.9342102635435639e-15  -6.7487745434810625e-16
-16   +7.7160209282916990e-15  +2.6875513288933928e-15
-15   -3.0960703121411507e-14  -1.0815494634187752e-14
-14   +1.2441067657142050e-13  +4.3783939326394868e-14
-13   -5.0194057437443518e-13  -1.7809708324656214e-13
-12   +2.0339548295278657e-12  +7.2855011958350395e-13
-11   -8.2854024286135603e-12  -3.0003038281741673e-12
-10   +3.3969459428252113e-11  +1.2458211620028545e-11
 -9   -1.4040681441568451e-10  -5.2269521541212422e-11
 -8   +5.8646544896682747e-10  +2.2225846691159612e-10
 -7   -2.4841445621840994e-09  -9.6211013909338038e-10
 -6   +1.0730667713602281e-08  +4.2697835400315852e-09
 -5   -4.7700795065492550e-08  -1.9648871149639608e-08
 -4   +2.2230206521171692e-07  +9.5897329817688858e-08
 -3   -1.1164100057662842e-06  -5.1459538630679343e-07
 -2   +6.9369067541343904e-06  +3.5547876058689729e-06
 -1   -2.8874243432193341e-06  -2.0464981528043995e-06
 +0   +5.4765085838695526e-01  +0.0000000000000000e+00
 +1   -2.8874243432193341e-06  +2.0464981528043995e-06
 +2   +6.9369067541343904e-06  -3.5547876058689729e-06
 +3   -1.1164100057662842e-06  +5.1459538630679343e-07
 +4   +2.2230206521171692e-07  -9.5897329817688858e-08
 +5   -4.7700795065492550e-08  +1.9648871149639608e-08
 +6   +1.0730667713602281e-08  -4.2697835400315852e-09
 +7   -2.4841445621840994e-09  +9.6211013909338038e-10
 +8   +5.8646544896682747e-10  -2.2225846691159612e-10
 +9   -1.4040681441568451e-10  +5.2269521541212422e-11
+10   +3.3969459428252113e-11  -1.2458211620028545e-11
+11   -8.2854024286135603e-12  +3.0003038281741673e-12
+12   +2.0339548295278657e-12  -7.2855011958350395e-13
+13   -5.0194057437443518e-13  +1.7809708324656214e-13
+14   +1.2441067657142050e-13  -4.3783939326394868e-14
+15   -3.0960703121411507e-14  +1.0815494634187752e-14
+16   +7.7160209282916990e-15  -2.6875513288933928e-15
+17   -1.9342102635435639e-15  +6.7487745434810625e-16
+18   +4.8757210733379250e-16  -1.7004440200391197e-16
+19   -1.1813602820618891e-16  +4.7116191181726323e-17
+20   +2.2930370279252827e-17  -1.7512105867530108e-17
+21   -8.6396464012971221e-18  +7.2817918320260464e-18
+22   -1.7098930268365956e-18  -7.1154407921021579e-18
+23   +4.5916475234799343e-18  +5.7132016437674500e-18
+24   +2.5144639724279369e-18  -9.2664308413987821e-18
+25   +2.3848217772093896e-18  +1.0029457321562462e-17
+26   +2.5442878316325612e-18  -4.0235583760654591e-18
+27   +2.4882874688283921e-18  +9.8152669142022165e-18
+28   +2.3302351696156341e-18  -4.6065049626701274e-18
+29   -3.4935355322831959e-19  +4.2364683788515352e-18
+30   -6.3175641788605223e-18  -1.0839226521028502e-18

