-30   +7.6407201341232692e-17  -1.9339768668552184e-16
-29   -7.7856978645671591e-17  +1.9649578220389900e-16
-28   +7.8256069866841518e-17  -2.0340191440333503e-16
-27   -7.9355492973762047e-17  +2.1260389157957337e-16
-26   +7.6494722058791722e-17  -2.2276715360600812e-16
-25   -7.9324536372055391e-17  +2.3187748417919372e-16
-24   +7.6454566465434061e-17  -2.4103969884146701e-16
-23   -7.9230184595442976e-17  +2.5255060528823895e-16
-22   +7.8034018509448009e-17  -2.6572687416874763e-16
-21   -7.4896659691867964e-17  +2.8271709946520823e-16
-20   +7.4014868308343741e-17  -3.1766133639859721e-16
-19   -3.2779629788208761e-17  +4.0474547238946638e-16
-18   -1.0871533276194244e-16  -7.1496910440139127e-16
-17   +6.6752555476947259e-16  +1.9073026584143722e-15
-16   -2.8791088529572149e-15  -6.6311978649004581e-15
-15   +1.1720670364915064e-14  +2.5577747562494455e-14
-14   -4.7127250400273072e-14  -1.0204362779151358e-13
-13   +1.8924441639338209e-13  +4.1219587553851658e-13
-12   -7.6169939901882065e-13  -1.6769137084900674e-12
-11   +3.0768798707198493e-12  +6.8662722757599929e-12
-10   -1.2485061584813143e-11  -2.8321691100686524e-11
 -9   +5.0940099518997350e-11  +1.1787857125955965e-10
 -8   -2.0925544008449897e-10  -4.9631077316688458e-10
 -7   +8.6693404797684689e-10  +2.1216345232584689e-09
 -6   -3.6311594937678740e-09  -9.2613360934535096e-09
 -5   +1.5421315195056525e-08  +4.1655192663903941e-08
 -4   -6.6741859936022872e-08  -1.9649199118848950e-07
 -3   +2.9147800626990279e-07  +9.9620913249229700e-07
 -2   -1.2671250528172137e-06  -6.1217231316034114e-06
 -1   -3.7077955799005200e-07  +2.4846685890908722e-06
 +0   -2.2277702747947975e-01  +0.0000000000000000e+00
 +1   -3.7077955799005200e-07  -2.4846685890908722e-06
 +2   -1.2671250528172137e-06  +6.1217231316034114e-06
 +3   +2.9147800626990279e-07  -9.9620913249229700e-07
 +4   -6.6741859936022872e-08  +1.9649199118848950e-07
 +5   +1.5421315195056525e-08  -4.1655192663903941e-08
 +6   -3.6311594937678740e-09  +9.2613360934535096e-09
 +7   +8.6693404797684689e-10  -2.1216345232584689e-09
 +8   -2.0925544008449897e-10  +4.9631077316688458e-10
 +9   +5.0940099518997350e-11  -1.1787857125955965e-10
+10   -1.2485061584813143e-11  +2.8321691100686524e-11
+11   +3.0768798707198493e-12  -6.8662722757599929e-12
+12   -7.6169939901882065e-13  +1.6769137084900674e-12
+13   +1.8924441639338209e-13  -4.1219587553851658e-13
+14   -4.7127250400273072e-14  +1.0204362779151358e-13
+15   +1.1720670364915064e-14  -2.5577747562494455e-14
+16   -2.8791088529572149e-15  +6.6311978649004581e-15
+17   +6.6752555476947259e-16  -1.9073026584143722e-15
+18   -1.0871533276194244e-16  +7.1496910440139127e-16
+19   -3.2779629788208761e-17  -4.0474547238946638e-16
+20   +7.4014868308343741e-17  +3.1766133639859721e-16
+21   -7.4896659691867964e-17  -2.8271709946520823e-16
+22   +7.8034018509448009e-17  +2.6572687416874763e-16
+23   -7.9230184595442976e-17  -2.5255060528823895e-16
+24   +7.6454566465434061e-17  +2.4103969884146701e-16
+25   -7.9324536372055391e-17  -2.3187748417919372e-16
+26   +7.6494722058791722e-17  +2.2276715360600812e-16
+27   -7.9355492973762047e-17  -2.1260389157957337e-16
+28   +7.8256069866841518e-17  +2.0340191440333503e-16
+29   -7.7856978645671591e-17  -1.9649578220389900e-16
+30   +7.6407201341232692e-17  +1.9339768668552184e-16

