-30   +5.2336415290946756e-18  +1.2635128359930026e-17
-29   -7.0073101350672537e-19  -5.9658910122798469e-18
-28   +3.8796101888019264e-18  +8.6825077440343552e-18
-27   +5.9915350182371683e-19  -7.2964183806634690e-18
-26   -3.1301595140019073e-18  +5.3589024481356537e-18
-25   +3.1938946836828429e-18  -2.6432034530022333e-19
-24   -1.7957326227162273e-18  +7.7463375720332200e-18
-23   +1.0382819264365083e-18  -1.0476375922613043e-17
-22   -4.5590000222433177e-18  +7.2010161339533861e-18
-21   +2.2632027835141761e-18  -8.7582082694563078e-18
-20   +1.1102230246251566e-17  +6.4098756212785462e-18
-19   -1.7127649732106015e-17  -9.1859549207726338e-18
-18   +5.4001937179485123e-17  +1.0780298779339487e-17
-17   -2.1393723122091284e-16  -1.4102186968926446e-17
-16   +9.2077450910427087e-16  +3.1277233456911548e-17
-15   -3.9253934629664655e-15  -9.5914971510614246e-17
-14   +1.6829660719980528e-14  +4.0650026417832243e-16
-13   -7.2752168932838377e-14  -1.8398705152085787e-15
-12   +3.1734705818122638e-13  +8.6514065844187607e-15
-11   -1.3995168153459990e-12  -4.1558504171567799e-14
-10   +6.2536390517543635e-12  +2.0418018068932911e-13
 -9   -2.8394357106889526e-11  -1.0298211400049800e-12
 -8   +1.3151536711816494e-10  +5.3651677700848296e-12
 -7   -6.2479293873044365e-10  -2.9124876714504489e-11
 -6   +3.0699626513809115e-09  +1.6693143214246321e-10
 -5   -1.5789746031071186e-08  -1.0301241565261132e-09
 -4   +8.7121847110205146e-08  +7.1035659228172007e-09
 -3   -5.2861932489864543e-07  -5.7455911728495315e-08
 -2   +4.1246730847861193e-06  +6.7239248612139641e-07
 -1   -6.4404075849471241e-06  -2.0996881197434059e-06
 +0   +4.9798723377164367e-01  +0.0000000000000000e+00
 +1   -6.4404075849471241e-06  +2.0996881197434059e-06
 +2   +4.1246730847861193e-06  -6.7239248612139641e-07
 +3   -5.2861932489864543e-07  +5.7455911728495315e-08
 +4   +8.7121847110205146e-08  -7.1035659228172007e-09
 +5   -1.5789746031071186e-08  +1.0301241565261132e-09
 +6   +3.0699626513809115e-09  -1.6693143214246321e-10
 +7   -6.2479293873044365e-10  +2.9124876714504489e-11
 +8   +1.3151536711816494e-10  -5.3651677700848296e-12
 +9   -2.8394357106889526e-11  +1.0298211400049800e-12
+10   +6.2536390517543635e-12  -2.0418018068932911e-13
+11   -1.3995168153459990e-12  +4.1558504171567799e-14
+12   +3.1734705818122638e-13  -8.6514065844187607e-15
+13   -7.2752168932838377e-14  +1.8398705152085787e-15
+14   +1.6829660719980528e-14  -4.0650026417832243e-16
+15   -3.9253934629664655e-15  +9.5914971510614246e-17
+16   +9.2077450910427087e-16  -3.1277233456911548e-17
+17   -2.1393723122091284e-16  +1.4102186968926446e-17
+18   +5.4001937179485123e-17  -1.0780298779339487e-17
+19   -1.7127649732106015e-17  +9.1859549207726338e-18
+20   +1.1102230246251566e-17  -6.4098756212785462e-18
+21   +2.2632027835141761e-18  +8.7582082694563078e-18
+22   -4.5590000222433177e-18  -7.2010161339533861e-18
+23   +1.0382819264365083e-18  +1.0476375922613043e-17
+24   -1.7957326227162273e-18  -7.7463375720332200e-18
+25   +3.1938946836828429e-18  +2.6432034530022333e-19
+26   -3.1301595140019073e-18  -5.3589024481356537e-18
+27   +5.9915350182371683e-19  +7.2964183806634690e-18
+28   +3.8796101888019264e-18  -8.6825077440343552e-18
+29   -7.0073101350672537e-19  +5.9658910122798469e-18
+30   +5.2336415290946756e-18  -1.2635128359930026e-17

