-30   +3.7007434154915578e-18  +1.5521002656245328e-28
-29   -5.6060638975609777e-18  +5.2333344319141685e-18
-28   +6.0959130018860977e-18  -3.9866225540910928e-18
-27   -2.6149436588434251e-18  +6.3734337079097644e-18
-26   +2.3939762365454342e-19  -4.9378428801057733e-18
-25   -1.5062368062293658e-18  +4.8639060635709894e-18
-24   +2.9985362679102324e-18  -6.7687437479963687e-18
-23   -2.7445325977723187e-18  +4.6977432561867527e-18
-22   -2.5202896702708252e-19  -6.7681219204393173e-18
-21   -4.4634479697760711e-18  +7.3020570278301484e-18
-20   +0.0000000000000000e+00  +0.0000000000000000e+00
-19   -2.1408236219702308e-17  +9.5411384704230144e-18
-18   +5.3442455747750770e-17  -8.9287499956153705e-18
-17   -2.1910517821262581e-16  +1.3015313250859672e-17
-16   +9.2602002719225156e-16  -2.7743495645892871e-17
-15   -3.9283860998854359e-15  +9.0106320520818920e-17
-14   +1.6835255221849522e-14  -4.0247408229244292e-16
-13   -7.2755348225501938e-14  +1.8394415456600260e-15
-12   +3.1735360695742094e-13  -8.6519322395519386e-15
-11   -1.3995229158760839e-12  +4.1557465020639167e-14
-10   +6.2536439224409991e-12  -2.0417359248169762e-13
 -9   -2.8394360641545419e-11  +1.0298148356712466e-12
 -8   +1.3151537363152865e-10  -5.3651560256677596e-12
 -7   -6.2479294428864593e-10  +2.9124885591308349e-11
 -6   +3.0699626552576225e-09  -1.6693142793262907e-10
 -5   -1.5789746031308819e-08  +1.0301241572945899e-09
 -4   +8.7121847117196913e-08  -7.1035659017421491e-09
 -3   -5.2861932490510935e-07  +5.7455911710882516e-08
 -2   +4.1246730847898572e-06  -6.7239248610797824e-07
 -1   -6.4404075849576679e-06  +2.0996881197101158e-06
 +0   +4.9798723377164383e-01  +0.0000000000000000e+00
 +1   -6.4404075849576679e-06  -2.0996881197101158e-06
 +2   +4.1246730847898572e-06  +6.7239248610797824e-07
 +3   -5.2861932490510935e-07  -5.7455911710882516e-08
 +4   +8.7121847117196913e-08  +7.1035659017421491e-09
 +5   -1.5789746031308819e-08  -1.0301241572945899e-09
 +6   +3.0699626552576225e-09  +1.6693142793262907e-10
 +7   -6.2479294428864593e-10  -2.9124885591308349e-11
 +8   +1.3151537363152865e-10  +5.3651560256677596e-12
 +9   -2.8394360641545419e-11  -1.0298148356712466e-12
+10   +6.2536439224409991e-12  +2.0417359248169762e-13
+11   -1.3995229158760839e-12  -4.1557465020639167e-14
+12   +3.1735360695742094e-13  +8.6519322395519386e-15
+13   -7.2755348225501938e-14  -1.8394415456600260e-15
+14   +1.6835255221849522e-14  +4.0247408229244292e-16
+15   -3.9283860998854359e-15  -9.0106320520818920e-17
+16   +9.2602002719225156e-16  +2.7743495645892871e-17
+17   -2.1910517821262581e-16  -1.3015313250859672e-17
+18   +5.3442455747750770e-17  +8.9287499956153705e-18
+19   -2.1408236219702308e-17  -9.5411384704230144e-18
+20   +0.0000000000000000e+00  -0.0000000000000000e+00
+21   -4.4634479697760711e-18  -7.3020570278301484e-18
+22   -2.5202896702708252e-19  +6.7681219204393173e-18
+23   -2.7445325977723187e-18  -4.6977432561867527e-18
+24   +2.9985362679102324e-18  +6.7687437479963687e-18
+25   -1.5062368062293658e-18  -4.8639060635709894e-18
+26   +2.3939762365454342e-19  +4.9378428801057733e-18
+27   -2.6149436588434251e-18  -6.3734337079097644e-18
+28   +6.0959130018860977e-18  +3.9866225540910928e-18
+29   -5.6060638975609777e-18  -5.2333344319141685e-18
+30   +3.7007434154915578e-18  -1.5521002656245328e-28

