-30   +9.1396146370006030e-18  -2.4298578114969626e-17
-29   -1.0781532448535276e-17  +2.6468103180868129e-17
-28   +1.0340321004587216e-17  -2.6868330635694810e-17
-27   -1.0470681254978069e-17  +2.8539618999582326e-17
-26   +8.6570487098156535e-18  -2.9723461602630049e-17
-25   -5.3610942884745003e-19  +2.8880521729676524e-17
-24   -2.8370724649179933e-17  -1.9264296562661566e-17
-23   +1.3411296601997566e-16  -1.3552715556662003e-17
-22   -5.4213474389007283e-16  +1.4531952793931089e-16
-21   +2.0769853577320481e-15  -6.5772792283948148e-16
-20   -7.8879247484191808e-15  +2.6033706277416181e-15
-19   +2.9849643121318794e-14  -9.9805850616585793e-15
-18   -1.1275970311426747e-13  +3.7956777149012388e-14
-17   +4.2552360908128258e-13  -1.4401815693640600e-13
-16   -1.6042134160361947e-12  +5.4595110025449975e-13
-15   +6.0416062436435031e-12  -2.0685143423505981e-12
-14   -2.2728071943133169e-11  +7.8345334185794961e-12
-13   +8.5399602469139039e-11  -2.9666490270346731e-11
-12   -3.2047274065272438e-10  +1.1232555139231130e-10
-11   +1.2009538381128174e-09  -4.2534315570996751e-10
-10   -4.4938843747177804e-09  +1.6113400851996156e-09
 -9   +1.6789834371864987e-08  -6.1099689469236812e-09
 -8   -6.2631424766082356e-08  +2.3208525156762929e-08
 -7   +2.3328857575105468e-07  -8.8426399400116903e-08
 -6   -8.6800714464827218e-07  +3.3874522512662193e-07
 -5   +3.2281333094993535e-06  -1.3095770987139525e-06
 -4   -1.2040736293040498e-05  +5.1585490097384027e-06
 -3   +4.4919845627991473e-05  -2.0818417248895929e-05
 -2   -1.7733183239174955e-04  +9.4066748168587634e-05
 -1   +3.0196423877882112e-05  -3.5101730608427695e-05
 +0   +1.9394504620091607e-01  +0.0000000000000000e+00
 +1   +3.0196423877882112e-05  +3.5101730608427695e-05
 +2   -1.7733183239174955e-04  -9.4066748168587634e-05
 +3   +4.4919845627991473e-05  +2.0818417248895929e-05
 +4   -1.2040736293040498e-05  -5.1585490097384027e-06
 +5   +3.2281333094993535e-06  +1.3095770987139525e-06
 +6   -8.6800714464827218e-07  -3.3874522512662193e-07
 +7   +2.3328857575105468e-07  +8.8426399400116903e-08
 +8   -6.2631424766082356e-08  -2.3208525156762929e-08
 +9   +1.6789834371864987e-08  +6.1099689469236812e-09
+10   -4.4938843747177804e-09  -1.6113400851996156e-09
+11   +1.2009538381128174e-09  +4.2534315570996751e-10
+12   -3.2047274065272438e-10  -1.1232555139231130e-10
+13   +8.5399602469139039e-11  +2.9666490270346731e-11
+14   -2.2728071943133169e-11  -7.8345334185794961e-12
+15   +6.0416062436435031e-12  +2.0685143423505981e-12
+16   -1.6042134160361947e-12  -5.4595110025449975e-13
+17   +4.2552360908128258e-13  +1.4401815693640600e-13
+18   -1.1275970311426747e-13  -3.7956777149012388e-14
+19   +2.9849643121318794e-14  +9.9805850616585793e-15
+20   -7.8879247484191808e-15  -2.6033706277416181e-15
+21   +2.0769853577320481e-15  +6.5772792283948148e-16
+22   -5.4213474389007283e-16  -1.4531952793931089e-16
+23   +1.3411296601997566e-16  +1.3552715556662003e-17
+24   -2.8370724649179933e-17  +1.9264296562661566e-17
+25   -5.3610942884745003e-19  -2.8880521729676524e-17
+26   +8.6570487098156535e-18  +2.9723461602630049e-17
+27   -1.0470681254978069e-17  -2.8539618999582326e-17
+28   +1.0340321004587216e-17  +2.6868330635694810e-17
+29   -1.0781532448535276e-17  -2.6468103180868129e-17
+30   +9.1396146370006030e-18  +2.4298578114969626e-17

