-30   -4.6539571935616517e-16  +1.1026300914284460e-15
-29   +4.5479514001064736e-16  -1.1658474051678752e-15
-28   -4.5677755420562835e-16  +1.2041055852597322e-15
-27   +4.5904807374084782e-16  -1.2650980688841676e-15
-26   -4.6003743480760713e-16  +1.3201042911260160e-15
-25   +4.6071162077845618e-16  -1.3751127066159359e-15
-24   -4.6643191128497259e-16  +1.4441999600320909e-15
-23   +5.1968228681203419e-16  -1.5970670577597270e-15
-22   -6.8107083639105384e-16  +1.9854213684266595e-15
-21   +1.2884621082551500e-15  -3.3039677979149388e-15
-20   -3.5920170432405839e-15  +8.0933160079748373e-15
-19   +1.2308102764281810e-14  -2.5935273744161882e-14
-18   -4.5153230890597243e-14  +9.3244910877493254e-14
-17   +1.6880961425246573e-13  -3.4782007658857408e-13
-16   -6.3390556756594976e-13  +1.3108288289257244e-12
-15   +2.3808996446716736e-12  -4.9525011664000536e-12
-14   -8.9329345950666054e-12  +1.8717755859918037e-11
-13   +3.3465163932564089e-11  -7.0726233010221239e-11
-12   -1.2514401360423517e-10  +2.6715461380106528e-10
-11   +4.6700669565723355e-10  -1.0088658204144899e-09
-10   -1.7385508788505305e-09  +3.8095934391672710e-09
 -9   +6.4538231648168398e-09  -1.4389607591648856e-08
 -8   -2.3876107715986742e-08  +5.4400464361239124e-08
 -7   +8.7955527268185522e-08  -2.0604693364453957e-07
 -6   -3.2224248606945408e-07  +7.8332952627436788e-07
 -5   +1.1711884719873928e-06  -2.9974750226752249e-06
 -4   -4.2072942233479487e-06  +1.1637396048874903e-05
 -3   +1.4630264558698103e-05  -4.5908842745550721e-05
 -2   -4.8454142848733392e-05  +1.9920433459426188e-04
 -1   -4.0149713405282279e-06  -7.3813239020570215e-05
 +0   +1.2785934808227462e+00  +0.0000000000000000e+00
 +1   -4.0149713405282279e-06  +7.3813239020570215e-05
 +2   -4.8454142848733392e-05  -1.9920433459426188e-04
 +3   +1.4630264558698103e-05  +4.5908842745550721e-05
 +4   -4.2072942233479487e-06  -1.1637396048874903e-05
 +5   +1.1711884719873928e-06  +2.9974750226752249e-06
 +6   -3.2224248606945408e-07  -7.8332952627436788e-07
 +7   +8.7955527268185522e-08  +2.0604693364453957e-07
 +8   -2.3876107715986742e-08  -5.4400464361239124e-08
 +9   +6.4538231648168398e-09  +1.4389607591648856e-08
+10   -1.7385508788505305e-09  -3.8095934391672710e-09
+11   +4.6700669565723355e-10  +1.0088658204144899e-09
+12   -1.2514401360423517e-10  -2.6715461380106528e-10
+13   +3.3465163932564089e-11  +7.0726233010221239e-11
+14   -8.9329345950666054e-12  -1.8717755859918037e-11
+15   +2.3808996446716736e-12  +4.9525011664000536e-12
+16   -6.3390556756594976e-13  -1.3108288289257244e-12
+17   +1.6880961425246573e-13  +3.4782007658857408e-13
+18   -4.5153230890597243e-14  -9.3244910877493254e-14
+19   +1.2308102764281810e-14  +2.5935273744161882e-14
+20   -3.5920170432405839e-15  -8.0933160079748373e-15
+21   +1.2884621082551500e-15  +3.3039677979149388e-15
+22   -6.8107083639105384e-16  -1.9854213684266595e-15
+23   +5.1968228681203419e-16  +1.5970670577597270e-15
+24   -4.6643191128497259e-16  -1.4441999600320909e-15
+25   +4.6071162077845618e-16  +1.3751127066159359e-15
+26   -4.6003743480760713e-16  -1.3201042911260160e-15
+27   +4.5904807374084782e-16  +1.2650980688841676e-15
+28   -4.5677755420562835e-16  -1.2041055852597322e-15
+29   +4.5479514001064736e-16  +1.1658474051678752e-15
+30   -4.6539571935616517e-16  -1.1026300914284460e-15

