-30   -1.0560268780813303e-17  +1.8251994533248760e-17
-29   +9.9671262992575378e-18  -2.1275299922236600e-17
-28   -9.7274207733486880e-18  +2.2816713193307839e-17
-27   +9.5262400480586034e-18  -2.4324567080026571e-17
-26   -7.7044165183178471e-18  +2.6748899812794193e-17
-25   -1.0612210193738735e-19  -2.9402137377511790e-17
-24   +2.7213246786951759e-17  +4.2559610655155093e-17
-23   -1.3767526951127438e-16  -7.7775729217430145e-17
-22   +5.4294157937505957e-16  +2.1063262798036906e-16
-21   -2.0785536143551180e-15  -7.2941756707350430e-16
-20   +7.8907003059807459e-15  +2.6708249710968620e-15
-19   -2.9850447633835666e-14  -1.0056835150826354e-14
-18   +1.1276027818821094e-13  +3.8037231792264652e-14
-17   -4.2552524199134075e-13  -1.4410518744751387e-13
-16   +1.6042133540103095e-12  +5.4604509795604305e-13
-15   -6.0416040059387944e-12  -2.0686142251900605e-12
-14   +2.2728072075502087e-11  +7.8346413019987601e-12
-13   -8.5399601713815722e-11  -2.9666605852401638e-11
-12   +3.2047273894338992e-10  +1.1232567375730005e-10
-11   -1.2009538357467351e-09  -4.2534328970521302e-10
-10   +4.4938843725918179e-09  +1.6113402358605708e-09
 -9   -1.6789834371274307e-08  -6.1099691142504449e-09
 -8   +6.2631424764563573e-08  +2.3208525351990401e-08
 -7   -2.3328857574687621e-07  -8.8426399616251944e-08
 -6   +8.6800714464250791e-07  +3.3874522537862333e-07
 -5   -3.2281333094842416e-06  -1.3095770990133272e-06
 -4   +1.2040736293021842e-05  +5.1585490101121238e-06
 -3   -4.4919845627955275e-05  -2.0818417249410363e-05
 -2   +1.7733183239167921e-04  +9.4066748169323888e-05
 -1   -3.0196423877597485e-05  -3.5101730609908281e-05
 +0   -1.9394504620091338e-01  +0.0000000000000000e+00
 +1   -3.0196423877597485e-05  +3.5101730609908281e-05
 +2   +1.7733183239167921e-04  -9.4066748169323888e-05
 +3   -4.4919845627955275e-05  +2.0818417249410363e-05
 +4   +1.2040736293021842e-05  -5.1585490101121238e-06
 +5   -3.2281333094842416e-06  +1.3095770990133272e-06
 +6   +8.6800714464250791e-07  -3.3874522537862333e-07
 +7   -2.3328857574687621e-07  +8.8426399616251944e-08
 +8   +6.2631424764563573e-08  -2.3208525351990401e-08
 +9   -1.6789834371274307e-08  +6.1099691142504449e-09
+10   +4.4938843725918179e-09  -1.6113402358605708e-09
+11   -1.2009538357467351e-09  +4.2534328970521302e-10
+12   +3.2047273894338992e-10  -1.1232567375730005e-10
+13   -8.5399601713815722e-11  +2.9666605852401638e-11
+14   +2.2728072075502087e-11  -7.8346413019987601e-12
+15   -6.0416040059387944e-12  +2.0686142251900605e-12
+16   +1.6042133540103095e-12  -5.4604509795604305e-13
+17   -4.2552524199134075e-13  +1.4410518744751387e-13
+18   +1.1276027818821094e-13  -3.8037231792264652e-14
+19   -2.9850447633835666e-14  +1.0056835150826354e-14
+20   +7.8907003059807459e-15  -2.6708249710968620e-15
+21   -2.0785536143551180e-15  +7.2941756707350430e-16
+22   +5.4294157937505957e-16  -2.1063262798036906e-16
+23   -1.3767526951127438e-16  +7.7775729217430145e-17
+24   +2.7213246786951759e-17  -4.2559610655155093e-17
+25   -1.0612210193738735e-19  +2.9402137377511790e-17
+26   -7.7044165183178471e-18  -2.6748899812794193e-17
+27   +9.5262400480586034e-18  +2.4324567080026571e-17
+28   -9.7274207733486880e-18  -2.2816713193307839e-17
+29   +9.9671262992575378e-18  +2.1275299922236600e-17
+30   -1.0560268780813303e-17  -1.8251994533248760e-17

