-30   -4.4192136470190671e-16  +1.0773598348623606e-15
-29   +4.3669505371924821e-16  -1.1136294930063607e-15
-28   -4.3560109382621936e-16  +1.1526193056603524e-15
-27   +4.4368366252016045e-16  -1.2055153102722994e-15
-26   -4.3241069153402625e-16  +1.2434841638758548e-15
-25   +4.5523549530575332e-16  -1.2850684120834636e-15
-24   -4.5586740455226427e-16  +1.3208864550530374e-15
-23   +4.9867828668399899e-16  -1.2878763706054468e-15
-22   -6.5145614275541614e-16  +1.0648421723046557e-15
-21   +1.2637147278509631e-15  +1.1716284302511517e-16
-20   -3.5678293603289703e-15  -4.6843529130859986e-15
-19   +1.2299263588769797e-14  +2.2372810394020519e-14
-18   -4.5124002910171721e-14  -8.9468659182412653e-14
-17   +1.6878810113212245e-13  +3.4385188956496247e-13
-16   -6.3389418964013973e-13  -1.3065982088858551e-12
-15   +2.3808558200739327e-12  +4.9479966352869845e-12
-14   -8.9329163691172573e-12  -1.8712893697377640e-11
-13   +3.3465147038371712e-11  +7.0720974748138848e-11
-12   -1.2514399303076845e-10  -2.6714890816892798e-10
-11   +4.6700664992884198e-10  +1.0088595829628046e-09
-10   -1.7385508274904473e-09  -3.8095866205833047e-09
 -9   +6.4538231198631651e-09  +1.4389599981764165e-08
 -8   -2.3876107696765735e-08  -5.4400455834119904e-08
 -7   +8.7955527233057464e-08  +2.0604692381777103e-07
 -6   -3.2224248603725084e-07  -7.8332951481474130e-07
 -5   +1.1711884719417127e-06  +2.9974750088788611e-06
 -4   -4.2072942233180501e-06  -1.1637396031618278e-05
 -3   +1.4630264558656634e-05  +4.5908842722638981e-05
 -2   -4.8454142848694869e-05  -1.9920433455965740e-04
 -1   -4.0149713405483415e-06  +7.3813238951413119e-05
 +0   +1.2785934808227457e+00  +0.0000000000000000e+00
 +1   -4.0149713405483415e-06  -7.3813238951413119e-05
 +2   -4.8454142848694869e-05  +1.9920433455965740e-04
 +3   +1.4630264558656634e-05  -4.5908842722638981e-05
 +4   -4.2072942233180501e-06  +1.1637396031618278e-05
 +5   +1.1711884719417127e-06  -2.9974750088788611e-06
 +6   -3.2224248603725084e-07  +7.8332951481474130e-07
 +7   +8.7955527233057464e-08  -2.0604692381777103e-07
 +8   -2.3876107696765735e-08  +5.4400455834119904e-08
 +9   +6.4538231198631651e-09  -1.4389599981764165e-08
+10   -1.7385508274904473e-09  +3.8095866205833047e-09
+11   +4.6700664992884198e-10  -1.0088595829628046e-09
+12   -1.2514399303076845e-10  +2.6714890816892798e-10
+13   +3.3465147038371712e-11  -7.0720974748138848e-11
+14   -8.9329163691172573e-12  +1.8712893697377640e-11
+15   +2.3808558200739327e-12  -4.9479966352869845e-12
+16   -6.3389418964013973e-13  +1.3065982088858551e-12
+17   +1.6878810113212245e-13  -3.4385188956496247e-13
+18   -4.5124002910171721e-14  +8.9468659182412653e-14
+19   +1.2299263588769797e-14  -2.2372810394020519e-14
+20   -3.5678293603289703e-15  +4.6843529130859986e-15
+21   +1.2637147278509631e-15  -1.1716284302511517e-16
+22   -6.5145614275541614e-16  -1.0648421723046557e-15
+23   +4.9867828668399899e-16  +1.2878763706054468e-15
+24   -4.5586740455226427e-16  -1.3208864550530374e-15
+25   +4.5523549530575332e-16  +1.2850684120834636e-15
+26   -4.3241069153402625e-16  -1.2434841638758548e-15
+27   +4.4368366252016045e-16  +1.2055153102722994e-15
+28   -4.3560109382621936e-16  -1.1526193056603524e-15
+29   +4.3669505371924821e-16  +1.1136294930063607e-15
+30   -4.4192136470190671e-16  -1.0773598348623606e-15

