-30   +9.5693322237218912e-18  -5.2336415433761380e-18
-29   -8.6488498796058760e-18  +1.2044844325882866e-17
-28   +5.5411176150806394e-20  -9.2312806376804321e-18
-27   +4.6081384726457382e-19  +8.5609749114646022e-18
-26   +1.8242733100652151e-18  -7.8054275323601372e-18
-25   -3.6744059079829180e-18  -4.4758009139629470e-18
-24   +1.6709969282199411e-17  +1.7632577255032780e-17
-23   -6.1933078770805581e-17  -1.1229154786126343e-16
-22   +1.7416988092057356e-16  +5.1897736250448693e-16
-21   -6.6506993522999958e-16  -1.9827940609704792e-15
-20   +2.5274081342549967e-15  +7.4959211860597000e-15
-19   -9.4779864295959729e-15  -2.8394956525908742e-14
-18   +3.5833068860685770e-14  +1.0702075434666396e-13
-17   -1.3540774563374043e-13  -4.0282800550948092e-13
-16   +5.1129743357453896e-13  +1.5144760722587255e-12
-15   -1.9291495919299269e-12  -5.6861178341220961e-12
-14   +7.2727246515205684e-12  +2.1317899923708447e-11
-13   -2.7393812902765862e-11  -7.9796863769123342e-11
-12   +1.0309108519607124e-10  +2.9817403682724042e-10
-11   -3.8762051881834628e-10  -1.1120380021507242e-09
-10   +1.4562435099868241e-09  +4.1386009663906923e-09
 -9   -5.4671872261355138e-09  -1.5367065429684146e-08
 -8   +2.0517682303610850e-08  +5.6920598609393289e-08
 -7   -7.7016034433559118e-08  -2.1031496632602676e-07
 -6   +2.8951241187046438e-07  +7.7542980289245829e-07
 -5   -1.0922862429274585e-06  -2.8551293961329324e-06
 -4   +4.1636751710005009e-06  +1.0545095757125526e-05
 -3   -1.6118039570370639e-05  -3.9073497315180583e-05
 -2   +6.8852331777221728e-05  +1.5634292852497738e-04
 -1   -1.5731683015645150e-05  -2.8168111510168783e-05
 +0   -9.7303024587357323e-01  +0.0000000000000000e+00
 +1   -1.5731683015645150e-05  +2.8168111510168783e-05
 +2   +6.8852331777221728e-05  -1.5634292852497738e-04
 +3   -1.6118039570370639e-05  +3.9073497315180583e-05
 +4   +4.1636751710005009e-06  -1.0545095757125526e-05
 +5   -1.0922862429274585e-06  +2.8551293961329324e-06
 +6   +2.8951241187046438e-07  -7.7542980289245829e-07
 +7   -7.7016034433559118e-08  +2.1031496632602676e-07
 +8   +2.0517682303610850e-08  -5.6920598609393289e-08
 +9   -5.4671872261355138e-09  +1.5367065429684146e-08
+10   +1.4562435099868241e-09  -4.1386009663906923e-09
+11   -3.8762051881834628e-10  +1.1120380021507242e-09
+12   +1.0309108519607124e-10  -2.9817403682724042e-10
+13   -2.7393812902765862e-11  +7.9796863769123342e-11
+14   +7.2727246515205684e-12  -2.1317899923708447e-11
+15   -1.9291495919299269e-12  +5.6861178341220961e-12
+16   +5.1129743357453896e-13  -1.5144760722587255e-12
+17   -1.3540774563374043e-13  +4.0282800550948092e-13
+18   +3.5833068860685770e-14  -1.0702075434666396e-13
+19   -9.4779864295959729e-15  +2.8394956525908742e-14
+20   +2.5274081342549967e-15  -7.4959211860597000e-15
+21   -6.6506993522999958e-16  +1.9827940609704792e-15
+22   +1.7416988092057356e-16  -5.1897736250448693e-16
+23   -6.1933078770805581e-17  +1.1229154786126343e-16
+24   +1.6709969282199411e-17  -1.7632577255032780e-17
+25   -3.6744059079829180e-18  +4.4758009139629470e-18
+26   +1.8242733100652151e-18  +7.8054275323601372e-18
+27   +4.6081384726457382e-19  -8.5609749114646022e-18
+28   +5.5411176150806394e-20  +9.2312806376804321e-18
+29   -8.6488498796058760e-18  -1.2044844325882866e-17
+30   +9.5693322237218912e-18  +5.2336415433761380e-18

