-30   +4.8763869668205617e-17  -1.1865158118395459e-16
-29   -4.8660079268659291e-17  +1.2139008630658210e-16
-28   +4.9347496648464815e-17  -1.2484117609953709e-16
-27   -4.8073663360322136e-17  +1.3039244972297070e-16
-26   +4.9621414332375026e-17  -1.3506137422630622e-16
-25   -5.4902529610021443e-17  +1.3780744726161901e-16
-24   +7.7947405631730870e-17  -1.3536046453685021e-16
-23   -1.5972074075290260e-16  +1.0068901840911410e-16
-22   +4.6851263412882640e-16  +4.6910724224075310e-17
-21   -1.6422033491958261e-15  -6.2176126136436298e-16
-20   +6.0766091871639607e-15  +2.8131837713734705e-15
-19   -2.2838547771882893e-14  -1.1085330410002071e-14
-18   +8.6136416158965003e-14  +4.2219272706226893e-14
-17   -3.2496172955675876e-13  -1.5918712734979099e-13
-16   +1.2252093507797339e-12  +5.9791483616980228e-13
-15   -4.6152380092851332e-12  -2.2406896647708741e-12
-14   +1.7367042044293711e-11  +8.3805937007053472e-12
-13   -6.5277435692142465e-11  -3.1280955791598259e-11
-12   +2.4505752538293470e-10  +1.1649222772124127e-10
-11   -9.1876666501686534e-10  -4.3270067871682966e-10
-10   +3.4398928415817360e-09  +1.6024253224836901e-09
 -9   -1.2860870564276288e-08  -5.9135567418477523e-09
 -8   +4.8017167974133784e-08  +2.1733274951158219e-08
 -7   -1.7905795194045750e-07  -7.9477341686357637e-08
 -6   +6.6726334797301689e-07  +2.8890690555785538e-07
 -5   -2.4870990784977768e-06  -1.0420548204077938e-06
 -4   +9.3089959143364927e-06  +3.7257549584669077e-06
 -3   -3.4940143291365394e-05  -1.3024577629253842e-05
 -2   +1.3980085663754403e-04  +4.5705531658694402e-05
 -1   -2.5819587102891424e-05  -3.2615508720726406e-06
 +0   -1.4759532599959133e-01  +0.0000000000000000e+00
 +1   -2.5819587102891424e-05  +3.2615508720726406e-06
 +2   +1.3980085663754403e-04  -4.5705531658694402e-05
 +3   -3.4940143291365394e-05  +1.3024577629253842e-05
 +4   +9.3089959143364927e-06  -3.7257549584669077e-06
 +5   -2.4870990784977768e-06  +1.0420548204077938e-06
 +6   +6.6726334797301689e-07  -2.8890690555785538e-07
 +7   -1.7905795194045750e-07  +7.9477341686357637e-08
 +8   +4.8017167974133784e-08  -2.1733274951158219e-08
 +9   -1.2860870564276288e-08  +5.9135567418477523e-09
+10   +3.4398928415817360e-09  -1.6024253224836901e-09
+11   -9.1876666501686534e-10  +4.3270067871682966e-10
+12   +2.4505752538293470e-10  -1.1649222772124127e-10
+13   -6.5277435692142465e-11  +3.1280955791598259e-11
+14   +1.7367042044293711e-11  -8.3805937007053472e-12
+15   -4.6152380092851332e-12  +2.2406896647708741e-12
+16   +1.2252093507797339e-12  -5.9791483616980228e-13
+17   -3.2496172955675876e-13  +1.5918712734979099e-13
+18   +8.6136416158965003e-14  -4.2219272706226893e-14
+19   -2.2838547771882893e-14  +1.1085330410002071e-14
+20   +6.0766091871639607e-15  -2.8131837713734705e-15
+21   -1.6422033491958261e-15  +6.2176126136436298e-16
+22   +4.6851263412882640e-16  -4.6910724224075310e-17
+23   -1.5972074075290260e-16  -1.0068901840911410e-16
+24   +7.7947405631730870e-17  +1.3536046453685021e-16
+25   -5.4902529610021443e-17  -1.3780744726161901e-16
+26   +4.9621414332375026e-17  +1.3506137422630622e-16
+27   -4.8073663360322136e-17  -1.3039244972297070e-16
+28   +4.9347496648464815e-17  +1.2484117609953709e-16
+29   -4.8660079268659291e-17  -1.2139008630658210e-16
+30   +4.8763869668205617e-17  +1.1865158118395459e-16

