-30   +2.0036615124113178e-17  +2.1678454697508727e-18
-29   -4.9823510709724635e-18  +1.3898640409578163e-17
-28   +2.5978129141594323e-18  -1.5019582679197674e-17
-27   +1.4140844428197128e-18  +8.1168271530107265e-18
-26   +8.6550811908850593e-18  -1.2711927186027069e-17
-25   -8.3798498885988388e-18  +2.1185795416065398e-17
-24   +1.5086643422412680e-17  -5.9374578081222293e-17
-23   -5.6650702228888613e-17  +1.6366945914684578e-16
-22   +1.7670964961579536e-16  -5.3603029110167551e-16
-21   -6.5684823756593628e-16  +2.0127453239338591e-15
-20   +2.5145883830124385e-15  -7.5289621753756496e-15
-19   -9.4758373900002882e-15  +2.8420354285055355e-14
-18   +3.5832673843386620e-14  -1.0704932406156816e-13
-17   -1.3540786511115207e-13  +4.0287964686522675e-13
-16   +5.1130077422829875e-13  -1.5145044827643698e-12
-15   -1.9291410053620559e-12  +5.6861524270725000e-12
-14   +7.2727239939346441e-12  -2.1317957840691629e-11
-13   -2.7393815284345055e-11  +7.9796915283361105e-11
-12   +1.0309108721563473e-10  -2.9817412644489701e-10
-11   -3.8762051947025647e-10  +1.1120380381486066e-09
-10   +1.4562435088105898e-09  -4.1386010287402515e-09
 -9   -5.4671872243059698e-09  +1.5367065509386611e-08
 -8   +2.0517682305379607e-08  -5.6920598707468409e-08
 -7   -7.7016034430165190e-08  +2.1031496645529529e-07
 -6   +2.8951241186851705e-07  -7.7542980304013213e-07
 -5   -1.0922862429236115e-06  +2.8551293962526245e-06
 -4   +4.1636751709984104e-06  -1.0545095757338426e-05
 -3   -1.6118039570359397e-05  +3.9073497315374276e-05
 -2   +6.8852331777175365e-05  -1.5634292852562031e-04
 -1   -1.5731683015474639e-05  +2.8168111511014922e-05
 +0   -9.7303024587357179e-01  +0.0000000000000000e+00
 +1   -1.5731683015474639e-05  -2.8168111511014922e-05
 +2   +6.8852331777175365e-05  +1.5634292852562031e-04
 +3   -1.6118039570359397e-05  -3.9073497315374276e-05
 +4   +4.1636751709984104e-06  +1.0545095757338426e-05
 +5   -1.0922862429236115e-06  -2.8551293962526245e-06
 +6   +2.8951241186851705e-07  +7.7542980304013213e-07
 +7   -7.7016034430165190e-08  -2.1031496645529529e-07
 +8   +2.0517682305379607e-08  +5.6920598707468409e-08
 +9   -5.4671872243059698e-09  -1.5367065509386611e-08
+10   +1.4562435088105898e-09  +4.1386010287402515e-09
+11   -3.8762051947025647e-10  -1.1120380381486066e-09
+12   +1.0309108721563473e-10  +2.9817412644489701e-10
+13   -2.7393815284345055e-11  -7.9796915283361105e-11
+14   +7.2727239939346441e-12  +2.1317957840691629e-11
+15   -1.9291410053620559e-12  -5.6861524270725000e-12
+16   +5.1130077422829875e-13  +1.5145044827643698e-12
+17   -1.3540786511115207e-13  -4.0287964686522675e-13
+18   +3.5832673843386620e-14  +1.0704932406156816e-13
+19   -9.4758373900002882e-15  -2.8420354285055355e-14
+20   +2.5145883830124385e-15  +7.5289621753756496e-15
+21   -6.5684823756593628e-16  -2.0127453239338591e-15
+22   +1.7670964961579536e-16  +5.3603029110167551e-16
+23   -5.6650702228888613e-17  -1.6366945914684578e-16
+24   +1.5086643422412680e-17  +5.9374578081222293e-17
+25   -8.3798498885988388e-18  -2.1185795416065398e-17
+26   +8.6550811908850593e-18  +1.2711927186027069e-17
+27   +1.4140844428197128e-18  -8.1168271530107265e-18
+28   +2.5978129141594323e-18  +1.5019582679197674e-17
+29   -4.9823510709724635e-18  -1.3898640409578163e-17
+30   +2.0036615124113178e-17  -2.1678454697508727e-18

