-30   -4.1904344133362760e-17  +9.9315664019438039e-17
-29   +4.3199155362687370e-17  -1.0687505756806085e-16
-28   -4.2099537950668771e-17  +1.0999028201583005e-16
-27   +4.1457109889742417e-17  -1.1594697362865391e-16
-26   -4.5245285730553947e-17  +1.1944800444110126e-16
-25   +5.5424685744486379e-17  -1.3019621597855323e-16
-24   -7.2701782292066918e-17  +1.4739806566470600e-16
-23   +1.5437347094552698e-16  -1.9246764771296114e-16
-22   -4.6203542111076363e-16  +3.5108328554031507e-16
-21   +1.6344926985574836e-15  -9.4511828572170436e-16
-20   -6.0703807889893687e-15  +3.1540898062094121e-15
-19   +2.2830856736040038e-14  -1.1443056198970297e-14
-18   -8.6130273778312235e-14  +4.2599028015187991e-14
-17   +3.2495527736251589e-13  -1.5958909969560401e-13
-16   -1.2252025622601325e-12  +5.9834052389983570e-13
-15   +4.6152312586189104e-12  -2.2411463477240718e-12
-14   -1.7367035412388912e-11  +8.3810850086443772e-12
-13   +6.5277429837637858e-11  -3.1281486423076787e-11
-12   -2.4505751950953281e-10  +1.1649280786068073e-10
-11   +9.1876665831889254e-10  -4.3270130362862764e-10
-10   -3.4398928370843687e-09  +1.6024260093384830e-09
 -9   +1.2860870556759435e-08  -5.9135575115713969e-09
 -8   -4.8017167966727090e-08  +2.1733275815836640e-08
 -7   +1.7905795193290435e-07  -7.9477342680374491e-08
 -6   -6.6726334796378191e-07  +2.8890690671763205e-07
 -5   +2.4870990784837915e-06  -1.0420548217949968e-06
 -4   -9.3089959143212461e-06  +3.7257549602054704e-06
 -3   +3.4940143291346170e-05  -1.3024577631558964e-05
 -2   -1.3980085663750416e-04  +4.5705531662221318e-05
 -1   +2.5819587102707949e-05  -3.2615508790654473e-06
 +0   +1.4759532599959482e-01  +0.0000000000000000e+00
 +1   +2.5819587102707949e-05  +3.2615508790654473e-06
 +2   -1.3980085663750416e-04  -4.5705531662221318e-05
 +3   +3.4940143291346170e-05  +1.3024577631558964e-05
 +4   -9.3089959143212461e-06  -3.7257549602054704e-06
 +5   +2.4870990784837915e-06  +1.0420548217949968e-06
 +6   -6.6726334796378191e-07  -2.8890690671763205e-07
 +7   +1.7905795193290435e-07  +7.9477342680374491e-08
 +8   -4.8017167966727090e-08  -2.1733275815836640e-08
 +9   +1.2860870556759435e-08  +5.9135575115713969e-09
+10   -3.4398928370843687e-09  -1.6024260093384830e-09
+11   +9.1876665831889254e-10  +4.3270130362862764e-10
+12   -2.4505751950953281e-10  -1.1649280786068073e-10
+13   +6.5277429837637858e-11  +3.1281486423076787e-11
+14   -1.7367035412388912e-11  -8.3810850086443772e-12
+15   +4.6152312586189104e-12  +2.2411463477240718e-12
+16   -1.2252025622601325e-12  -5.9834052389983570e-13
+17   +3.2495527736251589e-13  +1.5958909969560401e-13
+18   -8.6130273778312235e-14  -4.2599028015187991e-14
+19   +2.2830856736040038e-14  +1.1443056198970297e-14
+20   -6.0703807889893687e-15  -3.1540898062094121e-15
+21   +1.6344926985574836e-15  +9.4511828572170436e-16
+22   -4.6203542111076363e-16  -3.5108328554031507e-16
+23   +1.5437347094552698e-16  +1.9246764771296114e-16
+24   -7.2701782292066918e-17  -1.4739806566470600e-16
+25   +5.5424685744486379e-17  +1.3019621597855323e-16
+26   -4.5245285730553947e-17  -1.1944800444110126e-16
+27   +4.1457109889742417e-17  +1.1594697362865391e-16
+28   -4.2099537950668771e-17  -1.0999028201583005e-16
+29   +4.3199155362687370e-17  +1.0687505756806085e-16
+30   -4.1904344133362760e-17  -9.9315664019438039e-17

