-30   -1.7868769911237856e-17  -7.4014868302432411e-18
-29   -4.4718535390863434e-18  -4.4293616322088815e-18
-28   +4.1030591766037323e-18  -1.9874590812121521e-18
-27   -9.8606865321015420e-18  -7.2626183177902975e-18
-26   +7.2399763426233802e-18  +6.6061216012571282e-18
-25   +3.3451458807361924e-17  -5.6022551878255392e-18
-24   +8.3597824613141973e-18  -1.8634314147572491e-18
-23   -2.2803484823670640e-18  +1.3983283568762102e-17
-22   -1.1097710267876162e-17  -3.5162272018148424e-17
-21   +4.0282515777522487e-18  +1.8506479799694312e-16
-20   -1.4802973661668806e-17  -7.2902737633331753e-16
-19   -2.6001976259508404e-17  +2.9087927902697462e-15
-18   +1.1807336050153245e-16  -1.1525182236208688e-14
-17   -4.3423530864051093e-16  +4.5824148920249436e-14
-16   +1.8443644699776534e-15  -1.8252061558529106e-13
-15   -7.9683897006664401e-15  +7.2846709812166929e-13
-14   +3.4081883395443224e-14  -2.9145326844716704e-12
-13   -1.4720312883676497e-13  +1.1694559795298503e-11
-12   +6.4193771730677015e-13  -4.7083335468954642e-11
-11   -2.8301095532984951e-12  +1.9032272959576506e-10
-10   +1.2642078228500785e-11  -7.7305429289139175e-10
 -9   -5.7382729408806183e-11  +3.1586227648832668e-09
 -8   +2.6569852619867985e-10  -1.3002119552252514e-08
 -7   -1.2618605919923218e-09  +5.4034520507790812e-08
 -6   +6.1982540917750084e-09  -2.2748415022068341e-07
 -5   -3.1868966291341252e-08  +9.7438205018375347e-07
 -4   +1.7577991482076472e-07  -4.2958656846207238e-06
 -3   -1.0660876172664047e-06  +1.9498475284089963e-05
 -2   +8.3161866318007456e-06  -1.0067632425536710e-04
 -1   -1.2984350837432361e-05  +7.5423299471363736e-05
 +0   -1.0040418042537869e+00  +0.0000000000000000e+00
 +1   -1.2984350837432361e-05  -7.5423299471363736e-05
 +2   +8.3161866318007456e-06  +1.0067632425536710e-04
 +3   -1.0660876172664047e-06  -1.9498475284089963e-05
 +4   +1.7577991482076472e-07  +4.2958656846207238e-06
 +5   -3.1868966291341252e-08  -9.7438205018375347e-07
 +6   +6.1982540917750084e-09  +2.2748415022068341e-07
 +7   -1.2618605919923218e-09  -5.4034520507790812e-08
 +8   +2.6569852619867985e-10  +1.3002119552252514e-08
 +9   -5.7382729408806183e-11  -3.1586227648832668e-09
+10   +1.2642078228500785e-11  +7.7305429289139175e-10
+11   -2.8301095532984951e-12  -1.9032272959576506e-10
+12   +6.4193771730677015e-13  +4.7083335468954642e-11
+13   -1.4720312883676497e-13  -1.1694559795298503e-11
+14   +3.4081883395443224e-14  +2.9145326844716704e-12
+15   -7.9683897006664401e-15  -7.2846709812166929e-13
+16   +1.8443644699776534e-15  +1.8252061558529106e-13
+17   -4.3423530864051093e-16  -4.5824148920249436e-14
+18   +1.1807336050153245e-16  +1.1525182236208688e-14
+19   -2.6001976259508404e-17  -2.9087927902697462e-15
+20   -1.4802973661668806e-17  +7.2902737633331753e-16
+21   +4.0282515777522487e-18  -1.8506479799694312e-16
+22   -1.1097710267876162e-17  +3.5162272018148424e-17
+23   -2.2803484823670640e-18  -1.3983283568762102e-17
+24   +8.3597824613141973e-18  +1.8634314147572491e-18
+25   +3.3451458807361924e-17  +5.6022551878255392e-18
+26   +7.2399763426233802e-18  -6.6061216012571282e-18
+27   -9.8606865321015420e-18  +7.2626183177902975e-18
+28   +4.1030591766037323e-18  +1.9874590812121521e-18
+29   -4.4718535390863434e-18  +4.4293616322088815e-18
+30   -1.7868769911237856e-17  +7.4014868302432411e-18

