-30   -1.3905022753944994e-17  +1.2635128378323183e-17
-29   +1.5665061284917260e-17  -8.7554806396131396e-18
-28   -7.7811137460516510e-18  +2.1717869640213295e-18
-27   +5.8585607900741102e-18  -2.0132712486886702e-18
-26   -1.0952990668783700e-17  +9.5295814387143511e-18
-25   -9.4788370470064830e-18  +1.6300255144675340e-18
-24   -1.8745267861821388e-17  +8.2518888935360766e-19
-23   +4.4185318550675746e-18  +1.7804860050546763e-17
-22   +7.1322097988424346e-18  -3.5387269641746966e-17
-21   -1.3801336139188645e-18  +1.9179301722595180e-16
-20   -5.2590727014734120e-32  -7.2902737633331753e-16
-19   +3.2700243667150222e-17  +2.9185146137824655e-15
-18   -1.1458096735792502e-16  -1.1535510181382246e-14
-17   +4.3574559580323024e-16  +4.5827163110356117e-14
-16   -1.8457620081256565e-15  -1.8252739811633543e-13
-15   +7.9628082279046790e-15  +7.2846521742742372e-13
-14   -3.4085085347483073e-14  -2.9145319195208408e-12
-13   +1.4720279770278105e-13  +1.1694559929291269e-11
-12   -6.4193583500031937e-13  -4.7083333200180505e-11
-11   +2.8301115426131261e-12  +1.9032272260583360e-10
-10   -1.2642057704673553e-11  -7.7305430417824484e-10
 -9   +5.7382731165490399e-11  +3.1586227742474799e-09
 -8   -2.6569853764285810e-10  -1.3002119560854066e-08
 -7   +1.2618605984414888e-09  +5.4034520526681294e-08
 -6   -6.1982541057134261e-09  -2.2748415023672381e-07
 -5   +3.1868966285362496e-08  +9.7438205020943508e-07
 -4   -1.7577991481606165e-07  -4.2958656846430092e-06
 -3   +1.0660876172640254e-06  +1.9498475284106883e-05
 -2   -8.3161866318090245e-06  -1.0067632425537600e-04
 -1   +1.2984350837427752e-05  +7.5423299471373656e-05
 +0   +1.0040418042537866e+00  +0.0000000000000000e+00
 +1   +1.2984350837427752e-05  -7.5423299471373656e-05
 +2   -8.3161866318090245e-06  +1.0067632425537600e-04
 +3   +1.0660876172640254e-06  -1.9498475284106883e-05
 +4   -1.7577991481606165e-07  +4.2958656846430092e-06
 +5   +3.1868966285362496e-08  -9.7438205020943508e-07
 +6   -6.1982541057134261e-09  +2.2748415023672381e-07
 +7   +1.2618605984414888e-09  -5.4034520526681294e-08
 +8   -2.6569853764285810e-10  +1.3002119560854066e-08
 +9   +5.7382731165490399e-11  -3.1586227742474799e-09
+10   -1.2642057704673553e-11  +7.7305430417824484e-10
+11   +2.8301115426131261e-12  -1.9032272260583360e-10
+12   -6.4193583500031937e-13  +4.7083333200180505e-11
+13   +1.4720279770278105e-13  -1.1694559929291269e-11
+14   -3.4085085347483073e-14  +2.9145319195208408e-12
+15   +7.9628082279046790e-15  -7.2846521742742372e-13
+16   -1.8457620081256565e-15  +1.8252739811633543e-13
+17   +4.3574559580323024e-16  -4.5827163110356117e-14
+18   -1.1458096735792502e-16  +1.1535510181382246e-14
+19   +3.2700243667150222e-17  -2.9185146137824655e-15
+20   -5.2590727014734120e-32  +7.2902737633331753e-16
+21   -1.3801336139188645e-18  -1.9179301722595180e-16
+22   +7.1322097988424346e-18  +3.5387269641746966e-17
+23   +4.4185318550675746e-18  -1.7804860050546763e-17
+24   -1.8745267861821388e-17  -8.2518888935360766e-19
+25   -9.4788370470064830e-18  -1.6300255144675340e-18
+26   -1.0952990668783700e-17  -9.5295814387143511e-18
+27   +5.8585607900741102e-18  +2.0132712486886702e-18
+28   -7.7811137460516510e-18  -2.1717869640213295e-18
+29   +1.5665061284917260e-17  +8.7554806396131396e-18
+30   -1.3905022753944994e-17  -1.2635128378323183e-17

