-30   -1.1373210768409498e-17  +2.1139795926506336e-17
-29   +1.2920797090225793e-17  -1.9311212067619326e-17
-28   -8.6853744324144677e-18  +2.2646429725026456e-17
-27   +8.9314603536499939e-18  -2.1996843918594476e-17
-26   -4.3887721399025000e-18  +3.1203155625807411e-17
-25   -4.2413625296851388e-18  -2.7518373044466911e-17
-24   +2.9723773939064855e-17  +3.2775884601160740e-17
-23   -1.3993635200654813e-16  -7.7730009572678676e-17
-22   +5.4101343060235226e-16  +2.0930504571223236e-16
-21   -2.0772041587900128e-15  -7.2868826490224547e-16
-20   +7.8920548720836759e-15  +2.6763760862199878e-15
-19   -2.9855953621331538e-14  -1.0053707334383205e-14
-18   +1.1275775927522375e-13  +3.8029551485478679e-14
-17   -4.2552564426242684e-13  -1.4410572725073478e-13
-16   +1.6042202419685433e-12  +5.4604601424120307e-13
-15   -6.0416008159928660e-12  -2.0686205325945023e-12
-14   +2.2728068694108392e-11  +7.8346368561330095e-12
-13   -8.5399602832396271e-11  -2.9666600662513440e-11
-12   +3.2047273741706168e-10  +1.1232567341267810e-10
-11   -1.2009538316580049e-09  -4.2534329087153313e-10
-10   +4.4938843691378640e-09  +1.6113402362196053e-09
 -9   -1.6789834370191204e-08  -6.1099691107832190e-09
 -8   +6.2631424768450858e-08  +2.3208525350117420e-08
 -7   -2.3328857574353244e-07  -8.8426399618819248e-08
 -6   +8.6800714464661253e-07  +3.3874522537655573e-07
 -5   -3.2281333094866421e-06  -1.3095770990220415e-06
 -4   +1.2040736293027150e-05  +5.1585490101167884e-06
 -3   -4.4919845627951141e-05  -2.0818417249406070e-05
 -2   +1.7733183239166130e-04  +9.4066748169340165e-05
 -1   -3.0196423877593582e-05  -3.5101730609927505e-05
 +0   -1.9394504620091790e-01  +0.0000000000000000e+00
 +1   -3.0196423877593582e-05  +3.5101730609927505e-05
 +2   +1.7733183239166130e-04  -9.4066748169340165e-05
 +3   -4.4919845627951141e-05  +2.0818417249406070e-05
 +4   +1.2040736293027150e-05  -5.1585490101167884e-06
 +5   -3.2281333094866421e-06  +1.3095770990220415e-06
 +6   +8.6800714464661253e-07  -3.3874522537655573e-07
 +7   -2.3328857574353244e-07  +8.8426399618819248e-08
 +8   +6.2631424768450858e-08  -2.3208525350117420e-08
 +9   -1.6789834370191204e-08  +6.1099691107832190e-09
+10   +4.4938843691378640e-09  -1.6113402362196053e-09
+11   -1.2009538316580049e-09  +4.2534329087153313e-10
+12   +3.2047273741706168e-10  -1.1232567341267810e-10
+13   -8.5399602832396271e-11  +2.9666600662513440e-11
+14   +2.2728068694108392e-11  -7.8346368561330095e-12
+15   -6.0416008159928660e-12  +2.0686205325945023e-12
+16   +1.6042202419685433e-12  -5.4604601424120307e-13
+17   -4.2552564426242684e-13  +1.4410572725073478e-13
+18   +1.1275775927522375e-13  -3.8029551485478679e-14
+19   -2.9855953621331538e-14  +1.0053707334383205e-14
+20   +7.8920548720836759e-15  -2.6763760862199878e-15
+21   -2.0772041587900128e-15  +7.2868826490224547e-16
+22   +5.4101343060235226e-16  -2.0930504571223236e-16
+23   -1.3993635200654813e-16  +7.7730009572678676e-17
+24   +2.9723773939064855e-17  -3.2775884601160740e-17
+25   -4.2413625296851388e-18  +2.7518373044466911e-17
+26   -4.3887721399025000e-18  -3.1203155625807411e-17
+27   +8.9314603536499939e-18  +2.1996843918594476e-17
+28   -8.6853744324144677e-18  -2.2646429725026456e-17
+29   +1.2920797090225793e-17  +1.9311212067619326e-17
+30   -1.1373210768409498e-17  -2.1139795926506336e-17

