-30   +1.2635128251837222e-17  -1.2635128191917881e-17
-29   +5.9466556482951469e-18  -1.2893793406712606e-19
-28   +1.0139378986151685e-17  -2.0945303916913017e-18
-27   +9.2834765637661922e-18  -7.3577374947291904e-18
-26   +1.2144886084674464e-17  -2.4311173564906798e-17
-25   -3.8926789521782916e-18  +5.5937729265072124e-18
-24   +1.9709575089649555e-17  -4.0325884553664591e-17
-23   -5.0104059387707328e-17  +1.4458892165301012e-16
-22   +1.7003530388900800e-16  -5.2824418637270122e-16
-21   -6.5345657339507028e-16  +1.9972751538435974e-15
-20   +2.5145883830124385e-15  -7.5289621753756496e-15
-19   -9.4686909635236179e-15  +2.8422299082289530e-14
-18   +3.5843298544161959e-14  -1.0704607403414836e-13
-17   -1.3539549797330931e-13  +4.0286303680000472e-13
-16   +5.1125927799086706e-13  -1.5144851014554925e-12
-15   -1.9291228613386705e-12  +5.6861529905235403e-12
-14   +7.2727468022542048e-12  -2.1317925388008096e-11
-13   -2.7393833209669171e-11  +7.9796897740697571e-11
-12   +1.0309107221295737e-10  -2.9817407222757449e-10
-11   -3.8762053479682025e-10  +1.1120380098404071e-09
-10   +1.4562435125113334e-09  -4.1386010022172875e-09
 -9   -5.4671872257189374e-09  +1.5367065476999413e-08
 -8   +2.0517682307863793e-08  -5.6920598662918473e-08
 -7   -7.7016034424497507e-08  +2.1031496642176883e-07
 -6   +2.8951241187102829e-07  -7.7542980297717916e-07
 -5   -1.0922862429354066e-06  +2.8551293962389953e-06
 -4   +4.1636751710485903e-06  -1.0545095757256360e-05
 -3   -1.6118039570311509e-05  +3.9073497315323908e-05
 -2   +6.8852331777130709e-05  -1.5634292852535116e-04
 -1   -1.5731683015563022e-05  +2.8168111510776502e-05
 +0   -9.7303024587357145e-01  +0.0000000000000000e+00
 +1   -1.5731683015563022e-05  -2.8168111510776502e-05
 +2   +6.8852331777130709e-05  +1.5634292852535116e-04
 +3   -1.6118039570311509e-05  -3.9073497315323908e-05
 +4   +4.1636751710485903e-06  +1.0545095757256360e-05
 +5   -1.0922862429354066e-06  -2.8551293962389953e-06
 +6   +2.8951241187102829e-07  +7.7542980297717916e-07
 +7   -7.7016034424497507e-08  -2.1031496642176883e-07
 +8   +2.0517682307863793e-08  +5.6920598662918473e-08
 +9   -5.4671872257189374e-09  -1.5367065476999413e-08
+10   +1.4562435125113334e-09  +4.1386010022172875e-09
+11   -3.8762053479682025e-10  -1.1120380098404071e-09
+12   +1.0309107221295737e-10  +2.9817407222757449e-10
+13   -2.7393833209669171e-11  -7.9796897740697571e-11
+14   +7.2727468022542048e-12  +2.1317925388008096e-11
+15   -1.9291228613386705e-12  -5.6861529905235403e-12
+16   +5.1125927799086706e-13  +1.5144851014554925e-12
+17   -1.3539549797330931e-13  -4.0286303680000472e-13
+18   +3.5843298544161959e-14  +1.0704607403414836e-13
+19   -9.4686909635236179e-15  -2.8422299082289530e-14
+20   +2.5145883830124385e-15  +7.5289621753756496e-15
+21   -6.5345657339507028e-16  -1.9972751538435974e-15
+22   +1.7003530388900800e-16  +5.2824418637270122e-16
+23   -5.0104059387707328e-17  -1.4458892165301012e-16
+24   +1.9709575089649555e-17  +4.0325884553664591e-17
+25   -3.8926789521782916e-18  -5.5937729265072124e-18
+26   +1.2144886084674464e-17  +2.4311173564906798e-17
+27   +9.2834765637661922e-18  +7.3577374947291904e-18
+28   +1.0139378986151685e-17  +2.0945303916913017e-18
+29   +5.9466556482951469e-18  +1.2893793406712606e-19
+30   +1.2635128251837222e-17  +1.2635128191917881e-17

