-30   +2.7755575611085257e-18  -4.4671924711572641e-18
-29   -1.5445657253406480e-18  +3.2824007228486529e-18
-28   +4.1242912893421548e-18  -3.9621322535288629e-18
-27   -2.8029603841251847e-18  +5.6067847983189101e-18
-26   +2.5102009389034126e-18  -8.7772037571691501e-18
-25   -2.6321586826313094e-18  +5.0535918279913832e-18
-24   +3.5623839340214609e-18  -7.8965202971185826e-18
-23   -5.4909266618140123e-18  +8.2241477339466530e-18
-22   +5.6280017408885201e-18  -1.0692697697188842e-17
-21   -4.4392986383751536e-18  +1.7263578697612458e-17
-20   +1.0854327443862605e-17  -4.0013095897706552e-17
-19   -4.6862953495525000e-17  +1.3349250331330218e-16
-18   +1.8132685497175740e-16  -5.2103050177341840e-16
-17   -7.1082631897520098e-16  +2.0518879769180118e-15
-16   +2.8588817409388917e-15  -8.1874156859149177e-15
-15   -1.1577629393112592e-14  +3.2874889535566813e-14
-14   +4.7098480341758852e-14  -1.3255657988615700e-13
-13   -1.9258654196059729e-13  +5.3676759494868757e-13
-12   +7.9242641559141067e-13  -2.1840981863872766e-12
-11   -3.2854783317565232e-12  +8.9385351907279011e-12
-10   +1.3750181485849065e-11  -3.6840596960765390e-11
 -9   -5.8229932113782236e-11  +1.5318528843146011e-10
 -8   +2.5038638238681410e-10  -6.4419165766452242e-10
 -7   -1.0987250018046960e-09  +2.7497211605600229e-09
 -6   +4.9590677218138885e-09  -1.1980712930379241e-08
 -5   -2.3307734479148400e-08  +5.3757913756197385e-08
 -4   +1.1686900601716463e-07  -2.5280139724985563e-07
 -3   -6.4674595292381217e-07  +1.2770736345700257e-06
 -2   +4.6075261644145498e-06  -7.8378007403578429e-06
 -1   -3.5558972372688768e-06  +3.2747136224471024e-06
 +0   -1.6953690753986195e-01  +0.0000000000000000e+00
 +1   -3.5558972372688768e-06  -3.2747136224471024e-06
 +2   +4.6075261644145498e-06  +7.8378007403578429e-06
 +3   -6.4674595292381217e-07  -1.2770736345700257e-06
 +4   +1.1686900601716463e-07  +2.5280139724985563e-07
 +5   -2.3307734479148400e-08  -5.3757913756197385e-08
 +6   +4.9590677218138885e-09  +1.1980712930379241e-08
 +7   -1.0987250018046960e-09  -2.7497211605600229e-09
 +8   +2.5038638238681410e-10  +6.4419165766452242e-10
 +9   -5.8229932113782236e-11  -1.5318528843146011e-10
+10   +1.3750181485849065e-11  +3.6840596960765390e-11
+11   -3.2854783317565232e-12  -8.9385351907279011e-12
+12   +7.9242641559141067e-13  +2.1840981863872766e-12
+13   -1.9258654196059729e-13  -5.3676759494868757e-13
+14   +4.7098480341758852e-14  +1.3255657988615700e-13
+15   -1.1577629393112592e-14  -3.2874889535566813e-14
+16   +2.8588817409388917e-15  +8.1874156859149177e-15
+17   -7.1082631897520098e-16  -2.0518879769180118e-15
+18   +1.8132685497175740e-16  +5.2103050177341840e-16
+19   -4.6862953495525000e-17  -1.3349250331330218e-16
+20   +1.0854327443862605e-17  +4.0013095897706552e-17
+21   -4.4392986383751536e-18  -1.7263578697612458e-17
+22   +5.6280017408885201e-18  +1.0692697697188842e-17
+23   -5.4909266618140123e-18  -8.2241477339466530e-18
+24   +3.5623839340214609e-18  +7.8965202971185826e-18
+25   -2.6321586826313094e-18  -5.0535918279913832e-18
+26   +2.5102009389034126e-18  +8.7772037571691501e-18
+27   -2.8029603841251847e-18  -5.6067847983189101e-18
+28   +4.1242912893421548e-18  +3.9621322535288629e-18
+29   -1.5445657253406480e-18  -3.2824007228486529e-18
+30   +2.7755575611085257e-18  +4.4671924711572641e-18

