-30   +1.1102230245292399e-17  -1.1294359881781012e-27
-29   +8.1895773304261325e-18  +2.5543333179408607e-18
-28   +5.7918973892671992e-18  +3.1248083774584751e-18
-27   -4.1405647676059186e-18  +3.0548340531222632e-18
-26   +8.7919218231493106e-18  +5.4988891720935918e-18
-25   -1.5101593029075630e-17  +7.6816127370747686e-18
-24   +1.6970148830872456e-18  -1.1687257790550775e-18
-23   -4.1313198655153927e-18  -1.1740079978257060e-17
-22   +7.3826139815496285e-18  -8.4144666631236173e-18
-21   +4.0954944708866082e-18  +5.0854477677440218e-18
-20   -2.0221238073391469e-17  -1.4802973661668754e-17
-19   +1.1955673577924865e-16  +4.9940983453294850e-17
-18   -4.8482524456208921e-16  -1.7507544695672849e-16
-17   +1.9308561650355960e-15  +6.6304284828877818e-16
-16   -7.7295827416133972e-15  -2.6898376613447301e-15
-15   +3.0967245172717665e-14  +1.0809350966530719e-14
-14   -1.2441071795939593e-13  -4.3772622986431700e-14
-13   +5.0193199877557338e-13  +1.7809192363350949e-13
-12   -2.0339678347716672e-12  -7.2851509427624672e-13
-11   +8.2853842045953268e-12  +3.0002805277996204e-12
-10   -3.3969471567574861e-11  -1.2458213600948346e-11
 -9   +1.4040682398881007e-10  +5.2269499954818412e-11
 -8   -5.8646544453084561e-10  -2.2225843919798291e-10
 -7   +2.4841445700613548e-09  +9.6211012766436813e-10
 -6   -1.0730667712362276e-08  -4.2697835153676245e-09
 -5   +4.7700795060809576e-08  +1.9648871150387303e-08
 -4   -2.2230206519550865e-07  -9.5897329766837235e-08
 -3   +1.1164100058022565e-06  +5.1459538627955963e-07
 -2   -6.9369067541609339e-06  -3.5547876057189777e-06
 -1   +2.8874243431588106e-06  +2.0464981526694693e-06
 +0   -5.4765085838695593e-01  +0.0000000000000000e+00
 +1   +2.8874243431588106e-06  -2.0464981526694693e-06
 +2   -6.9369067541609339e-06  +3.5547876057189777e-06
 +3   +1.1164100058022565e-06  -5.1459538627955963e-07
 +4   -2.2230206519550865e-07  +9.5897329766837235e-08
 +5   +4.7700795060809576e-08  -1.9648871150387303e-08
 +6   -1.0730667712362276e-08  +4.2697835153676245e-09
 +7   +2.4841445700613548e-09  -9.6211012766436813e-10
 +8   -5.8646544453084561e-10  +2.2225843919798291e-10
 +9   +1.4040682398881007e-10  -5.2269499954818412e-11
+10   -3.3969471567574861e-11  +1.2458213600948346e-11
+11   +8.2853842045953268e-12  -3.0002805277996204e-12
+12   -2.0339678347716672e-12  +7.2851509427624672e-13
+13   +5.0193199877557338e-13  -1.7809192363350949e-13
+14   -1.2441071795939593e-13  +4.3772622986431700e-14
+15   +3.0967245172717665e-14  -1.0809350966530719e-14
+16   -7.7295827416133972e-15  +2.6898376613447301e-15
+17   +1.9308561650355960e-15  -6.6304284828877818e-16
+18   -4.8482524456208921e-16  +1.7507544695672849e-16
+19   +1.1955673577924865e-16  -4.9940983453294850e-17
+20   -2.0221238073391469e-17  +1.4802973661668754e-17
+21   +4.0954944708866082e-18  -5.0854477677440218e-18
+22   +7.3826139815496285e-18  +8.4144666631236173e-18
+23   -4.1313198655153927e-18  +1.1740079978257060e-17
+24   +1.6970148830872456e-18  +1.1687257790550775e-18
+25   -1.5101593029075630e-17  -7.6816127370747686e-18
+26   +8.7919218231493106e-18  -5.4988891720935918e-18
+27   -4.1405647676059186e-18  -3.0548340531222632e-18
+28   +5.7918973892671992e-18  -3.1248083774584751e-18
+29   +8.1895773304261325e-18  -2.5543333179408607e-18
+30   +1.1102230245292399e-17  +1.1294359881781012e-27

