-30   +4.7279720615765251e-16  -1.1204988615004136e-15
-29   -4.5912750996575021e-16  +1.1607633408389050e-15
-28   +4.7340543850812259e-16  -1.1993564570643489e-15
-27   -4.7083342941170814e-16  +1.2553298514437390e-15
-26   +4.6919650036161172e-16  -1.3161401301848827e-15
-25   -4.5756824133808902e-16  +1.4058149346515597e-15
-24   +4.4121440575665154e-16  -1.4545425224759438e-15
-23   -4.1739266974406604e-16  +1.6121960688514435e-15
-22   +2.5186798570290549e-16  -1.9983731097792866e-15
-21   +3.5130628100018882e-16  +3.3425105633012822e-15
-20   -2.6924706918714017e-15  -8.1021693143791694e-15
-19   +1.1396376287283054e-14  +2.5934962222166082e-14
-18   -4.4220054863833371e-14  -9.3235422130236587e-14
-17   +1.6788049176165947e-13  +3.4784107054359123e-13
-16   -6.3299906787798139e-13  -1.3108589674293077e-12
-15   +2.3799624764140282e-12  +4.9525608974582490e-12
-14   -8.9320032074813330e-12  -1.8717764594365769e-11
-13   +3.3464249702432913e-11  +7.0726226449208345e-11
-12   -1.2514309552056082e-10  -2.6715464776631982e-10
-11   +4.6700574344583484e-10  +1.0088658491613085e-09
-10   -1.7385499280251746e-09  -3.8095934953871456e-09
 -9   +6.4538222158585436e-09  +1.4389607630048258e-08
 -8   -2.3876106817092697e-08  -5.4400464423121465e-08
 -7   +8.7955526347481461e-08  +2.0604693367296571e-07
 -6   -3.2224248517066752e-07  -7.8332952630688929e-07
 -5   +1.1711884710375222e-06  +2.9974750227444521e-06
 -4   -4.2072942224588063e-06  -1.1637396048921517e-05
 -3   +1.4630264557745527e-05  +4.5908842745680154e-05
 -2   -4.8454142847711037e-05  -1.9920433459439459e-04
 -1   -4.0149713414094623e-06  +7.3813239020697392e-05
 +0   +1.2785934808227473e+00  +0.0000000000000000e+00
 +1   -4.0149713414094623e-06  -7.3813239020697392e-05
 +2   -4.8454142847711037e-05  +1.9920433459439459e-04
 +3   +1.4630264557745527e-05  -4.5908842745680154e-05
 +4   -4.2072942224588063e-06  +1.1637396048921517e-05
 +5   +1.1711884710375222e-06  -2.9974750227444521e-06
 +6   -3.2224248517066752e-07  +7.8332952630688929e-07
 +7   +8.7955526347481461e-08  -2.0604693367296571e-07
 +8   -2.3876106817092697e-08  +5.4400464423121465e-08
 +9   +6.4538222158585436e-09  -1.4389607630048258e-08
+10   -1.7385499280251746e-09  +3.8095934953871456e-09
+11   +4.6700574344583484e-10  -1.0088658491613085e-09
+12   -1.2514309552056082e-10  +2.6715464776631982e-10
+13   +3.3464249702432913e-11  -7.0726226449208345e-11
+14   -8.9320032074813330e-12  +1.8717764594365769e-11
+15   +2.3799624764140282e-12  -4.9525608974582490e-12
+16   -6.3299906787798139e-13  +1.3108589674293077e-12
+17   +1.6788049176165947e-13  -3.4784107054359123e-13
+18   -4.4220054863833371e-14  +9.3235422130236587e-14
+19   +1.1396376287283054e-14  -2.5934962222166082e-14
+20   -2.6924706918714017e-15  +8.1021693143791694e-15
+21   +3.5130628100018882e-16  -3.3425105633012822e-15
+22   +2.5186798570290549e-16  +1.9983731097792866e-15
+23   -4.1739266974406604e-16  -1.6121960688514435e-15
+24   +4.4121440575665154e-16  +1.4545425224759438e-15
+25   -4.5756824133808902e-16  -1.4058149346515597e-15
+26   +4.6919650036161172e-16  +1.3161401301848827e-15
+27   -4.7083342941170814e-16  -1.2553298514437390e-15
+28   +4.7340543850812259e-16  +1.1993564570643489e-15
+29   -4.5912750996575021e-16  -1.1607633408389050e-15
+30   +4.7279720615765251e-16  +1.1204988615004136e-15

