-30   +6.2370676780825075e-17  -1.4725861494086854e-16
-29   -6.8017847449530232e-17  +1.5611978269194820e-16
-28   +5.8759974760006409e-17  -1.6021607861331033e-16
-27   -6.4253477305842139e-17  +1.7207215632053534e-16
-26   +5.8482015771053058e-17  -1.7384681447437908e-16
-25   -5.4008815746863719e-17  +1.8226159240696543e-16
-24   +3.3067177877905761e-17  -1.7647654798662176e-16
-23   +4.7205728034183855e-17  +1.4854496165613556e-16
-22   -3.5891118063357421e-16  -8.4686717643359559e-19
-21   +1.5294187332988340e-15  -5.7588585640159504e-16
-20   -5.9649096016499785e-15  +2.7554106668058460e-15
-19   +2.2726486154283791e-14  -1.1032318898832513e-14
-18   -8.6023983324406405e-14  +4.2162977976522983e-14
-17   +3.2485293618219723e-13  -1.5913110034164117e-13
-16   -1.2250933092536655e-12  +5.9784909076152459e-13
-15   +4.6151235373422345e-12  -2.2406188396116446e-12
-14   -1.7366932160346261e-11  +8.3805217052088679e-12
-13   +6.5277328700048408e-11  -3.1280877188838409e-11
-12   -2.4505741426295084e-10  +1.1649214182240139e-10
-11   +9.1876655451373555e-10  -4.3270057842529463e-10
-10   -3.4398927298489371e-09  +1.6024252157651643e-09
 -9   +1.2860870450998484e-08  -5.9135566271771524e-09
 -8   -4.8017167861702244e-08  +2.1733274821470358e-08
 -7   +1.7905795182417576e-07  -7.9477341537003096e-08
 -6   -6.6726334786204383e-07  +2.8890690538893345e-07
 -5   +2.4870990783848364e-06  -1.0420548202044034e-06
 -4   -9.3089959142248503e-06  +3.7257549582052431e-06
 -3   +3.4940143291231339e-05  -1.3024577628902013e-05
 -2   -1.3980085663738666e-04  +4.5705531658190919e-05
 -1   +2.5819587102605096e-05  -3.2615508710417520e-06
 +0   +1.4759532599959166e-01  +0.0000000000000000e+00
 +1   +2.5819587102605096e-05  +3.2615508710417520e-06
 +2   -1.3980085663738666e-04  -4.5705531658190919e-05
 +3   +3.4940143291231339e-05  +1.3024577628902013e-05
 +4   -9.3089959142248503e-06  -3.7257549582052431e-06
 +5   +2.4870990783848364e-06  +1.0420548202044034e-06
 +6   -6.6726334786204383e-07  -2.8890690538893345e-07
 +7   +1.7905795182417576e-07  +7.9477341537003096e-08
 +8   -4.8017167861702244e-08  -2.1733274821470358e-08
 +9   +1.2860870450998484e-08  +5.9135566271771524e-09
+10   -3.4398927298489371e-09  -1.6024252157651643e-09
+11   +9.1876655451373555e-10  +4.3270057842529463e-10
+12   -2.4505741426295084e-10  -1.1649214182240139e-10
+13   +6.5277328700048408e-11  +3.1280877188838409e-11
+14   -1.7366932160346261e-11  -8.3805217052088679e-12
+15   +4.6151235373422345e-12  +2.2406188396116446e-12
+16   -1.2250933092536655e-12  -5.9784909076152459e-13
+17   +3.2485293618219723e-13  +1.5913110034164117e-13
+18   -8.6023983324406405e-14  -4.2162977976522983e-14
+19   +2.2726486154283791e-14  +1.1032318898832513e-14
+20   -5.9649096016499785e-15  -2.7554106668058460e-15
+21   +1.5294187332988340e-15  +5.7588585640159504e-16
+22   -3.5891118063357421e-16  +8.4686717643359559e-19
+23   +4.7205728034183855e-17  -1.4854496165613556e-16
+24   +3.3067177877905761e-17  +1.7647654798662176e-16
+25   -5.4008815746863719e-17  -1.8226159240696543e-16
+26   +5.8482015771053058e-17  +1.7384681447437908e-16
+27   -6.4253477305842139e-17  -1.7207215632053534e-16
+28   +5.8759974760006409e-17  +1.6021607861331033e-16
+29   -6.8017847449530232e-17  -1.5611978269194820e-16
+30   +6.2370676780825075e-17  +1.4725861494086854e-16

