-30   +1.4541291585184602e-16  -3.6739370537076937e-16
-29   -1.5069135055580602e-16  +3.7912719304776467e-16
-28   +1.4738113818410442e-16  -3.9207740602836808e-16
-27   -1.4733717526219381e-16  +4.0896719914163599e-16
-26   +1.4976184144439459e-16  -4.1914726338233961e-16
-25   -1.4926941509046920e-16  +4.4443770363299753e-16
-24   +1.4906858904155960e-16  -4.6046169792534057e-16
-23   -1.4539393067093186e-16  +4.7913607713092704e-16
-22   +1.4532976122054584e-16  -5.0385802882225752e-16
-21   -1.4266977055813492e-16  +5.2578238102467086e-16
-20   +1.3322676295501873e-16  -5.3963474684195973e-16
-19   -4.0022247643458864e-17  +5.4152158342004777e-16
-18   -2.6589035792738527e-16  -4.2715853237452136e-16
-17   +1.5174999268513551e-15  -1.2637948152699871e-16
-16   -6.5389329669482586e-15  +2.4323642778692484e-15
-15   +2.6836704818265240e-14  -1.1779052667935019e-14
-14   -1.0925095209103502e-13  +4.9457418152681954e-14
-13   +4.4545828129251753e-13  -2.0141623798160772e-13
-12   -1.8250779799450830e-12  +8.1621005959053815e-13
-11   +7.5273648833752897e-12  -3.3140045496641065e-12
-10   -3.1307007708762254e-11  +1.3515105472694934e-11
 -9   +1.3159047814101634e-10  -5.5439917518133607e-11
 -8   -5.6067928480189313e-10  +2.2906240567823198e-10
 -7   +2.4323450434213845e-09  -9.5475207975098885e-10
 -6   -1.0817734950444463e-08  +4.0219683414499074e-09
 -5   +4.9846379051580449e-08  -1.7146017224038073e-08
 -4   -2.4298526731326165e-07  +7.3948817286889987e-08
 -3   +1.2855877033897287e-06  -3.1437794795678952e-07
 -2   -8.4181418123305262e-06  +1.1479042432895333e-06
 -1   +5.8507570999589661e-06  +1.5529754236332536e-06
 +0   +4.1677112699311514e-01  +0.0000000000000000e+00
 +1   +5.8507570999589661e-06  -1.5529754236332536e-06
 +2   -8.4181418123305262e-06  -1.1479042432895333e-06
 +3   +1.2855877033897287e-06  +3.1437794795678952e-07
 +4   -2.4298526731326165e-07  -7.3948817286889987e-08
 +5   +4.9846379051580449e-08  +1.7146017224038073e-08
 +6   -1.0817734950444463e-08  -4.0219683414499074e-09
 +7   +2.4323450434213845e-09  +9.5475207975098885e-10
 +8   -5.6067928480189313e-10  -2.2906240567823198e-10
 +9   +1.3159047814101634e-10  +5.5439917518133607e-11
+10   -3.1307007708762254e-11  -1.3515105472694934e-11
+11   +7.5273648833752897e-12  +3.3140045496641065e-12
+12   -1.8250779799450830e-12  -8.1621005959053815e-13
+13   +4.4545828129251753e-13  +2.0141623798160772e-13
+14   -1.0925095209103502e-13  -4.9457418152681954e-14
+15   +2.6836704818265240e-14  +1.1779052667935019e-14
+16   -6.5389329669482586e-15  -2.4323642778692484e-15
+17   +1.5174999268513551e-15  +1.2637948152699871e-16
+18   -2.6589035792738527e-16  +4.2715853237452136e-16
+19   -4.0022247643458864e-17  -5.4152158342004777e-16
+20   +1.3322676295501873e-16  +5.3963474684195973e-16
+21   -1.4266977055813492e-16  -5.2578238102467086e-16
+22   +1.4532976122054584e-16  +5.0385802882225752e-16
+23   -1.4539393067093186e-16  -4.7913607713092704e-16
+24   +1.4906858904155960e-16  +4.6046169792534057e-16
+25   -1.4926941509046920e-16  -4.4443770363299753e-16
+26   +1.4976184144439459e-16  +4.1914726338233961e-16
+27   -1.4733717526219381e-16  -4.0896719914163599e-16
+28   +1.4738113818410442e-16  +3.9207740602836808e-16
+29   -1.5069135055580602e-16  -3.7912719304776467e-16
+30   +1.4541291585184602e-16  +3.6739370537076937e-16

