-30   +8.0107944757286047e-17  -1.9709843010209034e-16
-29   -8.4156490520494492e-17  +1.9983678514911130e-16
-28   +8.1769752810461981e-17  -2.0671961479262487e-16
-27   -7.7719152444355330e-17  +2.1555408512491982e-16
-26   +7.7429650777743116e-17  -2.2832920229066314e-16
-25   -7.7185139649894671e-17  +2.2939745547619505e-16
-24   +7.7409246199932413e-17  -2.4094646269657595e-16
-23   -7.7972342491615466e-17  +2.6139373222689957e-16
-22   +7.9790580505180242e-17  -2.6596444945404369e-16
-21   -8.5460937090714869e-17  +2.7701719281169647e-16
-20   +9.1526974175873864e-17  -2.7992799245767570e-16
-19   -1.2612205759084598e-16  +2.1528214156596508e-16
-18   +2.6593246687729693e-16  +5.9004761784741854e-17
-17   -8.2601515097116887e-16  -1.2083133952906817e-15
-16   +3.0414227416476570e-15  +5.8909064847568612e-15
-15   -1.1886127058569754e-14  -2.4778915422463564e-14
-14   +4.7282984624957351e-14  +1.0118555862125032e-13
-13   -1.8939826384927460e-13  -4.1127856574885068e-13
-12   +7.6186445414499729e-13  +1.6759072369559768e-12
-11   -3.0770336383714032e-12  -6.8651825643448546e-12
-10   +1.2485221674602881e-11  +2.8320492853719628e-11
 -9   -5.0940256898834545e-11  -1.1787723345492151e-10
 -8   +2.0925559630906567e-10  +4.9630926420806343e-10
 -7   -8.6693420966635759e-10  -2.1216327949637426e-09
 -6   +3.6311596560967119e-09  +9.2613340758805614e-09
 -5   -1.5421315353928188e-08  -4.1655190248605989e-08
 -4   +6.6741860082205882e-08  +1.9649198815809316e-07
 -3   -2.9147800644137233e-07  -9.9620912846689490e-07
 -2   +1.2671250529909645e-06  +6.1217231255147141e-06
 -1   +3.7077955784865610e-07  -2.4846685769862247e-06
 +0   +2.2277702747948083e-01  +0.0000000000000000e+00
 +1   +3.7077955784865610e-07  +2.4846685769862247e-06
 +2   +1.2671250529909645e-06  -6.1217231255147141e-06
 +3   -2.9147800644137233e-07  +9.9620912846689490e-07
 +4   +6.6741860082205882e-08  -1.9649198815809316e-07
 +5   -1.5421315353928188e-08  +4.1655190248605989e-08
 +6   +3.6311596560967119e-09  -9.2613340758805614e-09
 +7   -8.6693420966635759e-10  +2.1216327949637426e-09
 +8   +2.0925559630906567e-10  -4.9630926420806343e-10
 +9   -5.0940256898834545e-11  +1.1787723345492151e-10
+10   +1.2485221674602881e-11  -2.8320492853719628e-11
+11   -3.0770336383714032e-12  +6.8651825643448546e-12
+12   +7.6186445414499729e-13  -1.6759072369559768e-12
+13   -1.8939826384927460e-13  +4.1127856574885068e-13
+14   +4.7282984624957351e-14  -1.0118555862125032e-13
+15   -1.1886127058569754e-14  +2.4778915422463564e-14
+16   +3.0414227416476570e-15  -5.8909064847568612e-15
+17   -8.2601515097116887e-16  +1.2083133952906817e-15
+18   +2.6593246687729693e-16  -5.9004761784741854e-17
+19   -1.2612205759084598e-16  -2.1528214156596508e-16
+20   +9.1526974175873864e-17  +2.7992799245767570e-16
+21   -8.5460937090714869e-17  -2.7701719281169647e-16
+22   +7.9790580505180242e-17  +2.6596444945404369e-16
+23   -7.7972342491615466e-17  -2.6139373222689957e-16
+24   +7.7409246199932413e-17  +2.4094646269657595e-16
+25   -7.7185139649894671e-17  -2.2939745547619505e-16
+26   +7.7429650777743116e-17  +2.2832920229066314e-16
+27   -7.7719152444355330e-17  -2.1555408512491982e-16
+28   +8.1769752810461981e-17  +2.0671961479262487e-16
+29   -8.4156490520494492e-17  -1.9983678514911130e-16
+30   +8.0107944757286047e-17  +1.9709843010209034e-16

