-30   +5.2336415095984529e-18  -3.0503898248765081e-17
-29   +9.3540278349237819e-18  -3.2234828418565990e-19
-28   -1.6192328853532171e-17  +2.8194263082782015e-18
-27   +3.2099171454895088e-18  +3.0564851332423350e-18
-26   -1.0298178342845514e-17  +8.6516888301242605e-18
-25   -3.1325680770601757e-18  -3.2579945359624869e-18
-24   -7.7298432776084719e-18  +8.3344298600309059e-18
-23   +5.6723811459163874e-18  +1.6338523221069563e-17
-22   +2.7303202276883860e-18  -4.4077388546616536e-17
-21   +1.2833111771110908e-17  +1.8660625009525121e-16
-20   -3.3040989315948606e-17  -7.1224118025253715e-16
-19   +3.6595571396171583e-17  +2.9145655893865131e-15
-18   -1.1593053362212241e-16  -1.1525024325014060e-14
-17   +4.3498233531241366e-16  +4.5828915655015152e-14
-16   -1.8705395564210271e-15  -1.8252426925888170e-13
-15   +7.9473680606580748e-15  +7.2847618202252980e-13
-14   -3.4066236111821541e-14  -2.9145318996629477e-12
-13   +1.4720768049614782e-13  +1.1694561874270914e-11
-12   -6.4193699377564691e-13  -4.7083333726759922e-11
-11   +2.8300983609281748e-12  +1.9032272296916283e-10
-10   -1.2642072612111682e-11  -7.7305430140153591e-10
 -9   +5.7382764021845077e-11  +3.1586227789913119e-09
 -8   -2.6569857236273442e-10  -1.3002119566008629e-08
 -7   +1.2618605596718238e-09  +5.4034520505762188e-08
 -6   -6.1982540528451665e-09  -2.2748415023778593e-07
 -5   +3.1868966353233850e-08  +9.7438205019949134e-07
 -4   -1.7577991482695592e-07  -4.2958656846627383e-06
 -3   +1.0660876173269070e-06  +1.9498475284124508e-05
 -2   -8.3161866318780915e-06  -1.0067632425538532e-04
 -1   +1.2984350837451836e-05  +7.5423299471405613e-05
 +0   +1.0040418042537866e+00  +0.0000000000000000e+00
 +1   +1.2984350837451836e-05  -7.5423299471405613e-05
 +2   -8.3161866318780915e-06  +1.0067632425538532e-04
 +3   +1.0660876173269070e-06  -1.9498475284124508e-05
 +4   -1.7577991482695592e-07  +4.2958656846627383e-06
 +5   +3.1868966353233850e-08  -9.7438205019949134e-07
 +6   -6.1982540528451665e-09  +2.2748415023778593e-07
 +7   +1.2618605596718238e-09  -5.4034520505762188e-08
 +8   -2.6569857236273442e-10  +1.3002119566008629e-08
 +9   +5.7382764021845077e-11  -3.1586227789913119e-09
+10   -1.2642072612111682e-11  +7.7305430140153591e-10
+11   +2.8300983609281748e-12  -1.9032272296916283e-10
+12   -6.4193699377564691e-13  +4.7083333726759922e-11
+13   +1.4720768049614782e-13  -1.1694561874270914e-11
+14   -3.4066236111821541e-14  +2.9145318996629477e-12
+15   +7.9473680606580748e-15  -7.2847618202252980e-13
+16   -1.8705395564210271e-15  +1.8252426925888170e-13
+17   +4.3498233531241366e-16  -4.5828915655015152e-14
+18   -1.1593053362212241e-16  +1.1525024325014060e-14
+19   +3.6595571396171583e-17  -2.9145655893865131e-15
+20   -3.3040989315948606e-17  +7.1224118025253715e-16
+21   +1.2833111771110908e-17  -1.8660625009525121e-16
+22   +2.7303202276883860e-18  +4.4077388546616536e-17
+23   +5.6723811459163874e-18  -1.6338523221069563e-17
+24   -7.7298432776084719e-18  -8.3344298600309059e-18
+25   -3.1325680770601757e-18  +3.2579945359624869e-18
+26   -1.0298178342845514e-17  -8.6516888301242605e-18
+27   +3.2099171454895088e-18  -3.0564851332423350e-18
+28   -1.6192328853532171e-17  -2.8194263082782015e-18
+29   +9.3540278349237819e-18  +3.2234828418565990e-19
+30   +5.2336415095984529e-18  +3.0503898248765081e-17

