-30   -2.6168207645213366e-18  +1.0018307595153105e-17
-29   +4.0296900013263199e-18  -6.6164247342711963e-18
-28   -4.8111774628570926e-18  +1.0042980496218933e-17
-27   +4.8530111143010259e-18  -5.8368408251054209e-18
-26   -6.2973110980168415e-18  +7.7455318723148082e-18
-25   -4.3203712707493355e-18  +2.1833940067538085e-18
-24   -8.5463679359323670e-18  +8.0909902521169653e-18
-23   +1.6290905077036263e-18  -8.0585477865229273e-18
-22   +5.2251924541473608e-18  +5.8943629781074932e-18
-21   +1.4701454896961522e-18  -4.8588414522125717e-18
-20   +1.3811362452112925e-17  +1.1102230246251564e-17
-19   +1.5782537389178909e-17  -6.2345042860525366e-18
-18   -6.2862440341976568e-17  +1.4453755399699629e-17
-17   +2.1855389346920095e-16  -1.0472376461891119e-17
-16   -9.1555866841860040e-16  +3.2666796217521986e-17
-15   +3.9456572885889203e-15  -9.4006257544205121e-17
-14   -1.6839041264312235e-14  +4.0839243680653123e-16
-13   +7.2750080319202093e-14  -1.8390264486989026e-15
-12   -3.1734533011793284e-13  +8.6558446907472025e-15
-11   +1.3995341358116385e-12  -4.1557326907338357e-14
-10   -6.2536472196902506e-12  +2.0418033198394486e-13
 -9   +2.8394345084342792e-11  -1.0298147869801388e-12
 -8   -1.3151535642896626e-10  +5.3651594673040188e-12
 -7   +6.2479295810869581e-10  -2.9124876252118016e-11
 -6   -3.0699626797323888e-09  +1.6693143071381256e-10
 -5   +1.5789746002218968e-08  -1.0301241491691515e-09
 -4   -8.7121847117144675e-08  +7.1035659099772293e-09
 -3   +5.2861932487465598e-07  -5.7455911716806155e-08
 -2   -4.1246730847576920e-06  +6.7239248610553360e-07
 -1   +6.4404075849485733e-06  -2.0996881197233070e-06
 +0   -4.9798723377164383e-01  +0.0000000000000000e+00
 +1   +6.4404075849485733e-06  +2.0996881197233070e-06
 +2   -4.1246730847576920e-06  -6.7239248610553360e-07
 +3   +5.2861932487465598e-07  +5.7455911716806155e-08
 +4   -8.7121847117144675e-08  -7.1035659099772293e-09
 +5   +1.5789746002218968e-08  +1.0301241491691515e-09
 +6   -3.0699626797323888e-09  -1.6693143071381256e-10
 +7   +6.2479295810869581e-10  +2.9124876252118016e-11
 +8   -1.3151535642896626e-10  -5.3651594673040188e-12
 +9   +2.8394345084342792e-11  +1.0298147869801388e-12
+10   -6.2536472196902506e-12  -2.0418033198394486e-13
+11   +1.3995341358116385e-12  +4.1557326907338357e-14
+12   -3.1734533011793284e-13  -8.6558446907472025e-15
+13   +7.2750080319202093e-14  +1.8390264486989026e-15
+14   -1.6839041264312235e-14  -4.0839243680653123e-16
+15   +3.9456572885889203e-15  +9.4006257544205121e-17
+16   -9.1555866841860040e-16  -3.2666796217521986e-17
+17   +2.1855389346920095e-16  +1.0472376461891119e-17
+18   -6.2862440341976568e-17  -1.4453755399699629e-17
+19   +1.5782537389178909e-17  +6.2345042860525366e-18
+20   +1.3811362452112925e-17  -1.1102230246251564e-17
+21   +1.4701454896961522e-18  +4.8588414522125717e-18
+22   +5.2251924541473608e-18  -5.8943629781074932e-18
+23   +1.6290905077036263e-18  +8.0585477865229273e-18
+24   -8.5463679359323670e-18  -8.0909902521169653e-18
+25   -4.3203712707493355e-18  -2.1833940067538085e-18
+26   -6.2973110980168415e-18  -7.7455318723148082e-18
+27   +4.8530111143010259e-18  +5.8368408251054209e-18
+28   -4.8111774628570926e-18  -1.0042980496218933e-17
+29   +4.0296900013263199e-18  +6.6164247342711963e-18
+30   -2.6168207645213366e-18  -1.0018307595153105e-17

