-30   -8.1679358045470755e-18  +2.6961891802896443e-17
-29   +5.5613651084056012e-18  -2.8957250145405013e-17
-28   -1.0817705203072757e-17  +3.1517772719791870e-17
-27   +1.2738543832202957e-17  -2.8276921245443213e-17
-26   -1.0442530273457074e-17  +2.4458645490622828e-17
-25   +2.2384944263563702e-18  -3.1459765045416192e-17
-24   +2.5697102386416514e-17  +2.7154725055644046e-17
-23   -1.2680233911999096e-16  +1.5928784588685299e-17
-22   +5.4086941113644264e-16  -1.3721302308068657e-16
-21   -2.0762841489350085e-15  +6.5359565909581424e-16
-20   +7.8856449964623958e-15  -2.6054689022517154e-15
-19   -2.9844223882493733e-14  +9.9780756194009452e-15
-18   +1.1276358778065988e-13  -3.7954931404784562e-14
-17   -4.2552327678107486e-13  +1.4401580148411454e-13
-16   +1.6042086935282039e-12  -5.4594969958757306e-13
-15   -6.0416089792347018e-12  +2.0685118767906585e-12
-14   +2.2728075680286208e-11  -7.8345321610660200e-12
-13   -8.5399603500307754e-11  +2.9666492411909989e-11
-12   +3.2047273873091462e-10  -1.1232554676015823e-10
-11   -1.2009538396521869e-09  +4.2534315191607628e-10
-10   +4.4938843833377146e-09  -1.6113400863688681e-09
 -9   -1.6789834373978473e-08  +6.1099689427898196e-09
 -8   +6.2631424773281858e-08  -2.3208525160215750e-08
 -7   -2.3328857575718034e-07  +8.8426399403358365e-08
 -6   +8.6800714465018658e-07  -3.3874522512750893e-07
 -5   -3.2281333094956986e-06  +1.3095770987130191e-06
 -4   +1.2040736293045398e-05  -5.1585490097378166e-06
 -3   -4.4919845627989671e-05  +2.0818417248898152e-05
 -2   +1.7733183239174592e-04  -9.4066748168558211e-05
 -1   -3.0196423877907533e-05  +3.5101730608413390e-05
 +0   -1.9394504620091477e-01  +0.0000000000000000e+00
 +1   -3.0196423877907533e-05  -3.5101730608413390e-05
 +2   +1.7733183239174592e-04  +9.4066748168558211e-05
 +3   -4.4919845627989671e-05  -2.0818417248898152e-05
 +4   +1.2040736293045398e-05  +5.1585490097378166e-06
 +5   -3.2281333094956986e-06  -1.3095770987130191e-06
 +6   +8.6800714465018658e-07  +3.3874522512750893e-07
 +7   -2.3328857575718034e-07  -8.8426399403358365e-08
 +8   +6.2631424773281858e-08  +2.3208525160215750e-08
 +9   -1.6789834373978473e-08  -6.1099689427898196e-09
+10   +4.4938843833377146e-09  +1.6113400863688681e-09
+11   -1.2009538396521869e-09  -4.2534315191607628e-10
+12   +3.2047273873091462e-10  +1.1232554676015823e-10
+13   -8.5399603500307754e-11  -2.9666492411909989e-11
+14   +2.2728075680286208e-11  +7.8345321610660200e-12
+15   -6.0416089792347018e-12  -2.0685118767906585e-12
+16   +1.6042086935282039e-12  +5.4594969958757306e-13
+17   -4.2552327678107486e-13  -1.4401580148411454e-13
+18   +1.1276358778065988e-13  +3.7954931404784562e-14
+19   -2.9844223882493733e-14  -9.9780756194009452e-15
+20   +7.8856449964623958e-15  +2.6054689022517154e-15
+21   -2.0762841489350085e-15  -6.5359565909581424e-16
+22   +5.4086941113644264e-16  +1.3721302308068657e-16
+23   -1.2680233911999096e-16  -1.5928784588685299e-17
+24   +2.5697102386416514e-17  -2.7154725055644046e-17
+25   +2.2384944263563702e-18  +3.1459765045416192e-17
+26   -1.0442530273457074e-17  -2.4458645490622828e-17
+27   +1.2738543832202957e-17  +2.8276921245443213e-17
+28   -1.0817705203072757e-17  -3.1517772719791870e-17
+29   +5.5613651084056012e-18  +2.8957250145405013e-17
+30   -8.1679358045470755e-18  -2.6961891802896443e-17

