-30   -2.0036615344001235e-17  +1.2635128493639427e-17
-29   +1.0440465151930208e-18  -2.6399555244126295e-20
-28   -1.4359897888301026e-17  -8.0260317074107036e-19
-27   -5.0474924803403245e-18  +1.1769237727901074e-17
-26   -8.0984905079547498e-18  +1.7434570022365511e-17
-25   +2.3658564530566709e-18  +2.0620156830825231e-17
-24   -2.1797679352852554e-17  -4.0864533172281910e-17
-23   +4.6281887477255546e-17  +1.3077138187281821e-16
-22   -1.7244840919134208e-16  -5.1909699900437810e-16
-21   +6.5443990081968580e-16  +1.9967257641373155e-15
-20   -2.4869656581082140e-15  -7.5363636622064836e-15
-19   +9.4659871996563528e-15  +2.8403191929742736e-14
-18   -3.5836158096923211e-14  -1.0702666454670543e-13
-17   +1.3539822152216707e-13  +4.0284134422003680e-13
-16   -5.1125657996155818e-13  -1.5144884409300608e-12
-15   +1.9291342958382850e-12  +5.6861194449583553e-12
-14   -7.2727429767657274e-12  -2.1317930882523065e-11
-13   +2.7393826656376415e-11  +7.9796879259114973e-11
-12   -1.0309107763381280e-10  -2.9817409568765665e-10
-11   +3.8762053441942659e-10  +1.1120380236223084e-09
-10   -1.4562435333503316e-09  -4.1386010138067298e-09
 -9   +5.4671872252165062e-09  +1.5367065465198411e-08
 -8   -2.0517682299240554e-08  -5.6920598648034297e-08
 -7   +7.7016034426188185e-08  +2.1031496635730512e-07
 -6   -2.8951241187911058e-07  -7.7542980296481142e-07
 -5   +1.0922862429264226e-06  +2.8551293961613694e-06
 -4   -4.1636751710527035e-06  -1.0545095757206373e-05
 -3   +1.6118039570323645e-05  +3.9073497315230694e-05
 -2   -6.8852331777190679e-05  -1.5634292852525193e-04
 -1   +1.5731683015737812e-05  +2.8168111510402930e-05
 +0   +9.7303024587357356e-01  +0.0000000000000000e+00
 +1   +1.5731683015737812e-05  -2.8168111510402930e-05
 +2   -6.8852331777190679e-05  +1.5634292852525193e-04
 +3   +1.6118039570323645e-05  -3.9073497315230694e-05
 +4   -4.1636751710527035e-06  +1.0545095757206373e-05
 +5   +1.0922862429264226e-06  -2.8551293961613694e-06
 +6   -2.8951241187911058e-07  +7.7542980296481142e-07
 +7   +7.7016034426188185e-08  -2.1031496635730512e-07
 +8   -2.0517682299240554e-08  +5.6920598648034297e-08
 +9   +5.4671872252165062e-09  -1.5367065465198411e-08
+10   -1.4562435333503316e-09  +4.1386010138067298e-09
+11   +3.8762053441942659e-10  -1.1120380236223084e-09
+12   -1.0309107763381280e-10  +2.9817409568765665e-10
+13   +2.7393826656376415e-11  -7.9796879259114973e-11
+14   -7.2727429767657274e-12  +2.1317930882523065e-11
+15   +1.9291342958382850e-12  -5.6861194449583553e-12
+16   -5.1125657996155818e-13  +1.5144884409300608e-12
+17   +1.3539822152216707e-13  -4.0284134422003680e-13
+18   -3.5836158096923211e-14  +1.0702666454670543e-13
+19   +9.4659871996563528e-15  -2.8403191929742736e-14
+20   -2.4869656581082140e-15  +7.5363636622064836e-15
+21   +6.5443990081968580e-16  -1.9967257641373155e-15
+22   -1.7244840919134208e-16  +5.1909699900437810e-16
+23   +4.6281887477255546e-17  -1.3077138187281821e-16
+24   -2.1797679352852554e-17  +4.0864533172281910e-17
+25   +2.3658564530566709e-18  -2.0620156830825231e-17
+26   -8.0984905079547498e-18  -1.7434570022365511e-17
+27   -5.0474924803403245e-18  -1.1769237727901074e-17
+28   -1.4359897888301026e-17  +8.0260317074107036e-19
+29   +1.0440465151930208e-18  +2.6399555244126295e-20
+30   -2.0036615344001235e-17  -1.2635128493639427e-17

