-30   -3.8322452955618450e-19  -3.8322452805284447e-19
-29   +1.1860430903448586e-18  +1.0764338704088819e-18
-28   -5.4370843620147743e-19  -3.0840225775224613e-19
-27   +1.2818590094384236e-18  +1.4483073953391307e-18
-26   -2.6440581256956759e-19  +2.5511079021147514e-18
-25   -3.3102824625154503e-18  +5.7084282031043601e-19
-24   -1.0450783449178476e-18  -1.9347230473484428e-18
-23   +6.5640412570036157e-19  -2.4525036286302514e-18
-22   -1.0686073188088248e-18  -2.3795268259302379e-18
-21   +1.9957140045258158e-18  +8.7709812107913074e-18
-20   -1.0358521839084696e-17  -2.9902476861010822e-17
-19   +4.1391489994103285e-17  +1.2940778591669152e-16
-18   -1.7960770757628269e-16  -5.0961695590412536e-16
-17   +7.0756255751675889e-16  +2.0392998166083614e-15
-16   -2.8563577705982971e-15  -8.1745690764800056e-15
-15   +1.1576621938195511e-14  +3.2859967486057636e-14
-14   -4.7096716299648954e-14  -1.3254410928888459e-13
-13   +1.9258299061709408e-13  +5.3675343365171201e-13
-12   -7.9242328364954023e-13  -2.1840837858359350e-12
-11   +3.2854759688716110e-12  +8.9385181950905033e-12
-10   -1.3750182602647188e-11  -3.6840574472404173e-11
 -9   +5.8229930028113724e-11  +1.5318526755478032e-10
 -8   -2.5038637929867316e-10  -6.4419162625564159e-10
 -7   +1.0987249971201435e-09  +2.7497211321275898e-09
 -6   -4.9590677193707287e-09  -1.1980712900725278e-08
 -5   +2.3307734474704952e-08  +5.3757913717296867e-08
 -4   -1.1686900600991088e-07  -2.5280139721258253e-07
 -3   +6.4674595291849809e-07  +1.2770736344991846e-06
 -2   -4.6075261644088314e-06  -7.8378007402897516e-06
 -1   +3.5558972372256989e-06  +3.2747136223154252e-06
 +0   +1.6953690753986378e-01  +0.0000000000000000e+00
 +1   +3.5558972372256989e-06  -3.2747136223154252e-06
 +2   -4.6075261644088314e-06  +7.8378007402897516e-06
 +3   +6.4674595291849809e-07  -1.2770736344991846e-06
 +4   -1.1686900600991088e-07  +2.5280139721258253e-07
 +5   +2.3307734474704952e-08  -5.3757913717296867e-08
 +6   -4.9590677193707287e-09  +1.1980712900725278e-08
 +7   +1.0987249971201435e-09  -2.7497211321275898e-09
 +8   -2.5038637929867316e-10  +6.4419162625564159e-10
 +9   +5.8229930028113724e-11  -1.5318526755478032e-10
+10   -1.3750182602647188e-11  +3.6840574472404173e-11
+11   +3.2854759688716110e-12  -8.9385181950905033e-12
+12   -7.9242328364954023e-13  +2.1840837858359350e-12
+13   +1.9258299061709408e-13  -5.3675343365171201e-13
+14   -4.7096716299648954e-14  +1.3254410928888459e-13
+15   +1.1576621938195511e-14  -3.2859967486057636e-14
+16   -2.8563577705982971e-15  +8.1745690764800056e-15
+17   +7.0756255751675889e-16  -2.0392998166083614e-15
+18   -1.7960770757628269e-16  +5.0961695590412536e-16
+19   +4.1391489994103285e-17  -1.2940778591669152e-16
+20   -1.0358521839084696e-17  +2.9902476861010822e-17
+21   +1.9957140045258158e-18  -8.7709812107913074e-18
+22   -1.0686073188088248e-18  +2.3795268259302379e-18
+23   +6.5640412570036157e-19  +2.4525036286302514e-18
+24   -1.0450783449178476e-18  +1.9347230473484428e-18
+25   -3.3102824625154503e-18  -5.7084282031043601e-19
+26   -2.6440581256956759e-19  -2.5511079021147514e-18
+27   +1.2818590094384236e-18  -1.4483073953391307e-18
+28   -5.4370843620147743e-19  +3.0840225775224613e-19
+29   +1.1860430903448586e-18  -1.0764338704088819e-18
+30   -3.8322452955618450e-19  +3.8322452805284447e-19

