-30   -6.3175641804844642e-18  +1.1551205707679092e-17
-29   +1.9527177717137853e-18  -2.4982270568616209e-17
-28   -1.0718575491392313e-17  +1.8746069333128728e-17
-27   +4.9712672946491283e-18  -1.7650557742079560e-17
-26   -1.5238499366308322e-17  +1.6701163290147570e-17
-25   +1.8372970302851166e-17  -3.7603385395599690e-17
-24   -7.3155229059920657e-18  +3.9856421747917441e-17
-23   +2.2398900698616162e-17  -2.9501009124580680e-17
-22   -1.2908749069491340e-17  +1.9515938216000854e-17
-21   +1.6951694030091231e-17  -2.9366390890096331e-17
-20   -4.5134830771755959e-17  +4.5134830771755965e-17
-19   +1.2867401326782363e-16  -7.6122182218594413e-17
-18   -4.9042282536668984e-16  +2.0275350033204051e-16
-17   +1.9515525949300946e-15  -7.0567470821587661e-16
-16   -7.7401502089144376e-15  +2.7185956349093039e-15
-15   +3.0948014682571555e-14  -1.0842550295076526e-14
-14   -1.2440314138117876e-13  +4.3820353826250819e-14
-13   +5.0194148709879431e-13  -1.7813393491965627e-13
-12   -2.0339595272812959e-12  +7.2858760788522556e-13
-11   +8.2854022858452627e-12  -3.0003333338453487e-12
-10   -3.3969470465208313e-11  +1.2458257616225583e-11
 -9   +1.4040682296619545e-10  -5.2269566931407644e-11
 -8   -5.8646545534608085e-10  +2.2225852097608542e-10
 -7   +2.4841445664858447e-09  -9.6211022243302733e-10
 -6   -1.0730667709592332e-08  +4.2697836288100680e-09
 -5   +4.7700795057048829e-08  -1.9648871250922190e-08
 -4   -2.2230206518589477e-07  +9.5897329943177835e-08
 -3   +1.1164100057872703e-06  -5.1459538646013647e-07
 -2   -6.9369067541101712e-06  +3.5547876061929181e-06
 -1   +2.8874243430134975e-06  -2.0464981533718561e-06
 +0   -5.4765085838695504e-01  +0.0000000000000000e+00
 +1   +2.8874243430134975e-06  +2.0464981533718561e-06
 +2   -6.9369067541101712e-06  -3.5547876061929181e-06
 +3   +1.1164100057872703e-06  +5.1459538646013647e-07
 +4   -2.2230206518589477e-07  -9.5897329943177835e-08
 +5   +4.7700795057048829e-08  +1.9648871250922190e-08
 +6   -1.0730667709592332e-08  -4.2697836288100680e-09
 +7   +2.4841445664858447e-09  +9.6211022243302733e-10
 +8   -5.8646545534608085e-10  -2.2225852097608542e-10
 +9   +1.4040682296619545e-10  +5.2269566931407644e-11
+10   -3.3969470465208313e-11  -1.2458257616225583e-11
+11   +8.2854022858452627e-12  +3.0003333338453487e-12
+12   -2.0339595272812959e-12  -7.2858760788522556e-13
+13   +5.0194148709879431e-13  +1.7813393491965627e-13
+14   -1.2440314138117876e-13  -4.3820353826250819e-14
+15   +3.0948014682571555e-14  +1.0842550295076526e-14
+16   -7.7401502089144376e-15  -2.7185956349093039e-15
+17   +1.9515525949300946e-15  +7.0567470821587661e-16
+18   -4.9042282536668984e-16  -2.0275350033204051e-16
+19   +1.2867401326782363e-16  +7.6122182218594413e-17
+20   -4.5134830771755959e-17  -4.5134830771755965e-17
+21   +1.6951694030091231e-17  +2.9366390890096331e-17
+22   -1.2908749069491340e-17  -1.9515938216000854e-17
+23   +2.2398900698616162e-17  +2.9501009124580680e-17
+24   -7.3155229059920657e-18  -3.9856421747917441e-17
+25   +1.8372970302851166e-17  +3.7603385395599690e-17
+26   -1.5238499366308322e-17  -1.6701163290147570e-17
+27   +4.9712672946491283e-18  +1.7650557742079560e-17
+28   -1.0718575491392313e-17  -1.8746069333128728e-17
+29   +1.9527177717137853e-18  +2.4982270568616209e-17
+30   -6.3175641804844642e-18  -1.1551205707679092e-17

