-30   -4.4625705526073689e-16  +1.0952286048774519e-15
-29   +4.2934561088659058e-16  -1.1132625077542690e-15
-28   -4.4622635481025008e-16  +1.1593528618810708e-15
-27   +4.6164860219122867e-16  -1.1937314308991294e-15
-26   -4.3973755829575887e-16  +1.2524712323974487e-15
-25   +4.1110630464642891e-16  -1.2946664574069742e-15
-24   -4.4117133298980441e-16  +1.3461860317165943e-15
-23   +3.9512925085389515e-16  -1.3087695219196325e-15
-22   -2.2890518754765951e-16  +1.0759969295648672e-15
-21   -3.8751776141528874e-16  +8.2965070496569237e-17
-20   +2.6816341630479556e-15  -4.7025909287402794e-15
-19   -1.1402858523378502e-14  +2.2373453753172605e-14
-18   +4.4249641225872753e-14  -8.9473559784873957e-14
-17   -1.6789773833919447e-13  +3.4382045960835814e-13
-16   +6.3300707902906840e-13  -1.3065641083241126e-12
-15   -2.3799972499222268e-12  +4.9479592879011639e-12
-14   +8.9320253786918787e-12  -1.8712886684112486e-11
-13   -3.3464268932387351e-11  +7.0720972677265043e-11
-12   +1.2514310374058117e-10  -2.6714887792938875e-10
-11   -4.6700578717899418e-10  +1.0088595482335279e-09
-10   +1.7385499789349333e-09  -3.8095865798382398e-09
 -9   -6.4538222458346980e-09  +1.4389599934037141e-08
 -8   +2.3876106854656726e-08  -5.4400455776445543e-08
 -7   -8.7955526369671064e-08  +2.0604692378899566e-07
 -6   +3.2224248517491206e-07  -7.8332951477551393e-07
 -5   -1.1711884710629920e-06  +2.9974750088279015e-06
 -4   +4.2072942224630009e-06  -1.1637396031560372e-05
 -3   -1.4630264557773626e-05  +4.5908842722513593e-05
 -2   +4.8454142847765653e-05  -1.9920433455951941e-04
 -1   +4.0149713413450048e-06  +7.3813238951291391e-05
 +0   -1.2785934808227468e+00  +0.0000000000000000e+00
 +1   +4.0149713413450048e-06  -7.3813238951291391e-05
 +2   +4.8454142847765653e-05  +1.9920433455951941e-04
 +3   -1.4630264557773626e-05  -4.5908842722513593e-05
 +4   +4.2072942224630009e-06  +1.1637396031560372e-05
 +5   -1.1711884710629920e-06  -2.9974750088279015e-06
 +6   +3.2224248517491206e-07  +7.8332951477551393e-07
 +7   -8.7955526369671064e-08  -2.0604692378899566e-07
 +8   +2.3876106854656726e-08  +5.4400455776445543e-08
 +9   -6.4538222458346980e-09  -1.4389599934037141e-08
+10   +1.7385499789349333e-09  +3.8095865798382398e-09
+11   -4.6700578717899418e-10  -1.0088595482335279e-09
+12   +1.2514310374058117e-10  +2.6714887792938875e-10
+13   -3.3464268932387351e-11  -7.0720972677265043e-11
+14   +8.9320253786918787e-12  +1.8712886684112486e-11
+15   -2.3799972499222268e-12  -4.9479592879011639e-12
+16   +6.3300707902906840e-13  +1.3065641083241126e-12
+17   -1.6789773833919447e-13  -3.4382045960835814e-13
+18   +4.4249641225872753e-14  +8.9473559784873957e-14
+19   -1.1402858523378502e-14  -2.2373453753172605e-14
+20   +2.6816341630479556e-15  +4.7025909287402794e-15
+21   -3.8751776141528874e-16  -8.2965070496569237e-17
+22   -2.2890518754765951e-16  -1.0759969295648672e-15
+23   +3.9512925085389515e-16  +1.3087695219196325e-15
+24   -4.4117133298980441e-16  -1.3461860317165943e-15
+25   +4.1110630464642891e-16  +1.2946664574069742e-15
+26   -4.3973755829575887e-16  -1.2524712323974487e-15
+27   +4.6164860219122867e-16  +1.1937314308991294e-15
+28   -4.4622635481025008e-16  -1.1593528618810708e-15
+29   +4.2934561088659058e-16  +1.1132625077542690e-15
+30   -4.4625705526073689e-16  -1.0952286048774519e-15

