-30   +5.5782131882386033e-17  -1.3374479352142615e-16
-29   -5.3169448253324038e-17  +1.4403631466933672e-16
-28   +5.6634748618813445e-17  -1.4860128350803327e-16
-27   -5.6760102128129136e-17  +1.5539297816688716e-16
-26   +5.2871298159651957e-17  -1.5731261699995888e-16
-25   -5.3242923465071620e-17  +1.7367537763124238e-16
-24   +2.5530508456352996e-17  -1.8984684834750435e-16
-23   +5.4141223622029244e-17  +2.3258593517002935e-16
-22   -3.6377066939096587e-16  -3.9999757571027343e-16
-21   +1.5370780422243733e-15  +9.9655123530116754e-16
-20   -5.9658347875038335e-15  -3.2026774775941950e-15
-19   +2.2731114616415526e-14  +1.1497265642277807e-14
-18   -8.6035428723169310e-14  -4.2654277415633658e-14
-17   +3.2485457353148919e-13  +1.5965186579259152e-13
-16   -1.2250982542572075e-12  -5.9840751821410112e-13
-15   +4.6151334089323061e-12  +2.2412111683887405e-12
-14   -1.7366940779301652e-11  -8.3811640502483247e-12
-13   +6.5277334738557456e-11  +3.1281566321753800e-11
-12   -2.4505742142708447e-10  -1.1649289634691647e-10
-11   +9.1876656616418384e-10  +4.3270140030967398e-10
-10   -3.4398927338454272e-09  -1.6024261224587740e-09
 -9   +1.2860870459548200e-08  +5.9135576314473593e-09
 -8   -4.8017167868921909e-08  -2.1733275950805066e-08
 -7   +1.7905795183778639e-07  +7.9477342820759190e-08
 -6   -6.6726334787139740e-07  -2.8890690689801412e-07
 -5   +2.4870990783925876e-06  +1.0420548220059548e-06
 -4   -9.3089959142392889e-06  -3.7257549604675690e-06
 -3   +3.4940143291256418e-05  +1.3024577631914935e-05
 -2   -1.3980085663744748e-04  -4.5705531662731801e-05
 -1   +2.5819587102815079e-05  +3.2615508800981084e-06
 +0   +1.4759532599959227e-01  +0.0000000000000000e+00
 +1   +2.5819587102815079e-05  -3.2615508800981084e-06
 +2   -1.3980085663744748e-04  +4.5705531662731801e-05
 +3   +3.4940143291256418e-05  -1.3024577631914935e-05
 +4   -9.3089959142392889e-06  +3.7257549604675690e-06
 +5   +2.4870990783925876e-06  -1.0420548220059548e-06
 +6   -6.6726334787139740e-07  +2.8890690689801412e-07
 +7   +1.7905795183778639e-07  -7.9477342820759190e-08
 +8   -4.8017167868921909e-08  +2.1733275950805066e-08
 +9   +1.2860870459548200e-08  -5.9135576314473593e-09
+10   -3.4398927338454272e-09  +1.6024261224587740e-09
+11   +9.1876656616418384e-10  -4.3270140030967398e-10
+12   -2.4505742142708447e-10  +1.1649289634691647e-10
+13   +6.5277334738557456e-11  -3.1281566321753800e-11
+14   -1.7366940779301652e-11  +8.3811640502483247e-12
+15   +4.6151334089323061e-12  -2.2412111683887405e-12
+16   -1.2250982542572075e-12  +5.9840751821410112e-13
+17   +3.2485457353148919e-13  -1.5965186579259152e-13
+18   -8.6035428723169310e-14  +4.2654277415633658e-14
+19   +2.2731114616415526e-14  -1.1497265642277807e-14
+20   -5.9658347875038335e-15  +3.2026774775941950e-15
+21   +1.5370780422243733e-15  -9.9655123530116754e-16
+22   -3.6377066939096587e-16  +3.9999757571027343e-16
+23   +5.4141223622029244e-17  -2.3258593517002935e-16
+24   +2.5530508456352996e-17  +1.8984684834750435e-16
+25   -5.3242923465071620e-17  -1.7367537763124238e-16
+26   +5.2871298159651957e-17  +1.5731261699995888e-16
+27   -5.6760102128129136e-17  -1.5539297816688716e-16
+28   +5.6634748618813445e-17  +1.4860128350803327e-16
+29   -5.3169448253324038e-17  -1.4403631466933672e-16
+30   +5.5782131882386033e-17  +1.3374479352142615e-16

