-30   +1.4541291585101417e-16  -3.5475857701117719e-16
-29   -1.4511100861280311e-16  +3.7067795018167098e-16
-28   +1.4793547459162184e-16  -3.8526867690528327e-16
-27   -1.4596380391248103e-16  +3.9966819521673453e-16
-26   +1.4280288601497824e-16  -4.1849797173378021e-16
-25   -1.5267334879982296e-16  +4.3637066081617941e-16
-24   +1.4473452382737644e-16  -4.5418944677311446e-16
-23   -1.4763492300938134e-16  +4.6553655051342262e-16
-22   +1.4250824849332240e-16  -5.0119379410615894e-16
-21   -1.3965801604111685e-16  +5.1873327205045633e-16
-20   +1.1769787950660030e-16  -5.5516363029037819e-16
-19   -4.8911415891721564e-17  +6.2875602040694249e-16
-18   -2.7027056925017104e-16  -8.0988911391010425e-16
-17   +1.5132074355395174e-15  +1.4303220540001113e-15
-16   -6.5366777027189369e-15  -3.8198223796569309e-15
-15   +2.6840806669929751e-14  +1.3263909549718324e-14
-14   -1.0926158473992166e-13  -5.1055641910510882e-14
-13   +4.4546200627995172e-13  +2.0313917171872184e-13
-12   -1.8250755655667523e-12  -8.1808421201118906e-13
-11   +7.5273766013048207e-12  +3.3160486909268847e-12
-10   -3.1306996766420116e-11  -1.3517359845808873e-11
 -9   +1.3159048169026218e-10  +5.5442414982629791e-11
 -8   -5.6067928783066064e-10  -2.2906520901980641e-10
 -7   +2.4323450421119935e-09  +9.5475530829084666e-10
 -6   -1.0817734956815830e-08  -4.0219721107199544e-09
 -5   +4.9846379052954832e-08  +1.7146021754994225e-08
 -4   -2.4298526731884334e-07  -7.3948822956260081e-08
 -3   +1.2855877033944626e-06  +3.1437795548490972e-07
 -2   -8.4181418123455865e-06  -1.1479042546604788e-06
 -1   +5.8507570999825111e-06  -1.5529754009149715e-06
 +0   +4.1677112699311569e-01  +0.0000000000000000e+00
 +1   +5.8507570999825111e-06  +1.5529754009149715e-06
 +2   -8.4181418123455865e-06  +1.1479042546604788e-06
 +3   +1.2855877033944626e-06  -3.1437795548490972e-07
 +4   -2.4298526731884334e-07  +7.3948822956260081e-08
 +5   +4.9846379052954832e-08  -1.7146021754994225e-08
 +6   -1.0817734956815830e-08  +4.0219721107199544e-09
 +7   +2.4323450421119935e-09  -9.5475530829084666e-10
 +8   -5.6067928783066064e-10  +2.2906520901980641e-10
 +9   +1.3159048169026218e-10  -5.5442414982629791e-11
+10   -3.1306996766420116e-11  +1.3517359845808873e-11
+11   +7.5273766013048207e-12  -3.3160486909268847e-12
+12   -1.8250755655667523e-12  +8.1808421201118906e-13
+13   +4.4546200627995172e-13  -2.0313917171872184e-13
+14   -1.0926158473992166e-13  +5.1055641910510882e-14
+15   +2.6840806669929751e-14  -1.3263909549718324e-14
+16   -6.5366777027189369e-15  +3.8198223796569309e-15
+17   +1.5132074355395174e-15  -1.4303220540001113e-15
+18   -2.7027056925017104e-16  +8.0988911391010425e-16
+19   -4.8911415891721564e-17  -6.2875602040694249e-16
+20   +1.1769787950660030e-16  +5.5516363029037819e-16
+21   -1.3965801604111685e-16  -5.1873327205045633e-16
+22   +1.4250824849332240e-16  +5.0119379410615894e-16
+23   -1.4763492300938134e-16  -4.6553655051342262e-16
+24   +1.4473452382737644e-16  +4.5418944677311446e-16
+25   -1.5267334879982296e-16  -4.3637066081617941e-16
+26   +1.4280288601497824e-16  +4.1849797173378021e-16
+27   -1.4596380391248103e-16  -3.9966819521673453e-16
+28   +1.4793547459162184e-16  +3.8526867690528327e-16
+29   -1.4511100861280311e-16  -3.7067795018167098e-16
+30   +1.4541291585101417e-16  +3.5475857701117719e-16

