-30   -7.5865240015583252e-17  +1.9132282724599111e-16
-29   +7.6156124947360861e-17  -1.9433077527750599e-16
-28   -8.0326759995515777e-17  +1.9923232495505907e-16
-27   +7.5923885802030260e-17  -2.0810500832775015e-16
-26   -7.5816493298245350e-17  +2.1615550084008551e-16
-25   +7.5268663767349092e-17  -2.2301620441998244e-16
-24   -7.9178840114508989e-17  +2.3905802949737811e-16
-23   +7.8801748128579061e-17  -2.5025400386753189e-16
-22   -7.6365122960077694e-17  +2.6227472234257848e-16
-21   +8.1322397484897919e-17  -2.7964466730642610e-16
-20   -9.1526974175873864e-17  +3.1396059298318008e-16
-19   +1.2529655529807133e-16  -3.9985541321874733e-16
-18   -2.6335382089544083e-16  +7.1146360612357663e-16
-17   +8.2342545411614021e-16  -1.9034013140683283e-15
-16   -3.0425645023896828e-15  +6.6236026963234397e-15
-15   +1.1876873276663975e-14  -2.5570832209968536e-14
-14   -4.7278834889116414e-14  +1.0203511308513368e-13
-13   +1.8939774846103082e-13  -4.1218441316192123e-13
-12   -7.6185927099854381e-13  +1.6769107397065392e-12
-11   +3.0770301656977421e-12  -6.8662571008348585e-12
-10   -1.2485220022602785e-11  +2.8321681856500197e-11
 -9   +5.0940253030727257e-11  -1.1787856197912374e-10
 -8   -2.0925559440760494e-10  +4.9631076085008472e-10
 -7   +8.6693420615055864e-10  -2.1216345147764381e-09
 -6   -3.6311596519798150e-09  +9.2613360786686372e-09
 -5   +1.5421315354367725e-08  -4.1655192641199759e-08
 -4   -6.6741860086637704e-08  +1.9649199116778124e-07
 -3   +2.9147800644913549e-07  -9.9620913245920449e-07
 -2   -1.2671250530047021e-06  +6.1217231315943236e-06
 -1   -3.7077955775702196e-07  -2.4846685890507457e-06
 +0   -2.2277702747947953e-01  +0.0000000000000000e+00
 +1   -3.7077955775702196e-07  +2.4846685890507457e-06
 +2   -1.2671250530047021e-06  -6.1217231315943236e-06
 +3   +2.9147800644913549e-07  +9.9620913245920449e-07
 +4   -6.6741860086637704e-08  -1.9649199116778124e-07
 +5   +1.5421315354367725e-08  +4.1655192641199759e-08
 +6   -3.6311596519798150e-09  -9.2613360786686372e-09
 +7   +8.6693420615055864e-10  +2.1216345147764381e-09
 +8   -2.0925559440760494e-10  -4.9631076085008472e-10
 +9   +5.0940253030727257e-11  +1.1787856197912374e-10
+10   -1.2485220022602785e-11  -2.8321681856500197e-11
+11   +3.0770301656977421e-12  +6.8662571008348585e-12
+12   -7.6185927099854381e-13  -1.6769107397065392e-12
+13   +1.8939774846103082e-13  +4.1218441316192123e-13
+14   -4.7278834889116414e-14  -1.0203511308513368e-13
+15   +1.1876873276663975e-14  +2.5570832209968536e-14
+16   -3.0425645023896828e-15  -6.6236026963234397e-15
+17   +8.2342545411614021e-16  +1.9034013140683283e-15
+18   -2.6335382089544083e-16  -7.1146360612357663e-16
+19   +1.2529655529807133e-16  +3.9985541321874733e-16
+20   -9.1526974175873864e-17  -3.1396059298318008e-16
+21   +8.1322397484897919e-17  +2.7964466730642610e-16
+22   -7.6365122960077694e-17  -2.6227472234257848e-16
+23   +7.8801748128579061e-17  +2.5025400386753189e-16
+24   -7.9178840114508989e-17  -2.3905802949737811e-16
+25   +7.5268663767349092e-17  +2.2301620441998244e-16
+26   -7.5816493298245350e-17  -2.1615550084008551e-16
+27   +7.5923885802030260e-17  +2.0810500832775015e-16
+28   -8.0326759995515777e-17  -1.9923232495505907e-16
+29   +7.6156124947360861e-17  +1.9433077527750599e-16
+30   -7.5865240015583252e-17  -1.9132282724599111e-16

