-30   +7.4014868629947938e-18  -1.0467283075107463e-17
-29   +2.4259515197443875e-18  +6.2431167410731493e-18
-28   -1.1308028063248051e-17  -3.2097926247750610e-18
-27   +2.3020929987167099e-18  +5.0864981463989385e-18
-26   +7.9614621970898308e-19  -9.1800631237393231e-18
-25   -9.0348538623321815e-18  -4.3983705487676047e-18
-24   +4.3950174848673707e-18  -6.3290943276917230e-19
-23   -2.9086131556378993e-18  -4.7125388680625679e-18
-22   +4.6980424020843265e-18  +3.8441787843738042e-17
-21   +1.0966066484705827e-17  -1.8933866772393360e-16
-20   -5.4182644117226593e-18  +7.3444564074504020e-16
-19   +3.1562166222447880e-17  -2.9207483996208335e-15
-18   -1.1017807015969290e-16  +1.1534914033561927e-14
-17   +4.3938932502103996e-16  -4.5827661601198346e-14
-16   -1.8759370989380425e-15  +1.8252791396450223e-13
-15   +7.9416043098745667e-15  -7.2847471523084533e-13
-14   -3.4059406347046817e-14  +2.9145355130856213e-12
-13   +1.4720327560932895e-13  -1.1694555447663391e-11
-12   -6.4194195774040055e-13  +4.7083338424478997e-11
-11   +2.8300960721148772e-12  -1.9032273039247617e-10
-10   -1.2642102028830818e-11  +7.7305429026241769e-10
 -9   +5.7382764194371488e-11  -3.1586227628279335e-09
 -8   -2.6569856009109675e-10  +1.3002119557472940e-08
 -7   +1.2618605597169672e-09  -5.4034520518434436e-08
 -6   -6.1982540462724655e-09  +2.2748415021769233e-07
 -5   +3.1868966336082690e-08  -9.7438205018254729e-07
 -4   -1.7577991483531913e-07  +4.2958656846070578e-06
 -3   +1.0660876173328803e-06  -1.9498475284080147e-05
 -2   -8.3161866318707732e-06  +1.0067632425535141e-04
 -1   +1.2984350837460457e-05  -7.5423299471329895e-05
 +0   +1.0040418042537869e+00  +0.0000000000000000e+00
 +1   +1.2984350837460457e-05  +7.5423299471329895e-05
 +2   -8.3161866318707732e-06  -1.0067632425535141e-04
 +3   +1.0660876173328803e-06  +1.9498475284080147e-05
 +4   -1.7577991483531913e-07  -4.2958656846070578e-06
 +5   +3.1868966336082690e-08  +9.7438205018254729e-07
 +6   -6.1982540462724655e-09  -2.2748415021769233e-07
 +7   +1.2618605597169672e-09  +5.4034520518434436e-08
 +8   -2.6569856009109675e-10  -1.3002119557472940e-08
 +9   +5.7382764194371488e-11  +3.1586227628279335e-09
+10   -1.2642102028830818e-11  -7.7305429026241769e-10
+11   +2.8300960721148772e-12  +1.9032273039247617e-10
+12   -6.4194195774040055e-13  -4.7083338424478997e-11
+13   +1.4720327560932895e-13  +1.1694555447663391e-11
+14   -3.4059406347046817e-14  -2.9145355130856213e-12
+15   +7.9416043098745667e-15  +7.2847471523084533e-13
+16   -1.8759370989380425e-15  -1.8252791396450223e-13
+17   +4.3938932502103996e-16  +4.5827661601198346e-14
+18   -1.1017807015969290e-16  -1.1534914033561927e-14
+19   +3.1562166222447880e-17  +2.9207483996208335e-15
+20   -5.4182644117226593e-18  -7.3444564074504020e-16
+21   +1.0966066484705827e-17  +1.8933866772393360e-16
+22   +4.6980424020843265e-18  -3.8441787843738042e-17
+23   -2.9086131556378993e-18  +4.7125388680625679e-18
+24   +4.3950174848673707e-18  +6.3290943276917230e-19
+25   -9.0348538623321815e-18  +4.3983705487676047e-18
+26   +7.9614621970898308e-19  +9.1800631237393231e-18
+27   +2.3020929987167099e-18  -5.0864981463989385e-18
+28   -1.1308028063248051e-17  +3.2097926247750610e-18
+29   +2.4259515197443875e-18  -6.2431167410731493e-18
+30   +7.4014868629947938e-18  +1.0467283075107463e-17

