-30   -1.6335871775112230e-17  +5.2336415291057936e-18
-29   -1.5931888713501194e-19  -7.9395127349091983e-18
-28   +8.9349158009577002e-19  +7.7076824579710004e-18
-27   -1.3643239011312692e-18  -7.9522875239588285e-18
-26   +1.0563022665146264e-18  +8.5047372967749017e-18
-25   +6.6906387312414343e-18  -4.7066590360656064e-18
-24   +4.5707706172094572e-18  +9.9598903373280587e-18
-23   -4.1904908928166652e-18  -9.1217400159383710e-18
-22   -7.1259321431663102e-18  +7.0983598210081094e-18
-21   +5.9152592997101030e-18  -9.8257904512166257e-18
-20   +0.0000000000000000e+00  +0.0000000000000000e+00
-19   -1.2529423638279475e-17  -1.2656024773976209e-17
-18   +5.5587549583341017e-17  +1.4192790561299077e-17
-17   -2.1351120587832828e-16  -1.4447690180852703e-17
-16   +9.0731100393120999e-16  +3.1494785108024649e-17
-15   -3.9320043345311666e-15  -1.0004211945132114e-16
-14   +1.6836147616206614e-14  +4.0687315756234246e-16
-13   -7.2746075641153654e-14  -1.8391882029532532e-15
-12   +3.1734525710728626e-13  +8.6504938392559030e-15
-11   -1.3995243388798178e-12  -4.1557008577056881e-14
-10   +6.2536265026465731e-12  +2.0418335858974462e-13
 -9   -2.8394339200777866e-11  -1.0298199394400080e-12
 -8   +1.3151534921575163e-10  +5.3651654020217223e-12
 -7   -6.2479295849507166e-10  -2.9124884909165883e-11
 -6   +3.0699626706542417e-09  +1.6693143519850116e-10
 -5   -1.5789745991467585e-08  -1.0301241589173675e-09
 -4   +8.7121847106770956e-08  +7.1035659163904176e-09
 -3   -5.2861932486830302e-07  -5.7455911722958228e-08
 -2   +4.1246730847495088e-06  +6.7239248611447213e-07
 -1   -6.4404075849346202e-06  -2.0996881197277989e-06
 +0   +4.9798723377164367e-01  +0.0000000000000000e+00
 +1   -6.4404075849346202e-06  +2.0996881197277989e-06
 +2   +4.1246730847495088e-06  -6.7239248611447213e-07
 +3   -5.2861932486830302e-07  +5.7455911722958228e-08
 +4   +8.7121847106770956e-08  -7.1035659163904176e-09
 +5   -1.5789745991467585e-08  +1.0301241589173675e-09
 +6   +3.0699626706542417e-09  -1.6693143519850116e-10
 +7   -6.2479295849507166e-10  +2.9124884909165883e-11
 +8   +1.3151534921575163e-10  -5.3651654020217223e-12
 +9   -2.8394339200777866e-11  +1.0298199394400080e-12
+10   +6.2536265026465731e-12  -2.0418335858974462e-13
+11   -1.3995243388798178e-12  +4.1557008577056881e-14
+12   +3.1734525710728626e-13  -8.6504938392559030e-15
+13   -7.2746075641153654e-14  +1.8391882029532532e-15
+14   +1.6836147616206614e-14  -4.0687315756234246e-16
+15   -3.9320043345311666e-15  +1.0004211945132114e-16
+16   +9.0731100393120999e-16  -3.1494785108024649e-17
+17   -2.1351120587832828e-16  +1.4447690180852703e-17
+18   +5.5587549583341017e-17  -1.4192790561299077e-17
+19   -1.2529423638279475e-17  +1.2656024773976209e-17
+20   +0.0000000000000000e+00  -0.0000000000000000e+00
+21   +5.9152592997101030e-18  +9.8257904512166257e-18
+22   -7.1259321431663102e-18  -7.0983598210081094e-18
+23   -4.1904908928166652e-18  +9.1217400159383710e-18
+24   +4.5707706172094572e-18  -9.9598903373280587e-18
+25   +6.6906387312414343e-18  +4.7066590360656064e-18
+26   +1.0563022665146264e-18  -8.5047372967749017e-18
+27   -1.3643239011312692e-18  +7.9522875239588285e-18
+28   +8.9349158009577002e-19  -7.7076824579710004e-18
+29   -1.5931888713501194e-19  +7.9395127349091983e-18
+30   -1.6335871775112230e-17  -5.2336415291057936e-18

