-30   +1.6515461960242703e-16  +7.4014868310917550e-18
-29   -3.4252595439702548e-17  +3.9049523918692854e-18
-28   -6.2656559816637721e-17  -2.3410281580763827e-18
-27   +1.1391610910454341e-17  -2.5850535235723327e-18
-26   +4.1599471308609959e-17  -2.0321109620704574e-18
-25   -3.6953252796227748e-17  +8.7717756801385881e-18
-24   -7.9475804111398581e-17  -1.4806042369385600e-20
-23   +1.6177800080814209e-17  +2.1664117914663753e-19
-22   +2.0971144990388814e-16  +1.3816820102074534e-18
-21   -2.7431155482101262e-17  +3.5082871640695177e-18
-20   -3.3040989315948569e-17  -1.2819751242557089e-17
-19   +2.2096250459066744e-16  -1.2623109176133419e-18
-18   -8.1423393945007321e-17  +4.1754600996258974e-20
-17   -2.6867216661886331e-16  +2.0284943256784609e-18
-16   +7.8582046098744405e-16  -1.3351676743802081e-18
-15   -3.8201886058403330e-15  -7.0108011131077140e-18
-14   +1.6531696020945274e-14  -3.4176045566951458e-19
-13   -7.2205488703150657e-14  +1.4993760997870641e-18
-12   +3.1624521080065301e-13  +2.0081833569608273e-18
-11   -1.4027320683335719e-12  +3.7380778619169938e-18
-10   +6.2910602463687181e-12  +5.4182644114750487e-18
 -9   -2.9007295250363723e-11  -9.5102945094682531e-19
 -8   +1.3407983675052160e-10  -9.5310455877527050e-19
 -7   -6.8944212893850469e-10  +7.0486273048440655e-19
 -6   +3.1955022060616013e-09  -1.7520935519505564e-18
 -5   -2.5843843753513693e-08  -2.9704328214927623e-18
 -4   +9.3673762747821135e-08  -5.7436465943626723e-19
 -3   -2.9488677976355845e-06  -1.0054422256066421e-18
 -2   +4.5317728904497161e-06  -9.0632525356210136e-20
 -1   -1.5488189680209028e-03  +2.5731731560322640e-18
 +0   +1.0002005511105871e+00  +0.0000000000000000e+00
 +1   -1.5488189680209028e-03  -2.5731731560322640e-18
 +2   +4.5317728904497161e-06  +9.0632525356210136e-20
 +3   -2.9488677976355845e-06  +1.0054422256066421e-18
 +4   +9.3673762747821135e-08  +5.7436465943626723e-19
 +5   -2.5843843753513693e-08  +2.9704328214927623e-18
 +6   +3.1955022060616013e-09  +1.7520935519505564e-18
 +7   -6.8944212893850469e-10  -7.0486273048440655e-19
 +8   +1.3407983675052160e-10  +9.5310455877527050e-19
 +9   -2.9007295250363723e-11  +9.5102945094682531e-19
+10   +6.2910602463687181e-12  -5.4182644114750487e-18
+11   -1.4027320683335719e-12  -3.7380778619169938e-18
+12   +3.1624521080065301e-13  -2.0081833569608273e-18
+13   -7.2205488703150657e-14  -1.4993760997870641e-18
+14   +1.6531696020945274e-14  +3.4176045566951458e-19
+15   -3.8201886058403330e-15  +7.0108011131077140e-18
+16   +7.8582046098744405e-16  +1.3351676743802081e-18
+17   -2.6867216661886331e-16  -2.0284943256784609e-18
+18   -8.1423393945007321e-17  -4.1754600996258974e-20
+19   +2.2096250459066744e-16  +1.2623109176133419e-18
+20   -3.3040989315948569e-17  +1.2819751242557089e-17
+21   -2.7431155482101262e-17  -3.5082871640695177e-18
+22   +2.0971144990388814e-16  -1.3816820102074534e-18
+23   +1.6177800080814209e-17  -2.1664117914663753e-19
+24   -7.9475804111398581e-17  +1.4806042369385600e-20
+25   -3.6953252796227748e-17  -8.7717756801385881e-18
+26   +4.1599471308609959e-17  +2.0321109620704574e-18
+27   +1.1391610910454341e-17  +2.5850535235723327e-18
+28   -6.2656559816637721e-17  +2.3410281580763827e-18
+29   -3.4252595439702548e-17  -3.9049523918692854e-18
+30   +1.6515461960242703e-16  -7.4014868310917550e-18

