-30   -8.2856361747457748e-20  +1.4290159013218701e-19
-29   +6.4003672518245180e-21  -9.9408401739023921e-20
-28   -8.7672065539376369e-20  +1.3013004242686763e-19
-27   +4.1760733386992604e-20  -1.3107886455362878e-19
-26   -6.0583491801144305e-20  +1.7614766394947807e-19
-25   +1.7662715113882589e-20  -1.5058369716335823e-19
-24   -7.4313395878976524e-20  +1.4945789629228166e-19
-23   +4.2628124585567902e-20  -1.7544035997038488e-19
-22   -4.9204509787748651e-20  -2.5824964834928385e-20
-21   +6.9409588683194823e-20  +4.5798130405134849e-19
-20   -3.3598139319283090e-20  -2.5470935264229413e-18
-19   -1.3602561311161628e-20  +1.1258395639295849e-17
-18   -2.7001293969153095e-21  -4.7729642020100651e-17
-17   +3.2498564020704190e-20  +2.0135003682540298e-16
-16   -7.0996182287921940e-20  -8.5104452230408599e-16
-15   +7.5506941041614384e-20  +3.6176073870069258e-15
-14   -1.5113360434274022e-19  -1.5480904961847672e-14
-13   +9.1790686035290565e-20  +6.6748167782446849e-14
-12   -7.8453757141989680e-20  -2.9049332247719522e-13
-11   +1.2256980550342152e-19  +1.2757850024002165e-12
-10   -6.2221350970367116e-20  -5.6892748385068812e-12
 -9   +9.6357202358766227e-20  +2.5457398857601258e-11
 -8   -6.2876456696863240e-20  -1.1857428843797254e-10
 -7   +1.0574912906831634e-19  +5.1322398157140613e-10
 -6   -5.7846510429184065e-20  -2.7287798145912498e-09
 -5   +8.7481353240002287e-20  +4.7378407629825928e-09
 -4   -9.8177931724481102e-22  -7.5869088690688153e-08
 -3   +5.1079145935906371e-20  -1.9131026541260644e-06
 -2   -3.8939280533544391e-20  -3.6610570246540928e-06
 -1   -4.0180655347901045e-20  -1.5717674346894764e-03
 +0   -2.6709772270085605e-20  +0.0000000000000000e+00
 +1   -4.0180655347901045e-20  +1.5717674346894764e-03
 +2   -3.8939280533544391e-20  +3.6610570246540928e-06
 +3   +5.1079145935906371e-20  +1.9131026541260644e-06
 +4   -9.8177931724481102e-22  +7.5869088690688153e-08
 +5   +8.7481353240002287e-20  -4.7378407629825928e-09
 +6   -5.7846510429184065e-20  +2.7287798145912498e-09
 +7   +1.0574912906831634e-19  -5.1322398157140613e-10
 +8   -6.2876456696863240e-20  +1.1857428843797254e-10
 +9   +9.6357202358766227e-20  -2.5457398857601258e-11
+10   -6.2221350970367116e-20  +5.6892748385068812e-12
+11   +1.2256980550342152e-19  -1.2757850024002165e-12
+12   -7.8453757141989680e-20  +2.9049332247719522e-13
+13   +9.1790686035290565e-20  -6.6748167782446849e-14
+14   -1.5113360434274022e-19  +1.5480904961847672e-14
+15   +7.5506941041614384e-20  -3.6176073870069258e-15
+16   -7.0996182287921940e-20  +8.5104452230408599e-16
+17   +3.2498564020704190e-20  -2.0135003682540298e-16
+18   -2.7001293969153095e-21  +4.7729642020100651e-17
+19   -1.3602561311161628e-20  -1.1258395639295849e-17
+20   -3.3598139319283090e-20  +2.5470935264229413e-18
+21   +6.9409588683194823e-20  -4.5798130405134849e-19
+22   -4.9204509787748651e-20  +2.5824964834928385e-20
+23   +4.2628124585567902e-20  +1.7544035997038488e-19
+24   -7.4313395878976524e-20  -1.4945789629228166e-19
+25   +1.7662715113882589e-20  +1.5058369716335823e-19
+26   -6.0583491801144305e-20  -1.7614766394947807e-19
+27   +4.1760733386992604e-20  +1.3107886455362878e-19
+28   -8.7672065539376369e-20  -1.3013004242686763e-19
+29   +6.4003672518245180e-21  +9.9408401739023921e-20
+30   -8.2856361747457748e-20  -1.4290159013218701e-19

