-30   -1.5251949124245748e-16  -5.2336415290805994e-18
-29   +2.9581667249757636e-17  -3.6213060857364742e-18
-28   +7.0007790256215101e-17  -3.8172778766318963e-19
-27   -7.5105163987014547e-19  -3.5437214961970666e-18
-26   -4.9259256837101208e-17  +1.1169988063033840e-18
-25   +4.8658917933395956e-17  +2.0155895854296536e-18
-24   +8.2435440078259781e-17  -2.5365832378343121e-18
-23   -1.0032802173938104e-17  +3.3599043300085155e-18
-22   -1.9795236882724192e-16  +6.1045342210510787e-21
-21   +2.2032137206377230e-17  +2.8474076334594138e-18
-20   +4.9827185396728980e-17  -5.4182644117227187e-18
-19   -2.0979278157902121e-16  +8.6554870244673338e-19
-18   +8.5116904518963682e-17  +3.7400542086135522e-18
-17   +2.6484904201342648e-16  +2.1478055101895644e-18
-16   -7.7745302060351586e-16  -1.6345333557349990e-18
-15   +3.7931643998225792e-15  +1.2823355602074210e-17
-14   -1.6384976450427137e-14  +4.3560987793433070e-19
-13   +7.1516983766943953e-14  -1.0239787058664520e-18
-12   -3.1319731775664038e-13  +2.6052526898732229e-19
-11   +1.3890925436448052e-12  -6.8731473466558364e-19
-10   -6.2268983842611088e-12  -1.2527073940347202e-18
 -9   +2.8716433173809857e-11  -2.3109332922549612e-18
 -8   -1.3239146409844089e-10  +1.8537587770875123e-19
 -7   +6.8262901680092037e-10  -3.2588317667325462e-18
 -6   -3.1074797088036907e-09  +2.4022425138754619e-18
 -5   +2.5675127059510712e-08  +1.3993804520936450e-17
 -4   -8.1384922701808241e-08  +6.3567131597175735e-19
 -3   +2.9484657301302459e-06  -2.8207750037304835e-18
 -2   -8.9196958874650888e-07  -2.3477071026889567e-18
 -1   +1.5481835258354076e-03  +6.5232830711211183e-19
 +0   +9.9980181483188413e-01  +0.0000000000000000e+00
 +1   +1.5481835258354076e-03  -6.5232830711211183e-19
 +2   -8.9196958874650888e-07  +2.3477071026889567e-18
 +3   +2.9484657301302459e-06  +2.8207750037304835e-18
 +4   -8.1384922701808241e-08  -6.3567131597175735e-19
 +5   +2.5675127059510712e-08  -1.3993804520936450e-17
 +6   -3.1074797088036907e-09  -2.4022425138754619e-18
 +7   +6.8262901680092037e-10  +3.2588317667325462e-18
 +8   -1.3239146409844089e-10  -1.8537587770875123e-19
 +9   +2.8716433173809857e-11  +2.3109332922549612e-18
+10   -6.2268983842611088e-12  +1.2527073940347202e-18
+11   +1.3890925436448052e-12  +6.8731473466558364e-19
+12   -3.1319731775664038e-13  -2.6052526898732229e-19
+13   +7.1516983766943953e-14  +1.0239787058664520e-18
+14   -1.6384976450427137e-14  -4.3560987793433070e-19
+15   +3.7931643998225792e-15  -1.2823355602074210e-17
+16   -7.7745302060351586e-16  +1.6345333557349990e-18
+17   +2.6484904201342648e-16  -2.1478055101895644e-18
+18   +8.5116904518963682e-17  -3.7400542086135522e-18
+19   -2.0979278157902121e-16  -8.6554870244673338e-19
+20   +4.9827185396728980e-17  +5.4182644117227187e-18
+21   +2.2032137206377230e-17  -2.8474076334594138e-18
+22   -1.9795236882724192e-16  -6.1045342210510787e-21
+23   -1.0032802173938104e-17  -3.3599043300085155e-18
+24   +8.2435440078259781e-17  +2.5365832378343121e-18
+25   +4.8658917933395956e-17  -2.0155895854296536e-18
+26   -4.9259256837101208e-17  -1.1169988063033840e-18
+27   -7.5105163987014547e-19  +3.5437214961970666e-18
+28   +7.0007790256215101e-17  +3.8172778766318963e-19
+29   +2.9581667249757636e-17  +3.6213060857364742e-18
+30   -1.5251949124245748e-16  +5.2336415290805994e-18

