-30   -1.4802973661514186e-17  +1.9795971378455528e-28
-29   -6.6734397504703767e-17  +8.0687029881375678e-19
-28   -2.0208692014617812e-17  +8.4365883734522930e-18
-27   -6.8033731047476500e-18  -4.4385522596999537e-19
-26   -1.3038906700049274e-17  -3.8221841606919968e-18
-25   +5.6360041134036409e-17  +3.8891392152116224e-18
-24   -9.3832509246805732e-17  -3.3214535444280996e-18
-23   -5.8578124240824978e-17  +3.1703042128201626e-18
-22   -4.1074124847103791e-17  +1.0887801339632612e-18
-21   +2.2493333880499108e-16  +3.6587809227938909e-19
-20   +1.1049089961690338e-16  -6.5738408768417650e-33
-19   +1.3149266917470837e-16  -2.1823859073721570e-18
-18   +2.1821361129830138e-16  +4.2625787661484989e-19
-17   -9.4611934443436119e-17  +3.4478116083250202e-18
-16   +8.6845854509963144e-16  -1.0172945072140232e-17
-15   -4.0121352177217774e-15  +1.1955029751964916e-17
-14   +1.6697239171606917e-14  +6.2623672370934118e-19
-13   -7.1370703994019301e-14  -6.0903307047787126e-18
-12   +3.1615852593760286e-13  +1.8317794571607380e-18
-11   -1.2603539329992227e-12  +2.7095760275788576e-18
-10   +6.2680235182132159e-12  +1.2819751242201720e-17
 -9   -6.4899877072167964e-12  +5.2222747317295891e-19
 -8   +1.3178309456177961e-10  -8.0110688506983348e-18
 -7   +3.1681063441466646e-09  -5.1029093285449079e-18
 -6   +3.0406605993604822e-09  -2.2842713698163898e-18
 -5   +7.2913409443592481e-07  -2.2877724630628213e-18
 -4   +1.1321042622458094e-07  -1.8761790772341853e-18
 -3   +1.9161824172952182e-04  -2.3797704044847609e-18
 -2   +2.6126676204001478e-05  -1.2459258918056966e-18
 -1   +1.2567469553171867e-01  -1.5625706853080058e-19
 +0   +1.0000853556033493e+00  +0.0000000000000000e+00
 +1   +1.2567469553171867e-01  +1.5625706853080058e-19
 +2   +2.6126676204001478e-05  +1.2459258918056966e-18
 +3   +1.9161824172952182e-04  +2.3797704044847609e-18
 +4   +1.1321042622458094e-07  +1.8761790772341853e-18
 +5   +7.2913409443592481e-07  +2.2877724630628213e-18
 +6   +3.0406605993604822e-09  +2.2842713698163898e-18
 +7   +3.1681063441466646e-09  +5.1029093285449079e-18
 +8   +1.3178309456177961e-10  +8.0110688506983348e-18
 +9   -6.4899877072167964e-12  -5.2222747317295891e-19
+10   +6.2680235182132159e-12  -1.2819751242201720e-17
+11   -1.2603539329992227e-12  -2.7095760275788576e-18
+12   +3.1615852593760286e-13  -1.8317794571607380e-18
+13   -7.1370703994019301e-14  +6.0903307047787126e-18
+14   +1.6697239171606917e-14  -6.2623672370934118e-19
+15   -4.0121352177217774e-15  -1.1955029751964916e-17
+16   +8.6845854509963144e-16  +1.0172945072140232e-17
+17   -9.4611934443436119e-17  -3.4478116083250202e-18
+18   +2.1821361129830138e-16  -4.2625787661484989e-19
+19   +1.3149266917470837e-16  +2.1823859073721570e-18
+20   +1.1049089961690338e-16  +6.5738408768417650e-33
+21   +2.2493333880499108e-16  -3.6587809227938909e-19
+22   -4.1074124847103791e-17  -1.0887801339632612e-18
+23   -5.8578124240824978e-17  -3.1703042128201626e-18
+24   -9.3832509246805732e-17  +3.3214535444280996e-18
+25   +5.6360041134036409e-17  -3.8891392152116224e-18
+26   -1.3038906700049274e-17  +3.8221841606919968e-18
+27   -6.8033731047476500e-18  +4.4385522596999537e-19
+28   -2.0208692014617812e-17  -8.4365883734522930e-18
+29   -6.6734397504703767e-17  -8.0687029881375678e-19
+30   -1.4802973661514186e-17  -1.9795971378455528e-28

