-30   +2.6816556928270534e-18  -1.4335283043066232e-18
-29   +7.7029949168912822e-19  -1.9391537224619685e-18
-28   +1.4714117102965330e-18  +3.4949434033667341e-19
-27   +2.8899330922849214e-19  +8.9879698957416921e-19
-26   +2.8292180391029434e-18  -1.0413720025690539e-18
-25   +2.1128148899337296e-18  -1.9538981414454542e-18
-24   +2.1173112111652746e-20  +5.7224470323896131e-19
-23   -2.7510911877894955e-19  +1.3631152490018452e-18
-22   +1.8245948539779534e-18  -7.8650912884246885e-19
-21   +1.2276357565038750e-18  -2.6552854260947971e-18
-20   -9.1872262384211099e-19  -1.5826756977831275e-18
-19   +5.3920321875323832e-18  +1.4716522893008952e-17
-18   -3.2481779220123525e-18  -4.5447416464817937e-17
-17   +2.5516001382922108e-18  +1.9231182433045234e-16
-16   -8.1348401786147404e-20  -8.4466371028284630e-16
-15   -2.1013483780092696e-18  +3.6211356554380903e-15
-14   +6.4163251966198386e-18  -1.5479322925926005e-14
-13   -4.2981687021270802e-18  +6.7693552512574570e-14
-12   +1.5188399864987295e-18  -2.9069959646646535e-13
-11   +3.4749407693287749e-19  +1.4178830588518019e-12
-10   +1.1315974508733740e-18  -5.7123431738177021e-12
 -9   -9.1713710123399731e-18  +4.7957953343635341e-11
 -8   +1.6894732383465098e-18  -1.2087317919093898e-10
 -7   -3.6854097524653859e-18  +4.3676274276930368e-09
 -6   +5.6532643031217935e-19  -2.8853341751880848e-09
 -5   -3.2130077271723748e-18  +7.5908774616531074e-07
 -4   -4.7022407357708113e-19  -5.7515453291200257e-08
 -3   -1.9048755011141884e-18  +1.9261429118580189e-04
 -2   -1.6039246949547351e-18  +1.6042839844870518e-05
 -1   +7.3267898653521151e-18  +1.2788395302499303e-01
 +0   -8.7458975247164022e-19  +0.0000000000000000e+00
 +1   +7.3267898653521151e-18  -1.2788395302499303e-01
 +2   -1.6039246949547351e-18  -1.6042839844870518e-05
 +3   -1.9048755011141884e-18  -1.9261429118580189e-04
 +4   -4.7022407357708113e-19  +5.7515453291200257e-08
 +5   -3.2130077271723748e-18  -7.5908774616531074e-07
 +6   +5.6532643031217935e-19  +2.8853341751880848e-09
 +7   -3.6854097524653859e-18  -4.3676274276930368e-09
 +8   +1.6894732383465098e-18  +1.2087317919093898e-10
 +9   -9.1713710123399731e-18  -4.7957953343635341e-11
+10   +1.1315974508733740e-18  +5.7123431738177021e-12
+11   +3.4749407693287749e-19  -1.4178830588518019e-12
+12   +1.5188399864987295e-18  +2.9069959646646535e-13
+13   -4.2981687021270802e-18  -6.7693552512574570e-14
+14   +6.4163251966198386e-18  +1.5479322925926005e-14
+15   -2.1013483780092696e-18  -3.6211356554380903e-15
+16   -8.1348401786147404e-20  +8.4466371028284630e-16
+17   +2.5516001382922108e-18  -1.9231182433045234e-16
+18   -3.2481779220123525e-18  +4.5447416464817937e-17
+19   +5.3920321875323832e-18  -1.4716522893008952e-17
+20   -9.1872262384211099e-19  +1.5826756977831275e-18
+21   +1.2276357565038750e-18  +2.6552854260947971e-18
+22   +1.8245948539779534e-18  +7.8650912884246885e-19
+23   -2.7510911877894955e-19  -1.3631152490018452e-18
+24   +2.1173112111652746e-20  -5.7224470323896131e-19
+25   +2.1128148899337296e-18  +1.9538981414454542e-18
+26   +2.8292180391029434e-18  +1.0413720025690539e-18
+27   +2.8899330922849214e-19  -8.9879698957416921e-19
+28   +1.4714117102965330e-18  -3.4949434033667341e-19
+29   +7.7029949168912822e-19  +1.9391537224619685e-18
+30   +2.6816556928270534e-18  +1.4335283043066232e-18

