-30   +2.4000370925545192e-17  -1.4802966670596153e-17
-29   +4.8906040836203820e-17  +4.5204664052278048e-18
-28   +2.1236299648836619e-17  -8.3960484430879189e-18
-27   -1.7765375346177296e-17  -7.6668964656862002e-19
-26   +9.6035782496355905e-17  +5.8204064928451943e-18
-25   -3.1595642505853832e-16  -1.8620517441318971e-18
-24   +1.0818931324575551e-15  +9.0361922036456234e-18
-23   -3.8501275769956711e-15  +4.0347705301135925e-19
-22   +1.5314122665551078e-14  -7.1867444702371254e-19
-21   -6.0275665036186452e-14  +6.6290476732928898e-18
-20   +2.3716932099728150e-13  -2.5639502485137185e-17
-19   -9.3832445467579788e-13  +5.1333674382892276e-18
-18   +3.7156566598250369e-12  +7.2511269236307800e-18
-17   -1.4738027312354877e-11  -2.8316258797636401e-18
-16   +5.8553008142143749e-11  +9.9083520308398614e-18
-15   -2.3306407646803024e-10  -2.9004402997897851e-19
-14   +9.2966481401689100e-10  -3.4370314195783766e-18
-13   -3.7173637201994085e-09  -2.4573144012047183e-18
-12   +1.4906167985842223e-08  -7.7444533719396512e-18
-11   -5.9968815950089384e-08  -4.6869464460518614e-19
-10   +2.4220106549302313e-07  -7.4015009480501642e-18
 -9   -9.8279069001789107e-07  +1.4393988137885482e-18
 -8   +4.0108392790105732e-06  +7.4570301672271417e-18
 -7   -1.6486828350477906e-05  +5.7032930833343786e-19
 -6   +6.8397493242500570e-05  +1.2816327664468214e-18
 -5   -2.8733303648270279e-04  -2.6020852139652105e-19
 -4   +1.2275282212947905e-03  -6.1609074535754233e-19
 -3   -5.3939723147943394e-03  +2.3833310476054578e-18
 -2   +2.4585900264734204e-02  -4.7396637691406204e-18
 -1   -1.2864451376667596e-01  -4.0821186687463104e-18
 +0   +1.0157182692660771e+00  +0.0000000000000000e+00
 +1   -1.2864451376667596e-01  +4.0821186687463104e-18
 +2   +2.4585900264734204e-02  +4.7396637691406204e-18
 +3   -5.3939723147943394e-03  -2.3833310476054578e-18
 +4   +1.2275282212947905e-03  +6.1609074535754233e-19
 +5   -2.8733303648270279e-04  +2.6020852139652105e-19
 +6   +6.8397493242500570e-05  -1.2816327664468214e-18
 +7   -1.6486828350477906e-05  -5.7032930833343786e-19
 +8   +4.0108392790105732e-06  -7.4570301672271417e-18
 +9   -9.8279069001789107e-07  -1.4393988137885482e-18
+10   +2.4220106549302313e-07  +7.4015009480501642e-18
+11   -5.9968815950089384e-08  +4.6869464460518614e-19
+12   +1.4906167985842223e-08  +7.7444533719396512e-18
+13   -3.7173637201994085e-09  +2.4573144012047183e-18
+14   +9.2966481401689100e-10  +3.4370314195783766e-18
+15   -2.3306407646803024e-10  +2.9004402997897851e-19
+16   +5.8553008142143749e-11  -9.9083520308398614e-18
+17   -1.4738027312354877e-11  +2.8316258797636401e-18
+18   +3.7156566598250369e-12  -7.2511269236307800e-18
+19   -9.3832445467579788e-13  -5.1333674382892276e-18
+20   +2.3716932099728150e-13  +2.5639502485137185e-17
+21   -6.0275665036186452e-14  -6.6290476732928898e-18
+22   +1.5314122665551078e-14  +7.1867444702371254e-19
+23   -3.8501275769956711e-15  -4.0347705301135925e-19
+24   +1.0818931324575551e-15  -9.0361922036456234e-18
+25   -3.1595642505853832e-16  +1.8620517441318971e-18
+26   +9.6035782496355905e-17  -5.8204064928451943e-18
+27   -1.7765375346177296e-17  +7.6668964656862002e-19
+28   +2.1236299648836619e-17  +8.3960484430879189e-18
+29   +4.8906040836203820e-17  -4.5204664052278048e-18
+30   +2.4000370925545192e-17  +1.4802966670596153e-17

