-30   +2.5311827466665550e-18  -1.0590492287522019e-18
-29   +2.1209514161755916e-18  -3.1237164458129909e-18
-28   +3.2957046525040780e-18  +2.2074779317966395e-19
-27   +2.5111761080984109e-20  +2.8547686342600080e-19
-26   +1.6585730239891271e-18  -2.0906339644462249e-18
-25   +2.5173118679373008e-18  -1.3482992105431493e-18
-24   +9.9981657647241160e-19  +3.1412835925930321e-18
-23   -5.2740755116722852e-19  +1.6907021517834847e-18
-22   +1.3248225703499063e-18  +1.5024111540665135e-18
-21   +2.3973862083759410e-18  -1.0238821831596200e-18
-20   -1.0247728117487768e-18  +3.0754256780950461e-19
-19   +2.4554455647921173e-18  -1.1286437449495562e-18
-18   -3.9258319881344243e-18  +2.1773721661152201e-18
-17   +1.6828563332183314e-18  -9.4717747957215680e-18
-16   +3.2530178859897956e-18  +5.8476223306142451e-18
-15   -2.0351787582774976e-18  +3.6595382364339812e-18
-14   +4.5906003126913034e-18  +3.3541215610321772e-18
-13   -4.2475315891037366e-18  +9.3340448965522156e-16
-12   +7.0776065325292983e-19  -2.0473940663834654e-16
-11   -3.2300529924311085e-18  +1.4036838880163482e-13
-10   +1.2719102766884888e-18  -2.2788255641304361e-14
 -9   -5.7050196433804629e-18  +2.2227159665641217e-11
 -8   +1.4287353294291585e-18  -2.2709588293438869e-12
 -7   -3.6761707206030111e-18  +3.8075702014561162e-09
 -6   +4.3516156760382947e-18  -1.5465213165552189e-10
 -5   -2.4474452322281506e-18  +7.4518411530388456e-07
 -4   -4.2160657620082799e-18  +1.8130628053401324e-08
 -3   +2.4326739552206202e-20  +1.9216377286308128e-04
 -2   -1.1949771880203590e-18  +1.9464483062311328e-05
 -1   +7.5580863288156886e-18  +1.2788275816161676e-01
 +0   -1.2323764693918568e-18  +0.0000000000000000e+00
 +1   +7.5580863288156886e-18  -1.2788275816161676e-01
 +2   -1.1949771880203590e-18  -1.9464483062311328e-05
 +3   +2.4326739552206202e-20  -1.9216377286308128e-04
 +4   -4.2160657620082799e-18  -1.8130628053401324e-08
 +5   -2.4474452322281506e-18  -7.4518411530388456e-07
 +6   +4.3516156760382947e-18  +1.5465213165552189e-10
 +7   -3.6761707206030111e-18  -3.8075702014561162e-09
 +8   +1.4287353294291585e-18  +2.2709588293438869e-12
 +9   -5.7050196433804629e-18  -2.2227159665641217e-11
+10   +1.2719102766884888e-18  +2.2788255641304361e-14
+11   -3.2300529924311085e-18  -1.4036838880163482e-13
+12   +7.0776065325292983e-19  +2.0473940663834654e-16
+13   -4.2475315891037366e-18  -9.3340448965522156e-16
+14   +4.5906003126913034e-18  -3.3541215610321772e-18
+15   -2.0351787582774976e-18  -3.6595382364339812e-18
+16   +3.2530178859897956e-18  -5.8476223306142451e-18
+17   +1.6828563332183314e-18  +9.4717747957215680e-18
+18   -3.9258319881344243e-18  -2.1773721661152201e-18
+19   +2.4554455647921173e-18  +1.1286437449495562e-18
+20   -1.0247728117487768e-18  -3.0754256780950461e-19
+21   +2.3973862083759410e-18  +1.0238821831596200e-18
+22   +1.3248225703499063e-18  -1.5024111540665135e-18
+23   -5.2740755116722852e-19  -1.6907021517834847e-18
+24   +9.9981657647241160e-19  -3.1412835925930321e-18
+25   +2.5173118679373008e-18  +1.3482992105431493e-18
+26   +1.6585730239891271e-18  +2.0906339644462249e-18
+27   +2.5111761080984109e-20  -2.8547686342600080e-19
+28   +3.2957046525040780e-18  -2.2074779317966395e-19
+29   +2.1209514161755916e-18  +3.1237164458129909e-18
+30   +2.5311827466665550e-18  +1.0590492287522019e-18

