-30   -1.2823433721991602e-15  +3.3495305785276616e-16
-29   +1.8502329482401168e-16  -7.8210144036462713e-17
-28   +1.2245732112730214e-16  -2.8229533485338490e-16
-27   -9.3937955512208093e-16  -2.2113175343254397e-16
-26   +1.5745293899073490e-16  -2.2455741046002825e-16
-25   +1.7896349549728521e-16  +1.3323070047240602e-16
-24   +1.8113018798148361e-16  -2.1957823441634337e-16
-23   +1.2053958152555901e-16  +5.6037245417826265e-17
-22   +2.7012953731923415e-16  -7.6660867660313757e-17
-21   -3.0573310293501407e-16  +1.2019520493647627e-16
-20   +1.2692623482314615e-16  -2.1146233162207080e-15
-19   +1.7806961708993186e-16  -8.9113529324299775e-17
-18   +7.0030378600258417e-17  -1.0915764406965322e-17
-17   -6.3457258996752181e-16  -1.7709564425158234e-18
-16   +1.0628983558662826e-15  -2.7113956436228744e-16
-15   -3.2534632455229174e-15  -3.7424860067794023e-16
-14   +1.6568398470103087e-14  -3.1638216612005191e-16
-13   -7.2176336441784591e-14  +1.9568558170617182e-16
-12   +3.1616313307365711e-13  +9.3217334096917657e-17
-11   -1.4008169910110838e-12  +8.7095229132831531e-17
-10   +6.2925089269317470e-12  -8.6778642586394626e-16
 -9   -2.8733987470918186e-11  -7.9672382139554561e-17
 -8   +1.3405193043705869e-10  +1.2409919271988088e-16
 -7   -6.4257031906129648e-10  -2.2759732181103501e-17
 -6   +3.1936205390615312e-09  -1.9166053690583516e-16
 -5   -1.6670422621852886e-08  -9.2763348735283273e-17
 -4   +9.3911144836620456e-08  -1.6311138720614391e-16
 -3   -5.8476425156824795e-07  +1.6349153603403462e-16
 -2   +4.7941635257522842e-06  -3.6724655734034982e-17
 -1   -2.9792706727949945e-06  -3.6301278667913737e-16
 +0   -9.8890147113760335e+01  +0.0000000000000000e+00
 +1   -2.9792706727949945e-06  +3.6301278667913737e-16
 +2   +4.7941635257522842e-06  +3.6724655734034982e-17
 +3   -5.8476425156824795e-07  -1.6349153603403462e-16
 +4   +9.3911144836620456e-08  +1.6311138720614391e-16
 +5   -1.6670422621852886e-08  +9.2763348735283273e-17
 +6   +3.1936205390615312e-09  +1.9166053690583516e-16
 +7   -6.4257031906129648e-10  +2.2759732181103501e-17
 +8   +1.3405193043705869e-10  -1.2409919271988088e-16
 +9   -2.8733987470918186e-11  +7.9672382139554561e-17
+10   +6.2925089269317470e-12  +8.6778642586394626e-16
+11   -1.4008169910110838e-12  -8.7095229132831531e-17
+12   +3.1616313307365711e-13  -9.3217334096917657e-17
+13   -7.2176336441784591e-14  -1.9568558170617182e-16
+14   +1.6568398470103087e-14  +3.1638216612005191e-16
+15   -3.2534632455229174e-15  +3.7424860067794023e-16
+16   +1.0628983558662826e-15  +2.7113956436228744e-16
+17   -6.3457258996752181e-16  +1.7709564425158234e-18
+18   +7.0030378600258417e-17  +1.0915764406965322e-17
+19   +1.7806961708993186e-16  +8.9113529324299775e-17
+20   +1.2692623482314615e-16  +2.1146233162207080e-15
+21   -3.0573310293501407e-16  -1.2019520493647627e-16
+22   +2.7012953731923415e-16  +7.6660867660313757e-17
+23   +1.2053958152555901e-16  -5.6037245417826265e-17
+24   +1.8113018798148361e-16  +2.1957823441634337e-16
+25   +1.7896349549728521e-16  -1.3323070047240602e-16
+26   +1.5745293899073490e-16  +2.2455741046002825e-16
+27   -9.3937955512208093e-16  +2.2113175343254397e-16
+28   +1.2245732112730214e-16  +2.8229533485338490e-16
+29   +1.8502329482401168e-16  +7.8210144036462713e-17
+30   -1.2823433721991602e-15  -3.3495305785276616e-16

