-30   -5.1734283629315571e-20  +1.2474254383451021e-19
-29   +5.1556579834401630e-20  -1.2951520585552852e-19
-28   -5.1664450045707941e-20  +1.3425949511904546e-19
-27   +5.1548974686054222e-20  -1.3997151633941908e-19
-26   -5.1695005087004369e-20  +1.4544470983740208e-19
-25   +5.1716751359867822e-20  -1.4946916150339851e-19
-24   -5.1674741741118225e-20  +1.4950121778894404e-19
-23   +5.1591905622068454e-20  -1.2781537295152671e-19
-22   -5.1653373526418278e-20  +1.4982312019381194e-20
-21   +5.1681219481166963e-20  +4.7921038245213532e-19
-20   -5.1828946976141667e-20  -2.5577326828726710e-18
-19   +5.1885693120026585e-20  +1.1254288222917376e-17
-18   -5.1586822951711284e-20  -4.7717339496248790e-17
-17   +5.1542182250932730e-20  +2.0123607802903434e-16
-16   -5.1599633326206197e-20  -8.5097616001604738e-16
-15   +5.1740851443811001e-20  +3.6176524095914019e-15
-14   -5.1493080453572614e-20  -1.5480872651912063e-14
-13   +5.1238959301517521e-20  +6.6759639322587621e-14
-12   -5.1248739338109697e-20  -2.9049584490289439e-13
-11   +5.1356662322336349e-20  +1.2775115992655951e-12
-10   -5.1424722953861572e-20  -5.6895551295769441e-12
 -9   +5.1311631856483701e-20  +2.5730793663485373e-11
 -8   -5.1270023917731622e-20  -1.1860222130159891e-10
 -7   +5.1104204864107156e-20  +5.6005722526229015e-10
 -6   -5.0970532046295348e-20  -2.7306820411046115e-09
 -5   +5.0787124958782454e-20  +1.3903630861204225e-08
 -4   -5.0269075993678611e-20  -7.5646081345695167e-08
 -3   +4.9687843749924685e-20  +4.5051832271977772e-07
 -2   -4.9153842586758381e-20  -3.4216432174412054e-06
 -1   +4.4577217693624987e-20  +1.1948633762993490e-06
 +0   -4.4935208142588975e-20  +0.0000000000000000e+00
 +1   +4.4577217693624987e-20  -1.1948633762993490e-06
 +2   -4.9153842586758381e-20  +3.4216432174412054e-06
 +3   +4.9687843749924685e-20  -4.5051832271977772e-07
 +4   -5.0269075993678611e-20  +7.5646081345695167e-08
 +5   +5.0787124958782454e-20  -1.3903630861204225e-08
 +6   -5.0970532046295348e-20  +2.7306820411046115e-09
 +7   +5.1104204864107156e-20  -5.6005722526229015e-10
 +8   -5.1270023917731622e-20  +1.1860222130159891e-10
 +9   +5.1311631856483701e-20  -2.5730793663485373e-11
+10   -5.1424722953861572e-20  +5.6895551295769441e-12
+11   +5.1356662322336349e-20  -1.2775115992655951e-12
+12   -5.1248739338109697e-20  +2.9049584490289439e-13
+13   +5.1238959301517521e-20  -6.6759639322587621e-14
+14   -5.1493080453572614e-20  +1.5480872651912063e-14
+15   +5.1740851443811001e-20  -3.6176524095914019e-15
+16   -5.1599633326206197e-20  +8.5097616001604738e-16
+17   +5.1542182250932730e-20  -2.0123607802903434e-16
+18   -5.1586822951711284e-20  +4.7717339496248790e-17
+19   +5.1885693120026585e-20  -1.1254288222917376e-17
+20   -5.1828946976141667e-20  +2.5577326828726710e-18
+21   +5.1681219481166963e-20  -4.7921038245213532e-19
+22   -5.1653373526418278e-20  -1.4982312019381194e-20
+23   +5.1591905622068454e-20  +1.2781537295152671e-19
+24   -5.1674741741118225e-20  -1.4950121778894404e-19
+25   +5.1716751359867822e-20  +1.4946916150339851e-19
+26   -5.1695005087004369e-20  -1.4544470983740208e-19
+27   +5.1548974686054222e-20  +1.3997151633941908e-19
+28   -5.1664450045707941e-20  -1.3425949511904546e-19
+29   +5.1556579834401630e-20  +1.2951520585552852e-19
+30   -5.1734283629315571e-20  -1.2474254383451021e-19

