-30   +2.3951533023895869e-20  +1.3959976475568569e-19
-29   +3.3462494469983062e-20  -2.4263910572325786e-20
-28   -7.7962971945628354e-21  -4.5377457647597300e-22
-27   -1.0270597912012038e-19  +2.2242275592016541e-20
-26   +2.3632093217936532e-20  -8.2934532663293741e-21
-25   -6.8041909476714740e-20  -9.5532075854020439e-20
-24   +5.9918526648975940e-20  +1.2937106690531300e-20
-23   -9.5421426432513339e-21  -3.1827015081300010e-20
-22   +3.6175696407682567e-20  -3.9546419819911179e-21
-21   -1.0602621184563789e-19  +1.8922789025532649e-20
-20   +1.7347234759768072e-19  -1.5493925149309863e-20
-19   -5.7043953445147486e-20  +2.1877258230859007e-20
-18   -3.4999427431728223e-20  -2.0920843715435185e-20
-17   +9.6275799763120108e-21  -1.8527935639289677e-20
-16   +1.3939982515026313e-19  -3.3246684024219756e-20
-15   -4.7581452363917282e-19  +1.5045003852145553e-19
-14   +1.7748683326222041e-18  -4.0367401679534841e-20
-13   -7.4255299168839420e-18  -1.0735776109809284e-20
-12   +3.2302048804372340e-17  +5.3284982518978128e-22
-11   -1.4325727778122798e-16  -6.4590521166831018e-21
-10   +6.4317655436868296e-16  -4.8634787019566045e-20
 -9   -2.9382221128088807e-15  +2.1519398181109192e-21
 -8   +1.3707795266657002e-14  -4.5961533932334001e-20
 -7   -6.5707849253430799e-14  -5.2521385500767912e-20
 -6   +3.2657253137305507e-13  +1.0936140220476146e-21
 -5   -1.7046789468635399e-12  -7.9333013110521569e-20
 -4   +9.6031260097783470e-12  +2.5874041189552902e-20
 -3   -5.9796397312875338e-11  +1.3501090739134786e-20
 -2   +4.9023781694305402e-10  -1.6175484782143395e-20
 -1   -3.0465194665037732e-10  +1.2424189684942445e-20
 +0   +1.0112230886355485e-02  +0.0000000000000000e+00
 +1   -3.0465194665037732e-10  -1.2424189684942445e-20
 +2   +4.9023781694305402e-10  +1.6175484782143395e-20
 +3   -5.9796397312875338e-11  -1.3501090739134786e-20
 +4   +9.6031260097783470e-12  -2.5874041189552902e-20
 +5   -1.7046789468635399e-12  +7.9333013110521569e-20
 +6   +3.2657253137305507e-13  -1.0936140220476146e-21
 +7   -6.5707849253430799e-14  +5.2521385500767912e-20
 +8   +1.3707795266657002e-14  +4.5961533932334001e-20
 +9   -2.9382221128088807e-15  -2.1519398181109192e-21
+10   +6.4317655436868296e-16  +4.8634787019566045e-20
+11   -1.4325727778122798e-16  +6.4590521166831018e-21
+12   +3.2302048804372340e-17  -5.3284982518978128e-22
+13   -7.4255299168839420e-18  +1.0735776109809284e-20
+14   +1.7748683326222041e-18  +4.0367401679534841e-20
+15   -4.7581452363917282e-19  -1.5045003852145553e-19
+16   +1.3939982515026313e-19  +3.3246684024219756e-20
+17   +9.6275799763120108e-21  +1.8527935639289677e-20
+18   -3.4999427431728223e-20  +2.0920843715435185e-20
+19   -5.7043953445147486e-20  -2.1877258230859007e-20
+20   +1.7347234759768072e-19  +1.5493925149309863e-20
+21   -1.0602621184563789e-19  -1.8922789025532649e-20
+22   +3.6175696407682567e-20  +3.9546419819911179e-21
+23   -9.5421426432513339e-21  +3.1827015081300010e-20
+24   +5.9918526648975940e-20  -1.2937106690531300e-20
+25   -6.8041909476714740e-20  +9.5532075854020439e-20
+26   +2.3632093217936532e-20  +8.2934532663293741e-21
+27   -1.0270597912012038e-19  -2.2242275592016541e-20
+28   -7.7962971945628354e-21  +4.5377457647597300e-22
+29   +3.3462494469983062e-20  +2.4263910572325786e-20
+30   +2.3951533023895869e-20  -1.3959976475568569e-19

