+0 +0.0000000000000000e+00
+1 -1.0077815951869757e+00
+2 -1.5339009004827645e-04
+3 -1.5143488953245794e-03
+4 -1.4287862983184559e-07
+5 -5.8724322749305350e-06
+6 +1.2187379571898907e-09
+7 -3.0005602234922427e-08
+8 +1.7896309155507884e-11
+9 -1.7516136081853632e-10
+10 +1.7959309360779689e-13
+11 -1.1061981103212955e-12
+12 +1.6324666209032431e-15
+13 -7.3585168573151641e-15
+14 +1.4269039118410568e-17
+15 -5.0788771815118821e-17
+16 +1.2244248517467178e-19
+17 -3.6033825151487692e-19
+18 +1.0407146096902158e-21
+19 -2.6117486376399423e-21
+20 +8.8002132714302425e-24
+21 -1.9255664086746665e-23
+22 +7.4204575146061164e-26
+23 -1.4395772569373211e-25
+24 +6.2476661373477876e-28
+25 -1.0887951260970649e-27
+26 +5.2564509020635547e-30
+27 -8.3156536719380662e-30
+28 +4.4245094995626732e-32
+29 +4.2581354091133736e-32
+30 +8.8967024587244340e-34
