+0 +3.9440980412902165e+00
+1 +1.1312930844241907e-03
+2 +2.8321234344323407e-02
+3 -9.2648893493141529e-06
+4 +1.8070284956965787e-04
+5 -1.5165823355576306e-07
+6 +1.2888177279469014e-06
+7 -1.7365713807539198e-09
+8 +9.6645243702841368e-09
+9 -1.7905954046732716e-11
+10 +7.4577721421399472e-11
+11 -1.7572840408576784e-13
+12 +5.8627786599947824e-13
+13 -1.6759774846388208e-15
+14 +4.6693581568779056e-15
+15 -1.5689782282810918e-17
+16 +3.7549449859999606e-17
+17 -1.4497652345235965e-19
+18 +3.0421623757739729e-19
+19 -1.3267345367407410e-21
+20 +2.4793078214515757e-21
+21 -1.2051523879301111e-23
+22 +2.0303480595821218e-23
+23 -1.0882751162953504e-25
+24 +1.6693506720956711e-25
+25 -9.7803472494598905e-28
+26 +1.3771794436821268e-27
+27 -8.7547861608076660e-30
+28 +1.1394296592063965e-29
+29 -7.8103818667506969e-32
+30 +9.4505677201484705e-32
