-30   -2.5002955096960615e-18  +0.0000000000000000e+00
-29   -1.7552914507500098e-18  +0.0000000000000000e+00
-28   -3.8977871125708960e-18  +0.0000000000000000e+00
-27   +4.3852019675532211e-19  +0.0000000000000000e+00
-26   -1.2452955467354944e-18  +0.0000000000000000e+00
-25   -4.6931752668051963e-18  +0.0000000000000000e+00
-24   +2.9221480667056688e-18  +0.0000000000000000e+00
-23   -1.3263276576837029e-18  +0.0000000000000000e+00
-22   -2.3600005827006793e-18  +0.0000000000000000e+00
-21   -2.1542763788055975e-18  +0.0000000000000000e+00
-20   +7.9313345400625702e-19  +0.0000000000000000e+00
-19   +6.6086712638099341e-19  +0.0000000000000000e+00
-18   +4.4032576919958312e-19  +0.0000000000000000e+00
-17   +5.4279550903391009e-19  +0.0000000000000000e+00
-16   -7.4254346884842909e-18  +0.0000000000000000e+00
-15   -4.0485500257186042e-18  +0.0000000000000000e+00
-14   +3.7600772493200108e-18  +0.0000000000000000e+00
-13   -1.8353096258587020e-18  +0.0000000000000000e+00
-12   +2.0103095657999431e-18  +0.0000000000000000e+00
-11   +3.4614169953385301e-18  +0.0000000000000000e+00
-10   -1.3151598112734710e-17  +0.0000000000000000e+00
 -9   +1.1889127304192754e-18  +0.0000000000000000e+00
 -8   +6.1915442200204330e-18  +0.0000000000000000e+00
 -7   +4.3354720937750978e-18  +0.0000000000000000e+00
 -6   -4.5979412538902426e-16  +0.0000000000000000e+00
 -5   +5.6786042893727148e-16  +0.0000000000000000e+00
 -4   -2.2706750967907532e-13  +0.0000000000000000e+00
 -3   +3.3093671708558288e-13  +0.0000000000000000e+00
 -2   -3.0625404527756746e-10  +0.0000000000000000e+00
 -1   +3.2847015473856331e-12  +0.0000000000000000e+00
 +0   +9.9999996243712741e-01  +0.0000000000000000e+00
 +1   +3.2847015473856331e-12  +0.0000000000000000e+00
 +2   -3.0625404527756746e-10  +0.0000000000000000e+00
 +3   +3.3093671708558288e-13  +0.0000000000000000e+00
 +4   -2.2706750967907532e-13  +0.0000000000000000e+00
 +5   +5.6786042893727148e-16  +0.0000000000000000e+00
 +6   -4.5979412538902426e-16  +0.0000000000000000e+00
 +7   +4.3354720937750978e-18  +0.0000000000000000e+00
 +8   +6.1915442200204330e-18  +0.0000000000000000e+00
 +9   +1.1889127304192754e-18  +0.0000000000000000e+00
+10   -1.3151598112734710e-17  +0.0000000000000000e+00
+11   +3.4614169953385301e-18  +0.0000000000000000e+00
+12   +2.0103095657999431e-18  +0.0000000000000000e+00
+13   -1.8353096258587020e-18  +0.0000000000000000e+00
+14   +3.7600772493200108e-18  +0.0000000000000000e+00
+15   -4.0485500257186042e-18  +0.0000000000000000e+00
+16   -7.4254346884842909e-18  +0.0000000000000000e+00
+17   +5.4279550903391009e-19  +0.0000000000000000e+00
+18   +4.4032576919958312e-19  +0.0000000000000000e+00
+19   +6.6086712638099341e-19  +0.0000000000000000e+00
+20   +7.9313345400625702e-19  +0.0000000000000000e+00
+21   -2.1542763788055975e-18  +0.0000000000000000e+00
+22   -2.3600005827006793e-18  +0.0000000000000000e+00
+23   -1.3263276576837029e-18  +0.0000000000000000e+00
+24   +2.9221480667056688e-18  +0.0000000000000000e+00
+25   -4.6931752668051963e-18  +0.0000000000000000e+00
+26   -1.2452955467354944e-18  +0.0000000000000000e+00
+27   +4.3852019675532211e-19  +0.0000000000000000e+00
+28   -3.8977871125708960e-18  +0.0000000000000000e+00
+29   -1.7552914507500098e-18  +0.0000000000000000e+00
+30   -2.5002955096960615e-18  +0.0000000000000000e+00

