-30   +2.6426804128097623e-20  +0.0000000000000000e+00
-29   -9.2534952716236386e-19  +0.0000000000000000e+00
-28   -3.7985703637677866e-18  +0.0000000000000000e+00
-27   +3.0014956496982572e-19  +0.0000000000000000e+00
-26   +5.2098367121109951e-19  +0.0000000000000000e+00
-25   -2.3807727641330266e-18  +0.0000000000000000e+00
-24   -1.5861333428409024e-20  +0.0000000000000000e+00
-23   -7.0945526900743253e-19  +0.0000000000000000e+00
-22   -3.1055605157243273e-18  +0.0000000000000000e+00
-21   -9.9608067047182389e-19  +0.0000000000000000e+00
-20   +4.1860483310178367e-18  +0.0000000000000000e+00
-19   +2.9466548742484222e-19  +0.0000000000000000e+00
-18   +1.8435800596733933e-18  +0.0000000000000000e+00
-17   +2.2654325951166512e-19  +0.0000000000000000e+00
-16   -1.9797383830938450e-17  +0.0000000000000000e+00
-15   -1.9430913484129179e-18  +0.0000000000000000e+00
-14   +4.0396980516907321e-18  +0.0000000000000000e+00
-13   -9.5498787942639933e-19  +0.0000000000000000e+00
-12   -7.8466147566380947e-20  +0.0000000000000000e+00
-11   +1.6873146324770069e-18  +0.0000000000000000e+00
-10   -1.1037696376074853e-17  +0.0000000000000000e+00
 -9   +6.7572417729533070e-19  +0.0000000000000000e+00
 -8   +1.3369907401355158e-17  +0.0000000000000000e+00
 -7   +2.1288569354065211e-18  +0.0000000000000000e+00
 -6   -2.3184187157991444e-16  +0.0000000000000000e+00
 -5   +2.8388830400174452e-16  +0.0000000000000000e+00
 -4   -1.1354159270468527e-13  +0.0000000000000000e+00
 -3   +1.6546843985269254e-13  +0.0000000000000000e+00
 -2   -1.5312700715112890e-10  +0.0000000000000000e+00
 -1   +1.6423507332875837e-12  +0.0000000000000000e+00
 +0   +9.9999998121856359e-01  +0.0000000000000000e+00
 +1   +1.6423507332875837e-12  +0.0000000000000000e+00
 +2   -1.5312700715112890e-10  +0.0000000000000000e+00
 +3   +1.6546843985269254e-13  +0.0000000000000000e+00
 +4   -1.1354159270468527e-13  +0.0000000000000000e+00
 +5   +2.8388830400174452e-16  +0.0000000000000000e+00
 +6   -2.3184187157991444e-16  +0.0000000000000000e+00
 +7   +2.1288569354065211e-18  +0.0000000000000000e+00
 +8   +1.3369907401355158e-17  +0.0000000000000000e+00
 +9   +6.7572417729533070e-19  +0.0000000000000000e+00
+10   -1.1037696376074853e-17  +0.0000000000000000e+00
+11   +1.6873146324770069e-18  +0.0000000000000000e+00
+12   -7.8466147566380947e-20  +0.0000000000000000e+00
+13   -9.5498787942639933e-19  +0.0000000000000000e+00
+14   +4.0396980516907321e-18  +0.0000000000000000e+00
+15   -1.9430913484129179e-18  +0.0000000000000000e+00
+16   -1.9797383830938450e-17  +0.0000000000000000e+00
+17   +2.2654325951166512e-19  +0.0000000000000000e+00
+18   +1.8435800596733933e-18  +0.0000000000000000e+00
+19   +2.9466548742484222e-19  +0.0000000000000000e+00
+20   +4.1860483310178367e-18  +0.0000000000000000e+00
+21   -9.9608067047182389e-19  +0.0000000000000000e+00
+22   -3.1055605157243273e-18  +0.0000000000000000e+00
+23   -7.0945526900743253e-19  +0.0000000000000000e+00
+24   -1.5861333428409024e-20  +0.0000000000000000e+00
+25   -2.3807727641330266e-18  +0.0000000000000000e+00
+26   +5.2098367121109951e-19  +0.0000000000000000e+00
+27   +3.0014956496982572e-19  +0.0000000000000000e+00
+28   -3.7985703637677866e-18  +0.0000000000000000e+00
+29   -9.2534952716236386e-19  +0.0000000000000000e+00
+30   +2.6426804128097623e-20  +0.0000000000000000e+00

