-30   +9.3137132594354898e-16  +0.0000000000000000e+00
-29   -1.3574123158430152e-16  +0.0000000000000000e+00
-28   +4.4958996364244254e-16  +0.0000000000000000e+00
-27   +4.2481860269324718e-17  +0.0000000000000000e+00
-26   +1.4453018232446872e-15  +0.0000000000000000e+00
-25   -7.5313844920996402e-17  +0.0000000000000000e+00
-24   -9.6000036842128437e-17  +0.0000000000000000e+00
-23   -2.2615354631731561e-16  +0.0000000000000000e+00
-22   -2.9842892489536537e-15  +0.0000000000000000e+00
-21   -2.3871724105874044e-16  +0.0000000000000000e+00
-20   +1.3828795368192633e-15  +0.0000000000000000e+00
-19   -7.2050723049383615e-17  +0.0000000000000000e+00
-18   +1.9156710324075191e-15  +0.0000000000000000e+00
-17   -3.4424313326127890e-16  +0.0000000000000000e+00
-16   -2.9701042138543593e-15  +0.0000000000000000e+00
-15   +4.7160250016711146e-17  +0.0000000000000000e+00
-14   +1.6734799747417255e-15  +0.0000000000000000e+00
-13   +1.3830042179565452e-17  +0.0000000000000000e+00
-12   +1.2526934806644159e-15  +0.0000000000000000e+00
-11   -6.9094007731221672e-16  +0.0000000000000000e+00
-10   +3.7294047604996339e-15  +0.0000000000000000e+00
 -9   -4.2897923068875542e-15  +0.0000000000000000e+00
 -8   +7.0118816541715988e-13  +0.0000000000000000e+00
 -7   -6.1161396668575818e-13  +0.0000000000000000e+00
 -6   +1.2585863782340745e-10  +0.0000000000000000e+00
 -5   -1.0612085127127838e-10  +0.0000000000000000e+00
 -4   +2.7094173916315971e-08  +0.0000000000000000e+00
 -3   -2.1896573790252425e-08  +0.0000000000000000e+00
 -2   +8.8784010152348403e-06  +0.0000000000000000e+00
 -1   -2.3427569387865543e-08  +0.0000000000000000e+00
 +0   +1.0022336990125709e+02  +0.0000000000000000e+00
 +1   -2.3427569387865543e-08  +0.0000000000000000e+00
 +2   +8.8784010152348403e-06  +0.0000000000000000e+00
 +3   -2.1896573790252425e-08  +0.0000000000000000e+00
 +4   +2.7094173916315971e-08  +0.0000000000000000e+00
 +5   -1.0612085127127838e-10  +0.0000000000000000e+00
 +6   +1.2585863782340745e-10  +0.0000000000000000e+00
 +7   -6.1161396668575818e-13  +0.0000000000000000e+00
 +8   +7.0118816541715988e-13  +0.0000000000000000e+00
 +9   -4.2897923068875542e-15  +0.0000000000000000e+00
+10   +3.7294047604996339e-15  +0.0000000000000000e+00
+11   -6.9094007731221672e-16  +0.0000000000000000e+00
+12   +1.2526934806644159e-15  +0.0000000000000000e+00
+13   +1.3830042179565452e-17  +0.0000000000000000e+00
+14   +1.6734799747417255e-15  +0.0000000000000000e+00
+15   +4.7160250016711146e-17  +0.0000000000000000e+00
+16   -2.9701042138543593e-15  +0.0000000000000000e+00
+17   -3.4424313326127890e-16  +0.0000000000000000e+00
+18   +1.9156710324075191e-15  +0.0000000000000000e+00
+19   -7.2050723049383615e-17  +0.0000000000000000e+00
+20   +1.3828795368192633e-15  +0.0000000000000000e+00
+21   -2.3871724105874044e-16  +0.0000000000000000e+00
+22   -2.9842892489536537e-15  +0.0000000000000000e+00
+23   -2.2615354631731561e-16  +0.0000000000000000e+00
+24   -9.6000036842128437e-17  +0.0000000000000000e+00
+25   -7.5313844920996402e-17  +0.0000000000000000e+00
+26   +1.4453018232446872e-15  +0.0000000000000000e+00
+27   +4.2481860269324718e-17  +0.0000000000000000e+00
+28   +4.4958996364244254e-16  +0.0000000000000000e+00
+29   -1.3574123158430152e-16  +0.0000000000000000e+00
+30   +9.3137132594354898e-16  +0.0000000000000000e+00

