-30   +0.0000000000000000e+00  +1.2814165819615064e-31
-29   +0.0000000000000000e+00  -7.0484215321355988e-30
-28   +0.0000000000000000e+00  +1.5480053233869144e-29
-27   +0.0000000000000000e+00  -9.1364710515104455e-28
-26   +0.0000000000000000e+00  +1.9623979370099065e-27
-25   +0.0000000000000000e+00  -1.1953531485746900e-25
-24   +0.0000000000000000e+00  +2.5083065037562855e-25
-23   +0.0000000000000000e+00  -1.5793156036141000e-23
-22   +0.0000000000000000e+00  +3.2375814063964730e-23
-21   +0.0000000000000000e+00  -2.1109353949474295e-21
-20   +0.0000000000000000e+00  +4.2283514909774540e-21
-19   +0.0000000000000000e+00  -2.8610703885531164e-19
-18   +0.0000000000000000e+00  +5.6024172652579233e-19
-17   +0.0000000000000000e+00  -3.9444450173474784e-17
-16   +0.0000000000000000e+00  +7.5577251078017465e-17
-15   +0.0000000000000000e+00  -5.5554380574944986e-15
-14   +0.0000000000000000e+00  +1.0433075874910521e-14
-13   +0.0000000000000000e+00  -8.0428681009020798e-13
-12   +0.0000000000000000e+00  +1.4847994341692427e-12
-11   +0.0000000000000000e+00  -1.2081349648658635e-10
-10   +0.0000000000000000e+00  +2.2038493162239262e-10
 -9   +0.0000000000000000e+00  -1.9114720247311293e-08
 -8   +0.0000000000000000e+00  +3.4785128759772392e-08
 -7   +0.0000000000000000e+00  -3.2715110137984890e-06
 -6   +0.0000000000000000e+00  +6.0550882174337255e-06
 -5   +0.0000000000000000e+00  -6.3959087846045823e-04
 -4   +0.0000000000000000e+00  +1.2607177861350327e-03
 -3   +0.0000000000000000e+00  -1.6465066439220435e-01
 -2   +0.0000000000000000e+00  +4.0324980060779303e-01
 -1   +0.0000000000000000e+00  -1.0877807615604901e+02
 +0   +0.0000000000000000e+00  -5.2002952096986875e-18
 +1   +0.0000000000000000e+00  +1.0877807615604901e+02
 +2   +0.0000000000000000e+00  -4.0324980060779303e-01
 +3   +0.0000000000000000e+00  +1.6465066439220435e-01
 +4   +0.0000000000000000e+00  -1.2607177861350331e-03
 +5   +0.0000000000000000e+00  +6.3959087846045823e-04
 +6   +0.0000000000000000e+00  -6.0550882174335629e-06
 +7   +0.0000000000000000e+00  +3.2715110137984890e-06
 +8   +0.0000000000000000e+00  -3.4785128759774721e-08
 +9   +0.0000000000000000e+00  +1.9114720247311290e-08
+10   +0.0000000000000000e+00  -2.2038493162236708e-10
+11   +0.0000000000000000e+00  +1.2081349648658646e-10
+12   +0.0000000000000000e+00  -1.4847994341695339e-12
+13   +0.0000000000000000e+00  +8.0428681009020818e-13
+14   +0.0000000000000000e+00  -1.0433075874907057e-14
+15   +0.0000000000000000e+00  +5.5554380574944915e-15
+16   +0.0000000000000000e+00  -7.5577251078072599e-17
+17   +0.0000000000000000e+00  +3.9444450173474753e-17
+18   +0.0000000000000000e+00  -5.6024172652664445e-19
+19   +0.0000000000000000e+00  +2.8610703885531477e-19
+20   +0.0000000000000000e+00  -4.2283514909600687e-21
+21   +0.0000000000000000e+00  +2.1109353949474178e-21
+22   +0.0000000000000000e+00  -3.2375814063972506e-23
+23   +0.0000000000000000e+00  +1.5793156036140442e-23
+24   +0.0000000000000000e+00  -2.5083065037566896e-25
+25   +0.0000000000000000e+00  +1.1953531485747538e-25
+26   +0.0000000000000000e+00  -1.9623979370243451e-27
+27   +0.0000000000000000e+00  +9.1364710515112687e-28
+28   +0.0000000000000000e+00  -1.5480053233674318e-29
+29   +0.0000000000000000e+00  +7.0484215321336888e-30
+30   +0.0000000000000000e+00  -1.2814165819823546e-31

