+0 +0.0000000000000000e+00
+1 -2.1755615231209802e+02
+2 +8.0649960121558606e-01
+3 -3.2930132878440871e-01
+4 +2.5214355722700658e-03
+5 -1.2791817569209165e-03
+6 +1.2110176434867288e-05
+7 -6.5430220275969781e-06
+8 +6.9570257519547113e-08
+9 -3.8229440494622586e-08
+10 +4.4076986324475969e-10
+11 -2.4162699297317281e-10
+12 +2.9695988683387767e-12
+13 -1.6085736201804162e-12
+14 +2.0866151749817578e-14
+15 -1.1110876114988991e-14
+16 +1.5115450215609005e-16
+17 -7.8888900346949543e-17
+18 +1.1204834530524369e-18
+19 -5.7221407771062636e-19
+20 +8.4567029819375235e-21
+21 -4.2218707898948477e-21
+22 +6.4751628127937229e-23
+23 -3.1586312072281443e-23
+24 +5.0166130075129751e-25
+25 -2.3907062971494437e-25
+26 +3.9247958740342519e-27
+27 -1.8272942103021716e-27
+28 +3.0960106467543462e-29
+29 -1.4096843064269286e-29
+30 +2.5628331639438610e-31
