-30   +0.0000000000000000e+00  -2.1978125449902887e-17
-29   +0.0000000000000000e+00  -1.6308211441323929e-17
-28   +0.0000000000000000e+00  -2.9944797232949209e-17
-27   +0.0000000000000000e+00  -1.4142049971568382e-17
-26   +0.0000000000000000e+00  +2.5391673858494560e-17
-25   +0.0000000000000000e+00  +4.2926305431852160e-17
-24   +0.0000000000000000e+00  -1.1653772756639993e-17
-23   +0.0000000000000000e+00  -2.0352527202128244e-17
-22   +0.0000000000000000e+00  +3.5440735975160755e-17
-21   +0.0000000000000000e+00  +1.0587740881171094e-18
-20   +0.0000000000000000e+00  -2.2070067914359499e-17
-19   +0.0000000000000000e+00  +1.1604365996434789e-17
-18   +0.0000000000000000e+00  -7.6208032998131987e-18
-17   +0.0000000000000000e+00  +3.7322182464136655e-17
-16   +0.0000000000000000e+00  +3.8855590957548638e-17
-15   +0.0000000000000000e+00  +3.0779576249411270e-17
-14   +0.0000000000000000e+00  +6.6202075234311686e-18
-13   +0.0000000000000000e+00  +3.8857195781063771e-17
-12   +0.0000000000000000e+00  -3.1407542553211269e-17
-11   +0.0000000000000000e+00  -1.2178531766045968e-17
-10   +0.0000000000000000e+00  -2.8131513684480169e-15
 -9   +0.0000000000000000e+00  +2.9573015909055451e-15
 -8   +0.0000000000000000e+00  -4.6610073403306717e-13
 -7   +0.0000000000000000e+00  +4.5956201570916882e-13
 -6   +0.0000000000000000e+00  -8.4047437135383330e-11
 -5   +0.0000000000000000e+00  +8.0342302742743439e-11
 -4   +0.0000000000000000e+00  -1.8107014638214033e-08
 -3   +0.0000000000000000e+00  +1.6737744637546101e-08
 -2   +0.0000000000000000e+00  -5.9567708244318228e-06
 -1   +0.0000000000000000e+00  +8.8005228433627059e-09
 +0   +0.0000000000000000e+00  +0.0000000000000000e+00
 +1   +0.0000000000000000e+00  -8.8005228433627059e-09
 +2   +0.0000000000000000e+00  +5.9567708244318228e-06
 +3   +0.0000000000000000e+00  -1.6737744637546101e-08
 +4   +0.0000000000000000e+00  +1.8107014638214033e-08
 +5   +0.0000000000000000e+00  -8.0342302742743439e-11
 +6   +0.0000000000000000e+00  +8.4047437135383330e-11
 +7   +0.0000000000000000e+00  -4.5956201570916882e-13
 +8   +0.0000000000000000e+00  +4.6610073403306717e-13
 +9   +0.0000000000000000e+00  -2.9573015909055451e-15
+10   +0.0000000000000000e+00  +2.8131513684480169e-15
+11   +0.0000000000000000e+00  +1.2178531766045968e-17
+12   +0.0000000000000000e+00  +3.1407542553211269e-17
+13   +0.0000000000000000e+00  -3.8857195781063771e-17
+14   +0.0000000000000000e+00  -6.6202075234311686e-18
+15   +0.0000000000000000e+00  -3.0779576249411270e-17
+16   +0.0000000000000000e+00  -3.8855590957548638e-17
+17   +0.0000000000000000e+00  -3.7322182464136655e-17
+18   +0.0000000000000000e+00  +7.6208032998131987e-18
+19   +0.0000000000000000e+00  -1.1604365996434789e-17
+20   +0.0000000000000000e+00  +2.2070067914359499e-17
+21   +0.0000000000000000e+00  -1.0587740881171094e-18
+22   +0.0000000000000000e+00  -3.5440735975160755e-17
+23   +0.0000000000000000e+00  +2.0352527202128244e-17
+24   +0.0000000000000000e+00  +1.1653772756639993e-17
+25   +0.0000000000000000e+00  -4.2926305431852160e-17
+26   +0.0000000000000000e+00  -2.5391673858494560e-17
+27   +0.0000000000000000e+00  +1.4142049971568382e-17
+28   +0.0000000000000000e+00  +2.9944797232949209e-17
+29   +0.0000000000000000e+00  +1.6308211441323929e-17
+30   +0.0000000000000000e+00  +2.1978125449902887e-17

