+0 +1.0022336990125709e+02
+1 -4.6855138775731086e-08
+2 +1.7756802030469681e-05
+3 -4.3793147580504850e-08
+4 +5.4188347832631941e-08
+5 -2.1224170254255676e-10
+6 +2.5171727564681491e-10
+7 -1.2232279333715164e-12
+8 +1.4023763308343198e-12
+9 -8.5795846137751085e-15
+10 +7.4588095209992678e-15
+11 -1.3818801546244334e-15
+12 +2.5053869613288319e-15
+13 +2.7660084359130904e-17
+14 +3.3469599494834510e-15
+15 +9.4320500033422292e-17
+16 -5.9402084277087186e-15
+17 -6.8848626652255781e-16
+18 +3.8313420648150382e-15
+19 -1.4410144609876723e-16
+20 +2.7657590736385266e-15
+21 -4.7743448211748088e-16
+22 -5.9685784979073073e-15
+23 -4.5230709263463122e-16
+24 -1.9200007368425687e-16
+25 -1.5062768984199280e-16
+26 +2.8906036464893743e-15
+27 +8.4963720538649436e-17
+28 +8.9917992728488509e-16
+29 -2.7148246316860303e-16
+30 +1.8627426518870980e-15
