-30   +4.7252838600742347e-32  +0.0000000000000000e+00
-29   -3.9051909333753496e-32  +0.0000000000000000e+00
-28   +5.6971482960319826e-30  +0.0000000000000000e+00
-27   -4.3773930804038316e-30  +0.0000000000000000e+00
-26   +6.8858972184106340e-28  +0.0000000000000000e+00
-25   -4.8901736247299470e-28  +0.0000000000000000e+00
-24   +8.3467533604783554e-26  +0.0000000000000000e+00
-23   -5.4413755814767509e-26  +0.0000000000000000e+00
-22   +1.0151740297910608e-23  +0.0000000000000000e+00
-21   -6.0257619396505550e-24  +0.0000000000000000e+00
-20   +1.2396539107257878e-21  +0.0000000000000000e+00
-19   -6.6336726837036994e-22  +0.0000000000000000e+00
-18   +1.5210811878869865e-19  +0.0000000000000000e+00
-17   -7.2488261726179835e-20  +0.0000000000000000e+00
-16   +1.8774724929999803e-17  +0.0000000000000000e+00
-15   -7.8448911414054577e-18  +0.0000000000000000e+00
-14   +2.3346790784389524e-15  +0.0000000000000000e+00
-13   -8.3798874231941038e-16  +0.0000000000000000e+00
-12   +2.9313893299973912e-13  +0.0000000000000000e+00
-11   -8.7864202042883872e-14  +0.0000000000000000e+00
-10   +3.7288860710699742e-11  +0.0000000000000000e+00
 -9   -8.9529770233663530e-12  +0.0000000000000000e+00
 -8   +4.8322621851420684e-09  +0.0000000000000000e+00
 -7   -8.6828569037695958e-10  +0.0000000000000000e+00
 -6   +6.4440886397345070e-07  +0.0000000000000000e+00
 -5   -7.5829116777881529e-08  +0.0000000000000000e+00
 -4   +9.0351424784828937e-05  +0.0000000000000000e+00
 -3   -4.6324446746570756e-06  +0.0000000000000000e+00
 -2   +1.4160617172161704e-02  +0.0000000000000000e+00
 -1   +5.6564654221209537e-04  +0.0000000000000000e+00
 +0   +3.9440980412902165e+00  +0.0000000000000000e+00
 +1   +5.6564654221209537e-04  +0.0000000000000000e+00
 +2   +1.4160617172161704e-02  +0.0000000000000000e+00
 +3   -4.6324446746570773e-06  +0.0000000000000000e+00
 +4   +9.0351424784828937e-05  +0.0000000000000000e+00
 +5   -7.5829116777881529e-08  +0.0000000000000000e+00
 +6   +6.4440886397345070e-07  +0.0000000000000000e+00
 +7   -8.6828569037696020e-10  +0.0000000000000000e+00
 +8   +4.8322621851420676e-09  +0.0000000000000000e+00
 +9   -8.9529770233663611e-12  +0.0000000000000000e+00
+10   +3.7288860710699736e-11  +0.0000000000000000e+00
+11   -8.7864202042883985e-14  +0.0000000000000000e+00
+12   +2.9313893299973912e-13  +0.0000000000000000e+00
+13   -8.3798874231941038e-16  +0.0000000000000000e+00
+14   +2.3346790784389528e-15  +0.0000000000000000e+00
+15   -7.8448911414054623e-18  +0.0000000000000000e+00
+16   +1.8774724929999803e-17  +0.0000000000000000e+00
+17   -7.2488261726179823e-20  +0.0000000000000000e+00
+18   +1.5210811878869865e-19  +0.0000000000000000e+00
+19   -6.6336726837037116e-22  +0.0000000000000000e+00
+20   +1.2396539107257877e-21  +0.0000000000000000e+00
+21   -6.0257619396505564e-24  +0.0000000000000000e+00
+22   +1.0151740297910610e-23  +0.0000000000000000e+00
+23   -5.4413755814767521e-26  +0.0000000000000000e+00
+24   +8.3467533604783542e-26  +0.0000000000000000e+00
+25   -4.8901736247299435e-28  +0.0000000000000000e+00
+26   +6.8858972184106331e-28  +0.0000000000000000e+00
+27   -4.3773930804038344e-30  +0.0000000000000000e+00
+28   +5.6971482960319826e-30  +0.0000000000000000e+00
+29   -3.9051909333753474e-32  +0.0000000000000000e+00
+30   +4.7252838600742364e-32  +0.0000000000000000e+00

