+0 +9.9952201593561995e+01
+1 +2.1383477870584119e+02
+2 -7.9108626905357221e-02
+3 +3.2912367024322797e-01
+4 +2.0805647588452471e-03
+5 +1.2763611785362981e-03
+6 +2.0682915527185235e-05
+7 +6.5040745253665424e-06
+8 +1.7628027126706209e-07
+9 +3.7801392390948435e-08
+10 +1.4562088497904523e-09
+11 +2.3731111249352527e-10
+12 +1.1942533974691080e-11
+13 +1.5668590037833445e-12
+14 +9.7897774133318706e-14
+15 +1.0717488492703411e-14
+16 +8.0389495269338770e-16
+17 +7.5238045456780389e-17
+18 +6.6170331104032226e-18
+19 +5.3871162785377710e-19
+20 +5.4602385651944269e-20
+21 +3.9169924813027357e-21
+22 +4.5164861439718217e-22
+23 +2.8829744084725377e-23
+24 +3.7441689645793702e-24
+25 +2.1427515510110107e-25
+26 +3.1102364266056382e-26
+27 +1.6051943797337529e-27
+28 +2.5884185455771954e-28
+29 +1.2146442087974027e-29
+30 +2.1067677315751161e-30
