-30   +1.0533838657868585e-30  +0.0000000000000000e+00
-29   +6.0732210439873919e-30  +0.0000000000000000e+00
-28   +1.2942092727891186e-28  +0.0000000000000000e+00
-27   +8.0259718986688614e-28  +0.0000000000000000e+00
-26   +1.5551182133027316e-26  +0.0000000000000000e+00
-25   +1.0713757755054944e-25  +0.0000000000000000e+00
-24   +1.8720844822897108e-24  +0.0000000000000000e+00
-23   +1.4414872042362536e-23  +0.0000000000000000e+00
-22   +2.2582430719858572e-22  +0.0000000000000000e+00
-21   +1.9584962406513686e-21  +0.0000000000000000e+00
-20   +2.7301192825967741e-20  +0.0000000000000000e+00
-19   +2.6935581392688908e-19  +0.0000000000000000e+00
-18   +3.3085165552019541e-18  +0.0000000000000000e+00
-17   +3.7619022728390293e-17  +0.0000000000000000e+00
-16   +4.0194747634669124e-16  +0.0000000000000000e+00
-15   +5.3587442463517163e-15  +0.0000000000000000e+00
-14   +4.8948887066658722e-14  +0.0000000000000000e+00
-13   +7.8342950189167233e-13  +0.0000000000000000e+00
-12   +5.9712669873455617e-12  +0.0000000000000000e+00
-11   +1.1865555624676253e-10  +0.0000000000000000e+00
-10   +7.2810442489526235e-10  +0.0000000000000000e+00
 -9   +1.8900696195474221e-08  +0.0000000000000000e+00
 -8   +8.8140135633529896e-08  +0.0000000000000000e+00
 -7   +3.2520372626832716e-06  +0.0000000000000000e+00
 -6   +1.0341457763592550e-05  +0.0000000000000000e+00
 -5   +6.3818058926814905e-04  +0.0000000000000000e+00
 -4   +1.0402823794226279e-03  +0.0000000000000000e+00
 -3   +1.6456183512161399e-01  +0.0000000000000000e+00
 -2   -3.9554313452678957e-02  +0.0000000000000000e+00
 -1   +1.0691738935292059e+02  +0.0000000000000000e+00
 +0   +9.9952201593561995e+01  +0.0000000000000000e+00
 +1   +1.0691738935292059e+02  +0.0000000000000000e+00
 +2   -3.9554313452678264e-02  +0.0000000000000000e+00
 +3   +1.6456183512161399e-01  +0.0000000000000000e+00
 +4   +1.0402823794226190e-03  +0.0000000000000000e+00
 +5   +6.3818058926814905e-04  +0.0000000000000000e+00
 +6   +1.0341457763592684e-05  +0.0000000000000000e+00
 +7   +3.2520372626832712e-06  +0.0000000000000000e+00
 +8   +8.8140135633532212e-08  +0.0000000000000000e+00
 +9   +1.8900696195474214e-08  +0.0000000000000000e+00
+10   +7.2810442489519008e-10  +0.0000000000000000e+00
+11   +1.1865555624676271e-10  +0.0000000000000000e+00
+12   +5.9712669873455189e-12  +0.0000000000000000e+00
+13   +7.8342950189167213e-13  +0.0000000000000000e+00
+14   +4.8948887066659978e-14  +0.0000000000000000e+00
+15   +5.3587442463516942e-15  +0.0000000000000000e+00
+16   +4.0194747634669641e-16  +0.0000000000000000e+00
+17   +3.7619022728390102e-17  +0.0000000000000000e+00
+18   +3.3085165552012689e-18  +0.0000000000000000e+00
+19   +2.6935581392688797e-19  +0.0000000000000000e+00
+20   +2.7301192825976534e-20  +0.0000000000000000e+00
+21   +1.9584962406513675e-21  +0.0000000000000000e+00
+22   +2.2582430719859640e-22  +0.0000000000000000e+00
+23   +1.4414872042362841e-23  +0.0000000000000000e+00
+24   +1.8720844822896594e-24  +0.0000000000000000e+00
+25   +1.0713757755055162e-25  +0.0000000000000000e+00
+26   +1.5551182133029069e-26  +0.0000000000000000e+00
+27   +8.0259718986686677e-28  +0.0000000000000000e+00
+28   +1.2942092727880769e-28  +0.0000000000000000e+00
+29   +6.0732210439866359e-30  +0.0000000000000000e+00
+30   +1.0533838657882577e-30  +0.0000000000000000e+00

