-30   +0.0000000000000000e+00  +4.4483512293690422e-34
-29   +0.0000000000000000e+00  +2.1290677045583683e-32
-28   +0.0000000000000000e+00  +2.2122547497871088e-32
-27   +0.0000000000000000e+00  -4.1578268360112192e-30
-26   +0.0000000000000000e+00  +2.6282254510184090e-30
-25   +0.0000000000000000e+00  -5.4439756304814698e-28
-24   +0.0000000000000000e+00  +3.1238330686639170e-28
-23   +0.0000000000000000e+00  -7.1978862846601912e-26
-22   +0.0000000000000000e+00  +3.7102287572885712e-26
-21   +0.0000000000000000e+00  -9.6278320433780123e-24
-20   +0.0000000000000000e+00  +4.4001066357476361e-24
-19   +0.0000000000000000e+00  -1.3058743188201694e-21
-18   +0.0000000000000000e+00  +5.2035730484432510e-22
-17   +0.0000000000000000e+00  -1.8016912575728147e-19
-16   +0.0000000000000000e+00  +6.1221242587460114e-20
-15   +0.0000000000000000e+00  -2.5394385907543849e-17
-14   +0.0000000000000000e+00  +7.1345195592168582e-18
-13   +0.0000000000000000e+00  -3.6792584286519677e-15
-12   +0.0000000000000000e+00  +8.1623331045167468e-16
-11   +0.0000000000000000e+00  -5.5309905516057365e-13
-10   +0.0000000000000000e+00  +8.9796546803911182e-14
 -9   +0.0000000000000000e+00  -8.7580680409321784e-11
 -8   +0.0000000000000000e+00  +8.9481545777579161e-12
 -7   +0.0000000000000000e+00  -1.5002801117461362e-08
 -6   +0.0000000000000000e+00  +6.0936897859469918e-10
 -5   +0.0000000000000000e+00  -2.9362161374649350e-06
 -4   +0.0000000000000000e+00  -7.1439314915919102e-08
 -3   +0.0000000000000000e+00  -7.5717444766229037e-04
 -2   +0.0000000000000000e+00  -7.6695045024138237e-05
 -1   +0.0000000000000000e+00  -5.0389079759348798e-01
 +0   +0.0000000000000000e+00  -1.3475642965424611e-20
 +1   +0.0000000000000000e+00  +5.0389079759348787e-01
 +2   +0.0000000000000000e+00  +7.6695045024138209e-05
 +3   +0.0000000000000000e+00  +7.5717444766228907e-04
 +4   +0.0000000000000000e+00  +7.1439314915926487e-08
 +5   +0.0000000000000000e+00  +2.9362161374656000e-06
 +6   +0.0000000000000000e+00  -6.0936897859519156e-10
 +7   +0.0000000000000000e+00  +1.5002801117461065e-08
 +8   +0.0000000000000000e+00  -8.9481545777499674e-12
 +9   +0.0000000000000000e+00  +8.7580680409214548e-11
+10   +0.0000000000000000e+00  -8.9796546803885724e-14
+11   +0.0000000000000000e+00  +5.5309905516072177e-13
+12   +0.0000000000000000e+00  -8.1623331045156829e-16
+13   +0.0000000000000000e+00  +3.6792584286631971e-15
+14   +0.0000000000000000e+00  -7.1345195591937085e-18
+15   +0.0000000000000000e+00  +2.5394385907574975e-17
+16   +0.0000000000000000e+00  -6.1221242587211657e-20
+17   +0.0000000000000000e+00  +1.8016912575759545e-19
+18   +0.0000000000000000e+00  -5.2035730484589058e-22
+19   +0.0000000000000000e+00  +1.3058743188197731e-21
+20   +0.0000000000000000e+00  -4.4001066356826056e-24
+21   +0.0000000000000000e+00  +9.6278320433686539e-24
+22   +0.0000000000000000e+00  -3.7102287573175453e-26
+23   +0.0000000000000000e+00  +7.1978862847130184e-26
+24   +0.0000000000000000e+00  -3.1238330686838706e-28
+25   +0.0000000000000000e+00  +5.4439756304891799e-28
+26   +0.0000000000000000e+00  -2.6282254510451454e-30
+27   +0.0000000000000000e+00  +4.1578268359268463e-30
+28   +0.0000000000000000e+00  -2.2122547497755647e-32
+29   +0.0000000000000000e+00  -2.1290677045550055e-32
+30   +0.0000000000000000e+00  -4.4483512293553918e-34

