-30   +2.0440661319374496e-36  +0.0000000000000000e+00
-29   -3.2905496826038104e-34  +0.0000000000000000e+00
-28   +2.1180920364978436e-34  +0.0000000000000000e+00
-27   -3.7048837355305060e-32  +0.0000000000000000e+00
-26   +2.1722535963418793e-32  +0.0000000000000000e+00
-25   -4.1607998688525413e-30  +0.0000000000000000e+00
-24   +2.2011440447931778e-30  +0.0000000000000000e+00
-23   -4.6590317199981180e-28  +0.0000000000000000e+00
-22   +2.1981848519942814e-28  +0.0000000000000000e+00
-21   -5.1988157592775674e-26  +0.0000000000000000e+00
-20   +2.1561360482414334e-26  +0.0000000000000000e+00
-19   -5.7771170174435199e-24  +0.0000000000000000e+00
-18   +2.0673126346608258e-24  +0.0000000000000000e+00
-17   -6.3875001156386322e-22  +0.0000000000000000e+00
-16   +1.9239962625223956e-22  +0.0000000000000000e+00
-15   -7.0184534414943752e-20  +0.0000000000000000e+00
-14   +1.7191627934246439e-20  +0.0000000000000000e+00
-13   -7.6508340842252380e-18  +0.0000000000000000e+00
-12   +1.4477323813207748e-18  +0.0000000000000000e+00
-11   -8.2538182353092995e-16  +0.0000000000000000e+00
-10   +1.1087204134054106e-16  +0.0000000000000000e+00
 -9   -8.7781126984649005e-14  +0.0000000000000000e+00
 -8   +7.0904959894785814e-15  +0.0000000000000000e+00
 -7   -9.1435958779297582e-12  +0.0000000000000000e+00
 -6   +2.7076741699496825e-13  +0.0000000000000000e+00
 -5   -9.2137831841241194e-10  +0.0000000000000000e+00
 -4   -1.5349047723140455e-11  +0.0000000000000000e+00
 -3   -8.7306418225047822e-08  +0.0000000000000000e+00
 -2   -4.3945857104369225e-09  +0.0000000000000000e+00
 -1   -7.0431482664535674e-06  +0.0000000000000000e+00
 +0   -3.1250030042536737e-05  +0.0000000000000000e+00
 +1   -7.0431482664535674e-06  +0.0000000000000000e+00
 +2   -4.3945857104369225e-09  +0.0000000000000000e+00
 +3   -8.7306418225047822e-08  +0.0000000000000000e+00
 +4   -1.5349047723140455e-11  +0.0000000000000000e+00
 +5   -9.2137831841241194e-10  +0.0000000000000000e+00
 +6   +2.7076741699496825e-13  +0.0000000000000000e+00
 +7   -9.1435958779297582e-12  +0.0000000000000000e+00
 +8   +7.0904959894785814e-15  +0.0000000000000000e+00
 +9   -8.7781126984649005e-14  +0.0000000000000000e+00
+10   +1.1087204134054106e-16  +0.0000000000000000e+00
+11   -8.2538182353092995e-16  +0.0000000000000000e+00
+12   +1.4477323813207748e-18  +0.0000000000000000e+00
+13   -7.6508340842252380e-18  +0.0000000000000000e+00
+14   +1.7191627934246439e-20  +0.0000000000000000e+00
+15   -7.0184534414943752e-20  +0.0000000000000000e+00
+16   +1.9239962625223956e-22  +0.0000000000000000e+00
+17   -6.3875001156386322e-22  +0.0000000000000000e+00
+18   +2.0673126346608258e-24  +0.0000000000000000e+00
+19   -5.7771170174435199e-24  +0.0000000000000000e+00
+20   +2.1561360482414334e-26  +0.0000000000000000e+00
+21   -5.1988157592775674e-26  +0.0000000000000000e+00
+22   +2.1981848519942814e-28  +0.0000000000000000e+00
+23   -4.6590317199981180e-28  +0.0000000000000000e+00
+24   +2.2011440447931778e-30  +0.0000000000000000e+00
+25   -4.1607998688525413e-30  +0.0000000000000000e+00
+26   +2.1722535963418793e-32  +0.0000000000000000e+00
+27   -3.7048837355305060e-32  +0.0000000000000000e+00
+28   +2.1180920364978436e-34  +0.0000000000000000e+00
+29   -3.2905496826038104e-34  +0.0000000000000000e+00
+30   +2.0440661319374496e-36  +0.0000000000000000e+00

