+0 +0.0000000000000000e+00
+1 -2.8635498199052948e-05
+2 -1.0066415029731299e-08
+3 -1.3138085943249679e-07
+4 -2.0907015035506635e-11
+5 -8.4965626619832544e-10
+6 +1.8484724855236256e-13
+7 -6.0778093307613901e-12
+8 +3.9543148060683639e-15
+9 -4.5613123069683271e-14
+10 +5.0554559301245803e-17
+11 -3.5204488475222264e-16
+12 +5.5589372138187658e-19
+13 -2.7674188166934468e-18
+14 +5.6937203177848354e-21
+15 -2.2038101189003965e-20
+16 +5.5991082927876663e-23
+17 -1.7719549976190729e-22
+18 +5.3639554848931408e-25
+19 -1.4353570637121374e-24
+20 +5.0465431702058090e-27
+21 -1.1695990864924173e-26
+22 +4.6856572342545921e-29
+23 -9.5765355129805007e-29
+24 +4.3072060583705031e-31
+25 -7.8726307520726287e-31
+26 +3.9283837435172892e-33
+27 -6.4938219882318732e-33
+28 +3.5603926773573377e-35
+29 -5.3720242654776040e-35
+30 +3.2097539038815362e-37
