-30   +1.6134742257869967e-37  +0.0000000000000000e+00
-29   -2.7001795850796015e-35  +0.0000000000000000e+00
-28   +1.7897330913476776e-35  +0.0000000000000000e+00
-27   -3.2653141602517521e-33  +0.0000000000000000e+00
-26   +1.9755083674292795e-33  +0.0000000000000000e+00
-25   -3.9604242568569332e-31  +0.0000000000000000e+00
-24   +2.1670227034948882e-31  +0.0000000000000000e+00
-23   -4.8201654890381551e-29  +0.0000000000000000e+00
-22   +2.3587218306166234e-29  +0.0000000000000000e+00
-21   -5.8906957666001742e-27  +0.0000000000000000e+00
-20   +2.5420508297422954e-27  +0.0000000000000000e+00
-19   -7.2347579104675400e-25  +0.0000000000000000e+00
-18   +2.7040779013061552e-25  +0.0000000000000000e+00
-17   -8.9398533484117375e-23  +0.0000000000000000e+00
-16   +2.8253795329891144e-23  +0.0000000000000000e+00
-15   -1.1132086833721156e-20  +0.0000000000000000e+00
-14   +2.8766554661975788e-21  +0.0000000000000000e+00
-13   -1.4001181745377377e-18  +0.0000000000000000e+00
-12   +2.8130066835902329e-19  +0.0000000000000000e+00
-11   -1.7849555866816268e-16  +0.0000000000000000e+00
-10   +2.5635195905450946e-17  +0.0000000000000000e+00
 -9   -2.3199614475778930e-14  +0.0000000000000000e+00
 -8   +2.0102527697171726e-15  +0.0000000000000000e+00
 -7   -3.1066183070358308e-12  +0.0000000000000000e+00
 -6   +9.3903299049608069e-14  +0.0000000000000000e+00
 -5   -4.3821170831369073e-10  +0.0000000000000000e+00
 -4   -1.1064195993354086e-11  +0.0000000000000000e+00
 -3   -6.9217007024619028e-08  +0.0000000000000000e+00
 -2   -5.4622186671909685e-09  +0.0000000000000000e+00
 -1   -1.4546528228121701e-05  +0.0000000000000000e+00
 +0   +7.4804019378401893e-02  +0.0000000000000000e+00
 +1   -1.4546528228121699e-05  +0.0000000000000000e+00
 +2   -5.4622186671909685e-09  +0.0000000000000000e+00
 +3   -6.9217007024619055e-08  +0.0000000000000000e+00
 +4   -1.1064195993354086e-11  +0.0000000000000000e+00
 +5   -4.3821170831369078e-10  +0.0000000000000000e+00
 +6   +9.3903299049608056e-14  +0.0000000000000000e+00
 +7   -3.1066183070358308e-12  +0.0000000000000000e+00
 +8   +2.0102527697171718e-15  +0.0000000000000000e+00
 +9   -2.3199614475778930e-14  +0.0000000000000000e+00
+10   +2.5635195905450946e-17  +0.0000000000000000e+00
+11   -1.7849555866816273e-16  +0.0000000000000000e+00
+12   +2.8130066835902329e-19  +0.0000000000000000e+00
+13   -1.4001181745377377e-18  +0.0000000000000000e+00
+14   +2.8766554661975784e-21  +0.0000000000000000e+00
+15   -1.1132086833721157e-20  +0.0000000000000000e+00
+16   +2.8253795329891133e-23  +0.0000000000000000e+00
+17   -8.9398533484117375e-23  +0.0000000000000000e+00
+18   +2.7040779013061552e-25  +0.0000000000000000e+00
+19   -7.2347579104675400e-25  +0.0000000000000000e+00
+20   +2.5420508297422950e-27  +0.0000000000000000e+00
+21   -5.8906957666001742e-27  +0.0000000000000000e+00
+22   +2.3587218306166236e-29  +0.0000000000000000e+00
+23   -4.8201654890381545e-29  +0.0000000000000000e+00
+24   +2.1670227034948878e-31  +0.0000000000000000e+00
+25   -3.9604242568569332e-31  +0.0000000000000000e+00
+26   +1.9755083674292802e-33  +0.0000000000000000e+00
+27   -3.2653141602517528e-33  +0.0000000000000000e+00
+28   +1.7897330913476776e-35  +0.0000000000000000e+00
+29   -2.7001795850796009e-35  +0.0000000000000000e+00
+30   +1.6134742257869969e-37  +0.0000000000000000e+00

