+0 +0.0000000000000000e+00
+1 -3.1249283717579906e-03
+2 -4.7563186967050930e-07
+3 -4.6956918546048418e-06
+4 -4.4303794212866781e-10
+5 -1.8209233344479326e-08
+6 +3.7790617222888558e-12
+7 -9.3041347604523992e-11
+8 +5.5492863474249325e-14
+9 -5.4314028460068622e-13
+10 +5.5689486147556903e-16
+11 -3.4300274528021411e-15
+12 +5.0578289014704508e-18
+13 -2.2771665010422317e-17
+14 +4.9281469026327223e-20
+15 -1.8076698888356408e-19
+16 +1.8538430906227770e-20
+17 +7.7161625042397666e-20
+18 -6.8030380450139733e-21
+19 +1.8070539780983898e-20
+20 +8.2894376224226295e-22
+21 +2.6115675287256293e-21
+22 +4.5843327213179282e-21
+23 -4.0775900532464055e-21
+24 -6.4106173521182366e-21
+25 -8.3592123966912505e-21
+26 +1.6523233427106654e-20
+27 +1.4940641201993861e-20
+28 -6.3518202983771685e-22
+29 +2.6830287364885138e-20
+30 +6.5558457881507052e-21
