-30   +0.0000000000000000e+00  -4.7488455819486499e-19
-29   +0.0000000000000000e+00  -7.0937213837198100e-19
-28   +0.0000000000000000e+00  +3.1685018611453634e-19
-27   +0.0000000000000000e+00  -6.4833323459364936e-19
-26   +0.0000000000000000e+00  -7.2981036785247810e-19
-25   +0.0000000000000000e+00  +7.9864761756565599e-20
-24   +0.0000000000000000e+00  +3.4004691045734870e-19
-23   +0.0000000000000000e+00  -2.1271806916773257e-19
-22   +0.0000000000000000e+00  -5.6471429668248933e-19
-21   +0.0000000000000000e+00  +5.4153186882786138e-19
-20   +0.0000000000000000e+00  +4.1474219309299465e-19
-19   +0.0000000000000000e+00  -6.8870793680638453e-19
-18   +0.0000000000000000e+00  +9.8309177618540132e-20
-17   +0.0000000000000000e+00  -4.4318611573072146e-18
-16   +0.0000000000000000e+00  -8.6256867770868070e-19
-15   +0.0000000000000000e+00  +8.3914622323527169e-18
-14   +0.0000000000000000e+00  -1.8672471970645286e-18
-13   +0.0000000000000000e+00  +9.2602612425381498e-16
-12   +0.0000000000000000e+00  -2.0559571595843840e-16
-11   +0.0000000000000000e+00  +1.3943176094634854e-13
-10   +0.0000000000000000e+00  -2.2638028185527129e-14
 -9   +0.0000000000000000e+00  +2.2078811798956843e-11
 -8   +0.0000000000000000e+00  -2.2558011239658501e-12
 -7   +0.0000000000000000e+00  +3.7821580879959999e-09
 -6   +0.0000000000000000e+00  -1.5361996825833460e-10
 -5   +0.0000000000000000e+00  +7.4021067986250168e-07
 -4   +0.0000000000000000e+00  +1.8009622379124263e-08
 -3   +0.0000000000000000e+00  +1.9088125207524694e-04
 -2   +0.0000000000000000e+00  +1.9334575100059864e-05
 -1   +0.0000000000000000e+00  +1.2702925547843963e-01
 +0   +0.0000000000000000e+00  +0.0000000000000000e+00
 +1   +0.0000000000000000e+00  -1.2702925547843963e-01
 +2   +0.0000000000000000e+00  -1.9334575100059864e-05
 +3   +0.0000000000000000e+00  -1.9088125207524694e-04
 +4   +0.0000000000000000e+00  -1.8009622379124263e-08
 +5   +0.0000000000000000e+00  -7.4021067986250168e-07
 +6   +0.0000000000000000e+00  +1.5361996825833460e-10
 +7   +0.0000000000000000e+00  -3.7821580879959999e-09
 +8   +0.0000000000000000e+00  +2.2558011239658501e-12
 +9   +0.0000000000000000e+00  -2.2078811798956843e-11
+10   +0.0000000000000000e+00  +2.2638028185527129e-14
+11   +0.0000000000000000e+00  -1.3943176094634854e-13
+12   +0.0000000000000000e+00  +2.0559571595843840e-16
+13   +0.0000000000000000e+00  -9.2602612425381498e-16
+14   +0.0000000000000000e+00  +1.8672471970645286e-18
+15   +0.0000000000000000e+00  -8.3914622323527169e-18
+16   +0.0000000000000000e+00  +8.6256867770868070e-19
+17   +0.0000000000000000e+00  +4.4318611573072146e-18
+18   +0.0000000000000000e+00  -9.8309177618540132e-20
+19   +0.0000000000000000e+00  +6.8870793680638453e-19
+20   +0.0000000000000000e+00  -4.1474219309299465e-19
+21   +0.0000000000000000e+00  -5.4153186882786138e-19
+22   +0.0000000000000000e+00  +5.6471429668248933e-19
+23   +0.0000000000000000e+00  +2.1271806916773257e-19
+24   +0.0000000000000000e+00  -3.4004691045734870e-19
+25   +0.0000000000000000e+00  -7.9864761756565599e-20
+26   +0.0000000000000000e+00  +7.2981036785247810e-19
+27   +0.0000000000000000e+00  +6.4833323459364936e-19
+28   +0.0000000000000000e+00  -3.1685018611453634e-19
+29   +0.0000000000000000e+00  +7.0937213837198100e-19
+30   +0.0000000000000000e+00  +4.7488455819486499e-19

