+0 +0.0000000000000000e+00
+1 +2.5405851095687926e-01
+2 +3.8669150200119729e-05
+3 +3.8176250415049388e-04
+4 +3.6019244758248527e-08
+5 +1.4804213597250034e-06
+6 -3.0723993651666919e-10
+7 +7.5643161759919999e-09
+8 -4.5116022479317003e-12
+9 +4.4157623597913686e-11
+10 -4.5276056371054258e-14
+11 +2.7886352189269709e-13
+12 -4.1119143191687680e-16
+13 +1.8520522485076300e-15
+14 -3.7344943941290572e-18
+15 +1.6782924464705434e-17
+16 -1.7251373554173614e-18
+17 -8.8637223146144292e-18
+18 +1.9661835523708026e-19
+19 -1.3774158736127691e-18
+20 +8.2948438618598930e-19
+21 +1.0830637376557228e-18
+22 -1.1294285933649787e-18
+23 -4.2543613833546514e-19
+24 +6.8009382091469741e-19
+25 +1.5972952351313120e-19
+26 -1.4596207357049562e-18
+27 -1.2966664691872987e-18
+28 +6.3370037222907268e-19
+29 -1.4187442767439620e-18
+30 -9.4976911638972997e-19
