-30   -8.160989506070588e-15  -8.103305973949907e-14
-29   -8.613203571004930e-15  -8.386769734954202e-14
-28   -9.097863449621083e-15  -8.687488361111234e-14
-27   -9.657074139436018e-15  -9.008831444888176e-14
-26   -1.021945864442436e-14  -9.358484565094853e-14
-25   -1.089359683724306e-14  -9.731816699022727e-14
-24   -1.167853539304702e-14  -1.013932303324810e-13
-23   -1.254525645750657e-14  -1.058479896762224e-13
-22   -1.351219457115073e-14  -1.106614442918346e-13
-21   -1.463192474369467e-14  -1.159257726945430e-13
-20   -1.589682108935235e-14  -1.217903629292272e-13
-19   -1.743493290322614e-14  -1.282268686787560e-13
-18   -1.915540232812775e-14  -1.353879644255029e-13
-17   -2.122254615183057e-14  -1.433772312129502e-13
-16   -2.371139814025525e-14  -1.523879668067688e-13
-15   -2.673784054709372e-14  -1.626564573436928e-13
-14   -3.029804198534537e-14  -1.743770332986551e-13
-13   -3.475025779867692e-14  -1.878911743639023e-13
-12   -4.040805113698501e-14  -2.035458736408477e-13
-11   -4.676635923940871e-14  -2.241194525196529e-13
-10   -7.600858533726512e-14  -1.649546342041822e-13
 -9   +2.939404652000213e-13  -3.641324819633703e-12
 -8   +8.130405234968101e-12  +1.414732878907557e-10
 -7   -1.627312117886397e-09  -5.811925527072333e-09
 -6   +1.384433284656146e-07  +2.192102450897498e-07
 -5   -9.165593057453098e-06  -6.258554340341917e-06
 -4   +4.505577617525402e-04  +8.019004575802626e-07
 -3   -9.523995869303574e-03  +1.160263783175069e-02
 -2   -1.484145389194150e-01  -2.296152790459232e-01
 -1   +8.446711399610757e-03  -1.331199968713813e-02
 +0   +7.506705986990244e-04  +0.000000000000000e+00
 +1   +8.446711399610757e-03  +1.331199968713813e-02
 +2   -1.484145389194150e-01  +2.296152790459232e-01
 +3   -9.523995869303574e-03  -1.160263783175069e-02
 +4   +4.505577617525402e-04  -8.019004575802626e-07
 +5   -9.165593057453098e-06  +6.258554340341917e-06
 +6   +1.384433284656146e-07  -2.192102450897498e-07
 +7   -1.627312117886397e-09  +5.811925527072333e-09
 +8   +8.130405234968101e-12  -1.414732878907557e-10
 +9   +2.939404652000213e-13  +3.641324819633703e-12
+10   -7.600858533726512e-14  +1.649546342041822e-13
+11   -4.676635923940871e-14  +2.241194525196529e-13
+12   -4.040805113698501e-14  +2.035458736408477e-13
+13   -3.475025779867692e-14  +1.878911743639023e-13
+14   -3.029804198534537e-14  +1.743770332986551e-13
+15   -2.673784054709372e-14  +1.626564573436928e-13
+16   -2.371139814025525e-14  +1.523879668067688e-13
+17   -2.122254615183057e-14  +1.433772312129502e-13
+18   -1.915540232812775e-14  +1.353879644255029e-13
+19   -1.743493290322614e-14  +1.282268686787560e-13
+20   -1.589682108935235e-14  +1.217903629292272e-13
+21   -1.463192474369467e-14  +1.159257726945430e-13
+22   -1.351219457115073e-14  +1.106614442918346e-13
+23   -1.254525645750657e-14  +1.058479896762224e-13
+24   -1.167853539304702e-14  +1.013932303324810e-13
+25   -1.089359683724306e-14  +9.731816699022727e-14
+26   -1.021945864442436e-14  +9.358484565094853e-14
+27   -9.657074139436018e-15  +9.008831444888176e-14
+28   -9.097863449621083e-15  +8.687488361111234e-14
+29   -8.613203571004930e-15  +8.386769734954202e-14
+30   -8.160989506070588e-15  +8.103305973949907e-14

