-30   -6.074846327896429e-15  +1.995529411954222e-14
-29   -6.553145107110295e-15  +2.067042529353954e-14
-28   -7.080143091451361e-15  +2.136930667787073e-14
-27   -7.660123085955911e-15  +2.215835897227708e-14
-26   -8.302059929836100e-15  +2.294508903419687e-14
-25   -9.038512488919286e-15  +2.381640658245814e-14
-24   -9.838773019031019e-15  +2.478793291462144e-14
-23   -1.081418409301884e-14  +2.575096943993464e-14
-22   -1.186604886312313e-14  +2.694435482895679e-14
-21   -1.313230309765103e-14  +2.813995147960307e-14
-20   -1.456387526084004e-14  +2.944568713245797e-14
-19   -1.617799054547645e-14  +3.088870570607024e-14
-18   -1.811754605802569e-14  +3.248798595943581e-14
-17   -2.045303320724535e-14  +3.420842185599588e-14
-16   -2.326866355558459e-14  +3.615459618791758e-14
-15   -2.672695653742521e-14  +3.832801256412571e-14
-14   -3.085330133938684e-14  +4.069272998155317e-14
-13   -3.770985018504805e-14  +4.673905763115865e-14
-12   +1.055849391977754e-14  -5.987284035248868e-14
-11   -1.775176648945759e-12  +3.494182257530616e-12
-10   +5.426542715410244e-11  -1.084875881939187e-10
 -9   -1.648886508098961e-09  +3.294208745618167e-09
 -8   +4.729892777059592e-08  -9.449851699159722e-08
 -7   -1.238682027199716e-06  +2.474759947775561e-06
 -6   +2.744723838877092e-05  -5.483682991627387e-05
 -5   -4.107513032264968e-04  +8.206429257375747e-04
 -4   -3.871505213708775e-05  +7.714930076319665e-05
 -3   +7.373485238213038e-04  -1.464526485699582e-03
 -2   -1.981872951017520e-04  +1.947422716850016e-05
 -1   +8.429924150765111e-03  -5.533223031859519e-07
 +0   -1.000014673430029e+00  +0.000000000000000e+00
 +1   +8.429924150765111e-03  +5.533223031859519e-07
 +2   -1.981872951017520e-04  -1.947422716850016e-05
 +3   +7.373485238213038e-04  +1.464526485699582e-03
 +4   -3.871505213708775e-05  -7.714930076319665e-05
 +5   -4.107513032264968e-04  -8.206429257375747e-04
 +6   +2.744723838877092e-05  +5.483682991627387e-05
 +7   -1.238682027199716e-06  -2.474759947775561e-06
 +8   +4.729892777059592e-08  +9.449851699159722e-08
 +9   -1.648886508098961e-09  -3.294208745618167e-09
+10   +5.426542715410244e-11  +1.084875881939187e-10
+11   -1.775176648945759e-12  -3.494182257530616e-12
+12   +1.055849391977754e-14  +5.987284035248868e-14
+13   -3.770985018504805e-14  -4.673905763115865e-14
+14   -3.085330133938684e-14  -4.069272998155317e-14
+15   -2.672695653742521e-14  -3.832801256412571e-14
+16   -2.326866355558459e-14  -3.615459618791758e-14
+17   -2.045303320724535e-14  -3.420842185599588e-14
+18   -1.811754605802569e-14  -3.248798595943581e-14
+19   -1.617799054547645e-14  -3.088870570607024e-14
+20   -1.456387526084004e-14  -2.944568713245797e-14
+21   -1.313230309765103e-14  -2.813995147960307e-14
+22   -1.186604886312313e-14  -2.694435482895679e-14
+23   -1.081418409301884e-14  -2.575096943993464e-14
+24   -9.838773019031019e-15  -2.478793291462144e-14
+25   -9.038512488919286e-15  -2.381640658245814e-14
+26   -8.302059929836100e-15  -2.294508903419687e-14
+27   -7.660123085955911e-15  -2.215835897227708e-14
+28   -7.080143091451361e-15  -2.136930667787073e-14
+29   -6.553145107110295e-15  -2.067042529353954e-14
+30   -6.074846327896429e-15  -1.995529411954222e-14

