-30   -9.149322168262512e-15  -4.449664194403234e-14
-29   -9.723350074981344e-15  -4.607265179959081e-14
-28   -1.036778404557558e-14  -4.773719085805724e-14
-27   -1.104603643086482e-14  -4.952655604331462e-14
-26   -1.184206806808990e-14  -5.147894869150453e-14
-25   -1.270602970060543e-14  -5.352618149690827e-14
-24   -1.367981789995925e-14  -5.578640834123902e-14
-23   -1.481193518663322e-14  -5.827439889690142e-14
-22   -1.609225735407651e-14  -6.094779336786671e-14
-21   -1.756727295398945e-14  -6.387450038514980e-14
-20   -1.928712914715645e-14  -6.719445259315655e-14
-19   -2.123658312325057e-14  -7.077250382014632e-14
-18   -2.345707994812853e-14  -7.481767372338226e-14
-17   -2.614893933931777e-14  -7.932743263835304e-14
-16   -2.939252651793854e-14  -8.439885773162984e-14
-15   -3.329560190128308e-14  -9.024417405874336e-14
-14   -3.807151781198217e-14  -9.691112662265465e-14
-13   -4.393446267876279e-14  -1.047147007516009e-13
-12   -5.124831554687933e-14  -1.139231470526740e-13
-11   -6.108904810442031e-14  -1.246872910553893e-13
-10   -5.735905381691409e-14  -1.482372684667269e-13
 -9   -6.704289732434073e-13  +4.893420625245964e-13
 -8   +1.795747829426824e-11  -3.752227088629566e-11
 -7   -2.735938610248257e-10  +2.015669976297306e-09
 -6   -2.407025867297897e-08  -9.913048601251333e-08
 -5   +3.390440368707375e-06  +3.933571951381146e-06
 -4   -2.545263090194364e-04  -5.319370840919841e-05
 -3   +8.107816158366629e-03  -7.712257801380743e-03
 -2   +1.479434392098517e-01  +2.297149363645667e-01
 -1   -9.666020968181130e-03  +7.033583756516850e-03
 +0   -2.011349976737447e-04  +0.000000000000000e+00
 +1   -9.666020968181130e-03  -7.033583756516850e-03
 +2   +1.479434392098517e-01  -2.297149363645667e-01
 +3   +8.107816158366629e-03  +7.712257801380743e-03
 +4   -2.545263090194364e-04  +5.319370840919841e-05
 +5   +3.390440368707375e-06  -3.933571951381146e-06
 +6   -2.407025867297897e-08  +9.913048601251333e-08
 +7   -2.735938610248257e-10  -2.015669976297306e-09
 +8   +1.795747829426824e-11  +3.752227088629566e-11
 +9   -6.704289732434073e-13  -4.893420625245964e-13
+10   -5.735905381691409e-14  +1.482372684667269e-13
+11   -6.108904810442031e-14  +1.246872910553893e-13
+12   -5.124831554687933e-14  +1.139231470526740e-13
+13   -4.393446267876279e-14  +1.047147007516009e-13
+14   -3.807151781198217e-14  +9.691112662265465e-14
+15   -3.329560190128308e-14  +9.024417405874336e-14
+16   -2.939252651793854e-14  +8.439885773162984e-14
+17   -2.614893933931777e-14  +7.932743263835304e-14
+18   -2.345707994812853e-14  +7.481767372338226e-14
+19   -2.123658312325057e-14  +7.077250382014632e-14
+20   -1.928712914715645e-14  +6.719445259315655e-14
+21   -1.756727295398945e-14  +6.387450038514980e-14
+22   -1.609225735407651e-14  +6.094779336786671e-14
+23   -1.481193518663322e-14  +5.827439889690142e-14
+24   -1.367981789995925e-14  +5.578640834123902e-14
+25   -1.270602970060543e-14  +5.352618149690827e-14
+26   -1.184206806808990e-14  +5.147894869150453e-14
+27   -1.104603643086482e-14  +4.952655604331462e-14
+28   -1.036778404557558e-14  +4.773719085805724e-14
+29   -9.723350074981344e-15  +4.607265179959081e-14
+30   -9.149322168262512e-15  +4.449664194403234e-14

