-30   -5.129804774138269e-15  -6.735381285120665e-14
-29   -5.374974166946808e-15  -6.972699865822170e-14
-28   -5.638596038405579e-15  -7.213938035939674e-14
-27   -5.914137183601045e-15  -7.476736954978327e-14
-26   -6.255564867047269e-15  -7.765309505573562e-14
-25   -6.577556337632403e-15  -8.072815976096664e-14
-24   -6.991053981731065e-15  -8.402245876874657e-14
-23   -7.550273066673752e-15  -8.758010701642154e-14
-22   -8.041021065788368e-15  -9.145879769447210e-14
-21   -8.617805663248227e-15  -9.576007303426520e-14
-20   -9.325238972562301e-15  -1.005130193766605e-13
-19   -1.027385068159325e-14  -1.056297247896211e-13
-18   -1.114106425465298e-14  -1.113924240764456e-13
-17   -1.233590618652721e-14  -1.177476970026377e-13
-16   -1.364072473379523e-14  -1.247440338948635e-13
-15   -1.534486451989238e-14  -1.327175232951949e-13
-14   -1.730608019897881e-14  -1.417961744434302e-13
-13   -1.971379220784705e-14  -1.521432390254193e-13
-12   -2.281929961879925e-14  -1.639385307290878e-13
-11   -2.670192550967075e-14  -1.778871496570691e-13
-10   -3.155195905157698e-14  -1.942952143535797e-13
 -9   -3.616723172768718e-14  -2.075791985344646e-13
 -8   -1.964241193597638e-13  -4.480280065677950e-13
 -7   +8.721230042179473e-12  +5.919604120518924e-12
 -6   -4.337012872848017e-10  -7.544231161274344e-11
 -5   +1.589150931781770e-08  -6.717207652984621e-09
 -4   -2.590311308002611e-07  +5.545456654477908e-07
 -3   -8.349300753682588e-06  -1.583565755714436e-05
 -2   +3.705285646514472e-04  -1.286289281999363e-05
 -1   -8.805383368316671e-04  +3.888057573210070e-03
 +0   -7.296565184001736e-04  +0.000000000000000e+00
 +1   -8.805383368316671e-04  -3.888057573210070e-03
 +2   +3.705285646514472e-04  +1.286289281999363e-05
 +3   -8.349300753682588e-06  +1.583565755714436e-05
 +4   -2.590311308002611e-07  -5.545456654477908e-07
 +5   +1.589150931781770e-08  +6.717207652984621e-09
 +6   -4.337012872848017e-10  +7.544231161274344e-11
 +7   +8.721230042179473e-12  -5.919604120518924e-12
 +8   -1.964241193597638e-13  +4.480280065677950e-13
 +9   -3.616723172768718e-14  +2.075791985344646e-13
+10   -3.155195905157698e-14  +1.942952143535797e-13
+11   -2.670192550967075e-14  +1.778871496570691e-13
+12   -2.281929961879925e-14  +1.639385307290878e-13
+13   -1.971379220784705e-14  +1.521432390254193e-13
+14   -1.730608019897881e-14  +1.417961744434302e-13
+15   -1.534486451989238e-14  +1.327175232951949e-13
+16   -1.364072473379523e-14  +1.247440338948635e-13
+17   -1.233590618652721e-14  +1.177476970026377e-13
+18   -1.114106425465298e-14  +1.113924240764456e-13
+19   -1.027385068159325e-14  +1.056297247896211e-13
+20   -9.325238972562301e-15  +1.005130193766605e-13
+21   -8.617805663248227e-15  +9.576007303426520e-14
+22   -8.041021065788368e-15  +9.145879769447210e-14
+23   -7.550273066673752e-15  +8.758010701642154e-14
+24   -6.991053981731065e-15  +8.402245876874657e-14
+25   -6.577556337632403e-15  +8.072815976096664e-14
+26   -6.255564867047269e-15  +7.765309505573562e-14
+27   -5.914137183601045e-15  +7.476736954978327e-14
+28   -5.638596038405579e-15  +7.213938035939674e-14
+29   -5.374974166946808e-15  +6.972699865822170e-14
+30   -5.129804774138269e-15  +6.735381285120665e-14

