-30   -4.414745713735242e-15  -4.617925462478295e-15
-29   -4.761503376952877e-15  -4.953095032707414e-15
-28   -5.076616887607931e-15  -5.303779058835135e-15
-27   -5.506160824476813e-15  -5.689191402087070e-15
-26   -5.964508570243651e-15  -6.166590091488157e-15
-25   -6.473480792360110e-15  -6.685062523909458e-15
-24   -6.996963098708205e-15  -7.314087349419496e-15
-23   -7.661816408724035e-15  -8.009201622369013e-15
-22   -8.392461601819337e-15  -8.856336585921644e-15
-21   -9.294196707135451e-15  -9.853103004975131e-15
-20   -1.027541644648860e-14  -1.104342184405259e-14
-19   -1.141834783952277e-14  -1.242323386622233e-14
-18   -1.273955036148346e-14  -1.419941078267431e-14
-17   -1.442139087611127e-14  -1.636336165861178e-14
-16   -1.642947635899841e-14  -1.907823680003775e-14
-15   -1.894323996402066e-14  -2.241036329457313e-14
-14   -2.196745201786238e-14  -2.680225412075580e-14
-13   -2.971465233053397e-14  -3.207005633572167e-14
-12   +9.079722651359325e-14  -5.840283941211674e-14
-11   -4.061407812587376e-12  +5.401894167330615e-13
-10   +1.299405198546021e-10  -1.916997131700308e-11
 -9   -4.078788489107564e-09  +5.993502806386031e-10
 -8   +1.225971416948748e-07  -1.801786183362069e-08
 -7   -3.441015538943715e-06  +5.057155012130030e-07
 -6   +8.528145439048315e-05  -1.253356163448699e-05
 -5   -1.571436861697025e-03  +2.309495768665248e-04
 -4   -1.392230114553964e-04  +2.044740437549362e-05
 -3   +2.736447297892439e-03  -4.015623493113144e-04
 -2   -1.687411725107238e-04  -2.482397595832865e-06
 -1   +6.508251228541011e-03  -1.148392858436243e-07
 +0   -8.634734058395982e-01  +0.000000000000000e+00
 +1   +6.508251228541011e-03  +1.148392858436243e-07
 +2   -1.687411725107238e-04  +2.482397595832865e-06
 +3   +2.736447297892439e-03  +4.015623493113144e-04
 +4   -1.392230114553964e-04  -2.044740437549362e-05
 +5   -1.571436861697025e-03  -2.309495768665248e-04
 +6   +8.528145439048315e-05  +1.253356163448699e-05
 +7   -3.441015538943715e-06  -5.057155012130030e-07
 +8   +1.225971416948748e-07  +1.801786183362069e-08
 +9   -4.078788489107564e-09  -5.993502806386031e-10
+10   +1.299405198546021e-10  +1.916997131700308e-11
+11   -4.061407812587376e-12  -5.401894167330615e-13
+12   +9.079722651359325e-14  +5.840283941211674e-14
+13   -2.971465233053397e-14  +3.207005633572167e-14
+14   -2.196745201786238e-14  +2.680225412075580e-14
+15   -1.894323996402066e-14  +2.241036329457313e-14
+16   -1.642947635899841e-14  +1.907823680003775e-14
+17   -1.442139087611127e-14  +1.636336165861178e-14
+18   -1.273955036148346e-14  +1.419941078267431e-14
+19   -1.141834783952277e-14  +1.242323386622233e-14
+20   -1.027541644648860e-14  +1.104342184405259e-14
+21   -9.294196707135451e-15  +9.853103004975131e-15
+22   -8.392461601819337e-15  +8.856336585921644e-15
+23   -7.661816408724035e-15  +8.009201622369013e-15
+24   -6.996963098708205e-15  +7.314087349419496e-15
+25   -6.473480792360110e-15  +6.685062523909458e-15
+26   -5.964508570243651e-15  +6.166590091488157e-15
+27   -5.506160824476813e-15  +5.689191402087070e-15
+28   -5.076616887607931e-15  +5.303779058835135e-15
+29   -4.761503376952877e-15  +4.953095032707414e-15
+30   -4.414745713735242e-15  +4.617925462478295e-15

