-30   -2.779902432785228e-14  +3.597251437606101e-13
-29   -3.033753389018682e-14  +3.721367791064910e-13
-28   -3.319156532820405e-14  +3.854250846938027e-13
-27   -3.632905963835529e-14  +3.997224161617230e-13
-26   -3.986409797980450e-14  +4.151263082946480e-13
-25   -4.387014069660312e-14  +4.317383202518061e-13
-24   -4.833866011803579e-14  +4.497683251337622e-13
-23   -5.341498330810642e-14  +4.693776036327079e-13
-22   -5.922589803767728e-14  +4.907258461866165e-13
-21   -6.592752687320375e-14  +5.141709599457007e-13
-20   -7.365249735564552e-14  +5.399712832113100e-13
-19   -8.267214262746743e-14  +5.684543639585038e-13
-18   -9.323864695688255e-14  +6.001278688285532e-13
-17   -1.058097097213660e-13  +6.355468009294576e-13
-16   -1.208684991983598e-13  +6.753786348878712e-13
-15   -1.391834987778606e-13  +7.205359092487661e-13
-14   -1.616827304485525e-13  +7.721079222407029e-13
-13   -1.891344608601640e-13  +8.354296686023982e-13
-12   -2.433265997365826e-13  +7.793592482323945e-13
-11   +3.196454464466100e-13  +5.006894268290744e-12
-10   -1.943709613757011e-11  -1.289061425626230e-10
 -9   +5.990212091922210e-10  +4.079930211502211e-09
 -8   -1.801827661088709e-08  -1.225959021249155e-07
 -7   +5.057149635932308e-07  +3.441018225071120e-06
 -6   -1.253356235589318e-05  -8.528150499874535e-05
 -5   +2.309495758500105e-04  +1.571439057785971e-03
 -4   +2.044740294093932e-05  +1.391292882776108e-04
 -3   -4.015623521719647e-04  -2.732331305553429e-03
 -2   -2.482409457830474e-06  -3.442696768375130e-05
 -1   -1.148640266708856e-07  -3.696837787833255e-03
 +0   +3.176880832359058e-10  +0.000000000000000e+00
 +1   -1.148640266708856e-07  +3.696837787833255e-03
 +2   -2.482409457830474e-06  +3.442696768375130e-05
 +3   -4.015623521719647e-04  +2.732331305553429e-03
 +4   +2.044740294093932e-05  -1.391292882776108e-04
 +5   +2.309495758500105e-04  -1.571439057785971e-03
 +6   -1.253356235589318e-05  +8.528150499874535e-05
 +7   +5.057149635932308e-07  -3.441018225071120e-06
 +8   -1.801827661088709e-08  +1.225959021249155e-07
 +9   +5.990212091922210e-10  -4.079930211502211e-09
+10   -1.943709613757011e-11  +1.289061425626230e-10
+11   +3.196454464466100e-13  -5.006894268290744e-12
+12   -2.433265997365826e-13  -7.793592482323945e-13
+13   -1.891344608601640e-13  -8.354296686023982e-13
+14   -1.616827304485525e-13  -7.721079222407029e-13
+15   -1.391834987778606e-13  -7.205359092487661e-13
+16   -1.208684991983598e-13  -6.753786348878712e-13
+17   -1.058097097213660e-13  -6.355468009294576e-13
+18   -9.323864695688255e-14  -6.001278688285532e-13
+19   -8.267214262746743e-14  -5.684543639585038e-13
+20   -7.365249735564552e-14  -5.399712832113100e-13
+21   -6.592752687320375e-14  -5.141709599457007e-13
+22   -5.922589803767728e-14  -4.907258461866165e-13
+23   -5.341498330810642e-14  -4.693776036327079e-13
+24   -4.833866011803579e-14  -4.497683251337622e-13
+25   -4.387014069660312e-14  -4.317383202518061e-13
+26   -3.986409797980450e-14  -4.151263082946480e-13
+27   -3.632905963835529e-14  -3.997224161617230e-13
+28   -3.319156532820405e-14  -3.854250846938027e-13
+29   -3.033753389018682e-14  -3.721367791064910e-13
+30   -2.779902432785228e-14  -3.597251437606101e-13

