-30   +1.601359733552612e-15  +6.546728328266894e-14
-29   +1.590422574106445e-15  +6.773291575281655e-14
-28   +1.621722525783670e-15  +7.019400153381054e-14
-27   +1.638964681934130e-15  +7.284457702954088e-14
-26   +1.616185233517253e-15  +7.566040504563445e-14
-25   +1.653151634699492e-15  +7.872760983832278e-14
-24   +1.653347460490133e-15  +8.208416902656751e-14
-23   +1.616144013820393e-15  +8.574163862296961e-14
-22   +1.617048922939128e-15  +8.971410069763917e-14
-21   +1.695980710405216e-15  +9.408124804356454e-14
-20   +1.695114109043398e-15  +9.891750741695045e-14
-19   +1.702598822996944e-15  +1.043058067976879e-13
-18   +1.683098737841386e-15  +1.102743769423755e-13
-17   +1.737712928245019e-15  +1.169460214569399e-13
-16   +1.791836864820429e-15  +1.245929429518744e-13
-15   +1.780311176079120e-15  +1.332285353903987e-13
-14   +1.792872571644139e-15  +1.431886945007899e-13
-13   +1.854996817970709e-15  +1.548411405091149e-13
-12   +1.803727526733505e-15  +1.685780822184570e-13
-11   +2.094709152244915e-15  +1.853701426098964e-13
-10   -8.117928335231263e-15  +1.893385257443543e-13
 -9   +6.462043785428371e-13  +8.111565376955442e-13
 -8   -3.734417949465775e-11  -1.780756776684184e-11
 -7   +2.015876308030479e-09  +2.737537310105341e-10
 -6   -9.913022934120390e-08  +2.407043431300444e-08
 -5   +3.933571576552496e-06  -3.390440447889891e-06
 -4   -5.319366147572138e-05  +2.545263162976295e-04
 -3   -7.712260993007156e-03  -8.107815538204310e-03
 -2   +2.297151048809831e-01  -1.479436024566755e-01
 -1   +7.035299061640597e-03  +9.681134686031941e-03
 +0   -6.767991165716528e-04  +0.000000000000000e+00
 +1   +7.035299061640597e-03  -9.681134686031941e-03
 +2   +2.297151048809831e-01  +1.479436024566755e-01
 +3   -7.712260993007156e-03  +8.107815538204310e-03
 +4   -5.319366147572138e-05  -2.545263162976295e-04
 +5   +3.933571576552496e-06  +3.390440447889891e-06
 +6   -9.913022934120390e-08  -2.407043431300444e-08
 +7   +2.015876308030479e-09  -2.737537310105341e-10
 +8   -3.734417949465775e-11  +1.780756776684184e-11
 +9   +6.462043785428371e-13  -8.111565376955442e-13
+10   -8.117928335231263e-15  -1.893385257443543e-13
+11   +2.094709152244915e-15  -1.853701426098964e-13
+12   +1.803727526733505e-15  -1.685780822184570e-13
+13   +1.854996817970709e-15  -1.548411405091149e-13
+14   +1.792872571644139e-15  -1.431886945007899e-13
+15   +1.780311176079120e-15  -1.332285353903987e-13
+16   +1.791836864820429e-15  -1.245929429518744e-13
+17   +1.737712928245019e-15  -1.169460214569399e-13
+18   +1.683098737841386e-15  -1.102743769423755e-13
+19   +1.702598822996944e-15  -1.043058067976879e-13
+20   +1.695114109043398e-15  -9.891750741695045e-14
+21   +1.695980710405216e-15  -9.408124804356454e-14
+22   +1.617048922939128e-15  -8.971410069763917e-14
+23   +1.616144013820393e-15  -8.574163862296961e-14
+24   +1.653347460490133e-15  -8.208416902656751e-14
+25   +1.653151634699492e-15  -7.872760983832278e-14
+26   +1.616185233517253e-15  -7.566040504563445e-14
+27   +1.638964681934130e-15  -7.284457702954088e-14
+28   +1.621722525783670e-15  -7.019400153381054e-14
+29   +1.590422574106445e-15  -6.773291575281655e-14
+30   +1.601359733552612e-15  -6.546728328266894e-14

