-30   +1.808704898496880e-14  -3.523875930791831e-13
-29   +1.992790490576752e-14  -3.643217505601777e-13
-28   +2.196031011877421e-14  -3.771560549912668e-13
-27   +2.422407624310461e-14  -3.908681318651204e-13
-26   +2.671239671846197e-14  -4.055901405931518e-13
-25   +2.954810588432616e-14  -4.214929645050510e-13
-24   +3.274983741591402e-14  -4.386588399948355e-13
-23   +3.638331794608253e-14  -4.572125706174934e-13
-22   +4.046821256567131e-14  -4.774366797742633e-13
-21   +4.514633497230798e-14  -4.995372642048133e-13
-20   +5.054860819483317e-14  -5.236375693879715e-13
-19   +5.687102387634489e-14  -5.501611665226638e-13
-18   +6.421911922718883e-14  -5.795005718802449e-13
-17   +7.288644435313096e-14  -6.120651662959299e-13
-16   +8.320906907109622e-14  -6.483525322510869e-13
-15   +9.564426261034018e-14  -6.890263083584943e-13
-14   +1.107043082894546e-13  -7.349531367335251e-13
-13   +1.293583515391349e-13  -7.870912766130189e-13
-12   +1.528343462745549e-13  -8.467440472172818e-13
-11   +1.816608759285918e-13  -9.173544987400689e-13
-10   +2.521241176824061e-13  -9.193285169850115e-13
 -9   -5.757589289767516e-13  -4.369485423931958e-12
 -8   +1.283105370717465e-11  +1.402686788017537e-10
 -7   +7.653229301938496e-10  -5.987743166308293e-09
 -6   -1.050972055643714e-07  +2.370098262677243e-07
 -5   +8.158158884319505e-06  -7.524764148317501e-06
 -4   -4.456527388996352e-04  +6.630673418051613e-05
 -3   +1.110985900703011e-02  +1.009449070244893e-02
 -2   +1.134499758704691e-01  -2.487551972187849e-01
 -1   -1.029110675471495e-02  -1.194050582997848e-02
 +0   -6.791847203501506e-04  +0.000000000000000e+00
 +1   -1.029110675471495e-02  +1.194050582997848e-02
 +2   +1.134499758704691e-01  +2.487551972187849e-01
 +3   +1.110985900703011e-02  -1.009449070244893e-02
 +4   -4.456527388996352e-04  -6.630673418051613e-05
 +5   +8.158158884319505e-06  +7.524764148317501e-06
 +6   -1.050972055643714e-07  -2.370098262677243e-07
 +7   +7.653229301938496e-10  +5.987743166308293e-09
 +8   +1.283105370717465e-11  -1.402686788017537e-10
 +9   -5.757589289767516e-13  +4.369485423931958e-12
+10   +2.521241176824061e-13  +9.193285169850115e-13
+11   +1.816608759285918e-13  +9.173544987400689e-13
+12   +1.528343462745549e-13  +8.467440472172818e-13
+13   +1.293583515391349e-13  +7.870912766130189e-13
+14   +1.107043082894546e-13  +7.349531367335251e-13
+15   +9.564426261034018e-14  +6.890263083584943e-13
+16   +8.320906907109622e-14  +6.483525322510869e-13
+17   +7.288644435313096e-14  +6.120651662959299e-13
+18   +6.421911922718883e-14  +5.795005718802449e-13
+19   +5.687102387634489e-14  +5.501611665226638e-13
+20   +5.054860819483317e-14  +5.236375693879715e-13
+21   +4.514633497230798e-14  +4.995372642048133e-13
+22   +4.046821256567131e-14  +4.774366797742633e-13
+23   +3.638331794608253e-14  +4.572125706174934e-13
+24   +3.274983741591402e-14  +4.386588399948355e-13
+25   +2.954810588432616e-14  +4.214929645050510e-13
+26   +2.671239671846197e-14  +4.055901405931518e-13
+27   +2.422407624310461e-14  +3.908681318651204e-13
+28   +2.196031011877421e-14  +3.771560549912668e-13
+29   +1.992790490576752e-14  +3.643217505601777e-13
+30   +1.808704898496880e-14  +3.523875930791831e-13

