-30   +2.550462252284845e-16  -5.929827499530869e-14
-29   +3.615781492652691e-16  -6.139765070519952e-14
-28   +4.909680219014900e-16  -6.368118487819245e-14
-27   +6.338791578202471e-16  -6.613618491353555e-14
-26   +7.887547623435792e-16  -6.876713461054630e-14
-25   +9.662407338487001e-16  -7.166506171024600e-14
-24   +1.158152659226414e-15  -7.480589152232986e-14
-23   +1.371046557466202e-15  -7.823176868264197e-14
-22   +1.614371274573849e-15  -8.200560177466290e-14
-21   +1.894785731917643e-15  -8.618911263527547e-14
-20   +2.241225851218472e-15  -9.081218898601849e-14
-19   +2.647238714128322e-15  -9.597487618581726e-14
-18   +3.100284368940569e-15  -1.017896589029979e-13
-17   +3.638442923779031e-15  -1.083690394446830e-13
-16   +4.292781168850964e-15  -1.158309941256553e-13
-15   +4.994914219008135e-15  -1.246056010841223e-13
-14   +6.035388830394667e-15  -1.346064766083363e-13
-13   +3.851348648270207e-15  -1.482907486395313e-13
-12   +1.149185324462596e-13  -1.078266119052455e-13
-11   -3.433933550039107e-12  -1.902478304448889e-12
-10   +1.085540819048233e-10  +5.412757344020985e-11
 -9   -3.294134700983736e-09  -1.649037742202813e-09
 -8   +9.449860027722111e-08  +4.729879367533345e-08
 -7   -2.474759853331671e-06  -1.238683535199447e-06
 -6   +5.483683002519165e-05  +2.744729353565910e-05
 -5   -8.206429256111465e-04  -4.107536408457099e-04
 -4   -7.714930061704682e-05  -3.861527989217011e-05
 -3   +1.464526485962742e-03  +7.330345109566025e-04
 -2   -1.947423102205291e-05  -9.747369200598204e-06
 -1   +5.534965709381452e-07  +2.769526685042111e-07
 +0   -4.147451639451654e-09  +0.000000000000000e+00
 +1   +5.534965709381452e-07  -2.769526685042111e-07
 +2   -1.947423102205291e-05  +9.747369200598204e-06
 +3   +1.464526485962742e-03  -7.330345109566025e-04
 +4   -7.714930061704682e-05  +3.861527989217011e-05
 +5   -8.206429256111465e-04  +4.107536408457099e-04
 +6   +5.483683002519165e-05  -2.744729353565910e-05
 +7   -2.474759853331671e-06  +1.238683535199447e-06
 +8   +9.449860027722111e-08  -4.729879367533345e-08
 +9   -3.294134700983736e-09  +1.649037742202813e-09
+10   +1.085540819048233e-10  -5.412757344020985e-11
+11   -3.433933550039107e-12  +1.902478304448889e-12
+12   +1.149185324462596e-13  +1.078266119052455e-13
+13   +3.851348648270207e-15  +1.482907486395313e-13
+14   +6.035388830394667e-15  +1.346064766083363e-13
+15   +4.994914219008135e-15  +1.246056010841223e-13
+16   +4.292781168850964e-15  +1.158309941256553e-13
+17   +3.638442923779031e-15  +1.083690394446830e-13
+18   +3.100284368940569e-15  +1.017896589029979e-13
+19   +2.647238714128322e-15  +9.597487618581726e-14
+20   +2.241225851218472e-15  +9.081218898601849e-14
+21   +1.894785731917643e-15  +8.618911263527547e-14
+22   +1.614371274573849e-15  +8.200560177466290e-14
+23   +1.371046557466202e-15  +7.823176868264197e-14
+24   +1.158152659226414e-15  +7.480589152232986e-14
+25   +9.662407338487001e-16  +7.166506171024600e-14
+26   +7.887547623435792e-16  +6.876713461054630e-14
+27   +6.338791578202471e-16  +6.613618491353555e-14
+28   +4.909680219014900e-16  +6.368118487819245e-14
+29   +3.615781492652691e-16  +6.139765070519952e-14
+30   +2.550462252284845e-16  +5.929827499530869e-14

