-30   +1.389101996845850e-14  +7.669489496365640e-14
-29   +1.472575662895251e-14  +7.930335405484459e-14
-28   +1.568273270052211e-14  +8.212988766600718e-14
-27   +1.670160665307275e-14  +8.513128607399752e-14
-26   +1.781379707724030e-14  +8.840880219244818e-14
-25   +1.910930266590790e-14  +9.187248989643893e-14
-24   +2.058593540810967e-14  +9.566999950088340e-14
-23   +2.225184349564173e-14  +9.977582738967409e-14
-22   +2.410667993982629e-14  +1.042952464147981e-13
-21   +2.624216120401437e-14  +1.091621591687783e-13
-20   +2.870783545279253e-14  +1.145540012355878e-13
-19   +3.164781477511921e-14  +1.205021751988667e-13
-18   +3.501635754853909e-14  +1.270598157623541e-13
-17   +3.897339947158902e-14  +1.343666753403156e-13
-16   +4.372274734851558e-14  +1.425538744412584e-13
-15   +4.937654263895309e-14  +1.517991941322320e-13
-14   +5.630520663652147e-14  +1.623052518125097e-13
-13   +6.484068301048266e-14  +1.743848944498131e-13
-12   +7.559447685822084e-14  +1.882734617325224e-13
-11   +8.913166813149810e-14  +2.045232145316154e-13
-10   +1.068941562980329e-13  +2.237755829785148e-13
 -9   +1.330738433740903e-13  +2.467719920977748e-13
 -8   +7.080017875849300e-14  +2.747924631476868e-13
 -7   +3.787089510341414e-12  +3.093388750267946e-13
 -6   -1.393758535606154e-10  +3.526108154670170e-13
 -5   +5.528965052081124e-09  +4.066805135633398e-13
 -4   -2.234306335652740e-07  +4.743748274455212e-13
 -3   +9.373490655777199e-06  +4.909595173814730e-13
 -2   -4.147567331443274e-04  -1.753612183285070e-05
 -1   +2.213026537421393e-02  -3.696056382082182e-03
 +0   -2.917813284800786e-05  +0.000000000000000e+00
 +1   +2.213026537421393e-02  +3.696056382082182e-03
 +2   -4.147567331443274e-04  +1.753612183285070e-05
 +3   +9.373490655777199e-06  -4.909595173814730e-13
 +4   -2.234306335652740e-07  -4.743748274455212e-13
 +5   +5.528965052081124e-09  -4.066805135633398e-13
 +6   -1.393758535606154e-10  -3.526108154670170e-13
 +7   +3.787089510341414e-12  -3.093388750267946e-13
 +8   +7.080017875849300e-14  -2.747924631476868e-13
 +9   +1.330738433740903e-13  -2.467719920977748e-13
+10   +1.068941562980329e-13  -2.237755829785148e-13
+11   +8.913166813149810e-14  -2.045232145316154e-13
+12   +7.559447685822084e-14  -1.882734617325224e-13
+13   +6.484068301048266e-14  -1.743848944498131e-13
+14   +5.630520663652147e-14  -1.623052518125097e-13
+15   +4.937654263895309e-14  -1.517991941322320e-13
+16   +4.372274734851558e-14  -1.425538744412584e-13
+17   +3.897339947158902e-14  -1.343666753403156e-13
+18   +3.501635754853909e-14  -1.270598157623541e-13
+19   +3.164781477511921e-14  -1.205021751988667e-13
+20   +2.870783545279253e-14  -1.145540012355878e-13
+21   +2.624216120401437e-14  -1.091621591687783e-13
+22   +2.410667993982629e-14  -1.042952464147981e-13
+23   +2.225184349564173e-14  -9.977582738967409e-14
+24   +2.058593540810967e-14  -9.566999950088340e-14
+25   +1.910930266590790e-14  -9.187248989643893e-14
+26   +1.781379707724030e-14  -8.840880219244818e-14
+27   +1.670160665307275e-14  -8.513128607399752e-14
+28   +1.568273270052211e-14  -8.212988766600718e-14
+29   +1.472575662895251e-14  -7.930335405484459e-14
+30   +1.389101996845850e-14  -7.669489496365640e-14

