-30   +2.545737916591151e-16  -5.929832826558200e-14
-29   +3.617239020692710e-16  -6.139750519778407e-14
-28   +4.910432723050897e-16  -6.368156144064819e-14
-27   +6.341821550122623e-16  -6.613634134921303e-14
-26   +7.886652876393035e-16  -6.876695517554700e-14
-25   +9.662507158694826e-16  -7.166428562354995e-14
-24   +1.158092664774201e-15  -7.480627708265184e-14
-23   +1.371413018355310e-15  -7.823131216491399e-14
-22   +1.614151526614649e-15  -8.200583824988240e-14
-21   +1.895429702074960e-15  -8.618954067243785e-14
-20   +2.241279356820626e-15  -9.081244239730592e-14
-19   +2.647413563778433e-15  -9.597477334582492e-14
-18   +3.100658852943227e-15  -1.017898924999072e-13
-17   +3.638766412020117e-15  -1.083690766520769e-13
-16   +4.292732940878207e-15  -1.158314098160342e-13
-15   +4.995502372668364e-15  -1.246059101016520e-13
-14   +6.035196177040607e-15  -1.346067578675043e-13
-13   +3.851661998350460e-15  -1.482909106065001e-13
-12   +1.149182750073087e-13  -1.078268995645498e-13
-11   -3.433933157581000e-12  -1.902478238057029e-12
-10   +1.085540816990109e-10  +5.412757318801117e-11
 -9   -3.294134701381949e-09  -1.649037742182165e-09
 -8   +9.449860027769610e-08  +4.729879367523513e-08
 -7   -2.474759853332082e-06  -1.238683535199565e-06
 -6   +5.483683002519192e-05  +2.744729353565898e-05
 -5   -8.206429256111467e-04  -4.107536408457100e-04
 -4   -7.714930061704682e-05  -3.861527989216992e-05
 -3   +1.464526485962742e-03  +7.330345109566021e-04
 -2   -1.947423102205299e-05  -9.747369200597940e-06
 -1   +5.534965709379756e-07  +2.769526685039242e-07
 +0   -4.147451638251673e-09  +0.000000000000000e+00
 +1   +5.534965709379756e-07  -2.769526685039242e-07
 +2   -1.947423102205299e-05  +9.747369200597940e-06
 +3   +1.464526485962742e-03  -7.330345109566021e-04
 +4   -7.714930061704682e-05  +3.861527989216992e-05
 +5   -8.206429256111467e-04  +4.107536408457100e-04
 +6   +5.483683002519192e-05  -2.744729353565898e-05
 +7   -2.474759853332082e-06  +1.238683535199565e-06
 +8   +9.449860027769610e-08  -4.729879367523513e-08
 +9   -3.294134701381949e-09  +1.649037742182165e-09
+10   +1.085540816990109e-10  -5.412757318801117e-11
+11   -3.433933157581000e-12  +1.902478238057029e-12
+12   +1.149182750073087e-13  +1.078268995645498e-13
+13   +3.851661998350460e-15  +1.482909106065001e-13
+14   +6.035196177040607e-15  +1.346067578675043e-13
+15   +4.995502372668364e-15  +1.246059101016520e-13
+16   +4.292732940878207e-15  +1.158314098160342e-13
+17   +3.638766412020117e-15  +1.083690766520769e-13
+18   +3.100658852943227e-15  +1.017898924999072e-13
+19   +2.647413563778433e-15  +9.597477334582492e-14
+20   +2.241279356820626e-15  +9.081244239730592e-14
+21   +1.895429702074960e-15  +8.618954067243785e-14
+22   +1.614151526614649e-15  +8.200583824988240e-14
+23   +1.371413018355310e-15  +7.823131216491399e-14
+24   +1.158092664774201e-15  +7.480627708265184e-14
+25   +9.662507158694826e-16  +7.166428562354995e-14
+26   +7.886652876393035e-16  +6.876695517554700e-14
+27   +6.341821550122623e-16  +6.613634134921303e-14
+28   +4.910432723050897e-16  +6.368156144064819e-14
+29   +3.617239020692710e-16  +6.139750519778407e-14
+30   +2.545737916591151e-16  +5.929832826558200e-14

