-30   +2.443248951075440e-14  -3.106635796253695e-13
-29   +2.664905836501487e-14  -3.211946415796175e-13
-28   +2.911470617625167e-14  -3.324879203745193e-13
-27   +3.184380609906859e-14  -3.446257433386570e-13
-26   +3.486548560116448e-14  -3.576437811118290e-13
-25   +3.826140583824774e-14  -3.716758227237266e-13
-24   +4.210609632501070e-14  -3.868514415360513e-13
-23   +4.649780190836916e-14  -4.032857801479775e-13
-22   +5.143891166269957e-14  -4.211624768433044e-13
-21   +5.711998344035002e-14  -4.406729077957729e-13
-20   +6.360013769000360e-14  -4.620347067289914e-13
-19   +7.121140647397317e-14  -4.855512832353174e-13
-18   +8.006311987463036e-14  -5.115386231110681e-13
-17   +9.053180970967256e-14  -5.403836289204815e-13
-16   +1.029946607858570e-13  -5.725745829035543e-13
-15   +1.179795530553634e-13  -6.087362603521836e-13
-14   +1.361985452002900e-13  -6.496541072347325e-13
-13   +1.586662546988692e-13  -6.961248859271442e-13
-12   +1.869383878980019e-13  -7.493865936288873e-13
-11   +2.232898889464404e-13  -8.110164625748592e-13
-10   +2.527940505868806e-13  -8.906974464626126e-13
 -9   +1.000837840012792e-12  -4.147652731008249e-13
 -8   -2.288955840459469e-11  -3.538983229636577e-11
 -7   +5.642021536230532e-10  +1.953501291141157e-09
 -6   +9.400946132260656e-09  -1.015779479482654e-07
 -5   -2.782445791272482e-06  +4.384752650532990e-06
 -4   +2.440866357145663e-04  -8.963777745699560e-05
 -3   -9.143049362272435e-03  -6.451376693853112e-03
 -2   -1.129694038661177e-01  +2.487853155986887e-01
 -1   +1.058626026765939e-02  +5.551146975300765e-03
 +0   +1.005874041114161e-04  +0.000000000000000e+00
 +1   +1.058626026765939e-02  -5.551146975300765e-03
 +2   -1.129694038661177e-01  -2.487853155986887e-01
 +3   -9.143049362272435e-03  +6.451376693853112e-03
 +4   +2.440866357145663e-04  +8.963777745699560e-05
 +5   -2.782445791272482e-06  -4.384752650532990e-06
 +6   +9.400946132260656e-09  +1.015779479482654e-07
 +7   +5.642021536230532e-10  -1.953501291141157e-09
 +8   -2.288955840459469e-11  +3.538983229636577e-11
 +9   +1.000837840012792e-12  +4.147652731008249e-13
+10   +2.527940505868806e-13  +8.906974464626126e-13
+11   +2.232898889464404e-13  +8.110164625748592e-13
+12   +1.869383878980019e-13  +7.493865936288873e-13
+13   +1.586662546988692e-13  +6.961248859271442e-13
+14   +1.361985452002900e-13  +6.496541072347325e-13
+15   +1.179795530553634e-13  +6.087362603521836e-13
+16   +1.029946607858570e-13  +5.725745829035543e-13
+17   +9.053180970967256e-14  +5.403836289204815e-13
+18   +8.006311987463036e-14  +5.115386231110681e-13
+19   +7.121140647397317e-14  +4.855512832353174e-13
+20   +6.360013769000360e-14  +4.620347067289914e-13
+21   +5.711998344035002e-14  +4.406729077957729e-13
+22   +5.143891166269957e-14  +4.211624768433044e-13
+23   +4.649780190836916e-14  +4.032857801479775e-13
+24   +4.210609632501070e-14  +3.868514415360513e-13
+25   +3.826140583824774e-14  +3.716758227237266e-13
+26   +3.486548560116448e-14  +3.576437811118290e-13
+27   +3.184380609906859e-14  +3.446257433386570e-13
+28   +2.911470617625167e-14  +3.324879203745193e-13
+29   +2.664905836501487e-14  +3.211946415796175e-13
+30   +2.443248951075440e-14  +3.106635796253695e-13

