-30   +2.946952782495992e-15  -1.964249881114359e-13
-29   +3.475761134663130e-15  -2.031001457969894e-13
-28   +4.038799011763233e-15  -2.102270381550268e-13
-27   +4.676569323544684e-15  -2.178479941997022e-13
-26   +5.387829711315704e-15  -2.260499680349281e-13
-25   +6.159829248109514e-15  -2.348818478966804e-13
-24   +7.056332531794511e-15  -2.444199039907352e-13
-23   +8.066631815315755e-15  -2.547166685973754e-13
-22   +9.206710343897659e-15  -2.659319732676064e-13
-21   +1.047423258356056e-14  -2.781334296178407e-13
-20   +1.196797148080542e-14  -2.914462924668280e-13
-19   +1.366553878918523e-14  -3.061345258852173e-13
-18   +1.565742396439983e-14  -3.223053901384988e-13
-17   +1.795564889995956e-14  -3.401697141117045e-13
-16   +2.069435640590306e-14  -3.600862971785943e-13
-15   +2.395171070542958e-14  -3.823236429815774e-13
-14   +2.779273583521579e-14  -4.073392230673556e-13
-13   +3.307542801518793e-14  -4.317323377512026e-13
-12   +2.035293762118677e-14  -5.892084775138441e-13
-11   +6.367973235447200e-13  +3.520121462968198e-12
-10   -1.904929349276311e-11  -1.305322405556787e-10
 -9   +5.995049812618857e-10  +4.078138324469966e-09
 -8   -1.801765824160006e-08  -1.225978929122257e-07
 -7   +5.057157785561167e-07  +3.441015995409709e-06
 -6   -1.253356124050007e-05  -8.528150750944130e-05
 -5   +2.309495774468873e-04  +1.571439054973566e-03
 -4   +2.044740526823869e-05  +1.391292852754640e-04
 -3   -4.015623473540529e-04  -2.732331306936482e-03
 -2   -2.482386125679796e-06  +6.452404458938231e-07
 -1   -1.148617725574640e-07  +3.695274975719282e-03
 +0   +3.207534210302705e-10  +0.000000000000000e+00
 +1   -1.148617725574640e-07  -3.695274975719282e-03
 +2   -2.482386125679796e-06  -6.452404458938231e-07
 +3   -4.015623473540529e-04  +2.732331306936482e-03
 +4   +2.044740526823869e-05  -1.391292852754640e-04
 +5   +2.309495774468873e-04  -1.571439054973566e-03
 +6   -1.253356124050007e-05  +8.528150750944130e-05
 +7   +5.057157785561167e-07  -3.441015995409709e-06
 +8   -1.801765824160006e-08  +1.225978929122257e-07
 +9   +5.995049812618857e-10  -4.078138324469966e-09
+10   -1.904929349276311e-11  +1.305322405556787e-10
+11   +6.367973235447200e-13  -3.520121462968198e-12
+12   +2.035293762118677e-14  +5.892084775138441e-13
+13   +3.307542801518793e-14  +4.317323377512026e-13
+14   +2.779273583521579e-14  +4.073392230673556e-13
+15   +2.395171070542958e-14  +3.823236429815774e-13
+16   +2.069435640590306e-14  +3.600862971785943e-13
+17   +1.795564889995956e-14  +3.401697141117045e-13
+18   +1.565742396439983e-14  +3.223053901384988e-13
+19   +1.366553878918523e-14  +3.061345258852173e-13
+20   +1.196797148080542e-14  +2.914462924668280e-13
+21   +1.047423258356056e-14  +2.781334296178407e-13
+22   +9.206710343897659e-15  +2.659319732676064e-13
+23   +8.066631815315755e-15  +2.547166685973754e-13
+24   +7.056332531794511e-15  +2.444199039907352e-13
+25   +6.159829248109514e-15  +2.348818478966804e-13
+26   +5.387829711315704e-15  +2.260499680349281e-13
+27   +4.676569323544684e-15  +2.178479941997022e-13
+28   +4.038799011763233e-15  +2.102270381550268e-13
+29   +3.475761134663130e-15  +2.031001457969894e-13
+30   +2.946952782495992e-15  +1.964249881114359e-13

