-30   -5.049684266026206e-15  +6.735359728078222e-14
-29   -5.530141958342715e-15  +6.968560432493621e-14
-28   -6.026941637590582e-15  +7.215083623627773e-14
-27   -6.586432306961756e-15  +7.481638718430405e-14
-26   -7.247594752515100e-15  +7.770843596197557e-14
-25   -7.959312122975182e-15  +8.083504072463884e-14
-24   -8.764490782472269e-15  +8.423931418136454e-14
-23   -9.708034171197186e-15  +8.788589008445058e-14
-22   -1.075257041664062e-14  +9.190284180023732e-14
-21   -1.194029172268759e-14  +9.631251948937614e-14
-20   -1.330088063591897e-14  +1.011754308763358e-13
-19   -1.490669135940429e-14  +1.065568097579601e-13
-18   -1.679735360609321e-14  +1.125035531672532e-13
-17   -1.901431706024201e-14  +1.191603151715328e-13
-16   -2.162399856038584e-14  +1.266652528340741e-13
-15   -2.483944667914176e-14  +1.352053458397896e-13
-14   -2.870260537378628e-14  +1.449491525372736e-13
-13   -3.348429886969873e-14  +1.562374731074449e-13
-12   -3.943226591658294e-14  +1.694513148381209e-13
-11   -4.898794848143630e-14  +1.843708839984484e-13
-10   +2.253679559304742e-14  +2.230892146671647e-13
 -9   -3.439877487373284e-12  -1.361005195221676e-13
 -8   +1.416901789599914e-10  -7.960826047315986e-12
 -7   -5.811691646492042e-09  +1.627495411322390e-09
 -6   +2.192104806313233e-07  -1.384431547427884e-07
 -5   -6.258553181415853e-06  +9.165594285934860e-06
 -4   +8.018447935428726e-07  -4.505578041462989e-04
 -3   +1.160264152158836e-02  +9.523997301907214e-03
 -2   -2.296155276034951e-01  +1.484145614976598e-01
 -1   -1.330191651650697e-02  -8.459247157126447e-03
 +0   +4.367656776670805e-04  +0.000000000000000e+00
 +1   -1.330191651650697e-02  +8.459247157126447e-03
 +2   -2.296155276034951e-01  -1.484145614976598e-01
 +3   +1.160264152158836e-02  -9.523997301907214e-03
 +4   +8.018447935428726e-07  +4.505578041462989e-04
 +5   -6.258553181415853e-06  -9.165594285934860e-06
 +6   +2.192104806313233e-07  +1.384431547427884e-07
 +7   -5.811691646492042e-09  -1.627495411322390e-09
 +8   +1.416901789599914e-10  +7.960826047315986e-12
 +9   -3.439877487373284e-12  +1.361005195221676e-13
+10   +2.253679559304742e-14  -2.230892146671647e-13
+11   -4.898794848143630e-14  -1.843708839984484e-13
+12   -3.943226591658294e-14  -1.694513148381209e-13
+13   -3.348429886969873e-14  -1.562374731074449e-13
+14   -2.870260537378628e-14  -1.449491525372736e-13
+15   -2.483944667914176e-14  -1.352053458397896e-13
+16   -2.162399856038584e-14  -1.266652528340741e-13
+17   -1.901431706024201e-14  -1.191603151715328e-13
+18   -1.679735360609321e-14  -1.125035531672532e-13
+19   -1.490669135940429e-14  -1.065568097579601e-13
+20   -1.330088063591897e-14  -1.011754308763358e-13
+21   -1.194029172268759e-14  -9.631251948937614e-14
+22   -1.075257041664062e-14  -9.190284180023732e-14
+23   -9.708034171197186e-15  -8.788589008445058e-14
+24   -8.764490782472269e-15  -8.423931418136454e-14
+25   -7.959312122975182e-15  -8.083504072463884e-14
+26   -7.247594752515100e-15  -7.770843596197557e-14
+27   -6.586432306961756e-15  -7.481638718430405e-14
+28   -6.026941637590582e-15  -7.215083623627773e-14
+29   -5.530141958342715e-15  -6.968560432493621e-14
+30   -5.049684266026206e-15  -6.735359728078222e-14

