-30   +1.210258071191766e-14  +3.464166580406591e-14
-29   +1.287728088732072e-14  +3.578209252375239e-14
-28   +1.377084117179371e-14  +3.705887271514459e-14
-27   +1.472825222883665e-14  +3.842657949343123e-14
-26   +1.576810429545918e-14  +3.986003150946862e-14
-25   +1.697219861822620e-14  +4.139982587430150e-14
-24   +1.835493118707293e-14  +4.309740872540153e-14
-23   +1.986653024186754e-14  +4.494218683028271e-14
-22   +2.158662652271393e-14  +4.696425237851562e-14
-21   +2.359226985814403e-14  +4.907256036205568e-14
-20   +2.590560309850795e-14  +5.145817982045753e-14
-19   +2.857714462891390e-14  +5.407096312814334e-14
-18   +3.170647006334889e-14  +5.693810431488288e-14
-17   +3.533732537987922e-14  +6.013962535513369e-14
-16   +3.975092211302980e-14  +6.371115164911742e-14
-15   +4.493537982576800e-14  +6.770831942471090e-14
-14   +5.128113914622635e-14  +7.223439129122862e-14
-13   +5.911741647982255e-14  +7.739102516610832e-14
-12   +6.898104712805963e-14  +8.326256399613001e-14
-11   +8.128327597280924e-14  +8.996291047093822e-14
-10   +9.738620609741502e-14  +9.793152469162355e-14
 -9   +1.211450222601718e-13  +1.071894591807996e-13
 -8   +5.528649160232415e-14  +1.181992206240424e-13
 -7   +3.765995231378311e-12  +1.313584335472691e-13
 -6   -1.394062829992276e-10  +1.469696371883774e-13
 -5   +5.528917202706313e-09  +1.656532907516628e-13
 -4   -2.234307160685834e-07  +1.872972387427410e-13
 -3   +9.373490425903955e-06  +2.578284719416114e-13
 -2   -4.147567312247147e-04  +1.753612263100247e-05
 -1   +2.213026537402399e-02  +3.696056382672022e-03
 +0   -2.917813313211407e-05  +0.000000000000000e+00
 +1   +2.213026537402399e-02  -3.696056382672022e-03
 +2   -4.147567312247147e-04  -1.753612263100247e-05
 +3   +9.373490425903955e-06  -2.578284719416114e-13
 +4   -2.234307160685834e-07  -1.872972387427410e-13
 +5   +5.528917202706313e-09  -1.656532907516628e-13
 +6   -1.394062829992276e-10  -1.469696371883774e-13
 +7   +3.765995231378311e-12  -1.313584335472691e-13
 +8   +5.528649160232415e-14  -1.181992206240424e-13
 +9   +1.211450222601718e-13  -1.071894591807996e-13
+10   +9.738620609741502e-14  -9.793152469162355e-14
+11   +8.128327597280924e-14  -8.996291047093822e-14
+12   +6.898104712805963e-14  -8.326256399613001e-14
+13   +5.911741647982255e-14  -7.739102516610832e-14
+14   +5.128113914622635e-14  -7.223439129122862e-14
+15   +4.493537982576800e-14  -6.770831942471090e-14
+16   +3.975092211302980e-14  -6.371115164911742e-14
+17   +3.533732537987922e-14  -6.013962535513369e-14
+18   +3.170647006334889e-14  -5.693810431488288e-14
+19   +2.857714462891390e-14  -5.407096312814334e-14
+20   +2.590560309850795e-14  -5.145817982045753e-14
+21   +2.359226985814403e-14  -4.907256036205568e-14
+22   +2.158662652271393e-14  -4.696425237851562e-14
+23   +1.986653024186754e-14  -4.494218683028271e-14
+24   +1.835493118707293e-14  -4.309740872540153e-14
+25   +1.697219861822620e-14  -4.139982587430150e-14
+26   +1.576810429545918e-14  -3.986003150946862e-14
+27   +1.472825222883665e-14  -3.842657949343123e-14
+28   +1.377084117179371e-14  -3.705887271514459e-14
+29   +1.287728088732072e-14  -3.578209252375239e-14
+30   +1.210258071191766e-14  -3.464166580406591e-14

