-30   +1.037692183072893e-14  +6.867828902226778e-14
-29   +1.100046865536230e-14  +7.117626477586570e-14
-28   +1.169559031906855e-14  +7.393589389318949e-14
-27   +1.250609106678206e-14  +7.682425290631406e-14
-26   +1.340045292833488e-14  +7.999592158649540e-14
-25   +1.433253198420993e-14  +8.342173177258422e-14
-24   +1.541930488769790e-14  +8.721217835730296e-14
-23   +1.666653711790890e-14  +9.131785433888150e-14
-22   +1.808306657128136e-14  +9.586463398321556e-14
-21   +1.978797411996677e-14  +1.009146084322608e-13
-20   +2.167290031471221e-14  +1.065251609545809e-13
-19   +2.389321974805211e-14  +1.129062079893746e-13
-18   +2.646072695796626e-14  +1.200757632504845e-13
-17   +2.960437308724642e-14  +1.282850036064072e-13
-16   +3.341883229145812e-14  +1.376754573167720e-13
-15   +3.802851207035701e-14  +1.486848546258814e-13
-14   +4.359756457059050e-14  +1.616972233856261e-13
-13   +5.439329681571578e-14  +1.767799548550116e-13
-12   -6.215637350471884e-14  +2.142817982128251e-13
-11   +4.095331658316791e-12  -3.711405355162383e-13
-10   -1.299001920704900e-10  +1.935468516128868e-11
 -9   +4.078839210936311e-09  -5.991470650805154e-10
 -8   -1.225971411038555e-07  +1.801808723959886e-08
 -7   +3.441018135312315e-06  -5.057152484578509e-07
 -6   -8.528155873927173e-05  +1.253356192067620e-05
 -5   +1.571441250338841e-03  -2.309495765248883e-04
 -4   +1.390355612311909e-04  -2.044740401669369e-05
 -3   -2.728215315823007e-03  +4.015623498494136e-04
 -2   -2.025228955536791e-04  +2.482398136804682e-06
 -1   +6.506688106590529e-03  +1.148397404736950e-07
 +0   -8.634734014371173e-01  +0.000000000000000e+00
 +1   +6.506688106590529e-03  -1.148397404736950e-07
 +2   -2.025228955536791e-04  -2.482398136804682e-06
 +3   -2.728215315823007e-03  -4.015623498494136e-04
 +4   +1.390355612311909e-04  +2.044740401669369e-05
 +5   +1.571441250338841e-03  +2.309495765248883e-04
 +6   -8.528155873927173e-05  -1.253356192067620e-05
 +7   +3.441018135312315e-06  +5.057152484578509e-07
 +8   -1.225971411038555e-07  -1.801808723959886e-08
 +9   +4.078839210936311e-09  +5.991470650805154e-10
+10   -1.299001920704900e-10  -1.935468516128868e-11
+11   +4.095331658316791e-12  +3.711405355162383e-13
+12   -6.215637350471884e-14  -2.142817982128251e-13
+13   +5.439329681571578e-14  -1.767799548550116e-13
+14   +4.359756457059050e-14  -1.616972233856261e-13
+15   +3.802851207035701e-14  -1.486848546258814e-13
+16   +3.341883229145812e-14  -1.376754573167720e-13
+17   +2.960437308724642e-14  -1.282850036064072e-13
+18   +2.646072695796626e-14  -1.200757632504845e-13
+19   +2.389321974805211e-14  -1.129062079893746e-13
+20   +2.167290031471221e-14  -1.065251609545809e-13
+21   +1.978797411996677e-14  -1.009146084322608e-13
+22   +1.808306657128136e-14  -9.586463398321556e-14
+23   +1.666653711790890e-14  -9.131785433888150e-14
+24   +1.541930488769790e-14  -8.721217835730296e-14
+25   +1.433253198420993e-14  -8.342173177258422e-14
+26   +1.340045292833488e-14  -7.999592158649540e-14
+27   +1.250609106678206e-14  -7.682425290631406e-14
+28   +1.169559031906855e-14  -7.393589389318949e-14
+29   +1.100046865536230e-14  -7.117626477586570e-14
+30   +1.037692183072893e-14  -6.867828902226778e-14

