-30   -1.176748064020660e-14  +3.697553105729163e-13
-29   -1.316495883586748e-14  +3.823693173354703e-13
-28   -1.471458193068224e-14  +3.958587168037585e-13
-27   -1.644568906597908e-14  +4.102964167969018e-13
-26   -1.838579215196830e-14  +4.257560759779749e-13
-25   -2.058295915879690e-14  +4.424926644260966e-13
-24   -2.299434622949405e-14  +4.605309170558767e-13
-23   -2.579613980880326e-14  +4.801162757393433e-13
-22   -2.892679889455191e-14  +5.013993088234947e-13
-21   -3.254457966063621e-14  +5.246451555331416e-13
-20   -3.666394219704671e-14  +5.500519527126689e-13
-19   -4.149121666640647e-14  +5.780276049835794e-13
-18   -4.707442042965608e-14  +6.090077400513366e-13
-17   -5.366890042525584e-14  +6.433574014521598e-13
-16   -6.144351604507406e-14  +6.817762637714748e-13
-15   -7.079749787688379e-14  +7.248550306776280e-13
-14   -8.208494652159589e-14  +7.735490577178867e-13
-13   -9.601130814872399e-14  +8.289744842431430e-13
-12   -1.132508281136959e-13  +8.926331644047060e-13
-11   -1.350480862545770e-13  +9.657117701309751e-13
-10   -1.710095064986669e-13  +1.068930664797593e-12
 -9   +3.524384664831788e-13  +4.845021815944333e-13
 -8   -3.457246006285372e-11  +2.458109507442812e-11
 -7   +1.954368507350359e-09  -5.622446764132409e-10
 -6   -1.015770270328620e-07  -9.398639466646370e-09
 -5   +4.384752865768170e-06  +2.782448745169492e-06
 -4   -8.963772952163551e-05  -2.440866324703913e-04
 -3   -6.451379761447626e-03  +9.143048289253226e-03
 -2   +2.487854585852837e-01  +1.129695898887591e-01
 -1   +5.555041660568177e-03  -1.060096394014241e-02
 +0   -6.988523551292742e-04  +0.000000000000000e+00
 +1   +5.555041660568177e-03  +1.060096394014241e-02
 +2   +2.487854585852837e-01  -1.129695898887591e-01
 +3   -6.451379761447626e-03  -9.143048289253226e-03
 +4   -8.963772952163551e-05  +2.440866324703913e-04
 +5   +4.384752865768170e-06  -2.782448745169492e-06
 +6   -1.015770270328620e-07  +9.398639466646370e-09
 +7   +1.954368507350359e-09  +5.622446764132409e-10
 +8   -3.457246006285372e-11  -2.458109507442812e-11
 +9   +3.524384664831788e-13  -4.845021815944333e-13
+10   -1.710095064986669e-13  -1.068930664797593e-12
+11   -1.350480862545770e-13  -9.657117701309751e-13
+12   -1.132508281136959e-13  -8.926331644047060e-13
+13   -9.601130814872399e-14  -8.289744842431430e-13
+14   -8.208494652159589e-14  -7.735490577178867e-13
+15   -7.079749787688379e-14  -7.248550306776280e-13
+16   -6.144351604507406e-14  -6.817762637714748e-13
+17   -5.366890042525584e-14  -6.433574014521598e-13
+18   -4.707442042965608e-14  -6.090077400513366e-13
+19   -4.149121666640647e-14  -5.780276049835794e-13
+20   -3.666394219704671e-14  -5.500519527126689e-13
+21   -3.254457966063621e-14  -5.246451555331416e-13
+22   -2.892679889455191e-14  -5.013993088234947e-13
+23   -2.579613980880326e-14  -4.801162757393433e-13
+24   -2.299434622949405e-14  -4.605309170558767e-13
+25   -2.058295915879690e-14  -4.424926644260966e-13
+26   -1.838579215196830e-14  -4.257560759779749e-13
+27   -1.644568906597908e-14  -4.102964167969018e-13
+28   -1.471458193068224e-14  -3.958587168037585e-13
+29   -1.316495883586748e-14  -3.823693173354703e-13
+30   -1.176748064020660e-14  -3.697553105729163e-13

