-30   -1.188036603161362e-14  +3.630060066659023e-13
-29   -1.326490160445704e-14  +3.753327287217820e-13
-28   -1.484994457154811e-14  +3.885775628621747e-13
-27   -1.657968240968932e-14  +4.027004508350488e-13
-26   -1.849859556112929e-14  +4.179269862299244e-13
-25   -2.067036816813856e-14  +4.342899464840787e-13
-24   -2.310353387791847e-14  +4.519702564107778e-13
-23   -2.586260452419853e-14  +4.711904309773006e-13
-22   -2.900443730588504e-14  +4.920559003711377e-13
-21   -3.256753340651052e-14  +5.148259432797092e-13
-20   -3.667491088829933e-14  +5.397325332978863e-13
-19   -4.144269790508451e-14  +5.671413584411760e-13
-18   -4.698314274100047e-14  +5.974399908812453e-13
-17   -5.344317005320865e-14  +6.310995586342936e-13
-16   -6.114640800360976e-14  +6.686570206027557e-13
-15   -7.032328882741044e-14  +7.107814144478176e-13
-14   -8.140684965372518e-14  +7.583016477914425e-13
-13   -9.504152578918145e-14  +8.124078885062568e-13
-12   -1.118255983799982e-13  +8.742924332202864e-13
-11   -1.349219142602393e-13  +9.467370007606038e-13
-10   -8.422310325545242e-14  +9.982809347275545e-13
 -9   -3.476473236620753e-12  +1.975341003514521e-12
 -8   +1.412240074057480e-10  -1.124518880008609e-11
 -7   -5.986723406686721e-09  -7.635007268283954e-10
 -6   +2.370108857916600e-07  +1.050993572215490e-07
 -5   -7.524762002354374e-06  -8.158157220039005e-06
 -4   +6.630667372983750e-05  +4.456527760218894e-04
 -3   +1.009449456209041e-02  -1.110985988386145e-02
 -2   -2.487554398508602e-01  -1.134500343470548e-01
 -1   -1.193235258422134e-02  +1.030497543573733e-02
 +0   +5.412750076709877e-04  +0.000000000000000e+00
 +1   -1.193235258422134e-02  -1.030497543573733e-02
 +2   -2.487554398508602e-01  +1.134500343470548e-01
 +3   +1.009449456209041e-02  +1.110985988386145e-02
 +4   +6.630667372983750e-05  -4.456527760218894e-04
 +5   -7.524762002354374e-06  +8.158157220039005e-06
 +6   +2.370108857916600e-07  -1.050993572215490e-07
 +7   -5.986723406686721e-09  +7.635007268283954e-10
 +8   +1.412240074057480e-10  +1.124518880008609e-11
 +9   -3.476473236620753e-12  -1.975341003514521e-12
+10   -8.422310325545242e-14  -9.982809347275545e-13
+11   -1.349219142602393e-13  -9.467370007606038e-13
+12   -1.118255983799982e-13  -8.742924332202864e-13
+13   -9.504152578918145e-14  -8.124078885062568e-13
+14   -8.140684965372518e-14  -7.583016477914425e-13
+15   -7.032328882741044e-14  -7.107814144478176e-13
+16   -6.114640800360976e-14  -6.686570206027557e-13
+17   -5.344317005320865e-14  -6.310995586342936e-13
+18   -4.698314274100047e-14  -5.974399908812453e-13
+19   -4.144269790508451e-14  -5.671413584411760e-13
+20   -3.667491088829933e-14  -5.397325332978863e-13
+21   -3.256753340651052e-14  -5.148259432797092e-13
+22   -2.900443730588504e-14  -4.920559003711377e-13
+23   -2.586260452419853e-14  -4.711904309773006e-13
+24   -2.310353387791847e-14  -4.519702564107778e-13
+25   -2.067036816813856e-14  -4.342899464840787e-13
+26   -1.849859556112929e-14  -4.179269862299244e-13
+27   -1.657968240968932e-14  -4.027004508350488e-13
+28   -1.484994457154811e-14  -3.885775628621747e-13
+29   -1.326490160445704e-14  -3.753327287217820e-13
+30   -1.188036603161362e-14  -3.630060066659023e-13

