-30   -5.379212267293882e-16  -5.600550470043562e-15
-29   -5.475921816771645e-16  -5.769837361439966e-15
-28   -5.856128476105341e-16  -5.913368353863726e-15
-27   -5.679146276023111e-16  -6.237808018279617e-15
-26   -6.786610275127153e-16  -6.456198782515111e-15
-25   -6.761957168158136e-16  -6.645090186327763e-15
-24   -7.171691720762097e-16  -6.882700699461882e-15
-23   -7.422759035595001e-16  -7.317361642766304e-15
-22   -7.758713511272738e-16  -7.615001414305211e-15
-21   -8.301529821751731e-16  -7.902647350625805e-15
-20   -9.228671714689845e-16  -8.307292718084360e-15
-19   -9.892941711040976e-16  -8.763896746547834e-15
-18   -1.088522357182132e-15  -9.250700360213944e-15
-17   -1.174013729654437e-15  -9.783396962392531e-15
-16   -1.407812013075683e-15  -1.036649946508522e-14
-15   -1.452048065990417e-15  -1.091936207025464e-14
-14   -1.655299837939426e-15  -1.183380724066051e-14
-13   -1.955132553762687e-15  -1.261778768719214e-14
-12   -2.224629995678481e-15  -1.354472452914812e-14
-11   -2.695009741014549e-15  -1.471490804025977e-14
-10   -3.269446242334407e-15  -1.604917085421820e-14
 -9   -1.850854153004099e-15  -2.376253124912127e-14
 -8   -1.537858508517021e-13  +1.914789217962929e-13
 -7   +8.775225018897746e-12  -6.206742006798588e-12
 -6   -4.336311723218680e-10  +7.511763295307578e-11
 -5   +1.589160442742907e-08  +6.716836787425330e-09
 -4   -2.590309963929255e-07  -5.545460929354381e-07
 -3   -8.349300574700301e-06  +1.583565708034508e-05
 -2   +3.705285649421155e-04  +1.286289231034475e-05
 -1   -8.805383363902598e-04  -3.888057573602848e-03
 +0   -7.296565179136752e-04  +0.000000000000000e+00
 +1   -8.805383363902598e-04  +3.888057573602848e-03
 +2   +3.705285649421155e-04  -1.286289231034475e-05
 +3   -8.349300574700301e-06  -1.583565708034508e-05
 +4   -2.590309963929255e-07  +5.545460929354381e-07
 +5   +1.589160442742907e-08  -6.716836787425330e-09
 +6   -4.336311723218680e-10  -7.511763295307578e-11
 +7   +8.775225018897746e-12  +6.206742006798588e-12
 +8   -1.537858508517021e-13  -1.914789217962929e-13
 +9   -1.850854153004099e-15  +2.376253124912127e-14
+10   -3.269446242334407e-15  +1.604917085421820e-14
+11   -2.695009741014549e-15  +1.471490804025977e-14
+12   -2.224629995678481e-15  +1.354472452914812e-14
+13   -1.955132553762687e-15  +1.261778768719214e-14
+14   -1.655299837939426e-15  +1.183380724066051e-14
+15   -1.452048065990417e-15  +1.091936207025464e-14
+16   -1.407812013075683e-15  +1.036649946508522e-14
+17   -1.174013729654437e-15  +9.783396962392531e-15
+18   -1.088522357182132e-15  +9.250700360213944e-15
+19   -9.892941711040976e-16  +8.763896746547834e-15
+20   -9.228671714689845e-16  +8.307292718084360e-15
+21   -8.301529821751731e-16  +7.902647350625805e-15
+22   -7.758713511272738e-16  +7.615001414305211e-15
+23   -7.422759035595001e-16  +7.317361642766304e-15
+24   -7.171691720762097e-16  +6.882700699461882e-15
+25   -6.761957168158136e-16  +6.645090186327763e-15
+26   -6.786610275127153e-16  +6.456198782515111e-15
+27   -5.679146276023111e-16  +6.237808018279617e-15
+28   -5.856128476105341e-16  +5.913368353863726e-15
+29   -5.475921816771645e-16  +5.769837361439966e-15
+30   -5.379212267293882e-16  +5.600550470043562e-15

