-30   +1.221289796936338e-14  +4.605963897251522e-14
-29   +1.299766612793999e-14  +4.768480964932869e-14
-28   +1.388764005445383e-14  +4.938033665736765e-14
-27   +1.483812471461041e-14  +5.120897362885754e-14
-26   +1.591946627874556e-14  +5.316578961896178e-14
-25   +1.715178286588755e-14  +5.529652480020362e-14
-24   +1.850051389187122e-14  +5.761703406031337e-14
-23   +2.006740415656397e-14  +6.010248365969242e-14
-22   +2.182037193468222e-14  +6.280272319384527e-14
-21   +2.389010844103313e-14  +6.582779492649790e-14
-20   +2.623830568378361e-14  +6.911155615073355e-14
-19   +2.902772583029963e-14  +7.273579881588886e-14
-18   +3.227836842972237e-14  +7.676379118816291e-14
-17   +3.604098416055698e-14  +8.118155169512102e-14
-16   +4.061263406078851e-14  +8.622089496479101e-14
-15   +4.616147987625188e-14  +9.194448248012081e-14
-14   +5.292906106689917e-14  +9.862818444086119e-14
-13   +6.299060925385775e-14  +1.027282757416732e-13
-12   +1.874430695416478e-14  +2.210619022269415e-13
-11   +1.809571998485597e-12  -3.319404405481122e-12
-10   -5.422442030912006e-11  +1.086784582345964e-10
 -9   +1.648937854887402e-09  -3.293998616946849e-09
 -8   -4.729892956279510e-08  +9.449875027269015e-08
 -7   +1.238684751295330e-06  -2.474759686161091e-06
 -6   -2.744734899959571e-05  +5.483683021312194e-05
 -5   +4.107559781178180e-04  -8.206429253975868e-04
 -4   +3.851550726743528e-05  -7.714930036998257e-05
 -3   -7.287204986088456e-04  +1.464526486149727e-03
 -2   -1.786925531386541e-04  -1.947422668726700e-05
 -1   +8.429370070557224e-03  +5.533226750539340e-07
 +0   -1.000014669278902e+00  +0.000000000000000e+00
 +1   +8.429370070557224e-03  -5.533226750539340e-07
 +2   -1.786925531386541e-04  +1.947422668726700e-05
 +3   -7.287204986088456e-04  -1.464526486149727e-03
 +4   +3.851550726743528e-05  +7.714930036998257e-05
 +5   +4.107559781178180e-04  +8.206429253975868e-04
 +6   -2.744734899959571e-05  -5.483683021312194e-05
 +7   +1.238684751295330e-06  +2.474759686161091e-06
 +8   -4.729892956279510e-08  -9.449875027269015e-08
 +9   +1.648937854887402e-09  +3.293998616946849e-09
+10   -5.422442030912006e-11  -1.086784582345964e-10
+11   +1.809571998485597e-12  +3.319404405481122e-12
+12   +1.874430695416478e-14  -2.210619022269415e-13
+13   +6.299060925385775e-14  -1.027282757416732e-13
+14   +5.292906106689917e-14  -9.862818444086119e-14
+15   +4.616147987625188e-14  -9.194448248012081e-14
+16   +4.061263406078851e-14  -8.622089496479101e-14
+17   +3.604098416055698e-14  -8.118155169512102e-14
+18   +3.227836842972237e-14  -7.676379118816291e-14
+19   +2.902772583029963e-14  -7.273579881588886e-14
+20   +2.623830568378361e-14  -6.911155615073355e-14
+21   +2.389010844103313e-14  -6.582779492649790e-14
+22   +2.182037193468222e-14  -6.280272319384527e-14
+23   +2.006740415656397e-14  -6.010248365969242e-14
+24   +1.850051389187122e-14  -5.761703406031337e-14
+25   +1.715178286588755e-14  -5.529652480020362e-14
+26   +1.591946627874556e-14  -5.316578961896178e-14
+27   +1.483812471461041e-14  -5.120897362885754e-14
+28   +1.388764005445383e-14  -4.938033665736765e-14
+29   +1.299766612793999e-14  -4.768480964932869e-14
+30   +1.221289796936338e-14  -4.605963897251522e-14

