-30   -0.000000000000000e+00  -1.859689962828438e-16
-29   +0.000000000000000e+00  +1.928813513495918e-16
-28   -0.000000000000000e+00  -2.002873274493244e-16
-27   +0.000000000000000e+00  +2.066719477485728e-16
-26   -0.000000000000000e+00  -2.136352433665020e-16
-25   +0.000000000000000e+00  +2.252234524654172e-16
-24   -0.000000000000000e+00  -2.359780018295256e-16
-23   +0.000000000000000e+00  +2.455892196152795e-16
-22   -0.000000000000000e+00  -2.548057498979986e-16
-21   +0.000000000000000e+00  +2.664212095353193e-16
-20   -0.000000000000000e+00  -2.810327082040761e-16
-19   +0.000000000000000e+00  +2.938829890384808e-16
-18   -0.000000000000000e+00  -3.069099395276970e-16
-17   +0.000000000000000e+00  +3.244444409486319e-16
-16   -0.000000000000000e+00  -3.477695925712966e-16
-15   +0.000000000000000e+00  +3.726470739612493e-16
-14   -0.000000000000000e+00  -3.951627561425480e-16
-13   +0.000000000000000e+00  +4.210968678743178e-16
-12   -0.000000000000000e+00  -4.589230454391313e-16
-11   +0.000000000000000e+00  +5.002502813061890e-16
-10   -0.000000000000000e+00  -5.413872118266009e-16
 -9   +0.000000000000000e+00  +5.916366324773752e-16
 -8   -0.000000000000000e+00  -6.592175942076428e-16
 -7   +0.000000000000000e+00  +7.365960659755975e-16
 -6   -0.000000000000000e+00  -8.138852211843481e-16
 -5   +0.000000000000000e+00  +9.219915571926629e-16
 -4   -0.000000000000000e+00  -1.082842957538645e-15
 -3   +0.000000000000000e+00  +1.225828743764795e-15
 -2   -0.000000000000000e+00  -1.201087567780083e-15
 -1   +0.000000000000000e+00  +9.259803455269544e-16
 +0   +0.000000000000000e+00  +0.000000000000000e+00
 +1   -0.000000000000000e+00  -9.259803455269544e-16
 +2   +0.000000000000000e+00  +1.201087567780083e-15
 +3   -0.000000000000000e+00  -1.225828743764795e-15
 +4   +0.000000000000000e+00  +1.082842957538645e-15
 +5   -0.000000000000000e+00  -9.219915571926629e-16
 +6   +0.000000000000000e+00  +8.138852211843481e-16
 +7   -0.000000000000000e+00  -7.365960659755975e-16
 +8   +0.000000000000000e+00  +6.592175942076428e-16
 +9   -0.000000000000000e+00  -5.916366324773752e-16
+10   +0.000000000000000e+00  +5.413872118266009e-16
+11   -0.000000000000000e+00  -5.002502813061890e-16
+12   +0.000000000000000e+00  +4.589230454391313e-16
+13   -0.000000000000000e+00  -4.210968678743178e-16
+14   +0.000000000000000e+00  +3.951627561425480e-16
+15   -0.000000000000000e+00  -3.726470739612493e-16
+16   +0.000000000000000e+00  +3.477695925712966e-16
+17   -0.000000000000000e+00  -3.244444409486319e-16
+18   +0.000000000000000e+00  +3.069099395276970e-16
+19   -0.000000000000000e+00  -2.938829890384808e-16
+20   +0.000000000000000e+00  +2.810327082040761e-16
+21   -0.000000000000000e+00  -2.664212095353193e-16
+22   +0.000000000000000e+00  +2.548057498979986e-16
+23   -0.000000000000000e+00  -2.455892196152795e-16
+24   +0.000000000000000e+00  +2.359780018295256e-16
+25   -0.000000000000000e+00  -2.252234524654172e-16
+26   +0.000000000000000e+00  +2.136352433665020e-16
+27   -0.000000000000000e+00  -2.066719477485728e-16
+28   +0.000000000000000e+00  +2.002873274493244e-16
+29   -0.000000000000000e+00  -1.928813513495918e-16
+30   +0.000000000000000e+00  +1.859689962828438e-16

