-30   -1.889879829946457e-18  +0.000000000000000e+00
-29   +2.042456426100289e-18  +0.000000000000000e+00
-28   -2.212536400656157e-18  +0.000000000000000e+00
-27   +2.344328082335688e-18  +0.000000000000000e+00
-26   -2.494096714951421e-18  +0.000000000000000e+00
-25   +2.825333678875909e-18  +0.000000000000000e+00
-24   -3.129079233580307e-18  +0.000000000000000e+00
-23   +3.385593993594718e-18  +0.000000000000000e+00
-22   -3.619110264583911e-18  +0.000000000000000e+00
-21   +3.957406108315696e-18  +0.000000000000000e+00
-20   -4.441682347533844e-18  +0.000000000000000e+00
-19   +4.834514928754241e-18  +0.000000000000000e+00
-18   -5.220860623199370e-18  +0.000000000000000e+00
-17   +5.849243299180238e-18  +0.000000000000000e+00
-16   -6.835512240565962e-18  +0.000000000000000e+00
-15   +7.944698961229423e-18  +0.000000000000000e+00
-14   -8.888780229530458e-18  +0.000000000000000e+00
-13   +1.005454214365159e-17  +0.000000000000000e+00
-12   -1.218676759930965e-17  +0.000000000000000e+00
-11   +1.469647518021917e-17  +0.000000000000000e+00
-10   -1.720382836621166e-17  +0.000000000000000e+00
 -9   +2.065656568688849e-17  +0.000000000000000e+00
 -8   -2.633077318457531e-17  +0.000000000000000e+00
 -7   +3.371582438463523e-17  +0.000000000000000e+00
 -6   -4.118539763482116e-17  +0.000000000000000e+00
 -5   +5.544124467721405e-17  +0.000000000000000e+00
 -4   -9.165320369679627e-17  +0.000000000000000e+00
 -3   +1.595377417566383e-16  +0.000000000000000e+00
 -2   -3.414126144338495e-16  +0.000000000000000e+00
 -1   +2.468608299086902e-16  +0.000000000000000e+00
 +0   +7.768115431341744e-16  +0.000000000000000e+00
 +1   +2.468608299086902e-16  +0.000000000000000e+00
 +2   -3.414126144338495e-16  +0.000000000000000e+00
 +3   +1.595377417566383e-16  +0.000000000000000e+00
 +4   -9.165320369679627e-17  +0.000000000000000e+00
 +5   +5.544124467721405e-17  +0.000000000000000e+00
 +6   -4.118539763482116e-17  +0.000000000000000e+00
 +7   +3.371582438463523e-17  +0.000000000000000e+00
 +8   -2.633077318457531e-17  +0.000000000000000e+00
 +9   +2.065656568688849e-17  +0.000000000000000e+00
+10   -1.720382836621166e-17  +0.000000000000000e+00
+11   +1.469647518021917e-17  +0.000000000000000e+00
+12   -1.218676759930965e-17  +0.000000000000000e+00
+13   +1.005454214365159e-17  +0.000000000000000e+00
+14   -8.888780229530458e-18  +0.000000000000000e+00
+15   +7.944698961229423e-18  +0.000000000000000e+00
+16   -6.835512240565962e-18  +0.000000000000000e+00
+17   +5.849243299180238e-18  +0.000000000000000e+00
+18   -5.220860623199370e-18  +0.000000000000000e+00
+19   +4.834514928754241e-18  +0.000000000000000e+00
+20   -4.441682347533844e-18  +0.000000000000000e+00
+21   +3.957406108315696e-18  +0.000000000000000e+00
+22   -3.619110264583911e-18  +0.000000000000000e+00
+23   +3.385593993594718e-18  +0.000000000000000e+00
+24   -3.129079233580307e-18  +0.000000000000000e+00
+25   +2.825333678875909e-18  +0.000000000000000e+00
+26   -2.494096714951421e-18  +0.000000000000000e+00
+27   +2.344328082335688e-18  +0.000000000000000e+00
+28   -2.212536400656157e-18  +0.000000000000000e+00
+29   +2.042456426100289e-18  +0.000000000000000e+00
+30   -1.889879829946457e-18  +0.000000000000000e+00

