-30   -8.306006844977849e-15  +1.396077122764034e-13
-29   -9.113103080541299e-15  +1.443597199556363e-13
-28   -1.000290670695220e-14  +1.494641136169427e-13
-27   -1.099522573981329e-14  +1.549314273529439e-13
-26   -1.209435437999791e-14  +1.607991240031831e-13
-25   -1.332682654670091e-14  +1.671432715461343e-13
-24   -1.474269080567253e-14  +1.739997623685052e-13
-23   -1.633670971521935e-14  +1.814169532806447e-13
-22   -1.813748238598123e-14  +1.895168413138955e-13
-21   -2.018200439313820e-14  +1.983643553086476e-13
-20   -2.255436859999527e-14  +2.080258180208872e-13
-19   -2.532313819473879e-14  +2.186921869067115e-13
-18   -2.851499818651873e-14  +2.305075064884491e-13
-17   -3.230395571359407e-14  +2.436375621192820e-13
-16   -3.682218870770947e-14  +2.583166774391227e-13
-15   -4.224231282315774e-14  +2.748344643258638e-13
-14   -4.879410990087422e-14  +2.935541227991157e-13
-13   -5.688563027153577e-14  +3.148862980010813e-13
-12   -6.703402039033239e-14  +3.394846729742199e-13
-11   -7.985559038087373e-14  +3.680635037684875e-13
-10   -9.747385823737629e-14  +4.016141672853133e-13
 -9   -8.003354173488066e-14  +4.384406825374569e-13
 -8   -1.842849550294772e-12  +6.126990607607096e-13
 -7   +7.542703103590193e-11  -4.980545618272439e-12
 -6   -3.454489308189551e-09  +2.530896819097475e-10
 -5   +1.628276628502997e-07  -1.190054442590934e-08
 -4   -8.126989815356187e-06  +5.940097256238459e-07
 -3   +5.079783899996657e-04  -3.712859479461730e-05
 -2   +1.448641524945649e-01  -1.058825096824150e-02
 -1   +5.859835370114939e-03  -4.283090165624347e-04
 +0   +1.046653023272269e-04  +0.000000000000000e+00
 +1   +5.859835370114939e-03  +4.283090165624347e-04
 +2   +1.448641524945649e-01  +1.058825096824150e-02
 +3   +5.079783899996657e-04  +3.712859479461730e-05
 +4   -8.126989815356187e-06  -5.940097256238459e-07
 +5   +1.628276628502997e-07  +1.190054442590934e-08
 +6   -3.454489308189551e-09  -2.530896819097475e-10
 +7   +7.542703103590193e-11  +4.980545618272439e-12
 +8   -1.842849550294772e-12  -6.126990607607096e-13
 +9   -8.003354173488066e-14  -4.384406825374569e-13
+10   -9.747385823737629e-14  -4.016141672853133e-13
+11   -7.985559038087373e-14  -3.680635037684875e-13
+12   -6.703402039033239e-14  -3.394846729742199e-13
+13   -5.688563027153577e-14  -3.148862980010813e-13
+14   -4.879410990087422e-14  -2.935541227991157e-13
+15   -4.224231282315774e-14  -2.748344643258638e-13
+16   -3.682218870770947e-14  -2.583166774391227e-13
+17   -3.230395571359407e-14  -2.436375621192820e-13
+18   -2.851499818651873e-14  -2.305075064884491e-13
+19   -2.532313819473879e-14  -2.186921869067115e-13
+20   -2.255436859999527e-14  -2.080258180208872e-13
+21   -2.018200439313820e-14  -1.983643553086476e-13
+22   -1.813748238598123e-14  -1.895168413138955e-13
+23   -1.633670971521935e-14  -1.814169532806447e-13
+24   -1.474269080567253e-14  -1.739997623685052e-13
+25   -1.332682654670091e-14  -1.671432715461343e-13
+26   -1.209435437999791e-14  -1.607991240031831e-13
+27   -1.099522573981329e-14  -1.549314273529439e-13
+28   -1.000290670695220e-14  -1.494641136169427e-13
+29   -9.113103080541299e-15  -1.443597199556363e-13
+30   -8.306006844977849e-15  -1.396077122764034e-13

