-30   -1.143238484667802e-15  +1.591817983788741e-14
-29   -1.251941763919472e-15  +1.645339362700821e-14
-28   -1.367995893573407e-15  +1.704485675298445e-14
-27   -1.489753619003330e-15  +1.767729881897038e-14
-26   -1.639728620428622e-15  +1.835300062135358e-14
-25   -1.792577852062902e-15  +1.908169126807645e-14
-24   -1.991726360113898e-15  +1.987693755065533e-14
-23   -2.200093920820353e-15  +2.074707227070782e-14
-22   -2.427829386319012e-15  +2.168798803885919e-14
-21   -2.690196807694078e-15  +2.272466448631120e-14
-20   -3.000668139021432e-15  +2.383482818966473e-14
-19   -3.370934817212769e-15  +2.510276555676339e-14
-18   -3.774153954975361e-15  +2.648854249065388e-14
-17   -4.263747706795334e-15  +2.804795981430746e-14
-16   -4.848160170998030e-15  +2.980723811501140e-14
-15   -5.561839886730910e-15  +3.178583170364432e-14
-14   -6.401475370961317e-15  +3.405229312357555e-14
-13   -7.432562210565813e-15  +3.664211646329768e-14
-12   -8.765155631741458e-15  +3.971084376231992e-14
-11   -1.036778373854344e-14  +4.329682890762836e-14
-10   -1.248990720761853e-14  +4.758844453104579e-14
 -9   -1.549355764288607e-14  +5.294708626529806e-14
 -8   -8.584815482224645e-15  +5.319747948940938e-14
 -7   -5.179761092886837e-13  +4.578568514909155e-13
 -6   +2.238046024577625e-11  -2.590640885786073e-11
 -5   -8.436008136404090e-10  +1.809568643431084e-09
 -4   +2.243822160595674e-09  -1.242503876376599e-07
 -3   +4.757494145052533e-06  +6.419613631362985e-06
 -2   -4.643251712620220e-04  +2.834876934398453e-05
 -1   +3.108132415789874e-03  -1.953110355887658e-02
 +0   +4.425806478193809e-01  +0.000000000000000e+00
 +1   +3.108132415789874e-03  +1.953110355887658e-02
 +2   -4.643251712620220e-04  -2.834876934398453e-05
 +3   +4.757494145052533e-06  -6.419613631362985e-06
 +4   +2.243822160595674e-09  +1.242503876376599e-07
 +5   -8.436008136404090e-10  -1.809568643431084e-09
 +6   +2.238046024577625e-11  +2.590640885786073e-11
 +7   -5.179761092886837e-13  -4.578568514909155e-13
 +8   -8.584815482224645e-15  -5.319747948940938e-14
 +9   -1.549355764288607e-14  -5.294708626529806e-14
+10   -1.248990720761853e-14  -4.758844453104579e-14
+11   -1.036778373854344e-14  -4.329682890762836e-14
+12   -8.765155631741458e-15  -3.971084376231992e-14
+13   -7.432562210565813e-15  -3.664211646329768e-14
+14   -6.401475370961317e-15  -3.405229312357555e-14
+15   -5.561839886730910e-15  -3.178583170364432e-14
+16   -4.848160170998030e-15  -2.980723811501140e-14
+17   -4.263747706795334e-15  -2.804795981430746e-14
+18   -3.774153954975361e-15  -2.648854249065388e-14
+19   -3.370934817212769e-15  -2.510276555676339e-14
+20   -3.000668139021432e-15  -2.383482818966473e-14
+21   -2.690196807694078e-15  -2.272466448631120e-14
+22   -2.427829386319012e-15  -2.168798803885919e-14
+23   -2.200093920820353e-15  -2.074707227070782e-14
+24   -1.991726360113898e-15  -1.987693755065533e-14
+25   -1.792577852062902e-15  -1.908169126807645e-14
+26   -1.639728620428622e-15  -1.835300062135358e-14
+27   -1.489753619003330e-15  -1.767729881897038e-14
+28   -1.367995893573407e-15  -1.704485675298445e-14
+29   -1.251941763919472e-15  -1.645339362700821e-14
+30   -1.143238484667802e-15  -1.591817983788741e-14

