-30   +7.389004992523056e-15  -1.686234196677783e-13
-29   +8.169294336602634e-15  -1.743823380830955e-13
-28   +9.045451589555934e-15  -1.805587050750529e-13
-27   +1.001943104324467e-14  -1.871786858682730e-13
-26   +1.109415305973073e-14  -1.942883278219844e-13
-25   +1.231212205843568e-14  -2.019650284082056e-13
-24   +1.367573946713122e-14  -2.102677487877106e-13
-23   +1.521908090751415e-14  -2.192766447205472e-13
-22   +1.698111848679959e-14  -2.290908873035610e-13
-21   +1.898595112471068e-14  -2.398155847991151e-13
-20   +2.130462502677558e-14  -2.515603756740739e-13
-19   +2.399712609899901e-14  -2.645144532257525e-13
-18   +2.712953253889297e-14  -2.788657012871495e-13
-17   +3.081510080184201e-14  -2.948396890498599e-13
-16   +3.520411768754461e-14  -3.127224397583626e-13
-15   +4.044643142324729e-14  -3.328748184795527e-13
-14   +4.684147504674444e-14  -3.557427406837725e-13
-13   +5.471401111223433e-14  -3.819056752303896e-13
-12   +6.452381652521731e-14  -4.121078180921003e-13
-11   +7.701404644695960e-14  -4.473627634100121e-13
-10   +9.321899929312296e-14  -4.880234314153439e-13
 -9   +1.117109855236185e-13  -5.772595933926162e-13
 -8   +2.674786228200254e-13  +1.094933592028148e-12
 -7   -5.342468342802853e-12  -7.629193872630981e-11
 -6   +2.527174866460325e-10  +3.453468380373125e-09
 -5   -1.190090944969307e-08  -1.628288973240711e-07
 -4   +5.940094236095351e-07  +8.126988142719791e-06
 -3   -3.712859541649500e-05  -5.079783851957529e-04
 -2   -1.058825082975867e-02  -1.448641543815602e-01
 -1   -4.283006210787804e-04  -5.859950225134762e-03
 +0   -7.650047286116154e-06  +0.000000000000000e+00
 +1   -4.283006210787804e-04  +5.859950225134762e-03
 +2   -1.058825082975867e-02  +1.448641543815602e-01
 +3   -3.712859541649500e-05  +5.079783851957529e-04
 +4   +5.940094236095351e-07  -8.126988142719791e-06
 +5   -1.190090944969307e-08  +1.628288973240711e-07
 +6   +2.527174866460325e-10  -3.453468380373125e-09
 +7   -5.342468342802853e-12  +7.629193872630981e-11
 +8   +2.674786228200254e-13  -1.094933592028148e-12
 +9   +1.117109855236185e-13  +5.772595933926162e-13
+10   +9.321899929312296e-14  +4.880234314153439e-13
+11   +7.701404644695960e-14  +4.473627634100121e-13
+12   +6.452381652521731e-14  +4.121078180921003e-13
+13   +5.471401111223433e-14  +3.819056752303896e-13
+14   +4.684147504674444e-14  +3.557427406837725e-13
+15   +4.044643142324729e-14  +3.328748184795527e-13
+16   +3.520411768754461e-14  +3.127224397583626e-13
+17   +3.081510080184201e-14  +2.948396890498599e-13
+18   +2.712953253889297e-14  +2.788657012871495e-13
+19   +2.399712609899901e-14  +2.645144532257525e-13
+20   +2.130462502677558e-14  +2.515603756740739e-13
+21   +1.898595112471068e-14  +2.398155847991151e-13
+22   +1.698111848679959e-14  +2.290908873035610e-13
+23   +1.521908090751415e-14  +2.192766447205472e-13
+24   +1.367573946713122e-14  +2.102677487877106e-13
+25   +1.231212205843568e-14  +2.019650284082056e-13
+26   +1.109415305973073e-14  +1.942883278219844e-13
+27   +1.001943104324467e-14  +1.871786858682730e-13
+28   +9.045451589555934e-15  +1.805587050750529e-13
+29   +8.169294336602634e-15  +1.743823380830955e-13
+30   +7.389004992523056e-15  +1.686234196677783e-13

