-30   +1.432725819488491e-15  +1.566359113948581e-14
-29   +1.496607102058911e-15  +1.618716054196224e-14
-28   +1.588307874341732e-15  +1.675024810240629e-14
-27   +1.670960244169539e-15  +1.738224693145163e-14
-26   +1.782979953014586e-15  +1.805180854929804e-14
-25   +1.884517184740075e-15  +1.873441478602687e-14
-24   +2.026934679524620e-15  +1.950768959001818e-14
-23   +2.175691847687585e-15  +2.037032808610559e-14
-22   +2.325963386103318e-15  +2.128338062430545e-14
-21   +2.526142757380547e-15  +2.225869441155422e-14
-20   +2.748611151959081e-15  +2.335123829499060e-14
-19   +3.006538166730761e-15  +2.457739403566474e-14
-18   +3.303074547223410e-15  +2.590596669870350e-14
-17   +3.648737283897559e-15  +2.738835960319123e-14
-16   +4.083652973489084e-15  +2.904393866258951e-14
-15   +4.554272100562896e-15  +3.088776022047108e-14
-14   +5.167635196500438e-15  +3.304404478539049e-14
-13   +5.947737493555135e-15  +3.545165298792178e-14
-12   +6.881199415966269e-15  +3.824438403056960e-14
-11   +8.079600293565714e-15  +4.149888130792959e-14
-10   +9.624895228598155e-15  +4.534829587897148e-14
 -9   +1.192468134444575e-14  +5.005698620453477e-14
 -8   +4.066326381040776e-15  +4.932696653452377e-14
 -7   +5.122964869842097e-13  +4.524128934439227e-13
 -6   -2.238749478931367e-11  -2.591448805699064e-11
 -5   +8.435923821783835e-10  +1.809555962053811e-09
 -4   -2.243830379711852e-09  -1.242504082989633e-07
 -3   -4.757494146616733e-06  +6.419613600924615e-06
 -2   +4.643251712886182e-04  +2.834876995887518e-05
 -1   -3.108132415748250e-03  -1.953110355888475e-02
 +0   -4.425806478193614e-01  +0.000000000000000e+00
 +1   -3.108132415748250e-03  +1.953110355888475e-02
 +2   +4.643251712886182e-04  -2.834876995887518e-05
 +3   -4.757494146616733e-06  -6.419613600924615e-06
 +4   -2.243830379711852e-09  +1.242504082989633e-07
 +5   +8.435923821783835e-10  -1.809555962053811e-09
 +6   -2.238749478931367e-11  +2.591448805699064e-11
 +7   +5.122964869842097e-13  -4.524128934439227e-13
 +8   +4.066326381040776e-15  -4.932696653452377e-14
 +9   +1.192468134444575e-14  -5.005698620453477e-14
+10   +9.624895228598155e-15  -4.534829587897148e-14
+11   +8.079600293565714e-15  -4.149888130792959e-14
+12   +6.881199415966269e-15  -3.824438403056960e-14
+13   +5.947737493555135e-15  -3.545165298792178e-14
+14   +5.167635196500438e-15  -3.304404478539049e-14
+15   +4.554272100562896e-15  -3.088776022047108e-14
+16   +4.083652973489084e-15  -2.904393866258951e-14
+17   +3.648737283897559e-15  -2.738835960319123e-14
+18   +3.303074547223410e-15  -2.590596669870350e-14
+19   +3.006538166730761e-15  -2.457739403566474e-14
+20   +2.748611151959081e-15  -2.335123829499060e-14
+21   +2.526142757380547e-15  -2.225869441155422e-14
+22   +2.325963386103318e-15  -2.128338062430545e-14
+23   +2.175691847687585e-15  -2.037032808610559e-14
+24   +2.026934679524620e-15  -1.950768959001818e-14
+25   +1.884517184740075e-15  -1.873441478602687e-14
+26   +1.782979953014586e-15  -1.805180854929804e-14
+27   +1.670960244169539e-15  -1.738224693145163e-14
+28   +1.588307874341732e-15  -1.675024810240629e-14
+29   +1.496607102058911e-15  -1.618716054196224e-14
+30   +1.432725819488491e-15  -1.566359113948581e-14

