-30   +2.330702445651187e-15  -1.313628427500287e-13
-29   +2.695806233026599e-15  -1.358743717658753e-13
-28   +3.115542815748895e-15  -1.407024216831623e-13
-27   +3.565275515849470e-15  -1.458857445580576e-13
-26   +4.092349665719891e-15  -1.514549683003460e-13
-25   +4.677113871695189e-15  -1.574604204788653e-13
-24   +5.331178762971317e-15  -1.639853090620649e-13
-23   +6.065226835434889e-15  -1.710519836100558e-13
-22   +6.898753930792892e-15  -1.787587779905986e-13
-21   +7.863146801373243e-15  -1.871879267246637e-13
-20   +8.992587698823468e-15  -1.964319926516630e-13
-19   +1.027486150150369e-14  -2.066317659820152e-13
-18   +1.178516352487018e-14  -2.179625986823979e-13
-17   +1.355337327776162e-14  -2.305966652956826e-13
-16   +1.566798983502599e-14  -2.447585359088334e-13
-15   +1.821909154148465e-14  -2.607687102107105e-13
-14   +2.133892749270624e-14  -2.789730565579286e-13
-13   +2.516447790387233e-14  -2.998577783348640e-13
-12   +2.994229173912222e-14  -3.240783284684195e-13
-11   +3.612755897356277e-14  -3.523406432386147e-13
-10   +4.364268549156770e-14  -3.922881007972654e-13
 -9   +7.444932426081800e-14  -1.576727745505933e-13
 -8   -8.130497779241807e-13  -1.255198214103708e-11
 -7   +4.066111297766721e-11  +5.545315947753938e-10
 -6   -1.923435262522204e-09  -2.631794548051355e-08
 -5   +9.494656604395377e-08  +1.299017364707790e-06
 -4   -4.943972478156593e-06  -6.764143105314818e-05
 -3   +2.739282265445815e-04  +3.747774919159734e-03
 -2   -3.084127643794393e-02  -4.219578346511405e-01
 -1   -7.729220052767438e-04  -1.057424751399725e-02
 +0   +3.168668932711183e-06  +0.000000000000000e+00
 +1   -7.729220052767438e-04  +1.057424751399725e-02
 +2   -3.084127643794393e-02  +4.219578346511405e-01
 +3   +2.739282265445815e-04  -3.747774919159734e-03
 +4   -4.943972478156593e-06  +6.764143105314818e-05
 +5   +9.494656604395377e-08  -1.299017364707790e-06
 +6   -1.923435262522204e-09  +2.631794548051355e-08
 +7   +4.066111297766721e-11  -5.545315947753938e-10
 +8   -8.130497779241807e-13  +1.255198214103708e-11
 +9   +7.444932426081800e-14  +1.576727745505933e-13
+10   +4.364268549156770e-14  +3.922881007972654e-13
+11   +3.612755897356277e-14  +3.523406432386147e-13
+12   +2.994229173912222e-14  +3.240783284684195e-13
+13   +2.516447790387233e-14  +2.998577783348640e-13
+14   +2.133892749270624e-14  +2.789730565579286e-13
+15   +1.821909154148465e-14  +2.607687102107105e-13
+16   +1.566798983502599e-14  +2.447585359088334e-13
+17   +1.355337327776162e-14  +2.305966652956826e-13
+18   +1.178516352487018e-14  +2.179625986823979e-13
+19   +1.027486150150369e-14  +2.066317659820152e-13
+20   +8.992587698823468e-15  +1.964319926516630e-13
+21   +7.863146801373243e-15  +1.871879267246637e-13
+22   +6.898753930792892e-15  +1.787587779905986e-13
+23   +6.065226835434889e-15  +1.710519836100558e-13
+24   +5.331178762971317e-15  +1.639853090620649e-13
+25   +4.677113871695189e-15  +1.574604204788653e-13
+26   +4.092349665719891e-15  +1.514549683003460e-13
+27   +3.565275515849470e-15  +1.458857445580576e-13
+28   +3.115542815748895e-15  +1.407024216831623e-13
+29   +2.695806233026599e-15  +1.358743717658753e-13
+30   +2.330702445651187e-15  +1.313628427500287e-13

