-30   +1.957260304847222e-15  +2.067843515269862e-14
-29   +2.054690847254858e-15  +2.138701645590460e-14
-28   +2.168211897848480e-15  +2.214484607236127e-14
-27   +2.288408654145632e-15  +2.296061573489761e-14
-26   +2.436439317111235e-15  +2.385065033804250e-14
-25   +2.603318139249048e-15  +2.479397017665689e-14
-24   +2.779417386476571e-15  +2.581717254071960e-14
-23   +2.994353425503740e-15  +2.693939000567353e-14
-22   +3.235364620514800e-15  +2.815503866676537e-14
-21   +3.498485023724561e-15  +2.947993282408646e-14
-20   +3.800607526497075e-15  +3.095591679003365e-14
-19   +4.174746487890064e-15  +3.259244836820782e-14
-18   +4.608508045206611e-15  +3.437714171190758e-14
-17   +5.120435874783309e-15  +3.635971778757209e-14
-16   +5.721909290365671e-15  +3.859053267210150e-14
-15   +6.461725350025326e-15  +4.113480153220760e-14
-14   +7.381140089364685e-15  +4.403805608274174e-14
-13   +8.510686613282041e-15  +4.735048793381861e-14
-12   +9.925363234071132e-15  +5.117983809878641e-14
-11   +1.179635084098544e-14  +5.570061307798240e-14
-10   +1.429932044245915e-14  +6.100997144212589e-14
 -9   +1.769250480042780e-14  +6.741541891756808e-14
 -8   +2.050658816788465e-14  +7.297085953656205e-14
 -7   +1.603276174377094e-13  +1.839832409140014e-13
 -6   -9.183497369919013e-12  -3.918674430781064e-12
 -5   +6.681230811507110e-10  +4.472137724338203e-11
 -4   -4.389161613118083e-08  +2.123172066383051e-08
 -3   +1.156182003213005e-06  -3.563752002575125e-06
 -2   +2.069970379483020e-04  +1.592205649389964e-04
 -1   -6.407480536051622e-03  +1.074029759391089e-02
 +0   -2.788339471456580e-01  +0.000000000000000e+00
 +1   -6.407480536051622e-03  -1.074029759391089e-02
 +2   +2.069970379483020e-04  -1.592205649389964e-04
 +3   +1.156182003213005e-06  +3.563752002575125e-06
 +4   -4.389161613118083e-08  -2.123172066383051e-08
 +5   +6.681230811507110e-10  -4.472137724338203e-11
 +6   -9.183497369919013e-12  +3.918674430781064e-12
 +7   +1.603276174377094e-13  -1.839832409140014e-13
 +8   +2.050658816788465e-14  -7.297085953656205e-14
 +9   +1.769250480042780e-14  -6.741541891756808e-14
+10   +1.429932044245915e-14  -6.100997144212589e-14
+11   +1.179635084098544e-14  -5.570061307798240e-14
+12   +9.925363234071132e-15  -5.117983809878641e-14
+13   +8.510686613282041e-15  -4.735048793381861e-14
+14   +7.381140089364685e-15  -4.403805608274174e-14
+15   +6.461725350025326e-15  -4.113480153220760e-14
+16   +5.721909290365671e-15  -3.859053267210150e-14
+17   +5.120435874783309e-15  -3.635971778757209e-14
+18   +4.608508045206611e-15  -3.437714171190758e-14
+19   +4.174746487890064e-15  -3.259244836820782e-14
+20   +3.800607526497075e-15  -3.095591679003365e-14
+21   +3.498485023724561e-15  -2.947993282408646e-14
+22   +3.235364620514800e-15  -2.815503866676537e-14
+23   +2.994353425503740e-15  -2.693939000567353e-14
+24   +2.779417386476571e-15  -2.581717254071960e-14
+25   +2.603318139249048e-15  -2.479397017665689e-14
+26   +2.436439317111235e-15  -2.385065033804250e-14
+27   +2.288408654145632e-15  -2.296061573489761e-14
+28   +2.168211897848480e-15  -2.214484607236127e-14
+29   +2.054690847254858e-15  -2.138701645590460e-14
+30   +1.957260304847222e-15  -2.067843515269862e-14

