-30   -1.056430316364683e-14  +9.583708724694411e-14
-29   -1.144668570332291e-14  +9.909021023760982e-14
-28   -1.244742791778521e-14  +1.025656475268612e-13
-27   -1.355850455709789e-14  +1.062736761953672e-13
-26   -1.478783898649836e-14  +1.103023273803488e-13
-25   -1.616742472499545e-14  +1.146139321841019e-13
-24   -1.772365200584250e-14  +1.192707834962357e-13
-23   -1.948453153125330e-14  +1.243171536552685e-13
-22   -2.150678835858924e-14  +1.298098532203438e-13
-21   -2.380575389973529e-14  +1.358020750368503e-13
-20   -2.646606509417615e-14  +1.423577356644692e-13
-19   -2.953623492470325e-14  +1.495797017225300e-13
-18   -3.313388378575955e-14  +1.575170260035855e-13
-17   -3.738143645028453e-14  +1.663542897195277e-13
-16   -4.245509770748724e-14  +1.761859904582490e-13
-15   -4.855195417066845e-14  +1.872225566512183e-13
-14   -5.596637791388701e-14  +1.996344685984996e-13
-13   -6.512841618514770e-14  +2.137424642603161e-13
-12   -7.665900769452284e-14  +2.298418681521650e-13
-11   -9.126169743861972e-14  +2.483979719734906e-13
-10   -1.167270938600535e-13  +2.702767211354846e-13
 -9   +1.328068726955727e-13  +2.750604367047794e-13
 -8   -1.224733000216300e-11  +1.206288366534920e-12
 -7   +5.548473118903793e-10  -4.021339379016607e-11
 -6   -2.631762675489608e-08  +1.923951564482710e-09
 -5   +1.299017643587315e-06  -9.494596570949027e-08
 -4   -6.764142982798497e-05  +4.943973250554938e-06
 -3   +3.747774864152533e-03  -2.739282298097887e-04
 -2   -4.219578327240069e-01  +3.084127657823788e-02
 -1   -1.057480534846571e-02  +7.728812360466597e-04
 +0   +4.335241063816543e-05  +0.000000000000000e+00
 +1   -1.057480534846571e-02  -7.728812360466597e-04
 +2   -4.219578327240069e-01  -3.084127657823788e-02
 +3   +3.747774864152533e-03  +2.739282298097887e-04
 +4   -6.764142982798497e-05  -4.943973250554938e-06
 +5   +1.299017643587315e-06  +9.494596570949027e-08
 +6   -2.631762675489608e-08  -1.923951564482710e-09
 +7   +5.548473118903793e-10  +4.021339379016607e-11
 +8   -1.224733000216300e-11  -1.206288366534920e-12
 +9   +1.328068726955727e-13  -2.750604367047794e-13
+10   -1.167270938600535e-13  -2.702767211354846e-13
+11   -9.126169743861972e-14  -2.483979719734906e-13
+12   -7.665900769452284e-14  -2.298418681521650e-13
+13   -6.512841618514770e-14  -2.137424642603161e-13
+14   -5.596637791388701e-14  -1.996344685984996e-13
+15   -4.855195417066845e-14  -1.872225566512183e-13
+16   -4.245509770748724e-14  -1.761859904582490e-13
+17   -3.738143645028453e-14  -1.663542897195277e-13
+18   -3.313388378575955e-14  -1.575170260035855e-13
+19   -2.953623492470325e-14  -1.495797017225300e-13
+20   -2.646606509417615e-14  -1.423577356644692e-13
+21   -2.380575389973529e-14  -1.358020750368503e-13
+22   -2.150678835858924e-14  -1.298098532203438e-13
+23   -1.948453153125330e-14  -1.243171536552685e-13
+24   -1.772365200584250e-14  -1.192707834962357e-13
+25   -1.616742472499545e-14  -1.146139321841019e-13
+26   -1.478783898649836e-14  -1.103023273803488e-13
+27   -1.355850455709789e-14  -1.062736761953672e-13
+28   -1.244742791778521e-14  -1.025656475268612e-13
+29   -1.144668570332291e-14  -9.909021023760982e-14
+30   -1.056430316364683e-14  -9.583708724694411e-14

