-30   -9.121958893850131e-18  -2.741727424978051e-16
-29   -1.792218831561054e-17  -2.918188078624949e-16
-28   -1.865651579582098e-17  -3.019913986530867e-16
-27   -1.172990855562612e-17  -3.055788379803075e-16
-26   -1.190539726179999e-17  -3.244111423321111e-16
-25   -1.686408776015022e-17  -3.326112829966558e-16
-24   -1.859819632096669e-17  -3.455258064553273e-16
-23   -1.622300536742345e-17  -3.560735378686107e-16
-22   -2.058982136781967e-17  -3.769818270782212e-16
-21   -1.613988215408855e-17  -4.099175265700813e-16
-20   -1.433979308569325e-17  -4.178516079285201e-16
-19   -1.836307271988149e-17  -4.289815719589473e-16
-18   -2.530817225119553e-17  -4.566026782022978e-16
-17   -2.321259666685653e-17  -4.893737119059874e-16
-16   -2.755918846116205e-17  -5.311340579925997e-16
-15   -3.206484344526475e-17  -5.564844279332508e-16
-14   -4.032753574170557e-17  -5.894557501074725e-16
-13   -2.753702352474504e-17  -6.417222628953704e-16
-12   -2.980655224176966e-17  -6.886120526214460e-16
-11   -4.456524432014740e-17  -7.519857037215779e-16
-10   -6.595493740707184e-17  -8.332901972106540e-16
 -9   -7.181967501927897e-17  -9.622384870189853e-16
 -8   -2.045094368022084e-15  +1.070640519033773e-15
 -7   +1.307111152520260e-13  -1.006653273273957e-13
 -6   -9.224108966548886e-12  +4.013227777218458e-12
 -5   +6.680643740132364e-10  -4.461430361610696e-11
 -4   -4.389170465031238e-08  -2.123160328473479e-08
 -3   +1.156181851155630e-06  +3.563752114978774e-06
 -2   +2.069970396831777e-04  -1.592205648924277e-04
 -1   -6.407480536182956e-03  -1.074029759389584e-02
 +0   -2.788339471458460e-01  +0.000000000000000e+00
 +1   -6.407480536182956e-03  +1.074029759389584e-02
 +2   +2.069970396831777e-04  +1.592205648924277e-04
 +3   +1.156181851155630e-06  -3.563752114978774e-06
 +4   -4.389170465031238e-08  +2.123160328473479e-08
 +5   +6.680643740132364e-10  +4.461430361610696e-11
 +6   -9.224108966548886e-12  -4.013227777218458e-12
 +7   +1.307111152520260e-13  +1.006653273273957e-13
 +8   -2.045094368022084e-15  -1.070640519033773e-15
 +9   -7.181967501927897e-17  +9.622384870189853e-16
+10   -6.595493740707184e-17  +8.332901972106540e-16
+11   -4.456524432014740e-17  +7.519857037215779e-16
+12   -2.980655224176966e-17  +6.886120526214460e-16
+13   -2.753702352474504e-17  +6.417222628953704e-16
+14   -4.032753574170557e-17  +5.894557501074725e-16
+15   -3.206484344526475e-17  +5.564844279332508e-16
+16   -2.755918846116205e-17  +5.311340579925997e-16
+17   -2.321259666685653e-17  +4.893737119059874e-16
+18   -2.530817225119553e-17  +4.566026782022978e-16
+19   -1.836307271988149e-17  +4.289815719589473e-16
+20   -1.433979308569325e-17  +4.178516079285201e-16
+21   -1.613988215408855e-17  +4.099175265700813e-16
+22   -2.058982136781967e-17  +3.769818270782212e-16
+23   -1.622300536742345e-17  +3.560735378686107e-16
+24   -1.859819632096669e-17  +3.455258064553273e-16
+25   -1.686408776015022e-17  +3.326112829966558e-16
+26   -1.190539726179999e-17  +3.244111423321111e-16
+27   -1.172990855562612e-17  +3.055788379803075e-16
+28   -1.865651579582098e-17  +3.019913986530867e-16
+29   -1.792218831561054e-17  +2.918188078624949e-16
+30   -9.121958893850131e-18  +2.741727424978051e-16

