-30   +7.307835008487358e-16  +9.488388670154781e-15
-29   +7.597657821289010e-16  +9.818685813923877e-15
-28   +8.085151516711883e-16  +1.019306742517585e-14
-27   +8.365678424279517e-16  +1.057777754786790e-14
-26   +8.798534175722894e-16  +1.099607411295916e-14
-25   +9.286360830085486e-16  +1.146257509482948e-14
-24   +9.904214218307641e-16  +1.197541550699208e-14
-23   +1.061728047392219e-15  +1.252076685727798e-14
-22   +1.130322042724455e-15  +1.313603692119769e-14
-21   +1.226190734853326e-15  +1.379325757453895e-14
-20   +1.290524105123484e-15  +1.450388141055612e-14
-19   +1.399662193581239e-15  +1.533616994978181e-14
-18   +1.542100015490040e-15  +1.628212785890957e-14
-17   +1.668126544595497e-15  +1.734284485058604e-14
-16   +1.852359724227807e-15  +1.853423002171775e-14
-15   +2.040841369131812e-15  +1.990800634277262e-14
-14   +2.247651359729230e-15  +2.150892523807588e-14
-13   +2.499669562940134e-15  +2.341055243299993e-14
-12   +2.784031068498916e-15  +2.573053931781979e-14
-11   +3.057349606368142e-15  +2.841486124682239e-14
-10   +7.096483428277125e-15  +3.785401322319754e-14
 -9   -1.544633029654180e-13  -2.196868405064225e-13
 -8   +7.156071554782135e-12  +1.162010744709926e-11
 -7   -3.318679205066472e-10  -5.371819319258593e-10
 -6   +1.594079370312638e-08  +2.580495631587452e-08
 -5   -8.021853808330592e-07  -1.298574620822416e-06
 -4   +4.316741494139442e-05  +6.987925058282325e-05
 -3   -2.588632470443554e-03  -4.190468591729604e-03
 -2   +1.965263408527868e-01  +3.181361070619312e-01
 -1   +4.601877916781911e-03  +7.448748305200823e-03
 +0   -3.058219787232327e-05  +0.000000000000000e+00
 +1   +4.601877916781911e-03  -7.448748305200823e-03
 +2   +1.965263408527868e-01  -3.181361070619312e-01
 +3   -2.588632470443554e-03  +4.190468591729604e-03
 +4   +4.316741494139442e-05  -6.987925058282325e-05
 +5   -8.021853808330592e-07  +1.298574620822416e-06
 +6   +1.594079370312638e-08  -2.580495631587452e-08
 +7   -3.318679205066472e-10  +5.371819319258593e-10
 +8   +7.156071554782135e-12  -1.162010744709926e-11
 +9   -1.544633029654180e-13  +2.196868405064225e-13
+10   +7.096483428277125e-15  -3.785401322319754e-14
+11   +3.057349606368142e-15  -2.841486124682239e-14
+12   +2.784031068498916e-15  -2.573053931781979e-14
+13   +2.499669562940134e-15  -2.341055243299993e-14
+14   +2.247651359729230e-15  -2.150892523807588e-14
+15   +2.040841369131812e-15  -1.990800634277262e-14
+16   +1.852359724227807e-15  -1.853423002171775e-14
+17   +1.668126544595497e-15  -1.734284485058604e-14
+18   +1.542100015490040e-15  -1.628212785890957e-14
+19   +1.399662193581239e-15  -1.533616994978181e-14
+20   +1.290524105123484e-15  -1.450388141055612e-14
+21   +1.226190734853326e-15  -1.379325757453895e-14
+22   +1.130322042724455e-15  -1.313603692119769e-14
+23   +1.061728047392219e-15  -1.252076685727798e-14
+24   +9.904214218307641e-16  -1.197541550699208e-14
+25   +9.286360830085486e-16  -1.146257509482948e-14
+26   +8.798534175722894e-16  -1.099607411295916e-14
+27   +8.365678424279517e-16  -1.057777754786790e-14
+28   +8.085151516711883e-16  -1.019306742517585e-14
+29   +7.597657821289010e-16  -9.818685813923877e-15
+30   +7.307835008487358e-16  -9.488388670154781e-15

