-30   -1.476414812701719e-15  +1.816503439677731e-14
-29   -1.602250979479293e-15  +1.878031148951362e-14
-28   -1.750021861973500e-15  +1.944270988873964e-14
-27   -1.922833552303390e-15  +2.015598604452440e-14
-26   -2.101686328551335e-15  +2.092649309286361e-14
-25   -2.306944101552709e-15  +2.174929833737229e-14
-24   -2.547556995413061e-15  +2.263532403933853e-14
-23   -2.796587656041940e-15  +2.361087436354708e-14
-22   -3.098306594808599e-15  +2.466367662839369e-14
-21   -3.446200598682636e-15  +2.581091558827463e-14
-20   -3.837426279848497e-15  +2.705350909415012e-14
-19   -4.309570954543017e-15  +2.843869127872972e-14
-18   -4.856121342276370e-15  +2.996435531393502e-14
-17   -5.504286639091351e-15  +3.169371184373207e-14
-16   -6.244401038775129e-15  +3.358823774202300e-14
-15   -7.186910799456929e-15  +3.570221177684212e-14
-14   -8.340103127690090e-15  +3.811842416454369e-14
-13   -9.723025832670687e-15  +4.086719195283991e-14
-12   -1.152586538974905e-14  +4.401641072296589e-14
-11   -1.365280063669645e-14  +4.757106480661951e-14
-10   -2.257623275931794e-14  +5.543526588572377e-14
 -9   +2.354591511554228e-13  -1.015153950342095e-13
 -8   -1.160394124501898e-11  +7.214399568247253e-12
 -7   +5.371982417476939e-10  -3.318029137373549e-10
 -6   -2.580493957362957e-08  +1.594086715816128e-08
 -5   +1.298574607088796e-06  -8.021853151577751e-07
 -4   -6.987924905521776e-05  +4.316741597413685e-05
 -3   +4.190468505663671e-03  -2.588632523499998e-03
 -2   -3.181361013297314e-01  +1.965263443939566e-01
 -1   -7.449502661903824e-03  +4.601411918410367e-03
 +0   +4.950634647824604e-05  +0.000000000000000e+00
 +1   -7.449502661903824e-03  -4.601411918410367e-03
 +2   -3.181361013297314e-01  -1.965263443939566e-01
 +3   +4.190468505663671e-03  +2.588632523499998e-03
 +4   -6.987924905521776e-05  -4.316741597413685e-05
 +5   +1.298574607088796e-06  +8.021853151577751e-07
 +6   -2.580493957362957e-08  -1.594086715816128e-08
 +7   +5.371982417476939e-10  +3.318029137373549e-10
 +8   -1.160394124501898e-11  -7.214399568247253e-12
 +9   +2.354591511554228e-13  +1.015153950342095e-13
+10   -2.257623275931794e-14  -5.543526588572377e-14
+11   -1.365280063669645e-14  -4.757106480661951e-14
+12   -1.152586538974905e-14  -4.401641072296589e-14
+13   -9.723025832670687e-15  -4.086719195283991e-14
+14   -8.340103127690090e-15  -3.811842416454369e-14
+15   -7.186910799456929e-15  -3.570221177684212e-14
+16   -6.244401038775129e-15  -3.358823774202300e-14
+17   -5.504286639091351e-15  -3.169371184373207e-14
+18   -4.856121342276370e-15  -2.996435531393502e-14
+19   -4.309570954543017e-15  -2.843869127872972e-14
+20   -3.837426279848497e-15  -2.705350909415012e-14
+21   -3.446200598682636e-15  -2.581091558827463e-14
+22   -3.098306594808599e-15  -2.466367662839369e-14
+23   -2.796587656041940e-15  -2.361087436354708e-14
+24   -2.547556995413061e-15  -2.263532403933853e-14
+25   -2.306944101552709e-15  -2.174929833737229e-14
+26   -2.101686328551335e-15  -2.092649309286361e-14
+27   -1.922833552303390e-15  -2.015598604452440e-14
+28   -1.750021861973500e-15  -1.944270988873964e-14
+29   -1.602250979479293e-15  -1.878031148951362e-14
+30   -1.476414812701719e-15  -1.816503439677731e-14

