-30   -1.772344751950228e-14  +5.002533031641964e-13
-29   -1.977043379299556e-14  +5.173540896754373e-13
-28   -2.203745142470953e-14  +5.356554982063907e-13
-27   -2.456309736601088e-14  +5.552967406824581e-13
-26   -2.737984816482304e-14  +5.764235639015657e-13
-25   -3.054692140912369e-14  +5.992113131372956e-13
-24   -3.411035804586572e-14  +6.238588036838503e-13
-23   -3.813901486677739e-14  +6.505967422948650e-13
-22   -4.272711067914000e-14  +6.797249948846746e-13
-21   -4.798381428257435e-14  +7.115599675490778e-13
-20   -5.401971123601954e-14  +7.464764590036597e-13
-19   -6.104604940992074e-14  +7.849541020937009e-13
-18   -6.926132801212222e-14  +8.275747699538962e-13
-17   -7.894968931950153e-14  +8.750099727679786e-13
-16   -9.047341775146754e-14  +9.281187164181360e-13
-15   -1.043006456984117e-13  +9.879677315334731e-13
-14   -1.211678848341188e-13  +1.055894463373512e-12
-13   -1.419758572436102e-13  +1.133580277566975e-12
-12   -1.680512781888021e-13  +1.223239324220223e-12
-11   -2.013038027808351e-13  +1.327390501412993e-12
-10   -2.434108341489123e-13  +1.465922898970062e-12
 -9   -3.468554867464994e-13  +9.861818783797915e-13
 -8   +1.474869331188794e-12  +2.717067850115174e-11
 -7   -7.899823033939926e-11  -1.072075901404043e-09
 -6   +3.403245922056789e-09  +4.657311519583421e-08
 -5   -1.528276828343027e-07  -2.090911260808114e-06
 -4   +7.238858285973916e-06  +9.903914517925895e-05
 -3   -3.802417986833677e-04  -5.202314080714932e-03
 -2   +1.111125798021209e-02  +1.520197301355407e-01
 -1   +4.031240439843502e-04  +5.514952416982653e-03
 +0   -2.123585412313532e-06  +0.000000000000000e+00
 +1   +4.031240439843502e-04  -5.514952416982653e-03
 +2   +1.111125798021209e-02  -1.520197301355407e-01
 +3   -3.802417986833677e-04  +5.202314080714932e-03
 +4   +7.238858285973916e-06  -9.903914517925895e-05
 +5   -1.528276828343027e-07  +2.090911260808114e-06
 +6   +3.403245922056789e-09  -4.657311519583421e-08
 +7   -7.899823033939926e-11  +1.072075901404043e-09
 +8   +1.474869331188794e-12  -2.717067850115174e-11
 +9   -3.468554867464994e-13  -9.861818783797915e-13
+10   -2.434108341489123e-13  -1.465922898970062e-12
+11   -2.013038027808351e-13  -1.327390501412993e-12
+12   -1.680512781888021e-13  -1.223239324220223e-12
+13   -1.419758572436102e-13  -1.133580277566975e-12
+14   -1.211678848341188e-13  -1.055894463373512e-12
+15   -1.043006456984117e-13  -9.879677315334731e-13
+16   -9.047341775146754e-14  -9.281187164181360e-13
+17   -7.894968931950153e-14  -8.750099727679786e-13
+18   -6.926132801212222e-14  -8.275747699538962e-13
+19   -6.104604940992074e-14  -7.849541020937009e-13
+20   -5.401971123601954e-14  -7.464764590036597e-13
+21   -4.798381428257435e-14  -7.115599675490778e-13
+22   -4.272711067914000e-14  -6.797249948846746e-13
+23   -3.813901486677739e-14  -6.505967422948650e-13
+24   -3.411035804586572e-14  -6.238588036838503e-13
+25   -3.054692140912369e-14  -5.992113131372956e-13
+26   -2.737984816482304e-14  -5.764235639015657e-13
+27   -2.456309736601088e-14  -5.552967406824581e-13
+28   -2.203745142470953e-14  -5.356554982063907e-13
+29   -1.977043379299556e-14  -5.173540896754373e-13
+30   -1.772344751950228e-14  -5.002533031641964e-13

