-30   -3.539741374682448e-15  +5.888487840677007e-14
-29   -3.894917559096077e-15  +6.093716144357640e-14
-28   -4.284434000958080e-15  +6.305290206114156e-14
-27   -4.709246972525233e-15  +6.535417406117137e-14
-26   -5.182341336926293e-15  +6.787386670809817e-14
-25   -5.742978160516330e-15  +7.055546970004461e-14
-24   -6.367344137541442e-15  +7.345870938434583e-14
-23   -6.972621682683482e-15  +7.657908884288980e-14
-22   -7.782087390267543e-15  +7.996520000532299e-14
-21   -8.678169543000198e-15  +8.375766319578914e-14
-20   -9.690423454494726e-15  +8.787911104127658e-14
-19   -1.080937320951193e-14  +9.239350753966718e-14
-18   -1.225740182572742e-14  +9.743432664840240e-14
-17   -1.382538752790792e-14  +1.030298536549896e-13
-16   -1.583618591006255e-14  +1.091916357265413e-13
-15   -1.812179363084184e-14  +1.161944061068736e-13
-14   -2.095952612015310e-14  +1.241918989658155e-13
-13   -2.444822603574685e-14  +1.332560403994651e-13
-12   -2.887677590768014e-14  +1.437572615133786e-13
-11   -3.438274445144890e-14  +1.560594045938109e-13
-10   -4.191683220120301e-14  +1.703936019217544e-13
 -9   -5.115288383347146e-14  +1.899078725809857e-13
 -8   -8.960172957114484e-14  +1.132063413658125e-13
 -7   +1.449165245615375e-12  +4.433458319429465e-12
 -6   -9.838230587039653e-11  -1.863281864305669e-10
 -5   +6.556785458480127e-09  +8.082554218768423e-09
 -4   -4.482630084682305e-07  -2.986291624890676e-07
 -3   +2.838042779533654e-05  +3.159769755536877e-06
 -2   -1.153396273370994e-03  +8.306725477104145e-04
 -1   -6.409023446333624e-03  -5.604210844748800e-02
 +0   +1.234955319427655e+00  +0.000000000000000e+00
 +1   -6.409023446333624e-03  +5.604210844748800e-02
 +2   -1.153396273370994e-03  -8.306725477104145e-04
 +3   +2.838042779533654e-05  -3.159769755536877e-06
 +4   -4.482630084682305e-07  +2.986291624890676e-07
 +5   +6.556785458480127e-09  -8.082554218768423e-09
 +6   -9.838230587039653e-11  +1.863281864305669e-10
 +7   +1.449165245615375e-12  -4.433458319429465e-12
 +8   -8.960172957114484e-14  -1.132063413658125e-13
 +9   -5.115288383347146e-14  -1.899078725809857e-13
+10   -4.191683220120301e-14  -1.703936019217544e-13
+11   -3.438274445144890e-14  -1.560594045938109e-13
+12   -2.887677590768014e-14  -1.437572615133786e-13
+13   -2.444822603574685e-14  -1.332560403994651e-13
+14   -2.095952612015310e-14  -1.241918989658155e-13
+15   -1.812179363084184e-14  -1.161944061068736e-13
+16   -1.583618591006255e-14  -1.091916357265413e-13
+17   -1.382538752790792e-14  -1.030298536549896e-13
+18   -1.225740182572742e-14  -9.743432664840240e-14
+19   -1.080937320951193e-14  -9.239350753966718e-14
+20   -9.690423454494726e-15  -8.787911104127658e-14
+21   -8.678169543000198e-15  -8.375766319578914e-14
+22   -7.782087390267543e-15  -7.996520000532299e-14
+23   -6.972621682683482e-15  -7.657908884288980e-14
+24   -6.367344137541442e-15  -7.345870938434583e-14
+25   -5.742978160516330e-15  -7.055546970004461e-14
+26   -5.182341336926293e-15  -6.787386670809817e-14
+27   -4.709246972525233e-15  -6.535417406117137e-14
+28   -4.284434000958080e-15  -6.305290206114156e-14
+29   -3.894917559096077e-15  -6.093716144357640e-14
+30   -3.539741374682448e-15  -5.888487840677007e-14

