-30   +2.444039075305868e-14  -4.151184123292653e-13
-29   +2.682052905035907e-14  -4.292442823546262e-13
-28   +2.945420962229622e-14  -4.443711246669433e-13
-27   +3.236338789140799e-14  -4.605776221186293e-13
-26   +3.562808244021972e-14  -4.780025823278820e-13
-25   +3.928456649913154e-14  -4.967788556176244e-13
-24   +4.340511282022035e-14  -5.170881893296427e-13
-23   +4.809750377708661e-14  -5.391193267202415e-13
-22   +5.338486281152408e-14  -5.630707734039667e-13
-21   +5.944707133505310e-14  -5.891931484499835e-13
-20   +6.641588486918148e-14  -6.178397741564872e-13
-19   +7.453320249216560e-14  -6.493878146537360e-13
-18   +8.399383770517684e-14  -6.842334551159175e-13
-17   +9.512345507733560e-14  -7.229387892652566e-13
-16   +1.083260108239676e-13  -7.662296911896346e-13
-15   +1.242239713026088e-13  -8.148617561932982e-13
-14   +1.434775774077604e-13  -8.698538524000380e-13
-13   +1.671874262869510e-13  -9.325300697415847e-13
-12   +1.967827600438533e-13  -1.004482880526200e-12
-11   +2.339493248608278e-13  -1.087774274883761e-12
-10   +2.978365729137759e-13  -1.186335448342001e-12
 -9   -2.645725942805626e-13  -1.255491809727429e-12
 -8   +2.582971301704713e-11  -3.293330711965635e-12
 -7   -1.073512071899218e-09  +7.690308243620400e-11
 -6   +4.657158636561097e-08  -3.405704639134951e-09
 -5   -2.090912822033797e-06  +1.528247350655917e-07
 -4   +9.903914209634547e-05  -7.238862027355872e-06
 -3   -5.202314005576011e-03  +3.802417996857394e-04
 -2   +1.520197241817697e-01  -1.111125842059511e-02
 -1   +5.515379710499634e-03  -4.030928244021990e-04
 +0   -2.905392430938850e-05  +0.000000000000000e+00
 +1   +5.515379710499634e-03  +4.030928244021990e-04
 +2   +1.520197241817697e-01  +1.111125842059511e-02
 +3   -5.202314005576011e-03  -3.802417996857394e-04
 +4   +9.903914209634547e-05  +7.238862027355872e-06
 +5   -2.090912822033797e-06  -1.528247350655917e-07
 +6   +4.657158636561097e-08  +3.405704639134951e-09
 +7   -1.073512071899218e-09  -7.690308243620400e-11
 +8   +2.582971301704713e-11  +3.293330711965635e-12
 +9   -2.645725942805626e-13  +1.255491809727429e-12
+10   +2.978365729137759e-13  +1.186335448342001e-12
+11   +2.339493248608278e-13  +1.087774274883761e-12
+12   +1.967827600438533e-13  +1.004482880526200e-12
+13   +1.671874262869510e-13  +9.325300697415847e-13
+14   +1.434775774077604e-13  +8.698538524000380e-13
+15   +1.242239713026088e-13  +8.148617561932982e-13
+16   +1.083260108239676e-13  +7.662296911896346e-13
+17   +9.512345507733560e-14  +7.229387892652566e-13
+18   +8.399383770517684e-14  +6.842334551159175e-13
+19   +7.453320249216560e-14  +6.493878146537360e-13
+20   +6.641588486918148e-14  +6.178397741564872e-13
+21   +5.944707133505310e-14  +5.891931484499835e-13
+22   +5.338486281152408e-14  +5.630707734039667e-13
+23   +4.809750377708661e-14  +5.391193267202415e-13
+24   +4.340511282022035e-14  +5.170881893296427e-13
+25   +3.928456649913154e-14  +4.967788556176244e-13
+26   +3.562808244021972e-14  +4.780025823278820e-13
+27   +3.236338789140799e-14  +4.605776221186293e-13
+28   +2.945420962229622e-14  +4.443711246669433e-13
+29   +2.682052905035907e-14  +4.292442823546262e-13
+30   +2.444039075305868e-14  +4.151184123292653e-13

