-30   -5.936806596876770e-15  -6.552567002344811e-14
-29   -6.228321839673198e-15  -6.774627426698955e-14
-28   -6.580074872734487e-15  -7.017985102376859e-14
-27   -6.980374832913559e-15  -7.270129644975619e-14
-26   -7.332317857447137e-15  -7.549411154285117e-14
-25   -7.822013192430017e-15  -7.847269498561470e-14
-24   -8.347927440922833e-15  -8.173834351073847e-14
-23   -8.997569504055234e-15  -8.517429033364538e-14
-22   -9.661895533389583e-15  -8.901433690126987e-14
-21   -1.046727561854304e-14  -9.319866976453910e-14
-20   -1.136332518399780e-14  -9.775666491423823e-14
-19   -1.244959127542796e-14  -1.028231428103984e-13
-18   -1.368030799490988e-14  -1.083793171248521e-13
-17   -1.514872682577297e-14  -1.145928106910874e-13
-16   -1.681481708785341e-14  -1.215070594270973e-13
-15   -1.890935037109715e-14  -1.293954998305856e-13
-14   -2.144303695831142e-14  -1.382330704471213e-13
-13   -2.457508465004907e-14  -1.484066473428788e-13
-12   -2.848462028642827e-14  -1.602033765414169e-13
-11   -3.338569041310414e-14  -1.738269021065205e-13
-10   -3.976534387097420e-14  -1.898126679198823e-13
 -9   -4.797809646219725e-14  -2.112837957632598e-13
 -8   -8.494791730128640e-14  -1.370154472796614e-13
 -7   +1.456254231403407e-12  -4.460301090715685e-12
 -6   -9.837128781260387e-11  +1.862977629329523e-10
 -5   +6.556802809843101e-09  -8.082588359093604e-09
 -4   -4.482629815432319e-07  +2.986291258272427e-07
 -3   +2.838042786257043e-05  -3.159769789535081e-06
 -2   -1.153396274001580e-03  -8.306725477173262e-04
 -1   -6.409023446299945e-03  +5.604210844750711e-02
 +0   +1.234955319427795e+00  +0.000000000000000e+00
 +1   -6.409023446299945e-03  -5.604210844750711e-02
 +2   -1.153396274001580e-03  +8.306725477173262e-04
 +3   +2.838042786257043e-05  +3.159769789535081e-06
 +4   -4.482629815432319e-07  -2.986291258272427e-07
 +5   +6.556802809843101e-09  +8.082588359093604e-09
 +6   -9.837128781260387e-11  -1.862977629329523e-10
 +7   +1.456254231403407e-12  +4.460301090715685e-12
 +8   -8.494791730128640e-14  +1.370154472796614e-13
 +9   -4.797809646219725e-14  +2.112837957632598e-13
+10   -3.976534387097420e-14  +1.898126679198823e-13
+11   -3.338569041310414e-14  +1.738269021065205e-13
+12   -2.848462028642827e-14  +1.602033765414169e-13
+13   -2.457508465004907e-14  +1.484066473428788e-13
+14   -2.144303695831142e-14  +1.382330704471213e-13
+15   -1.890935037109715e-14  +1.293954998305856e-13
+16   -1.681481708785341e-14  +1.215070594270973e-13
+17   -1.514872682577297e-14  +1.145928106910874e-13
+18   -1.368030799490988e-14  +1.083793171248521e-13
+19   -1.244959127542796e-14  +1.028231428103984e-13
+20   -1.136332518399780e-14  +9.775666491423823e-14
+21   -1.046727561854304e-14  +9.319866976453910e-14
+22   -9.661895533389583e-15  +8.901433690126987e-14
+23   -8.997569504055234e-15  +8.517429033364538e-14
+24   -8.347927440922833e-15  +8.173834351073847e-14
+25   -7.822013192430017e-15  +7.847269498561470e-14
+26   -7.332317857447137e-15  +7.549411154285117e-14
+27   -6.980374832913559e-15  +7.270129644975619e-14
+28   -6.580074872734487e-15  +7.017985102376859e-14
+29   -6.228321839673198e-15  +6.774627426698955e-14
+30   -5.936806596876770e-15  +6.552567002344811e-14

