-30   -4.183444862263280e-16  -3.417830688723562e-14
-29   -3.954149399284493e-16  -3.538232448718408e-14
-28   -3.596592647827135e-16  -3.665393691781230e-14
-27   -3.380466984890092e-16  -3.802615465460144e-14
-26   -2.738275802296535e-16  -3.951551652829855e-14
-25   -2.501431072019017e-16  -4.110263453258028e-14
-24   -2.068532168867027e-16  -4.286345161003787e-14
-23   -1.454142947446772e-16  -4.475351657386844e-14
-22   -5.855533724407923e-17  -4.683812141241387e-14
-21   +8.940478830118652e-18  -4.908888690399274e-14
-20   +1.467004723598385e-16  -5.161187367027530e-14
-19   +2.285746256959157e-16  -5.440233623404270e-14
-18   +3.367646959828719e-16  -5.753979585367321e-14
-17   +5.163222187655850e-16  -6.098790755456329e-14
-16   +7.522251890028080e-16  -6.492194846019354e-14
-15   +9.739749597556348e-16  -6.947213430395589e-14
-14   +1.324118343295704e-15  -7.467771492891144e-14
-13   +1.772284137789198e-15  -8.066434019962631e-14
-12   +2.273595764638786e-15  -8.772406920233648e-14
-11   +4.703355102488280e-15  -9.639469315060125e-14
-10   -5.680502548158666e-14  -1.021979964748375e-13
 -9   +2.430966787440875e-12  -2.967575743692383e-13
 -8   -9.663742462049858e-11  +6.928105443485238e-12
 -7   +3.885297250648873e-09  -2.841362185342017e-10
 -6   -1.577629069441072e-07  +1.153084753252639e-08
 -5   +6.480456869282403e-06  -4.736626188949989e-07
 -4   -2.694520703763851e-04  +1.969449291696114e-05
 -3   +1.123931165009373e-02  -8.214913559066381e-04
 -2   -6.414069591377852e-01  +4.688100946860737e-02
 -1   -3.269765472821577e-03  +2.390280379394242e-04
 +0   +9.874284022517712e-05  +0.000000000000000e+00
 +1   -3.269765472821577e-03  -2.390280379394242e-04
 +2   -6.414069591377852e-01  -4.688100946860737e-02
 +3   +1.123931165009373e-02  +8.214913559066381e-04
 +4   -2.694520703763851e-04  -1.969449291696114e-05
 +5   +6.480456869282403e-06  +4.736626188949989e-07
 +6   -1.577629069441072e-07  -1.153084753252639e-08
 +7   +3.885297250648873e-09  +2.841362185342017e-10
 +8   -9.663742462049858e-11  -6.928105443485238e-12
 +9   +2.430966787440875e-12  +2.967575743692383e-13
+10   -5.680502548158666e-14  +1.021979964748375e-13
+11   +4.703355102488280e-15  +9.639469315060125e-14
+12   +2.273595764638786e-15  +8.772406920233648e-14
+13   +1.772284137789198e-15  +8.066434019962631e-14
+14   +1.324118343295704e-15  +7.467771492891144e-14
+15   +9.739749597556348e-16  +6.947213430395589e-14
+16   +7.522251890028080e-16  +6.492194846019354e-14
+17   +5.163222187655850e-16  +6.098790755456329e-14
+18   +3.367646959828719e-16  +5.753979585367321e-14
+19   +2.285746256959157e-16  +5.440233623404270e-14
+20   +1.467004723598385e-16  +5.161187367027530e-14
+21   +8.940478830118652e-18  +4.908888690399274e-14
+22   -5.855533724407923e-17  +4.683812141241387e-14
+23   -1.454142947446772e-16  +4.475351657386844e-14
+24   -2.068532168867027e-16  +4.286345161003787e-14
+25   -2.501431072019017e-16  +4.110263453258028e-14
+26   -2.738275802296535e-16  +3.951551652829855e-14
+27   -3.380466984890092e-16  +3.802615465460144e-14
+28   -3.596592647827135e-16  +3.665393691781230e-14
+29   -3.954149399284493e-16  +3.538232448718408e-14
+30   -4.183444862263280e-16  +3.417830688723562e-14

