-30   +1.174927351442831e-15  +1.640929895509359e-14
-29   +1.224904501397691e-15  +1.695213177290481e-14
-28   +1.283572838847508e-15  +1.753496913534712e-14
-27   +1.342059636125848e-15  +1.814955894323031e-14
-26   +1.421873258984489e-15  +1.879842812983816e-14
-25   +1.506568681296361e-15  +1.951984253531777e-14
-24   +1.588093525920722e-15  +2.029149681424531e-14
-23   +1.690033284917130e-15  +2.110054756178794e-14
-22   +1.811210732951508e-15  +2.198726112849936e-14
-21   +1.946238761218046e-15  +2.295167230183411e-14
-20   +2.110743736961978e-15  +2.399639257041557e-14
-19   +2.281453814651275e-15  +2.512404152331725e-14
-18   +2.484677042288173e-15  +2.635512408882675e-14
-17   +2.706146876217315e-15  +2.771487923020005e-14
-16   +2.977608479686004e-15  +2.917648525934195e-14
-15   +3.307850444880745e-15  +3.080734927093574e-14
-14   +3.692451092553865e-15  +3.260749048993631e-14
-13   +4.148989909590487e-15  +3.454231124482836e-14
-12   +4.682477084635799e-15  +3.668765608396949e-14
-11   +5.362458905413475e-15  +3.892686950335423e-14
-10   +6.153773547198350e-15  +4.129255996606751e-14
 -9   +7.322073045924978e-15  +4.361489750372305e-14
 -8   -2.629411644397119e-15  +5.061823702484315e-14
 -7   +4.942814763745416e-13  -2.637490387666853e-13
 -6   -2.159326885809538e-11  +2.073151726494310e-11
 -5   +8.227516381375474e-10  -1.434431295349744e-09
 -4   -7.650402792687202e-09  +9.718365577854374e-08
 -3   -3.436024925052687e-06  -4.747821768264192e-06
 -2   +3.012983975935121e-04  -4.167594028555346e-05
 -1   +6.141347923047390e-06  +1.007899129121297e-02
 +0   -1.597933997077061e-01  +0.000000000000000e+00
 +1   +6.141347923047390e-06  -1.007899129121297e-02
 +2   +3.012983975935121e-04  +4.167594028555346e-05
 +3   -3.436024925052687e-06  +4.747821768264192e-06
 +4   -7.650402792687202e-09  -9.718365577854374e-08
 +5   +8.227516381375474e-10  +1.434431295349744e-09
 +6   -2.159326885809538e-11  -2.073151726494310e-11
 +7   +4.942814763745416e-13  +2.637490387666853e-13
 +8   -2.629411644397119e-15  -5.061823702484315e-14
 +9   +7.322073045924978e-15  -4.361489750372305e-14
+10   +6.153773547198350e-15  -4.129255996606751e-14
+11   +5.362458905413475e-15  -3.892686950335423e-14
+12   +4.682477084635799e-15  -3.668765608396949e-14
+13   +4.148989909590487e-15  -3.454231124482836e-14
+14   +3.692451092553865e-15  -3.260749048993631e-14
+15   +3.307850444880745e-15  -3.080734927093574e-14
+16   +2.977608479686004e-15  -2.917648525934195e-14
+17   +2.706146876217315e-15  -2.771487923020005e-14
+18   +2.484677042288173e-15  -2.635512408882675e-14
+19   +2.281453814651275e-15  -2.512404152331725e-14
+20   +2.110743736961978e-15  -2.399639257041557e-14
+21   +1.946238761218046e-15  -2.295167230183411e-14
+22   +1.811210732951508e-15  -2.198726112849936e-14
+23   +1.690033284917130e-15  -2.110054756178794e-14
+24   +1.588093525920722e-15  -2.029149681424531e-14
+25   +1.506568681296361e-15  -1.951984253531777e-14
+26   +1.421873258984489e-15  -1.879842812983816e-14
+27   +1.342059636125848e-15  -1.814955894323031e-14
+28   +1.283572838847508e-15  -1.753496913534712e-14
+29   +1.224904501397691e-15  -1.695213177290481e-14
+30   +1.174927351442831e-15  -1.640929895509359e-14

