-30   -6.158597853634508e-15  +1.967747986820772e-13
-29   -6.925820042047875e-15  +2.035502725856247e-13
-28   -7.746522546335673e-15  +2.108020217908318e-13
-27   -8.677131896429429e-15  +2.186065211600396e-13
-26   -9.729166996253264e-15  +2.269922164758218e-13
-25   -1.088128466554653e-14  +2.360756171377236e-13
-24   -1.219865431329167e-14  +2.459051506162704e-13
-23   -1.369828118160057e-14  +2.565364747628184e-13
-22   -1.537928368157320e-14  +2.681720514438832e-13
-21   -1.730639900066253e-14  +2.809139637102183e-13
-20   -1.954853559011249e-14  +2.949137526940739e-13
-19   -2.215057790172848e-14  +3.103952986544504e-13
-18   -2.520909885915581e-14  +3.275629510051900e-13
-17   -2.882173312670553e-14  +3.467181283164563e-13
-16   -3.313672421427823e-14  +3.682430372657035e-13
-15   -3.832090080999185e-14  +3.926838431347613e-13
-14   -4.469623892596133e-14  +4.205651405439028e-13
-13   -5.256672793984274e-14  +4.525917785715478e-13
-12   -6.250116979871769e-14  +4.899890365533226e-13
-11   -7.529871347462609e-14  +5.323783653760018e-13
-10   -8.748703566983492e-14  +6.477100820153558e-13
 -9   -2.917541754156022e-13  -1.774258980765811e-12
 -8   +6.917812975343198e-12  +9.737629365988191e-11
 -7   -2.841707612846081e-10  -3.884452262501509e-09
 -6   +1.153077276580506e-08  +1.577638914276849e-07
 -5   -4.736627746837838e-07  -6.480455577063674e-06
 -4   +1.969449293357947e-05  +2.694520675924236e-04
 -3   -8.214913696501878e-04  -1.123931146879840e-02
 -2   +4.688100990399244e-02  +6.414069531371814e-01
 -1   +2.389900907815133e-04  +3.270284661490932e-03
 +0   -7.217214708920262e-06  +0.000000000000000e+00
 +1   +2.389900907815133e-04  -3.270284661490932e-03
 +2   +4.688100990399244e-02  -6.414069531371814e-01
 +3   -8.214913696501878e-04  +1.123931146879840e-02
 +4   +1.969449293357947e-05  -2.694520675924236e-04
 +5   -4.736627746837838e-07  +6.480455577063674e-06
 +6   +1.153077276580506e-08  -1.577638914276849e-07
 +7   -2.841707612846081e-10  +3.884452262501509e-09
 +8   +6.917812975343198e-12  -9.737629365988191e-11
 +9   -2.917541754156022e-13  +1.774258980765811e-12
+10   -8.748703566983492e-14  -6.477100820153558e-13
+11   -7.529871347462609e-14  -5.323783653760018e-13
+12   -6.250116979871769e-14  -4.899890365533226e-13
+13   -5.256672793984274e-14  -4.525917785715478e-13
+14   -4.469623892596133e-14  -4.205651405439028e-13
+15   -3.832090080999185e-14  -3.926838431347613e-13
+16   -3.313672421427823e-14  -3.682430372657035e-13
+17   -2.882173312670553e-14  -3.467181283164563e-13
+18   -2.520909885915581e-14  -3.275629510051900e-13
+19   -2.215057790172848e-14  -3.103952986544504e-13
+20   -1.954853559011249e-14  -2.949137526940739e-13
+21   -1.730639900066253e-14  -2.809139637102183e-13
+22   -1.537928368157320e-14  -2.681720514438832e-13
+23   -1.369828118160057e-14  -2.565364747628184e-13
+24   -1.219865431329167e-14  -2.459051506162704e-13
+25   -1.088128466554653e-14  -2.360756171377236e-13
+26   -9.729166996253264e-15  -2.269922164758218e-13
+27   -8.677131896429429e-15  -2.186065211600396e-13
+28   -7.746522546335673e-15  -2.108020217908318e-13
+29   -6.925820042047875e-15  -2.035502725856247e-13
+30   -6.158597853634508e-15  -1.967747986820772e-13

