-30   +1.485922749414060e-15  +1.644521083618871e-14
-29   +1.554743227627897e-15  +1.700045494903881e-14
-28   +1.640970796718679e-15  +1.760167581720685e-14
-27   +1.732506293815146e-15  +1.826469589073404e-14
-26   +1.813284828570491e-15  +1.893962013693223e-14
-25   +1.952990224554055e-15  +1.969314446584584e-14
-24   +2.084147617591901e-15  +2.051061281892786e-14
-23   +2.238476482116166e-15  +2.138982579613028e-14
-22   +2.400790302335522e-15  +2.234041404269574e-14
-21   +2.607416057326955e-15  +2.338945851529624e-14
-20   +2.841064393295631e-15  +2.453732563434583e-14
-19   +3.089918792875178e-15  +2.579764542873793e-14
-18   +3.409197417638441e-15  +2.719483069021207e-14
-17   +3.779691476430835e-15  +2.875554104689573e-14
-16   +4.179995076937089e-15  +3.047705493905153e-14
-15   +4.684489079236416e-15  +3.247076750269215e-14
-14   +5.320991359584406e-15  +3.470059926571883e-14
-13   +6.084231583353065e-15  +3.723551214831557e-14
-12   +7.062014737546848e-15  +4.019650047586038e-14
-11   +8.291105968941784e-15  +4.358610668171503e-14
-10   +9.876607799535200e-15  +4.768738628827507e-14
 -9   +1.177713177895981e-14  +5.244104714426090e-14
 -8   +2.563021692955369e-14  +6.322662015287459e-14
 -7   -4.663652284739328e-13  -2.451074199872830e-13
 -6   +2.162728050102325e-11  +2.076032641343959e-11
 -5   -8.227118755747434e-10  -1.434384324750256e-09
 -4   +7.650442465178538e-09  +9.718373368111716e-08
 -3   +3.436024938872080e-06  -4.747821588713804e-06
 -2   -3.012983977006574e-04  -4.167594303197721e-05
 -1   -6.141348093008308e-06  +1.007899129130792e-02
 +0   +1.597933997075121e-01  +0.000000000000000e+00
 +1   -6.141348093008308e-06  -1.007899129130792e-02
 +2   -3.012983977006574e-04  +4.167594303197721e-05
 +3   +3.436024938872080e-06  +4.747821588713804e-06
 +4   +7.650442465178538e-09  -9.718373368111716e-08
 +5   -8.227118755747434e-10  +1.434384324750256e-09
 +6   +2.162728050102325e-11  -2.076032641343959e-11
 +7   -4.663652284739328e-13  +2.451074199872830e-13
 +8   +2.563021692955369e-14  -6.322662015287459e-14
 +9   +1.177713177895981e-14  -5.244104714426090e-14
+10   +9.876607799535200e-15  -4.768738628827507e-14
+11   +8.291105968941784e-15  -4.358610668171503e-14
+12   +7.062014737546848e-15  -4.019650047586038e-14
+13   +6.084231583353065e-15  -3.723551214831557e-14
+14   +5.320991359584406e-15  -3.470059926571883e-14
+15   +4.684489079236416e-15  -3.247076750269215e-14
+16   +4.179995076937089e-15  -3.047705493905153e-14
+17   +3.779691476430835e-15  -2.875554104689573e-14
+18   +3.409197417638441e-15  -2.719483069021207e-14
+19   +3.089918792875178e-15  -2.579764542873793e-14
+20   +2.841064393295631e-15  -2.453732563434583e-14
+21   +2.607416057326955e-15  -2.338945851529624e-14
+22   +2.400790302335522e-15  -2.234041404269574e-14
+23   +2.238476482116166e-15  -2.138982579613028e-14
+24   +2.084147617591901e-15  -2.051061281892786e-14
+25   +1.952990224554055e-15  -1.969314446584584e-14
+26   +1.813284828570491e-15  -1.893962013693223e-14
+27   +1.732506293815146e-15  -1.826469589073404e-14
+28   +1.640970796718679e-15  -1.760167581720685e-14
+29   +1.554743227627897e-15  -1.700045494903881e-14
+30   +1.485922749414060e-15  -1.644521083618871e-14

