-30   +4.123817448930879e-15  -1.132707390081338e-14
-29   +4.415961818454675e-15  -1.171311985297592e-14
-28   +4.756824279394058e-15  -1.207283238670561e-14
-27   +5.141582286002220e-15  -1.248711369371772e-14
-26   +5.552928066364642e-15  -1.289831713358053e-14
-25   +6.054963629931463e-15  -1.334610024219304e-14
-24   +6.545001162705131e-15  -1.383366020680324e-14
-23   +7.158481347937978e-15  -1.433819367942122e-14
-22   +7.833888300612041e-15  -1.489350178551113e-14
-21   +8.603441852182197e-15  -1.545295307737341e-14
-20   +9.488727953123516e-15  -1.609474886566610e-14
-19   +1.054690851920255e-14  -1.672267761547124e-14
-18   +1.177444966692482e-14  -1.743332392560386e-14
-17   +1.317527396988066e-14  -1.813031441121384e-14
-16   +1.488249221623830e-14  -1.891135114310821e-14
-15   +1.686785254302077e-14  -1.966554116995895e-14
-14   +1.929327495246328e-14  -2.041072024689119e-14
-13   +2.238479656431507e-14  -2.112297853775100e-14
-12   +2.616189191879783e-14  -2.174462806477791e-14
-11   +2.941130121731274e-14  -2.118966410450360e-14
-10   +9.356055948484551e-14  -5.691975729690810e-14
 -9   -2.207014328334342e-12  +1.370257142475069e-12
 -8   +9.020831654289275e-11  -5.570944215974563e-11
 -7   -3.646092294907904e-09  +2.252379211290511e-09
 -6   +1.493311844338541e-07  -9.224823088965256e-08
 -5   -6.216185344447394e-06  +3.840004817771543e-06
 -4   +2.646277901937918e-04  -1.634719535725734e-04
 -3   -1.167854023663079e-02  +7.214335988109680e-03
 -2   +5.684867717192710e-01  -3.511787002769792e-01
 -1   +5.861478480720639e-03  -3.621452428224539e-03
 +0   +1.054834548711393e-05  +0.000000000000000e+00
 +1   +5.861478480720639e-03  +3.621452428224539e-03
 +2   +5.684867717192710e-01  +3.511787002769792e-01
 +3   -1.167854023663079e-02  -7.214335988109680e-03
 +4   +2.646277901937918e-04  +1.634719535725734e-04
 +5   -6.216185344447394e-06  -3.840004817771543e-06
 +6   +1.493311844338541e-07  +9.224823088965256e-08
 +7   -3.646092294907904e-09  -2.252379211290511e-09
 +8   +9.020831654289275e-11  +5.570944215974563e-11
 +9   -2.207014328334342e-12  -1.370257142475069e-12
+10   +9.356055948484551e-14  +5.691975729690810e-14
+11   +2.941130121731274e-14  +2.118966410450360e-14
+12   +2.616189191879783e-14  +2.174462806477791e-14
+13   +2.238479656431507e-14  +2.112297853775100e-14
+14   +1.929327495246328e-14  +2.041072024689119e-14
+15   +1.686785254302077e-14  +1.966554116995895e-14
+16   +1.488249221623830e-14  +1.891135114310821e-14
+17   +1.317527396988066e-14  +1.813031441121384e-14
+18   +1.177444966692482e-14  +1.743332392560386e-14
+19   +1.054690851920255e-14  +1.672267761547124e-14
+20   +9.488727953123516e-15  +1.609474886566610e-14
+21   +8.603441852182197e-15  +1.545295307737341e-14
+22   +7.833888300612041e-15  +1.489350178551113e-14
+23   +7.158481347937978e-15  +1.433819367942122e-14
+24   +6.545001162705131e-15  +1.383366020680324e-14
+25   +6.054963629931463e-15  +1.334610024219304e-14
+26   +5.552928066364642e-15  +1.289831713358053e-14
+27   +5.141582286002220e-15  +1.248711369371772e-14
+28   +4.756824279394058e-15  +1.207283238670561e-14
+29   +4.415961818454675e-15  +1.171311985297592e-14
+30   +4.123817448930879e-15  +1.132707390081338e-14

