-30   -1.784180705943688e-15  +5.474177478479582e-14
-29   -2.001456703197891e-15  +5.665765737874936e-14
-28   -2.258452897211259e-15  +5.869216439058767e-14
-27   -2.534798959985967e-15  +6.085316899246570e-14
-26   -2.828745878895357e-15  +6.322769361201897e-14
-25   -3.162519699445853e-15  +6.573878834530702e-14
-24   -3.548290632488802e-15  +6.850716643430930e-14
-23   -3.968206916920621e-15  +7.148701829399649e-14
-22   -4.456717077309642e-15  +7.475289711826276e-14
-21   -5.032037770833229e-15  +7.832374850523665e-14
-20   -5.701725683654087e-15  +8.222981975194391e-14
-19   -6.499602585780148e-15  +8.664013696093761e-14
-18   -7.440780539221058e-15  +9.147253507899531e-14
-17   -8.501427654630842e-15  +9.692420253414212e-14
-16   -9.810913269450050e-15  +1.029542410523550e-13
-15   -1.138136507924591e-14  +1.099017525213588e-13
-14   -1.334472201479110e-14  +1.178087866918358e-13
-13   -1.587430323961016e-14  +1.269643952538240e-13
-12   -1.905358615790992e-14  +1.376257438312107e-13
-11   -2.408937080764704e-14  +1.487248882436042e-13
-10   +6.169589684688034e-15  +2.219225551946204e-13
 -9   -1.427511431523574e-12  -2.068270669804672e-12
 -8   +5.564360862268979e-11  +9.035923191191442e-11
 -7   -2.252455730027609e-09  -3.645926975998069e-09
 -6   +9.224814245034222e-08  +1.493313629390631e-07
 -5   -3.840005021238346e-06  -6.216184990219399e-06
 -4   +1.634719573773689e-04  +2.646277840401311e-04
 -3   -7.214336159129876e-03  -1.167853995981303e-02
 -2   +3.511787081132918e-01  +5.684867590337888e-01
 -1   +3.620887138764759e-03  +5.862393568922124e-03
 +0   +6.516165974047403e-06  +0.000000000000000e+00
 +1   +3.620887138764759e-03  -5.862393568922124e-03
 +2   +3.511787081132918e-01  -5.684867590337888e-01
 +3   -7.214336159129876e-03  +1.167853995981303e-02
 +4   +1.634719573773689e-04  -2.646277840401311e-04
 +5   -3.840005021238346e-06  +6.216184990219399e-06
 +6   +9.224814245034222e-08  -1.493313629390631e-07
 +7   -2.252455730027609e-09  +3.645926975998069e-09
 +8   +5.564360862268979e-11  -9.035923191191442e-11
 +9   -1.427511431523574e-12  +2.068270669804672e-12
+10   +6.169589684688034e-15  -2.219225551946204e-13
+11   -2.408937080764704e-14  -1.487248882436042e-13
+12   -1.905358615790992e-14  -1.376257438312107e-13
+13   -1.587430323961016e-14  -1.269643952538240e-13
+14   -1.334472201479110e-14  -1.178087866918358e-13
+15   -1.138136507924591e-14  -1.099017525213588e-13
+16   -9.810913269450050e-15  -1.029542410523550e-13
+17   -8.501427654630842e-15  -9.692420253414212e-14
+18   -7.440780539221058e-15  -9.147253507899531e-14
+19   -6.499602585780148e-15  -8.664013696093761e-14
+20   -5.701725683654087e-15  -8.222981975194391e-14
+21   -5.032037770833229e-15  -7.832374850523665e-14
+22   -4.456717077309642e-15  -7.475289711826276e-14
+23   -3.968206916920621e-15  -7.148701829399649e-14
+24   -3.548290632488802e-15  -6.850716643430930e-14
+25   -3.162519699445853e-15  -6.573878834530702e-14
+26   -2.828745878895357e-15  -6.322769361201897e-14
+27   -2.534798959985967e-15  -6.085316899246570e-14
+28   -2.258452897211259e-15  -5.869216439058767e-14
+29   -2.001456703197891e-15  -5.665765737874936e-14
+30   -1.784180705943688e-15  -5.474177478479582e-14

