-30   -8.052379360211860e-15  +4.856400264095917e-15
-29   -8.619236398584715e-15  +4.989601192689415e-15
-28   -9.265960597891785e-15  +5.155486274145173e-15
-27   -9.954047124391309e-15  +5.361893912792176e-15
-26   -1.076952808813220e-14  +5.564581281239134e-15
-25   -1.165589846904232e-14  +5.795740790238685e-15
-24   -1.260541459844959e-14  +6.049167895798924e-15
-23   -1.377400346828756e-14  +6.308815330670002e-15
-22   -1.508107610315997e-14  +6.584610931856001e-15
-21   -1.658100949543521e-14  +6.880676151931602e-15
-20   -1.828142998296591e-14  +7.230643736798647e-15
-19   -2.025408559489328e-14  +7.646867006742069e-15
-18   -2.254264884689370e-14  +8.047154796798465e-15
-17   -2.525857683330115e-14  +8.481633530951470e-15
-16   -2.854138534437840e-14  +9.025208206641737e-15
-15   -3.247966684093370e-14  +9.599773023364319e-15
-14   -3.731890084258317e-14  +1.029134156467650e-14
-13   -4.325607382499115e-14  +1.105639086474657e-14
-12   -5.069364092006985e-14  +1.183970250112889e-14
-11   -5.987790713542629e-14  +1.288768110855112e-14
-10   -8.783681546088048e-14  +1.525244135627604e-14
 -9   +5.221598459322941e-13  -2.920534903853479e-14
 -8   -2.550798209979621e-11  +1.873235755068286e-12
 -7   +1.073923036410295e-09  -7.848578903564047e-11
 -6   -4.657104702056532e-08  +3.403925912013035e-09
 -5   +2.090913554996900e-06  -1.528267480977645e-07
 -4   -9.903914105081512e-05  +7.238859743210230e-06
 -3   +5.202314007189169e-03  -3.802418022545891e-04
 -2   -1.520197241789327e-01  +1.111125841793728e-02
 -1   -5.515379705531303e-03  +4.030928183122012e-04
 +0   +2.905384139471040e-05  +0.000000000000000e+00
 +1   -5.515379705531303e-03  -4.030928183122012e-04
 +2   -1.520197241789327e-01  -1.111125841793728e-02
 +3   +5.202314007189169e-03  +3.802418022545891e-04
 +4   -9.903914105081512e-05  -7.238859743210230e-06
 +5   +2.090913554996900e-06  +1.528267480977645e-07
 +6   -4.657104702056532e-08  -3.403925912013035e-09
 +7   +1.073923036410295e-09  +7.848578903564047e-11
 +8   -2.550798209979621e-11  -1.873235755068286e-12
 +9   +5.221598459322941e-13  +2.920534903853479e-14
+10   -8.783681546088048e-14  -1.525244135627604e-14
+11   -5.987790713542629e-14  -1.288768110855112e-14
+12   -5.069364092006985e-14  -1.183970250112889e-14
+13   -4.325607382499115e-14  -1.105639086474657e-14
+14   -3.731890084258317e-14  -1.029134156467650e-14
+15   -3.247966684093370e-14  -9.599773023364319e-15
+16   -2.854138534437840e-14  -9.025208206641737e-15
+17   -2.525857683330115e-14  -8.481633530951470e-15
+18   -2.254264884689370e-14  -8.047154796798465e-15
+19   -2.025408559489328e-14  -7.646867006742069e-15
+20   -1.828142998296591e-14  -7.230643736798647e-15
+21   -1.658100949543521e-14  -6.880676151931602e-15
+22   -1.508107610315997e-14  -6.584610931856001e-15
+23   -1.377400346828756e-14  -6.308815330670002e-15
+24   -1.260541459844959e-14  -6.049167895798924e-15
+25   -1.165589846904232e-14  -5.795740790238685e-15
+26   -1.076952808813220e-14  -5.564581281239134e-15
+27   -9.954047124391309e-15  -5.361893912792176e-15
+28   -9.265960597891785e-15  -5.155486274145173e-15
+29   -8.619236398584715e-15  -4.989601192689415e-15
+30   -8.052379360211860e-15  -4.856400264095917e-15

