-30   +4.092393891702971e-15  -1.432200344894717e-13
-29   +4.632055094758989e-15  -1.481732074225458e-13
-28   +5.194898836263853e-15  -1.534810526786328e-13
-27   +5.849500082159304e-15  -1.591877192744785e-13
-26   +6.559699385481397e-15  -1.653290776672198e-13
-25   +7.358288855432112e-15  -1.719817597728261e-13
-24   +8.277403179732418e-15  -1.791848039640954e-13
-23   +9.328815010361467e-15  -1.869982378687408e-13
-22   +1.047599536061978e-14  -1.955206923454852e-13
-21   +1.184763258802409e-14  -2.048925687327068e-13
-20   +1.340446434734049e-14  -2.152114989021506e-13
-19   +1.522595742190024e-14  -2.266085168708057e-13
-18   +1.735636582661266e-14  -2.392987606751359e-13
-17   +1.989668445217866e-14  -2.534543722599575e-13
-16   +2.294181848241086e-14  -2.693716630728803e-13
-15   +2.659351438647043e-14  -2.875081202892394e-13
-14   +3.107916842858635e-14  -3.082729405888077e-13
-13   +3.662538275639380e-14  -3.322568218178230e-13
-12   +4.379749348860634e-14  -3.603053347421459e-13
-11   +5.302870612642691e-14  -3.919351930862199e-13
-10   +6.061447768391586e-14  -4.947495121025695e-13
 -9   +2.587991768834563e-13  +1.942185282387562e-12
 -8   -6.959204278050284e-12  -9.719056896915494e-11
 -7   +2.841178969953123e-10  +3.884659301279951e-09
 -6   -1.153084206787594e-08  -1.577636584154950e-07
 -5   +4.736626797789936e-07  +6.480455840944072e-06
 -4   -1.969449306887286e-05  -2.694520672923971e-04
 -3   +8.214913694395927e-04  +1.123931146913868e-02
 -2   -4.688100990433222e-02  -6.414069531368198e-01
 -1   -2.389900913747077e-04  -3.270284661935482e-03
 +0   +7.217202534672585e-06  +0.000000000000000e+00
 +1   -2.389900913747077e-04  +3.270284661935482e-03
 +2   -4.688100990433222e-02  +6.414069531368198e-01
 +3   +8.214913694395927e-04  -1.123931146913868e-02
 +4   -1.969449306887286e-05  +2.694520672923971e-04
 +5   +4.736626797789936e-07  -6.480455840944072e-06
 +6   -1.153084206787594e-08  +1.577636584154950e-07
 +7   +2.841178969953123e-10  -3.884659301279951e-09
 +8   -6.959204278050284e-12  +9.719056896915494e-11
 +9   +2.587991768834563e-13  -1.942185282387562e-12
+10   +6.061447768391586e-14  +4.947495121025695e-13
+11   +5.302870612642691e-14  +3.919351930862199e-13
+12   +4.379749348860634e-14  +3.603053347421459e-13
+13   +3.662538275639380e-14  +3.322568218178230e-13
+14   +3.107916842858635e-14  +3.082729405888077e-13
+15   +2.659351438647043e-14  +2.875081202892394e-13
+16   +2.294181848241086e-14  +2.693716630728803e-13
+17   +1.989668445217866e-14  +2.534543722599575e-13
+18   +1.735636582661266e-14  +2.392987606751359e-13
+19   +1.522595742190024e-14  +2.266085168708057e-13
+20   +1.340446434734049e-14  +2.152114989021506e-13
+21   +1.184763258802409e-14  +2.048925687327068e-13
+22   +1.047599536061978e-14  +1.955206923454852e-13
+23   +9.328815010361467e-15  +1.869982378687408e-13
+24   +8.277403179732418e-15  +1.791848039640954e-13
+25   +7.358288855432112e-15  +1.719817597728261e-13
+26   +6.559699385481397e-15  +1.653290776672198e-13
+27   +5.849500082159304e-15  +1.591877192744785e-13
+28   +5.194898836263853e-15  +1.534810526786328e-13
+29   +4.632055094758989e-15  +1.481732074225458e-13
+30   +4.092393891702971e-15  +1.432200344894717e-13

