-30   +1.359824550041567e-15  -1.798525046082818e-14
-29   +1.484848446152536e-15  -1.862014461943580e-14
-28   +1.620539401829219e-15  -1.930521823922678e-14
-27   +1.778226359580954e-15  -2.004080566585563e-14
-26   +1.944858351222326e-15  -2.083175877148474e-14
-25   +2.133370720667696e-15  -2.168404649991949e-14
-24   +2.355982293648472e-15  -2.263283295533882e-14
-23   +2.617669443372283e-15  -2.365148454060127e-14
-22   +2.882995431124350e-15  -2.476152515935361e-14
-21   +3.206861619300235e-15  -2.599697480121156e-14
-20   +3.573781204496330e-15  -2.737065904636544e-14
-19   +4.011941360374699e-15  -2.888186143601111e-14
-18   +4.537448834236846e-15  -3.059429455595366e-14
-17   +5.142354935815604e-15  -3.250871509993390e-14
-16   +5.866124602304472e-15  -3.467348334343529e-14
-15   +6.738577749124376e-15  -3.719386819145565e-14
-14   +7.795763754780339e-15  -4.011997871990929e-14
-13   +9.111758656752977e-15  -4.355709321019131e-14
-12   +1.083182821652938e-14  -4.764901659442578e-14
-11   +1.299898228856341e-14  -5.268539497506355e-14
-10   +1.595508664137676e-14  -5.799044726608209e-14
 -9   +1.699183322389485e-14  -1.055451550614955e-13
 -8   +1.491191600593452e-13  +1.616410607445884e-12
 -7   -5.493622839261126e-12  -7.571075733334958e-11
 -6   +2.525190539770698e-10  +3.454121473214779e-09
 -5   -1.190117932884635e-08  -1.628281582643556e-07
 -4   +5.940090384483267e-07  +8.126988981118648e-06
 -3   -3.712859601256529e-05  -5.079783842532359e-04
 -2   -1.058825083073946e-02  -1.448641543805656e-01
 -1   -4.283006229525662e-04  -5.859950225778404e-03
 +0   -7.650081003600521e-06  +0.000000000000000e+00
 +1   -4.283006229525662e-04  +5.859950225778404e-03
 +2   -1.058825083073946e-02  +1.448641543805656e-01
 +3   -3.712859601256529e-05  +5.079783842532359e-04
 +4   +5.940090384483267e-07  -8.126988981118648e-06
 +5   -1.190117932884635e-08  +1.628281582643556e-07
 +6   +2.525190539770698e-10  -3.454121473214779e-09
 +7   -5.493622839261126e-12  +7.571075733334958e-11
 +8   +1.491191600593452e-13  -1.616410607445884e-12
 +9   +1.699183322389485e-14  +1.055451550614955e-13
+10   +1.595508664137676e-14  +5.799044726608209e-14
+11   +1.299898228856341e-14  +5.268539497506355e-14
+12   +1.083182821652938e-14  +4.764901659442578e-14
+13   +9.111758656752977e-15  +4.355709321019131e-14
+14   +7.795763754780339e-15  +4.011997871990929e-14
+15   +6.738577749124376e-15  +3.719386819145565e-14
+16   +5.866124602304472e-15  +3.467348334343529e-14
+17   +5.142354935815604e-15  +3.250871509993390e-14
+18   +4.537448834236846e-15  +3.059429455595366e-14
+19   +4.011941360374699e-15  +2.888186143601111e-14
+20   +3.573781204496330e-15  +2.737065904636544e-14
+21   +3.206861619300235e-15  +2.599697480121156e-14
+22   +2.882995431124350e-15  +2.476152515935361e-14
+23   +2.617669443372283e-15  +2.365148454060127e-14
+24   +2.355982293648472e-15  +2.263283295533882e-14
+25   +2.133370720667696e-15  +2.168404649991949e-14
+26   +1.944858351222326e-15  +2.083175877148474e-14
+27   +1.778226359580954e-15  +2.004080566585563e-14
+28   +1.620539401829219e-15  +1.930521823922678e-14
+29   +1.484848446152536e-15  +1.862014461943580e-14
+30   +1.359824550041567e-15  +1.798525046082818e-14

