-30   -6.614838795810117e-15  -2.099089914407370e-15
-29   -7.058902694648676e-15  -2.183192738833334e-15
-28   -7.583712097309793e-15  -2.273300575085595e-15
-27   -8.141682325377298e-15  -2.379230561525892e-15
-26   -8.795561653241591e-15  -2.476512840538284e-15
-25   -9.505375574853012e-15  -2.595156535739916e-15
-24   -1.029906696871859e-14  -2.720024553184555e-15
-23   -1.120674297028332e-14  -2.866545513817475e-15
-22   -1.227773148146308e-14  -3.023007892076763e-15
-21   -1.347414903544378e-14  -3.216524607457708e-15
-20   -1.486405704386627e-14  -3.406824125873637e-15
-19   -1.646421001271900e-14  -3.612742106470906e-15
-18   -1.834647539019742e-14  -3.880376553571574e-15
-17   -2.056368250020542e-14  -4.214862882932854e-15
-16   -2.324948606909576e-14  -4.580372565559434e-15
-15   -2.644997917727532e-14  -5.009659144351624e-15
-14   -3.040685852075403e-14  -5.517350603337707e-15
-13   -3.532339661022590e-14  -6.198405584617351e-15
-12   -4.148271103710761e-14  -7.119014163533944e-15
-11   -4.932065474011274e-14  -8.199515939759452e-15
-10   -6.620755987550671e-14  -9.231276596315998e-15
 -9   +1.947649628834636e-13  -3.156714726249393e-14
 -8   -1.216983364024519e-11  +8.674120996690171e-13
 -7   +5.549462741344561e-10  -4.059106450996920e-11
 -6   -2.631749689752890e-08  +1.923527137256170e-09
 -5   +1.299017820076654e-06  -9.494644549521906e-08
 -4   -6.764142957593321e-05  +4.943972706741890e-06
 -3   +3.747774864542955e-03  -2.739282304190548e-04
 -2   -4.219578327233326e-01  +3.084127657758742e-02
 -1   -1.057480534785676e-02  +7.728812347952703e-04
 +0   +4.335239196919342e-05  +0.000000000000000e+00
 +1   -1.057480534785676e-02  -7.728812347952703e-04
 +2   -4.219578327233326e-01  -3.084127657758742e-02
 +3   +3.747774864542955e-03  +2.739282304190548e-04
 +4   -6.764142957593321e-05  -4.943972706741890e-06
 +5   +1.299017820076654e-06  +9.494644549521906e-08
 +6   -2.631749689752890e-08  -1.923527137256170e-09
 +7   +5.549462741344561e-10  +4.059106450996920e-11
 +8   -1.216983364024519e-11  -8.674120996690171e-13
 +9   +1.947649628834636e-13  +3.156714726249393e-14
+10   -6.620755987550671e-14  +9.231276596315998e-15
+11   -4.932065474011274e-14  +8.199515939759452e-15
+12   -4.148271103710761e-14  +7.119014163533944e-15
+13   -3.532339661022590e-14  +6.198405584617351e-15
+14   -3.040685852075403e-14  +5.517350603337707e-15
+15   -2.644997917727532e-14  +5.009659144351624e-15
+16   -2.324948606909576e-14  +4.580372565559434e-15
+17   -2.056368250020542e-14  +4.214862882932854e-15
+18   -1.834647539019742e-14  +3.880376553571574e-15
+19   -1.646421001271900e-14  +3.612742106470906e-15
+20   -1.486405704386627e-14  +3.406824125873637e-15
+21   -1.347414903544378e-14  +3.216524607457708e-15
+22   -1.227773148146308e-14  +3.023007892076763e-15
+23   -1.120674297028332e-14  +2.866545513817475e-15
+24   -1.029906696871859e-14  +2.720024553184555e-15
+25   -9.505375574853012e-15  +2.595156535739916e-15
+26   -8.795561653241591e-15  +2.476512840538284e-15
+27   -8.141682325377298e-15  +2.379230561525892e-15
+28   -7.583712097309793e-15  +2.273300575085595e-15
+29   -7.058902694648676e-15  +2.183192738833334e-15
+30   -6.614838795810117e-15  +2.099089914407370e-15

