-30   -9.286618809172476e-15  +4.508499481279104e-14
-29   -1.001375594273523e-14  +4.657574339554625e-14
-28   -1.080651129389013e-14  +4.816401531799957e-14
-27   -1.173041620529639e-14  +4.993697493956319e-14
-26   -1.267724666297843e-14  +5.176172494818001e-14
-25   -1.382172380176171e-14  +5.370068058734339e-14
-24   -1.502593941839153e-14  +5.579629459727685e-14
-23   -1.650680416269874e-14  +5.818775356288229e-14
-22   -1.813533330569159e-14  +6.067679187389017e-14
-21   -2.000157790072125e-14  +6.328697719840156e-14
-20   -2.214450017678946e-14  +6.625770042267726e-14
-19   -2.467570343707891e-14  +6.947009297986878e-14
-18   -2.759796588762889e-14  +7.297180838283649e-14
-17   -3.111244624064181e-14  +7.680483977359217e-14
-16   -3.513992442347500e-14  +8.107894103492093e-14
-15   -4.017066437183197e-14  +8.570054227936497e-14
-14   -4.625704490046303e-14  +9.090376481026754e-14
-13   -5.374537579618683e-14  +9.661675733741456e-14
-12   -6.308298879979681e-14  +1.027738018468299e-13
-11   -7.520816475115957e-14  +1.095462903477354e-13
-10   -9.080603839676134e-14  +1.169220981886353e-13
 -9   -1.114695466634560e-13  +1.218879772901119e-13
 -8   -1.652062554772779e-13  +2.256667989472478e-13
 -7   +1.351951976608209e-12  -4.066266571234244e-12
 -6   -9.850978531524629e-11  +1.867204515741338e-10
 -5   +6.556617130508093e-09  -8.082153465181738e-09
 -4   -4.482632185279697e-07  +2.986295178248757e-07
 -3   +2.838042765126518e-05  -3.159769580434424e-06
 -2   -1.153396273826329e-03  -8.306725478407691e-04
 -1   -6.409023445281788e-03  +5.604210844725556e-02
 +0   +1.234955319429239e+00  +0.000000000000000e+00
 +1   -6.409023445281788e-03  -5.604210844725556e-02
 +2   -1.153396273826329e-03  +8.306725478407691e-04
 +3   +2.838042765126518e-05  +3.159769580434424e-06
 +4   -4.482632185279697e-07  -2.986295178248757e-07
 +5   +6.556617130508093e-09  +8.082153465181738e-09
 +6   -9.850978531524629e-11  -1.867204515741338e-10
 +7   +1.351951976608209e-12  +4.066266571234244e-12
 +8   -1.652062554772779e-13  -2.256667989472478e-13
 +9   -1.114695466634560e-13  -1.218879772901119e-13
+10   -9.080603839676134e-14  -1.169220981886353e-13
+11   -7.520816475115957e-14  -1.095462903477354e-13
+12   -6.308298879979681e-14  -1.027738018468299e-13
+13   -5.374537579618683e-14  -9.661675733741456e-14
+14   -4.625704490046303e-14  -9.090376481026754e-14
+15   -4.017066437183197e-14  -8.570054227936497e-14
+16   -3.513992442347500e-14  -8.107894103492093e-14
+17   -3.111244624064181e-14  -7.680483977359217e-14
+18   -2.759796588762889e-14  -7.297180838283649e-14
+19   -2.467570343707891e-14  -6.947009297986878e-14
+20   -2.214450017678946e-14  -6.625770042267726e-14
+21   -2.000157790072125e-14  -6.328697719840156e-14
+22   -1.813533330569159e-14  -6.067679187389017e-14
+23   -1.650680416269874e-14  -5.818775356288229e-14
+24   -1.502593941839153e-14  -5.579629459727685e-14
+25   -1.382172380176171e-14  -5.370068058734339e-14
+26   -1.267724666297843e-14  -5.176172494818001e-14
+27   -1.173041620529639e-14  -4.993697493956319e-14
+28   -1.080651129389013e-14  -4.816401531799957e-14
+29   -1.001375594273523e-14  -4.657574339554625e-14
+30   -9.286618809172476e-15  -4.508499481279104e-14

