-30   -1.089580404395461e-14  -3.846547858900700e-13
-29   -1.100933940230897e-14  -3.982135567286717e-13
-28   -1.110526831633523e-14  -4.127241144030474e-13
-27   -1.123868056193968e-14  -4.283788626342650e-13
-26   -1.135376871860590e-14  -4.453186546855991e-13
-25   -1.146120597421242e-14  -4.636497283582975e-13
-24   -1.160765392540787e-14  -4.835692945237305e-13
-23   -1.174213522561681e-14  -5.052787925527569e-13
-22   -1.183321953000888e-14  -5.290221852760360e-13
-21   -1.192138335961328e-14  -5.552257875501559e-13
-20   -1.198296619746755e-14  -5.841708265367810e-13
-19   -1.199779609820099e-14  -6.163786477899456e-13
-18   -1.196734432608457e-14  -6.524236383495880e-13
-17   -1.177179310574779e-14  -6.929818270445358e-13
-16   -1.138701538644661e-14  -7.390394241897799e-13
-15   -1.064717790629297e-14  -7.918195133179533e-13
-14   -9.488279570507117e-15  -8.529678235802747e-13
-13   -7.501764506402039e-15  -9.244642563619409e-13
-12   -4.175424841154898e-15  -1.009463456248284e-12
-11   +1.374617915038019e-15  -1.111962427355638e-12
-10   +1.088365636383140e-14  -1.238178014051046e-12
 -9   +2.733836661279994e-14  -1.397038198656784e-12
 -8   +6.863738630464417e-14  -1.597286442059505e-12
 -7   -3.692146826357741e-13  -2.186336640247656e-12
 -6   +2.183673039917911e-11  +1.843446114746134e-11
 -5   -8.222539897513486e-10  -1.437247339423252e-09
 -4   +7.651479704216212e-09  +9.718015440106991e-08
 -3   +3.436027280510854e-06  -4.747825836349589e-06
 -2   -3.012983932844968e-04  -4.167594690654094e-05
 -1   -6.141342334971589e-06  +1.007899128931309e-02
 +0   +1.597933997134534e-01  +0.000000000000000e+00
 +1   -6.141342334971589e-06  -1.007899128931309e-02
 +2   -3.012983932844968e-04  +4.167594690654094e-05
 +3   +3.436027280510854e-06  +4.747825836349589e-06
 +4   +7.651479704216212e-09  -9.718015440106991e-08
 +5   -8.222539897513486e-10  +1.437247339423252e-09
 +6   +2.183673039917911e-11  -1.843446114746134e-11
 +7   -3.692146826357741e-13  +2.186336640247656e-12
 +8   +6.863738630464417e-14  +1.597286442059505e-12
 +9   +2.733836661279994e-14  +1.397038198656784e-12
+10   +1.088365636383140e-14  +1.238178014051046e-12
+11   +1.374617915038019e-15  +1.111962427355638e-12
+12   -4.175424841154898e-15  +1.009463456248284e-12
+13   -7.501764506402039e-15  +9.244642563619409e-13
+14   -9.488279570507117e-15  +8.529678235802747e-13
+15   -1.064717790629297e-14  +7.918195133179533e-13
+16   -1.138701538644661e-14  +7.390394241897799e-13
+17   -1.177179310574779e-14  +6.929818270445358e-13
+18   -1.196734432608457e-14  +6.524236383495880e-13
+19   -1.199779609820099e-14  +6.163786477899456e-13
+20   -1.198296619746755e-14  +5.841708265367810e-13
+21   -1.192138335961328e-14  +5.552257875501559e-13
+22   -1.183321953000888e-14  +5.290221852760360e-13
+23   -1.174213522561681e-14  +5.052787925527569e-13
+24   -1.160765392540787e-14  +4.835692945237305e-13
+25   -1.146120597421242e-14  +4.636497283582975e-13
+26   -1.135376871860590e-14  +4.453186546855991e-13
+27   -1.123868056193968e-14  +4.283788626342650e-13
+28   -1.110526831633523e-14  +4.127241144030474e-13
+29   -1.100933940230897e-14  +3.982135567286717e-13
+30   -1.089580404395461e-14  +3.846547858900700e-13

