-30   -1.270943742254518e-15  -1.116303595839982e-13
-29   -1.163553933653088e-15  -1.155392147297959e-13
-28   -1.048534182425090e-15  -1.197114911356869e-13
-27   -9.215450244039464e-16  -1.242414587613629e-13
-26   -7.918751469799709e-16  -1.291197856753227e-13
-25   -6.163208839047981e-16  -1.343774270935570e-13
-24   -4.251509245494885e-16  -1.401004809654661e-13
-23   -2.200148627797927e-16  -1.463614676255755e-13
-22   +4.580202750651984e-17  -1.531624837436822e-13
-21   +3.409916412799654e-16  -1.606677837202744e-13
-20   +6.884509373022807e-16  -1.689461744922212e-13
-19   +1.113919709105331e-15  -1.781567614962289e-13
-18   +1.622648575236953e-15  -1.884386389306591e-13
-17   +2.250088970607919e-15  -1.999830141431149e-13
-16   +3.038225946957948e-15  -2.130440512039744e-13
-15   +4.071867826003861e-15  -2.279608716287000e-13
-14   +5.360701807881481e-15  -2.452420001125024e-13
-13   +7.072013175169010e-15  -2.652959591117997e-13
-12   +9.467935829015639e-15  -2.890682958206273e-13
-11   +1.273101154828632e-14  -3.175791527609226e-13
-10   +1.762755255736239e-14  -3.524534632310648e-13
 -9   +2.480097647554212e-14  -3.961152935909242e-13
 -8   +4.750775685829314e-14  -4.455633051904022e-13
 -7   -4.361927886697698e-13  -9.153345053470026e-13
 -6   +2.250753042899823e-11  +2.536032370129144e-11
 -5   -8.433864533126215e-10  -1.810237125306976e-09
 -4   +2.244217875869726e-09  +1.242495595119607e-07
 -3   +4.757494916232066e-06  -6.419614601434116e-06
 -2   -4.643251699068627e-04  -2.834877086754649e-05
 -1   +3.108132417634476e-03  +1.953110355840968e-02
 +0   +4.425806478213865e-01  +0.000000000000000e+00
 +1   +3.108132417634476e-03  -1.953110355840968e-02
 +2   -4.643251699068627e-04  +2.834877086754649e-05
 +3   +4.757494916232066e-06  +6.419614601434116e-06
 +4   +2.244217875869726e-09  -1.242495595119607e-07
 +5   -8.433864533126215e-10  +1.810237125306976e-09
 +6   +2.250753042899823e-11  -2.536032370129144e-11
 +7   -4.361927886697698e-13  +9.153345053470026e-13
 +8   +4.750775685829314e-14  +4.455633051904022e-13
 +9   +2.480097647554212e-14  +3.961152935909242e-13
+10   +1.762755255736239e-14  +3.524534632310648e-13
+11   +1.273101154828632e-14  +3.175791527609226e-13
+12   +9.467935829015639e-15  +2.890682958206273e-13
+13   +7.072013175169010e-15  +2.652959591117997e-13
+14   +5.360701807881481e-15  +2.452420001125024e-13
+15   +4.071867826003861e-15  +2.279608716287000e-13
+16   +3.038225946957948e-15  +2.130440512039744e-13
+17   +2.250088970607919e-15  +1.999830141431149e-13
+18   +1.622648575236953e-15  +1.884386389306591e-13
+19   +1.113919709105331e-15  +1.781567614962289e-13
+20   +6.884509373022807e-16  +1.689461744922212e-13
+21   +3.409916412799654e-16  +1.606677837202744e-13
+22   +4.580202750651984e-17  +1.531624837436822e-13
+23   -2.200148627797927e-16  +1.463614676255755e-13
+24   -4.251509245494885e-16  +1.401004809654661e-13
+25   -6.163208839047981e-16  +1.343774270935570e-13
+26   -7.918751469799709e-16  +1.291197856753227e-13
+27   -9.215450244039464e-16  +1.242414587613629e-13
+28   -1.048534182425090e-15  +1.197114911356869e-13
+29   -1.163553933653088e-15  +1.155392147297959e-13
+30   -1.270943742254518e-15  +1.116303595839982e-13

