-30   -3.325449358073209e-14  +3.131556838038386e-13
-29   -3.609475933689663e-14  +3.237416783565544e-13
-28   -3.923428497836730e-14  +3.350657140837486e-13
-27   -4.274115157407473e-14  +3.472002956800219e-13
-26   -4.664165063758459e-14  +3.602310699602397e-13
-25   -5.104997165192288e-14  +3.742369518052601e-13
-24   -5.598347340025149e-14  +3.893686905502028e-13
-23   -6.158855994957862e-14  +4.058048991271733e-13
-22   -6.796202870451347e-14  +4.235901168999403e-13
-21   -7.528079038235776e-14  +4.429540355145181e-13
-20   -8.369626314281944e-14  +4.641777654618794e-13
-19   -9.348163904671633e-14  +4.874751511059483e-13
-18   -1.049392883224507e-13  +5.131160615392210e-13
-17   -1.184787328403242e-13  +5.415090801462170e-13
-16   -1.345261295435426e-13  +5.730835314310105e-13
-15   -1.539321566656184e-13  +6.083088804561180e-13
-14   -1.775761471848312e-13  +6.478964152574281e-13
-13   -2.067431909393725e-13  +6.924921014258840e-13
-12   -2.433435670583446e-13  +7.429955032564806e-13
-11   -2.900843945156578e-13  +8.003637539211071e-13
-10   -3.511063719224074e-13  +8.655882224760970e-13
 -9   -4.324607748373531e-13  +9.392822857914089e-13
 -8   -5.418167540230601e-13  +1.018565571126837e-12
 -7   -8.317926642127063e-13  +1.205328227506080e-12
 -6   +8.295151464785108e-12  -2.834121801680093e-12
 -5   -6.693281511148877e-10  +4.581488513602618e-11
 -4   +4.388997376734946e-08  +2.123265598206009e-08
 -3   -1.156184045178540e-06  -3.563751619339596e-06
 -2   -2.069970417207354e-04  +1.592205644317845e-04
 -1   +6.407480535114589e-03  +1.074029759314302e-02
 +0   +2.788339471452943e-01  +0.000000000000000e+00
 +1   +6.407480535114589e-03  -1.074029759314302e-02
 +2   -2.069970417207354e-04  -1.592205644317845e-04
 +3   -1.156184045178540e-06  +3.563751619339596e-06
 +4   +4.388997376734946e-08  -2.123265598206009e-08
 +5   -6.693281511148877e-10  -4.581488513602618e-11
 +6   +8.295151464785108e-12  +2.834121801680093e-12
 +7   -8.317926642127063e-13  -1.205328227506080e-12
 +8   -5.418167540230601e-13  -1.018565571126837e-12
 +9   -4.324607748373531e-13  -9.392822857914089e-13
+10   -3.511063719224074e-13  -8.655882224760970e-13
+11   -2.900843945156578e-13  -8.003637539211071e-13
+12   -2.433435670583446e-13  -7.429955032564806e-13
+13   -2.067431909393725e-13  -6.924921014258840e-13
+14   -1.775761471848312e-13  -6.478964152574281e-13
+15   -1.539321566656184e-13  -6.083088804561180e-13
+16   -1.345261295435426e-13  -5.730835314310105e-13
+17   -1.184787328403242e-13  -5.415090801462170e-13
+18   -1.049392883224507e-13  -5.131160615392210e-13
+19   -9.348163904671633e-14  -4.874751511059483e-13
+20   -8.369626314281944e-14  -4.641777654618794e-13
+21   -7.528079038235776e-14  -4.429540355145181e-13
+22   -6.796202870451347e-14  -4.235901168999403e-13
+23   -6.158855994957862e-14  -4.058048991271733e-13
+24   -5.598347340025149e-14  -3.893686905502028e-13
+25   -5.104997165192288e-14  -3.742369518052601e-13
+26   -4.664165063758459e-14  -3.602310699602397e-13
+27   -4.274115157407473e-14  -3.472002956800219e-13
+28   -3.923428497836730e-14  -3.350657140837486e-13
+29   -3.609475933689663e-14  -3.237416783565544e-13
+30   -3.325449358073209e-14  -3.131556838038386e-13

