-30   -1.794473049521310e-15  +5.473097685686915e-14
-29   -2.029878728814544e-15  +5.664092439521179e-14
-28   -2.270147225309987e-15  +5.866381429660393e-14
-27   -2.523757567059775e-15  +6.084530953594684e-14
-26   -2.825866691575315e-15  +6.322322600071671e-14
-25   -3.140859395449446e-15  +6.573071701251056e-14
-24   -3.557393810186836e-15  +6.848415294454785e-14
-23   -3.979925796092171e-15  +7.147358175695672e-14
-22   -4.458447173066658e-15  +7.473274273562114e-14
-21   -5.044545325240622e-15  +7.832087394003950e-14
-20   -5.692555814130175e-15  +8.225966178978112e-14
-19   -6.457597632392835e-15  +8.662769255769563e-14
-18   -7.416988493830064e-15  +9.145174607448678e-14
-17   -8.476816815414772e-15  +9.687793595484949e-14
-16   -9.803143011369935e-15  +1.029280559497396e-13
-15   -1.140087410681058e-14  +1.098685401082617e-13
-14   -1.334915358554867e-14  +1.177952221210010e-13
-13   -1.585235155753487e-14  +1.269301160160287e-13
-12   -1.897244813925126e-14  +1.375937797569925e-13
-11   -2.405915929393050e-14  +1.486644002700972e-13
-10   +6.191182091311757e-15  +2.218283196449309e-13
 -9   -1.427457366314919e-12  -2.068240489559223e-12
 -8   +5.564355756562628e-11  +9.035922343016704e-11
 -7   -2.252455631324532e-09  -3.645926958280105e-09
 -6   +9.224814240374860e-08  +1.493313629420651e-07
 -5   -3.840005020946665e-06  -6.216184990342102e-06
 -4   +1.634719573775353e-04  +2.646277840400796e-04
 -3   -7.214336159129186e-03  -1.167853995981350e-02
 -2   +3.511787081132918e-01  +5.684867590337888e-01
 -1   +3.620887138764024e-03  +5.862393568922384e-03
 +0   +6.516165973851929e-06  +0.000000000000000e+00
 +1   +3.620887138764024e-03  -5.862393568922384e-03
 +2   +3.511787081132918e-01  -5.684867590337888e-01
 +3   -7.214336159129186e-03  +1.167853995981350e-02
 +4   +1.634719573775353e-04  -2.646277840400796e-04
 +5   -3.840005020946665e-06  +6.216184990342102e-06
 +6   +9.224814240374860e-08  -1.493313629420651e-07
 +7   -2.252455631324532e-09  +3.645926958280105e-09
 +8   +5.564355756562628e-11  -9.035922343016704e-11
 +9   -1.427457366314919e-12  +2.068240489559223e-12
+10   +6.191182091311757e-15  -2.218283196449309e-13
+11   -2.405915929393050e-14  -1.486644002700972e-13
+12   -1.897244813925126e-14  -1.375937797569925e-13
+13   -1.585235155753487e-14  -1.269301160160287e-13
+14   -1.334915358554867e-14  -1.177952221210010e-13
+15   -1.140087410681058e-14  -1.098685401082617e-13
+16   -9.803143011369935e-15  -1.029280559497396e-13
+17   -8.476816815414772e-15  -9.687793595484949e-14
+18   -7.416988493830064e-15  -9.145174607448678e-14
+19   -6.457597632392835e-15  -8.662769255769563e-14
+20   -5.692555814130175e-15  -8.225966178978112e-14
+21   -5.044545325240622e-15  -7.832087394003950e-14
+22   -4.458447173066658e-15  -7.473274273562114e-14
+23   -3.979925796092171e-15  -7.147358175695672e-14
+24   -3.557393810186836e-15  -6.848415294454785e-14
+25   -3.140859395449446e-15  -6.573071701251056e-14
+26   -2.825866691575315e-15  -6.322322600071671e-14
+27   -2.523757567059775e-15  -6.084530953594684e-14
+28   -2.270147225309987e-15  -5.866381429660393e-14
+29   -2.029878728814544e-15  -5.664092439521179e-14
+30   -1.794473049521310e-15  -5.473097685686915e-14

