-30   +1.478426265017989e-15  -1.817639018206919e-14
-29   +1.604757965475967e-15  -1.879113413626989e-14
-28   +1.757477023140141e-15  -1.946450665285190e-14
-27   +1.916697169045203e-15  -2.016800492082589e-14
-26   +2.107389991694028e-15  -2.093352048098573e-14
-25   +2.293217593353676e-15  -2.176664639571437e-14
-24   +2.544380800978613e-15  -2.264509158824913e-14
-23   +2.801108590856042e-15  -2.362204781738619e-14
-22   +3.099633916856045e-15  -2.466856023659232e-14
-21   +3.460545157182492e-15  -2.583294046371343e-14
-20   +3.853170457670126e-15  -2.707367801736595e-14
-19   +4.303815084395026e-15  -2.846691842173337e-14
-18   +4.838689034874699e-15  -2.999031789238272e-14
-17   +5.497032571250264e-15  -3.170083982134005e-14
-16   +6.266636020256300e-15  -3.357431786847784e-14
-15   +7.207542632985871e-15  -3.572832994657641e-14
-14   +8.353977360305668e-15  -3.815492199626816e-14
-13   +9.706659207745249e-15  -4.091722885766487e-14
-12   +1.150569712163088e-14  -4.405004550516313e-14
-11   +1.363362082522870e-14  -4.759486335598308e-14
-10   +2.255859660757165e-14  -5.546152333263394e-14
 -9   -2.354025111821656e-13  +1.014242302887916e-13
 -8   +1.160399174758162e-11  -7.214440203131862e-12
 -7   -5.371982200228589e-10  +3.318027925878904e-10
 -6   +2.580493958046592e-08  -1.594086721185243e-08
 -5   -1.298574607015169e-06  +8.021853150081130e-07
 -4   +6.987924905522055e-05  -4.316741597420096e-05
 -3   -4.190468505663762e-03  +2.588632523499559e-03
 -2   +3.181361013297314e-01  -1.965263443939567e-01
 -1   +7.449502661904253e-03  -4.601411918410094e-03
 +0   -4.950634647810427e-05  +0.000000000000000e+00
 +1   +7.449502661904253e-03  +4.601411918410094e-03
 +2   +3.181361013297314e-01  +1.965263443939567e-01
 +3   -4.190468505663762e-03  -2.588632523499559e-03
 +4   +6.987924905522055e-05  +4.316741597420096e-05
 +5   -1.298574607015169e-06  -8.021853150081130e-07
 +6   +2.580493958046592e-08  +1.594086721185243e-08
 +7   -5.371982200228589e-10  -3.318027925878904e-10
 +8   +1.160399174758162e-11  +7.214440203131862e-12
 +9   -2.354025111821656e-13  -1.014242302887916e-13
+10   +2.255859660757165e-14  +5.546152333263394e-14
+11   +1.363362082522870e-14  +4.759486335598308e-14
+12   +1.150569712163088e-14  +4.405004550516313e-14
+13   +9.706659207745249e-15  +4.091722885766487e-14
+14   +8.353977360305668e-15  +3.815492199626816e-14
+15   +7.207542632985871e-15  +3.572832994657641e-14
+16   +6.266636020256300e-15  +3.357431786847784e-14
+17   +5.497032571250264e-15  +3.170083982134005e-14
+18   +4.838689034874699e-15  +2.999031789238272e-14
+19   +4.303815084395026e-15  +2.846691842173337e-14
+20   +3.853170457670126e-15  +2.707367801736595e-14
+21   +3.460545157182492e-15  +2.583294046371343e-14
+22   +3.099633916856045e-15  +2.466856023659232e-14
+23   +2.801108590856042e-15  +2.362204781738619e-14
+24   +2.544380800978613e-15  +2.264509158824913e-14
+25   +2.293217593353676e-15  +2.176664639571437e-14
+26   +2.107389991694028e-15  +2.093352048098573e-14
+27   +1.916697169045203e-15  +2.016800492082589e-14
+28   +1.757477023140141e-15  +1.946450665285190e-14
+29   +1.604757965475967e-15  +1.879113413626989e-14
+30   +1.478426265017989e-15  +1.817639018206919e-14

