-30   +5.054201227195797e-15  +8.344921459797587e-14
-29   +5.261177376354539e-15  +8.631579154322832e-14
-28   +5.500970016312245e-15  +8.944509209116179e-14
-27   +5.780599904750373e-15  +9.279384999519106e-14
-26   +6.070786891288670e-15  +9.640455518252660e-14
-25   +6.421730050791038e-15  +1.002713569765745e-13
-24   +6.787617338636467e-15  +1.045248251666917e-13
-23   +7.213432668929235e-15  +1.091386894608270e-13
-22   +7.679670547027987e-15  +1.141587588279782e-13
-21   +8.293291818968526e-15  +1.196692484954942e-13
-20   +8.919666737385963e-15  +1.257622906947979e-13
-19   +9.668838404853415e-15  +1.325077878976140e-13
-18   +1.050808207481437e-14  +1.399978257856396e-13
-17   +1.158144159275236e-14  +1.484244317354524e-13
-16   +1.283000364951849e-14  +1.579231879752211e-13
-15   +1.430787397075277e-14  +1.687155083394900e-13
-14   +1.606127906019938e-14  +1.811298376247291e-13
-13   +1.831956500355944e-14  +1.955721215338250e-13
-12   +2.102958797467910e-14  +2.124651910255958e-13
-11   +2.452781842006107e-14  +2.322465591991642e-13
-10   +3.020497430763375e-14  +2.720629794694444e-13
 -9   -9.519356554840145e-15  -3.244549487407077e-13
 -8   +1.899710369864656e-12  +2.572071677111586e-11
 -7   -7.844933974976343e-11  -1.073693744449416e-09
 -6   +3.403977764347329e-09  +4.657129436045893e-08
 -5   -1.528266683112511e-07  -2.090913324744060e-06
 -4   +7.238859757205919e-06  +9.903914283185404e-05
 -3   -3.802417964518376e-04  -5.202314083379917e-03
 -2   +1.111125798372038e-02  +1.520197301325978e-01
 -1   +4.031240494420131e-04  +5.514952414618817e-03
 +0   -2.123576691704723e-06  +0.000000000000000e+00
 +1   +4.031240494420131e-04  -5.514952414618817e-03
 +2   +1.111125798372038e-02  -1.520197301325978e-01
 +3   -3.802417964518376e-04  +5.202314083379917e-03
 +4   +7.238859757205919e-06  -9.903914283185404e-05
 +5   -1.528266683112511e-07  +2.090913324744060e-06
 +6   +3.403977764347329e-09  -4.657129436045893e-08
 +7   -7.844933974976343e-11  +1.073693744449416e-09
 +8   +1.899710369864656e-12  -2.572071677111586e-11
 +9   -9.519356554840145e-15  +3.244549487407077e-13
+10   +3.020497430763375e-14  -2.720629794694444e-13
+11   +2.452781842006107e-14  -2.322465591991642e-13
+12   +2.102958797467910e-14  -2.124651910255958e-13
+13   +1.831956500355944e-14  -1.955721215338250e-13
+14   +1.606127906019938e-14  -1.811298376247291e-13
+15   +1.430787397075277e-14  -1.687155083394900e-13
+16   +1.283000364951849e-14  -1.579231879752211e-13
+17   +1.158144159275236e-14  -1.484244317354524e-13
+18   +1.050808207481437e-14  -1.399978257856396e-13
+19   +9.668838404853415e-15  -1.325077878976140e-13
+20   +8.919666737385963e-15  -1.257622906947979e-13
+21   +8.293291818968526e-15  -1.196692484954942e-13
+22   +7.679670547027987e-15  -1.141587588279782e-13
+23   +7.213432668929235e-15  -1.091386894608270e-13
+24   +6.787617338636467e-15  -1.045248251666917e-13
+25   +6.421730050791038e-15  -1.002713569765745e-13
+26   +6.070786891288670e-15  -9.640455518252660e-14
+27   +5.780599904750373e-15  -9.279384999519106e-14
+28   +5.500970016312245e-15  -8.944509209116179e-14
+29   +5.261177376354539e-15  -8.631579154322832e-14
+30   +5.054201227195797e-15  -8.344921459797587e-14

