-30   -3.336435578260598e-15  +2.023090652261410e-14
-29   -3.604000133603858e-15  +2.089120461677275e-14
-28   -3.888108371379859e-15  +2.161862347132971e-14
-27   -4.198181544385475e-15  +2.238690109782814e-14
-26   -4.554030749468592e-15  +2.315455742066929e-14
-25   -4.971961268641288e-15  +2.403824843605976e-14
-24   -5.439147016400140e-15  +2.495017276202825e-14
-23   -5.948403661122119e-15  +2.595532905709645e-14
-22   -6.524706368681302e-15  +2.702503157153788e-14
-21   -7.189514038895145e-15  +2.819315196345701e-14
-20   -7.909167554415510e-15  +2.944076037289147e-14
-19   -8.840867055391438e-15  +3.080127376366461e-14
-18   -9.912500339803933e-15  +3.228088620929474e-14
-17   -1.110213355162576e-14  +3.388852029437816e-14
-16   -1.250458030687102e-14  +3.567754661013367e-14
-15   -1.422731903057120e-14  +3.754075092935865e-14
-14   -1.627818279735972e-14  +3.966757362414393e-14
-13   -1.885505601283177e-14  +4.194032467648497e-14
-12   -2.201642791338468e-14  +4.436359607884642e-14
-11   -2.425931262415914e-14  +4.674029868882075e-14
-10   -9.204342182680927e-14  +5.394746241721790e-14
 -9   +2.387486407443055e-12  -1.252846937767674e-13
 -8   -9.669208101391206e-11  +7.117999241699556e-12
 -7   +3.885226525042445e-09  -2.839242474104406e-10
 -6   -1.577630014408666e-07  +1.153108617294093e-08
 -5   +6.480456737924647e-06  -4.736623474164902e-07
 -4   -2.694520705672548e-04  +1.969449322647699e-05
 -3   +1.123931164980432e-02  -8.214913555537552e-04
 -2   -6.414069591382467e-01  +4.688100946899854e-02
 -1   -3.269765473541201e-03  +2.390280382818071e-04
 +0   +9.874283958720087e-05  +0.000000000000000e+00
 +1   -3.269765473541201e-03  -2.390280382818071e-04
 +2   -6.414069591382467e-01  -4.688100946899854e-02
 +3   +1.123931164980432e-02  +8.214913555537552e-04
 +4   -2.694520705672548e-04  -1.969449322647699e-05
 +5   +6.480456737924647e-06  +4.736623474164902e-07
 +6   -1.577630014408666e-07  -1.153108617294093e-08
 +7   +3.885226525042445e-09  +2.839242474104406e-10
 +8   -9.669208101391206e-11  -7.117999241699556e-12
 +9   +2.387486407443055e-12  +1.252846937767674e-13
+10   -9.204342182680927e-14  -5.394746241721790e-14
+11   -2.425931262415914e-14  -4.674029868882075e-14
+12   -2.201642791338468e-14  -4.436359607884642e-14
+13   -1.885505601283177e-14  -4.194032467648497e-14
+14   -1.627818279735972e-14  -3.966757362414393e-14
+15   -1.422731903057120e-14  -3.754075092935865e-14
+16   -1.250458030687102e-14  -3.567754661013367e-14
+17   -1.110213355162576e-14  -3.388852029437816e-14
+18   -9.912500339803933e-15  -3.228088620929474e-14
+19   -8.840867055391438e-15  -3.080127376366461e-14
+20   -7.909167554415510e-15  -2.944076037289147e-14
+21   -7.189514038895145e-15  -2.819315196345701e-14
+22   -6.524706368681302e-15  -2.702503157153788e-14
+23   -5.948403661122119e-15  -2.595532905709645e-14
+24   -5.439147016400140e-15  -2.495017276202825e-14
+25   -4.971961268641288e-15  -2.403824843605976e-14
+26   -4.554030749468592e-15  -2.315455742066929e-14
+27   -4.198181544385475e-15  -2.238690109782814e-14
+28   -3.888108371379859e-15  -2.161862347132971e-14
+29   -3.604000133603858e-15  -2.089120461677275e-14
+30   -3.336435578260598e-15  -2.023090652261410e-14

