-30   -7.666558868996056e-17  +1.343205975511391e-14
-29   -1.017149564909741e-16  +1.388924675644168e-14
-28   -1.278921211141853e-16  +1.438772989722547e-14
-27   -1.616790662909469e-16  +1.490253852255371e-14
-26   -2.012975325529654e-16  +1.544388761838403e-14
-25   -2.476956382302540e-16  +1.605335683735024e-14
-24   -2.923856109839609e-16  +1.669142005065503e-14
-23   -3.541565380395554e-16  +1.738778478041069e-14
-22   -4.242147763374989e-16  +1.814377987831023e-14
-21   -4.916538662767021e-16  +1.898580586986065e-14
-20   -5.752933578498218e-16  +1.987568639163736e-14
-19   -6.874409997889073e-16  +2.085789874100025e-14
-18   -8.268073614407070e-16  +2.195305211455298e-14
-17   -9.696401668599034e-16  +2.316198355760041e-14
-16   -1.139151620067779e-15  +2.451442935651776e-14
-15   -1.369588697154503e-15  +2.598064876677358e-14
-14   -1.645580121001943e-15  +2.764226300067241e-14
-13   -2.032628232683562e-15  +2.953246304544645e-14
-12   -2.516616864397356e-15  +3.167169871925512e-14
-11   -3.162198888850477e-15  +3.407108304299121e-14
-10   -3.169302403204332e-15  +3.675284997286370e-14
 -9   -4.400392439584288e-14  +4.282294328584140e-14
 -8   +1.686584848980539e-12  -8.020824213564759e-14
 -7   -7.562891798176622e-11  +5.574641906257220e-12
 -6   +3.454220035620122e-09  -2.524212394497108e-10
 -5   -1.628280363461114e-07  +1.190130212065413e-08
 -4   +8.126989273630961e-06  -5.940088640667964e-07
 -3   -5.079783908212552e-04  +3.712859577199917e-05
 -2   -1.448641524958575e-01  +1.058825096931722e-02
 -1   -5.859835372113549e-03  +4.283090174840887e-04
 +0   -1.046653040916714e-04  +0.000000000000000e+00
 +1   -5.859835372113549e-03  -4.283090174840887e-04
 +2   -1.448641524958575e-01  -1.058825096931722e-02
 +3   -5.079783908212552e-04  -3.712859577199917e-05
 +4   +8.126989273630961e-06  +5.940088640667964e-07
 +5   -1.628280363461114e-07  -1.190130212065413e-08
 +6   +3.454220035620122e-09  +2.524212394497108e-10
 +7   -7.562891798176622e-11  -5.574641906257220e-12
 +8   +1.686584848980539e-12  +8.020824213564759e-14
 +9   -4.400392439584288e-14  -4.282294328584140e-14
+10   -3.169302403204332e-15  -3.675284997286370e-14
+11   -3.162198888850477e-15  -3.407108304299121e-14
+12   -2.516616864397356e-15  -3.167169871925512e-14
+13   -2.032628232683562e-15  -2.953246304544645e-14
+14   -1.645580121001943e-15  -2.764226300067241e-14
+15   -1.369588697154503e-15  -2.598064876677358e-14
+16   -1.139151620067779e-15  -2.451442935651776e-14
+17   -9.696401668599034e-16  -2.316198355760041e-14
+18   -8.268073614407070e-16  -2.195305211455298e-14
+19   -6.874409997889073e-16  -2.085789874100025e-14
+20   -5.752933578498218e-16  -1.987568639163736e-14
+21   -4.916538662767021e-16  -1.898580586986065e-14
+22   -4.242147763374989e-16  -1.814377987831023e-14
+23   -3.541565380395554e-16  -1.738778478041069e-14
+24   -2.923856109839609e-16  -1.669142005065503e-14
+25   -2.476956382302540e-16  -1.605335683735024e-14
+26   -2.012975325529654e-16  -1.544388761838403e-14
+27   -1.616790662909469e-16  -1.490253852255371e-14
+28   -1.278921211141853e-16  -1.438772989722547e-14
+29   -1.017149564909741e-16  -1.388924675644168e-14
+30   -7.666558868996056e-17  -1.343205975511391e-14

