-30   +3.149146707826918e-15  +3.184818399917420e-14
-29   +3.323644417266602e-15  +3.296494200655768e-14
-28   +3.505909032203492e-15  +3.417891205172570e-14
-27   +3.722731067898289e-15  +3.546927807418937e-14
-26   +3.958941778891471e-15  +3.685549222823866e-14
-25   +4.214306530075971e-15  +3.834407859783569e-14
-24   +4.506024985747570e-15  +3.999142322237640e-14
-23   +4.843296371549714e-15  +4.179223371749337e-14
-22   +5.232157733900056e-15  +4.373404816125865e-14
-21   +5.655146956644244e-15  +4.588315886406952e-14
-20   +6.130470788654344e-15  +4.825116706866279e-14
-19   +6.713190880078533e-15  +5.086935505088868e-14
-18   +7.383873786623136e-15  +5.382767713333903e-14
-17   +8.208347360477576e-15  +5.715233206376153e-14
-16   +9.155137818208414e-15  +6.089728939626808e-14
-15   +1.028699629298686e-14  +6.517919030142433e-14
-14   +1.166454165426996e-14  +7.012233234800792e-14
-13   +1.340423218437731e-14  +7.595097990903916e-14
-12   +1.550709343957539e-14  +8.277784553142525e-14
-11   +1.813193883144861e-14  +9.091846545432619e-14
-10   +2.209144583937208e-14  +1.073785739314180e-13
 -9   +6.598697970155997e-15  -1.551340469162321e-13
 -8   +9.152592942422059e-13  +1.220596367606500e-11
 -7   -4.052905679065503e-11  -5.549175440717461e-10
 -6   +1.923611270707210e-09  +2.631751119189681e-08
 -5   -9.494632165700752e-08  -1.299017856502140e-06
 -4   +4.943972832304082e-06  +6.764143049455808e-05
 -3   -2.739282260074729e-04  -3.747774919792903e-03
 -2   +3.084127643878570e-02  +4.219578346504498e-01
 -1   +7.729220065829295e-04  +1.057424751344590e-02
 +0   -3.168666900542570e-06  +0.000000000000000e+00
 +1   +7.729220065829295e-04  -1.057424751344590e-02
 +2   +3.084127643878570e-02  -4.219578346504498e-01
 +3   -2.739282260074729e-04  +3.747774919792903e-03
 +4   +4.943972832304082e-06  -6.764143049455808e-05
 +5   -9.494632165700752e-08  +1.299017856502140e-06
 +6   +1.923611270707210e-09  -2.631751119189681e-08
 +7   -4.052905679065503e-11  +5.549175440717461e-10
 +8   +9.152592942422059e-13  -1.220596367606500e-11
 +9   +6.598697970155997e-15  +1.551340469162321e-13
+10   +2.209144583937208e-14  -1.073785739314180e-13
+11   +1.813193883144861e-14  -9.091846545432619e-14
+12   +1.550709343957539e-14  -8.277784553142525e-14
+13   +1.340423218437731e-14  -7.595097990903916e-14
+14   +1.166454165426996e-14  -7.012233234800792e-14
+15   +1.028699629298686e-14  -6.517919030142433e-14
+16   +9.155137818208414e-15  -6.089728939626808e-14
+17   +8.208347360477576e-15  -5.715233206376153e-14
+18   +7.383873786623136e-15  -5.382767713333903e-14
+19   +6.713190880078533e-15  -5.086935505088868e-14
+20   +6.130470788654344e-15  -4.825116706866279e-14
+21   +5.655146956644244e-15  -4.588315886406952e-14
+22   +5.232157733900056e-15  -4.373404816125865e-14
+23   +4.843296371549714e-15  -4.179223371749337e-14
+24   +4.506024985747570e-15  -3.999142322237640e-14
+25   +4.214306530075971e-15  -3.834407859783569e-14
+26   +3.958941778891471e-15  -3.685549222823866e-14
+27   +3.722731067898289e-15  -3.546927807418937e-14
+28   +3.505909032203492e-15  -3.417891205172570e-14
+29   +3.323644417266602e-15  -3.296494200655768e-14
+30   +3.149146707826918e-15  -3.184818399917420e-14

