-30   -5.581882679725754e-15  -5.813689717674325e-14
-29   -5.848802216929316e-15  -6.012706308033401e-14
-28   -6.193496100699588e-15  -6.223036494935645e-14
-27   -6.540091708426045e-15  -6.449392076787495e-14
-26   -6.916584781267995e-15  -6.699692535727101e-14
-25   -7.328701073119357e-15  -6.958721900746176e-14
-24   -7.874704126853547e-15  -7.245152742933066e-14
-23   -8.523804956202062e-15  -7.554271336078114e-14
-22   -9.096638542270109e-15  -7.889592036113520e-14
-21   -9.855016714891810e-15  -8.256265407233917e-14
-20   -1.072164089528464e-14  -8.663914931980521e-14
-19   -1.179984408281830e-14  -9.110783044057849e-14
-18   -1.290427100759078e-14  -9.602698586399258e-14
-17   -1.430612231823207e-14  -1.014881904924974e-13
-16   -1.589130070765533e-14  -1.075172451436801e-13
-15   -1.786204515208314e-14  -1.143585820256727e-13
-14   -2.023201269945673e-14  -1.221607266566352e-13
-13   -2.318131878353911e-14  -1.310034744972714e-13
-12   -2.685315490356246e-14  -1.411812196822088e-13
-11   -3.143343552498863e-14  -1.530423971348527e-13
-10   -3.721153826931783e-14  -1.668912818050504e-13
 -9   -4.557049694874244e-14  -1.856706912249326e-13
 -8   -3.145599664292548e-14  -1.079597838689533e-13
 -7   -1.604095656592896e-12  -4.426741493803681e-12
 -6   +9.817758839744837e-11  +1.863373379113256e-10
 -5   -6.557067045016760e-09  -8.082540963662418e-09
 -4   +4.482626021631686e-07  +2.986291902822725e-07
 -3   -2.838042843548778e-05  -3.159770095276438e-06
 -2   +1.153396272930579e-03  -8.306725367523205e-04
 -1   +6.409023444808709e-03  +5.604210844794349e-02
 +0   -1.234955319429467e+00  +0.000000000000000e+00
 +1   +6.409023444808709e-03  -5.604210844794349e-02
 +2   +1.153396272930579e-03  +8.306725367523205e-04
 +3   -2.838042843548778e-05  +3.159770095276438e-06
 +4   +4.482626021631686e-07  -2.986291902822725e-07
 +5   -6.557067045016760e-09  +8.082540963662418e-09
 +6   +9.817758839744837e-11  -1.863373379113256e-10
 +7   -1.604095656592896e-12  +4.426741493803681e-12
 +8   -3.145599664292548e-14  +1.079597838689533e-13
 +9   -4.557049694874244e-14  +1.856706912249326e-13
+10   -3.721153826931783e-14  +1.668912818050504e-13
+11   -3.143343552498863e-14  +1.530423971348527e-13
+12   -2.685315490356246e-14  +1.411812196822088e-13
+13   -2.318131878353911e-14  +1.310034744972714e-13
+14   -2.023201269945673e-14  +1.221607266566352e-13
+15   -1.786204515208314e-14  +1.143585820256727e-13
+16   -1.589130070765533e-14  +1.075172451436801e-13
+17   -1.430612231823207e-14  +1.014881904924974e-13
+18   -1.290427100759078e-14  +9.602698586399258e-14
+19   -1.179984408281830e-14  +9.110783044057849e-14
+20   -1.072164089528464e-14  +8.663914931980521e-14
+21   -9.855016714891810e-15  +8.256265407233917e-14
+22   -9.096638542270109e-15  +7.889592036113520e-14
+23   -8.523804956202062e-15  +7.554271336078114e-14
+24   -7.874704126853547e-15  +7.245152742933066e-14
+25   -7.328701073119357e-15  +6.958721900746176e-14
+26   -6.916584781267995e-15  +6.699692535727101e-14
+27   -6.540091708426045e-15  +6.449392076787495e-14
+28   -6.193496100699588e-15  +6.223036494935645e-14
+29   -5.848802216929316e-15  +6.012706308033401e-14
+30   -5.581882679725754e-15  +5.813689717674325e-14

