-30   +2.786093151982620e-17  -1.650187181685040e-14
-29   +4.737449424911855e-17  -1.705766845058639e-14
-28   +7.346936919800787e-17  -1.764870867518091e-14
-27   +1.333718660070165e-16  -1.827893307069965e-14
-26   +1.588568849099877e-16  -1.892797821756883e-14
-25   +2.023308078920120e-16  -1.964272208086300e-14
-24   +2.672756686999918e-16  -2.039844168661701e-14
-23   +3.222124203540041e-16  -2.122136210046005e-14
-22   +3.617090760749990e-16  -2.214013060948861e-14
-21   +4.678086721266423e-16  -2.311305342461306e-14
-20   +5.501301729954893e-16  -2.417682175432491e-14
-19   +6.613596629357598e-16  -2.528436877445220e-14
-18   +8.067423979550106e-16  -2.654559539129669e-14
-17   +9.790125255880485e-16  -2.792491473517085e-14
-16   +1.169676983790491e-15  -2.942482615014967e-14
-15   +1.372643808245054e-15  -3.106042251639921e-14
-14   +1.695293631931733e-15  -3.286405998889416e-14
-13   +2.091781346213515e-15  -3.488081344185279e-14
-12   +2.557494784735700e-15  -3.701519147513304e-14
-11   +3.240182258903372e-15  -3.940725133057579e-14
-10   +4.244490159285354e-15  -4.183566024549638e-14
 -9   +5.362312373309882e-15  -4.425429726825348e-14
 -8   +1.840444186291384e-14  -5.145632552771244e-14
 -7   -4.740567025531085e-13  +2.627535384581912e-13
 -6   +2.161993861690208e-11  -2.073292777379317e-11
 -5   -8.227145901543732e-10  +1.434429053668426e-09
 -4   +7.650436594239110e-09  -9.718365836654431e-08
 -3   +3.436025812357680e-06  +4.747821721605471e-06
 -2   -3.012984434750755e-04  +4.167594261456477e-05
 -1   -6.141347956026952e-06  -1.007899129121076e-02
 +0   +1.597933997079492e-01  +0.000000000000000e+00
 +1   -6.141347956026952e-06  +1.007899129121076e-02
 +2   -3.012984434750755e-04  -4.167594261456477e-05
 +3   +3.436025812357680e-06  -4.747821721605471e-06
 +4   +7.650436594239110e-09  +9.718365836654431e-08
 +5   -8.227145901543732e-10  -1.434429053668426e-09
 +6   +2.161993861690208e-11  +2.073292777379317e-11
 +7   -4.740567025531085e-13  -2.627535384581912e-13
 +8   +1.840444186291384e-14  +5.145632552771244e-14
 +9   +5.362312373309882e-15  +4.425429726825348e-14
+10   +4.244490159285354e-15  +4.183566024549638e-14
+11   +3.240182258903372e-15  +3.940725133057579e-14
+12   +2.557494784735700e-15  +3.701519147513304e-14
+13   +2.091781346213515e-15  +3.488081344185279e-14
+14   +1.695293631931733e-15  +3.286405998889416e-14
+15   +1.372643808245054e-15  +3.106042251639921e-14
+16   +1.169676983790491e-15  +2.942482615014967e-14
+17   +9.790125255880485e-16  +2.792491473517085e-14
+18   +8.067423979550106e-16  +2.654559539129669e-14
+19   +6.613596629357598e-16  +2.528436877445220e-14
+20   +5.501301729954893e-16  +2.417682175432491e-14
+21   +4.678086721266423e-16  +2.311305342461306e-14
+22   +3.617090760749990e-16  +2.214013060948861e-14
+23   +3.222124203540041e-16  +2.122136210046005e-14
+24   +2.672756686999918e-16  +2.039844168661701e-14
+25   +2.023308078920120e-16  +1.964272208086300e-14
+26   +1.588568849099877e-16  +1.892797821756883e-14
+27   +1.333718660070165e-16  +1.827893307069965e-14
+28   +7.346936919800787e-17  +1.764870867518091e-14
+29   +4.737449424911855e-17  +1.705766845058639e-14
+30   +2.786093151982620e-17  +1.650187181685040e-14

