-30   +2.207162704988990e-15  +1.564441995258525e-14
-29   +2.326295556036816e-15  +1.615626640888363e-14
-28   +2.475941261205065e-15  +1.674053759096325e-14
-27   +2.643063414823120e-15  +1.736048627388760e-14
-26   +2.804120426407689e-15  +1.802700141456395e-14
-25   +3.009461602632086e-15  +1.872725482396000e-14
-24   +3.238643133924801e-15  +1.951440001782866e-14
-23   +3.485872994025833e-15  +2.037034580113383e-14
-22   +3.766071073521985e-15  +2.129784477091435e-14
-21   +4.115891144071372e-15  +2.229151283947369e-14
-20   +4.496138090871613e-15  +2.337989648088873e-14
-19   +4.928331592911234e-15  +2.463064679615862e-14
-18   +5.467953144183819e-15  +2.597028855228808e-14
-17   +6.072886590562373e-15  +2.748296179993223e-14
-16   +6.805482877455946e-15  +2.919157261815588e-14
-15   +7.649276980457087e-15  +3.111751593801359e-14
-14   +8.729560766060472e-15  +3.331345895918724e-14
-13   +1.006790663728328e-14  +3.581753647528526e-14
-12   +1.170238188067544e-14  +3.878652024287478e-14
-11   +1.380986072390510e-14  +4.218989466507366e-14
-10   +1.660335525988437e-14  +4.630734825195741e-14
 -9   +2.006311632368963e-14  +5.140153109431050e-14
 -8   +3.589537194590904e-14  +5.129161834767813e-14
 -7   -4.610208112655040e-13  +4.554382043801275e-13
 -6   +2.245573773948477e-11  -2.590970912452163e-11
 -5   -8.434972796594965e-10  +1.809563807839383e-09
 -4   +2.243972438658947e-09  -1.242503951604541e-07
 -3   +4.757494337373128e-06  +6.419613621175130e-06
 -2   -4.643251812879497e-04  +2.834876985305902e-05
 -1   +3.108132415935549e-03  -1.953110355887657e-02
 +0   +4.425806478200360e-01  +0.000000000000000e+00
 +1   +3.108132415935549e-03  +1.953110355887657e-02
 +2   -4.643251812879497e-04  -2.834876985305902e-05
 +3   +4.757494337373128e-06  -6.419613621175130e-06
 +4   +2.243972438658947e-09  +1.242503951604541e-07
 +5   -8.434972796594965e-10  -1.809563807839383e-09
 +6   +2.245573773948477e-11  +2.590970912452163e-11
 +7   -4.610208112655040e-13  -4.554382043801275e-13
 +8   +3.589537194590904e-14  -5.129161834767813e-14
 +9   +2.006311632368963e-14  -5.140153109431050e-14
+10   +1.660335525988437e-14  -4.630734825195741e-14
+11   +1.380986072390510e-14  -4.218989466507366e-14
+12   +1.170238188067544e-14  -3.878652024287478e-14
+13   +1.006790663728328e-14  -3.581753647528526e-14
+14   +8.729560766060472e-15  -3.331345895918724e-14
+15   +7.649276980457087e-15  -3.111751593801359e-14
+16   +6.805482877455946e-15  -2.919157261815588e-14
+17   +6.072886590562373e-15  -2.748296179993223e-14
+18   +5.467953144183819e-15  -2.597028855228808e-14
+19   +4.928331592911234e-15  -2.463064679615862e-14
+20   +4.496138090871613e-15  -2.337989648088873e-14
+21   +4.115891144071372e-15  -2.229151283947369e-14
+22   +3.766071073521985e-15  -2.129784477091435e-14
+23   +3.485872994025833e-15  -2.037034580113383e-14
+24   +3.238643133924801e-15  -1.951440001782866e-14
+25   +3.009461602632086e-15  -1.872725482396000e-14
+26   +2.804120426407689e-15  -1.802700141456395e-14
+27   +2.643063414823120e-15  -1.736048627388760e-14
+28   +2.475941261205065e-15  -1.674053759096325e-14
+29   +2.326295556036816e-15  -1.615626640888363e-14
+30   +2.207162704988990e-15  -1.564441995258525e-14

