-30   -2.318380879206109e-16  +2.084823841701201e-14
-29   -2.718503562256841e-16  +2.156871960857243e-14
-28   -3.348542568458896e-16  +2.233847308863061e-14
-27   -3.929511462566377e-16  +2.317817880244541e-14
-26   -4.505369564994594e-16  +2.404120175214856e-14
-25   -5.067571875198733e-16  +2.500223845083423e-14
-24   -6.040756554634936e-16  +2.605470293942495e-14
-23   -7.151292393542970e-16  +2.716527306949448e-14
-22   -7.962126881201487e-16  +2.841914217565002e-14
-21   -9.087298843760936e-16  +2.978487397785475e-14
-20   -1.057219977605628e-15  +3.124212254929714e-14
-19   -1.236797059387854e-15  +3.284878705336124e-14
-18   -1.395189866523159e-15  +3.467137632333682e-14
-17   -1.585540848750309e-15  +3.668956939359797e-14
-16   -1.847031162715963e-15  +3.898761864069401e-14
-15   -2.151961318669636e-15  +4.156214236785283e-14
-14   -2.475569224858465e-15  +4.445595194592859e-14
-13   -2.867434234647684e-15  +4.786197087711292e-14
-12   -3.365156352589883e-15  +5.178924507210164e-14
-11   -3.974548344326128e-15  +5.637065139686069e-14
-10   -4.574839481138452e-15  +6.176076506085445e-14
 -9   -5.435360693681483e-15  +6.829196423706758e-14
 -8   -8.492006277409146e-15  +7.412350051471159e-14
 -7   +1.232519642663510e-13  +1.854504402784585e-13
 -6   -9.232492467615557e-12  -3.916714087953626e-12
 -5   +6.680554796466286e-10  +4.472427331865194e-11
 -4   -4.389171362785193e-08  +2.123172995119168e-08
 -3   +1.156181840278413e-06  -3.563752264243048e-06
 -2   +2.069970392477413e-04  +1.592205952193186e-04
 -1   -6.407480536379944e-03  +1.074029759468198e-02
 +0   -2.788339471460871e-01  +0.000000000000000e+00
 +1   -6.407480536379944e-03  -1.074029759468198e-02
 +2   +2.069970392477413e-04  -1.592205952193186e-04
 +3   +1.156181840278413e-06  +3.563752264243048e-06
 +4   -4.389171362785193e-08  -2.123172995119168e-08
 +5   +6.680554796466286e-10  -4.472427331865194e-11
 +6   -9.232492467615557e-12  +3.916714087953626e-12
 +7   +1.232519642663510e-13  -1.854504402784585e-13
 +8   -8.492006277409146e-15  -7.412350051471159e-14
 +9   -5.435360693681483e-15  -6.829196423706758e-14
+10   -4.574839481138452e-15  -6.176076506085445e-14
+11   -3.974548344326128e-15  -5.637065139686069e-14
+12   -3.365156352589883e-15  -5.178924507210164e-14
+13   -2.867434234647684e-15  -4.786197087711292e-14
+14   -2.475569224858465e-15  -4.445595194592859e-14
+15   -2.151961318669636e-15  -4.156214236785283e-14
+16   -1.847031162715963e-15  -3.898761864069401e-14
+17   -1.585540848750309e-15  -3.668956939359797e-14
+18   -1.395189866523159e-15  -3.467137632333682e-14
+19   -1.236797059387854e-15  -3.284878705336124e-14
+20   -1.057219977605628e-15  -3.124212254929714e-14
+21   -9.087298843760936e-16  -2.978487397785475e-14
+22   -7.962126881201487e-16  -2.841914217565002e-14
+23   -7.151292393542970e-16  -2.716527306949448e-14
+24   -6.040756554634936e-16  -2.605470293942495e-14
+25   -5.067571875198733e-16  -2.500223845083423e-14
+26   -4.505369564994594e-16  -2.404120175214856e-14
+27   -3.929511462566377e-16  -2.317817880244541e-14
+28   -3.348542568458896e-16  -2.233847308863061e-14
+29   -2.718503562256841e-16  -2.156871960857243e-14
+30   -2.318380879206109e-16  -2.084823841701201e-14

