-30   -4.122640877163330e-15  +1.135477924805887e-14
-29   -4.421048640011729e-15  +1.173186308603592e-14
-28   -4.769956112816115e-15  +1.211305007429755e-14
-27   -5.132394049846603e-15  +1.250786082688794e-14
-26   -5.566489009503986e-15  +1.291740080424718e-14
-25   -6.032147134842226e-15  +1.337419487850148e-14
-24   -6.541076465499552e-15  +1.385186138235156e-14
-23   -7.166296449314665e-15  +1.435481023922395e-14
-22   -7.835252751750493e-15  +1.489419076548322e-14
-21   -8.630249957787093e-15  +1.549133259985609e-14
-20   -9.515512963944022e-15  +1.612965660910277e-14
-19   -1.053453118912157e-14  +1.677227492896100e-14
-18   -1.174441645294439e-14  +1.747160443033653e-14
-17   -1.316419135722874e-14  +1.814370315886189e-14
-16   -1.491984819057356e-14  +1.888885197631450e-14
-15   -1.690421798795260e-14  +1.971132451344889e-14
-14   -1.931151658233556e-14  +2.047760885998860e-14
-13   -2.235692050122417e-14  +2.121063358245071e-14
-12   -2.612488254980846e-14  +2.180499940074143e-14
-11   -2.937774772325223e-14  +2.123068093121111e-14
-10   -9.352888290853712e-14  +5.696246322638816e-14
 -9   +2.206913279290903e-12  -1.370094518491435e-12
 -8   -9.020840469805612e-11  +5.570951297156340e-11
 -7   +3.646092258100926e-09  -2.252378996771109e-09
 -6   -1.493311844412624e-07  +9.224823097878604e-08
 -5   +6.216185344316840e-06  -3.840004817506184e-06
 -4   -2.646277901937965e-04  +1.634719535726814e-04
 -3   +1.167854023663096e-02  -7.214335988108895e-03
 -2   -5.684867717192710e-01  +3.511787002769792e-01
 -1   -5.861478480721407e-03  +3.621452428224053e-03
 +0   -1.054834548735703e-05  +0.000000000000000e+00
 +1   -5.861478480721407e-03  -3.621452428224053e-03
 +2   -5.684867717192710e-01  -3.511787002769792e-01
 +3   +1.167854023663096e-02  +7.214335988108895e-03
 +4   -2.646277901937965e-04  -1.634719535726814e-04
 +5   +6.216185344316840e-06  +3.840004817506184e-06
 +6   -1.493311844412624e-07  -9.224823097878604e-08
 +7   +3.646092258100926e-09  +2.252378996771109e-09
 +8   -9.020840469805612e-11  -5.570951297156340e-11
 +9   +2.206913279290903e-12  +1.370094518491435e-12
+10   -9.352888290853712e-14  -5.696246322638816e-14
+11   -2.937774772325223e-14  -2.123068093121111e-14
+12   -2.612488254980846e-14  -2.180499940074143e-14
+13   -2.235692050122417e-14  -2.121063358245071e-14
+14   -1.931151658233556e-14  -2.047760885998860e-14
+15   -1.690421798795260e-14  -1.971132451344889e-14
+16   -1.491984819057356e-14  -1.888885197631450e-14
+17   -1.316419135722874e-14  -1.814370315886189e-14
+18   -1.174441645294439e-14  -1.747160443033653e-14
+19   -1.053453118912157e-14  -1.677227492896100e-14
+20   -9.515512963944022e-15  -1.612965660910277e-14
+21   -8.630249957787093e-15  -1.549133259985609e-14
+22   -7.835252751750493e-15  -1.489419076548322e-14
+23   -7.166296449314665e-15  -1.435481023922395e-14
+24   -6.541076465499552e-15  -1.385186138235156e-14
+25   -6.032147134842226e-15  -1.337419487850148e-14
+26   -5.566489009503986e-15  -1.291740080424718e-14
+27   -5.132394049846603e-15  -1.250786082688794e-14
+28   -4.769956112816115e-15  -1.211305007429755e-14
+29   -4.421048640011729e-15  -1.173186308603592e-14
+30   -4.122640877163330e-15  -1.135477924805887e-14

