-30   +7.258156727664948e-16  +9.479964754364866e-15
-29   +7.439228028245429e-16  +9.808665387007740e-15
-28   +8.012682471306540e-16  +1.017643290155704e-14
-27   +8.436929050984808e-16  +1.057231641316787e-14
-26   +8.831473660626635e-16  +1.099526544216851e-14
-25   +9.404071628571782e-16  +1.145759022506861e-14
-24   +9.869473378672091e-16  +1.196238541341985e-14
-23   +1.054663643609867e-15  +1.251220322047144e-14
-22   +1.129852962640771e-15  +1.312439117946082e-14
-21   +1.219324699698831e-15  +1.379233914866830e-14
-20   +1.294459416781899e-15  +1.451931719739941e-14
-19   +1.422810766336954e-15  +1.532825236584454e-14
-18   +1.553863706404647e-15  +1.626694053756264e-14
-17   +1.682552719198061e-15  +1.731526227212831e-14
-16   +1.854453616766983e-15  +1.852037880744140e-14
-15   +2.029395827700031e-15  +1.988862394349304e-14
-14   +2.243757476694110e-15  +2.150310940130041e-14
-13   +2.512235763656747e-15  +2.339031159888152e-14
-12   +2.830417762966555e-15  +2.571373230053700e-14
-11   +3.074742045703675e-15  +2.838099103656811e-14
-10   +7.110206204529155e-15  +3.780298131185803e-14
 -9   -1.544339031149987e-13  -2.196708363480646e-13
 -8   +7.156043964313659e-12  +1.162010270587572e-11
 -7   -3.318678656264496e-10  -5.371819227233927e-10
 -6   +1.594079367875762e-08  +2.580495631527252e-08
 -5   -8.021853806688924e-07  -1.298574620891786e-06
 -4   +4.316741494148973e-05  +6.987925058279097e-05
 -3   -2.588632470443166e-03  -4.190468591729868e-03
 -2   +1.965263408527868e-01  +3.181361070619312e-01
 -1   +4.601877916781499e-03  +7.448748305200968e-03
 +0   -3.058219787244290e-05  +0.000000000000000e+00
 +1   +4.601877916781499e-03  -7.448748305200968e-03
 +2   +1.965263408527868e-01  -3.181361070619312e-01
 +3   -2.588632470443166e-03  +4.190468591729868e-03
 +4   +4.316741494148973e-05  -6.987925058279097e-05
 +5   -8.021853806688924e-07  +1.298574620891786e-06
 +6   +1.594079367875762e-08  -2.580495631527252e-08
 +7   -3.318678656264496e-10  +5.371819227233927e-10
 +8   +7.156043964313659e-12  -1.162010270587572e-11
 +9   -1.544339031149987e-13  +2.196708363480646e-13
+10   +7.110206204529155e-15  -3.780298131185803e-14
+11   +3.074742045703675e-15  -2.838099103656811e-14
+12   +2.830417762966555e-15  -2.571373230053700e-14
+13   +2.512235763656747e-15  -2.339031159888152e-14
+14   +2.243757476694110e-15  -2.150310940130041e-14
+15   +2.029395827700031e-15  -1.988862394349304e-14
+16   +1.854453616766983e-15  -1.852037880744140e-14
+17   +1.682552719198061e-15  -1.731526227212831e-14
+18   +1.553863706404647e-15  -1.626694053756264e-14
+19   +1.422810766336954e-15  -1.532825236584454e-14
+20   +1.294459416781899e-15  -1.451931719739941e-14
+21   +1.219324699698831e-15  -1.379233914866830e-14
+22   +1.129852962640771e-15  -1.312439117946082e-14
+23   +1.054663643609867e-15  -1.251220322047144e-14
+24   +9.869473378672091e-16  -1.196238541341985e-14
+25   +9.404071628571782e-16  -1.145759022506861e-14
+26   +8.831473660626635e-16  -1.099526544216851e-14
+27   +8.436929050984808e-16  -1.057231641316787e-14
+28   +8.012682471306540e-16  -1.017643290155704e-14
+29   +7.439228028245429e-16  -9.808665387007740e-15
+30   +7.258156727664948e-16  -9.479964754364866e-15

