-30   -3.011100940749512e-18  +0.000000000000000e+00
-29   +1.030333689139402e-17  +0.000000000000000e+00
-28   +0.000000000000000e+00  +0.000000000000000e+00
-27   +2.446807088164876e-17  +0.000000000000000e+00
-26   -2.336367816773757e-17  +0.000000000000000e+00
-25   +8.531988329980421e-18  +0.000000000000000e+00
-24   +0.000000000000000e+00  +0.000000000000000e+00
-23   -1.802161250806918e-17  +0.000000000000000e+00
-22   -5.516088884409870e-18  +0.000000000000000e+00
-21   +1.996743402266610e-17  +0.000000000000000e+00
-20   +0.000000000000000e+00  +0.000000000000000e+00
-19   +1.293169702789999e-17  +0.000000000000000e+00
-18   +5.386761622719172e-17  +0.000000000000000e+00
-17   +2.589612549866986e-17  +0.000000000000000e+00
-16   +0.000000000000000e+00  +0.000000000000000e+00
-15   +1.259951649963278e-17  +0.000000000000000e+00
-14   +7.358693167350543e-17  +0.000000000000000e+00
-13   +5.351433126489372e-18  +0.000000000000000e+00
-12   +0.000000000000000e+00  +0.000000000000000e+00
-11   +7.333064898323712e-17  +0.000000000000000e+00
-10   -3.975695576913129e-17  +0.000000000000000e+00
 -9   +2.557312104971701e-17  +0.000000000000000e+00
 -8   +0.000000000000000e+00  +0.000000000000000e+00
 -7   +8.449601637682847e-17  +0.000000000000000e+00
 -6   -2.676208543194925e-16  +0.000000000000000e+00
 -5   +1.662280161854595e-16  +0.000000000000000e+00
 -4   +0.000000000000000e+00  +0.000000000000000e+00
 -3   +3.001985921922802e-16  +0.000000000000000e+00
 -2   -4.578068314204975e-16  +0.000000000000000e+00
 -1   +8.021000952143198e-16  +0.000000000000000e+00
 +0   -6.958313313797555e+00  +0.000000000000000e+00
 +1   +8.021000952143198e-16  +0.000000000000000e+00
 +2   -4.578068314204975e-16  +0.000000000000000e+00
 +3   +3.001985921922802e-16  +0.000000000000000e+00
 +4   +0.000000000000000e+00  +0.000000000000000e+00
 +5   +1.662280161854595e-16  +0.000000000000000e+00
 +6   -2.676208543194925e-16  +0.000000000000000e+00
 +7   +8.449601637682847e-17  +0.000000000000000e+00
 +8   +0.000000000000000e+00  +0.000000000000000e+00
 +9   +2.557312104971701e-17  +0.000000000000000e+00
+10   -3.975695576913129e-17  +0.000000000000000e+00
+11   +7.333064898323712e-17  +0.000000000000000e+00
+12   +0.000000000000000e+00  +0.000000000000000e+00
+13   +5.351433126489372e-18  +0.000000000000000e+00
+14   +7.358693167350543e-17  +0.000000000000000e+00
+15   +1.259951649963278e-17  +0.000000000000000e+00
+16   +0.000000000000000e+00  +0.000000000000000e+00
+17   +2.589612549866986e-17  +0.000000000000000e+00
+18   +5.386761622719172e-17  +0.000000000000000e+00
+19   +1.293169702789999e-17  +0.000000000000000e+00
+20   +0.000000000000000e+00  +0.000000000000000e+00
+21   +1.996743402266610e-17  +0.000000000000000e+00
+22   -5.516088884409870e-18  +0.000000000000000e+00
+23   -1.802161250806918e-17  +0.000000000000000e+00
+24   +0.000000000000000e+00  +0.000000000000000e+00
+25   +8.531988329980421e-18  +0.000000000000000e+00
+26   -2.336367816773757e-17  +0.000000000000000e+00
+27   +2.446807088164876e-17  +0.000000000000000e+00
+28   +0.000000000000000e+00  +0.000000000000000e+00
+29   +1.030333689139402e-17  +0.000000000000000e+00
+30   -3.011100940749512e-18  +0.000000000000000e+00

