-30   -0.000000000000000e+00  -3.886125713610389e-17
-29   +0.000000000000000e+00  +4.018402973171603e-17
-28   -0.000000000000000e+00  -4.159921194951079e-17
-27   +0.000000000000000e+00  +4.312106679213076e-17
-26   -0.000000000000000e+00  -4.475743091997285e-17
-25   +0.000000000000000e+00  +4.650881684946873e-17
-24   -0.000000000000000e+00  -4.840671635335142e-17
-23   +0.000000000000000e+00  +5.047163350940400e-17
-22   -0.000000000000000e+00  -5.272374477901632e-17
-21   +0.000000000000000e+00  +5.517715738766357e-17
-20   -0.000000000000000e+00  -5.785729423905750e-17
-19   +0.000000000000000e+00  +6.082390788799881e-17
-18   -0.000000000000000e+00  -6.411411453056977e-17
-17   +0.000000000000000e+00  +6.775430516261052e-17
-16   -0.000000000000000e+00  -7.179345532898845e-17
-15   +0.000000000000000e+00  +7.633917284403494e-17
-14   -0.000000000000000e+00  -8.153590442648864e-17
-13   +0.000000000000000e+00  +8.746776265939396e-17
-12   -0.000000000000000e+00  -9.418527461552544e-17
-11   +0.000000000000000e+00  +1.019916252283035e-16
-10   -0.000000000000000e+00  -1.112598506103130e-16
 -9   +0.000000000000000e+00  +1.222228760843980e-16
 -8   -0.000000000000000e+00  -1.351226454059810e-16
 -7   +0.000000000000000e+00  +1.507746207778490e-16
 -6   -0.000000000000000e+00  -1.707423858626708e-16
 -5   +0.000000000000000e+00  +1.943734743601546e-16
 -4   -0.000000000000000e+00  -2.161257381205403e-16
 -3   +0.000000000000000e+00  +2.267581995971697e-16
 -2   -0.000000000000000e+00  -1.539201310997247e-16
 -1   +0.000000000000000e+00  +2.097226077049182e-16
 +0   +0.000000000000000e+00  +0.000000000000000e+00
 +1   -0.000000000000000e+00  -2.097226077049182e-16
 +2   +0.000000000000000e+00  +1.539201310997247e-16
 +3   -0.000000000000000e+00  -2.267581995971697e-16
 +4   +0.000000000000000e+00  +2.161257381205403e-16
 +5   -0.000000000000000e+00  -1.943734743601546e-16
 +6   +0.000000000000000e+00  +1.707423858626708e-16
 +7   -0.000000000000000e+00  -1.507746207778490e-16
 +8   +0.000000000000000e+00  +1.351226454059810e-16
 +9   -0.000000000000000e+00  -1.222228760843980e-16
+10   +0.000000000000000e+00  +1.112598506103130e-16
+11   -0.000000000000000e+00  -1.019916252283035e-16
+12   +0.000000000000000e+00  +9.418527461552544e-17
+13   -0.000000000000000e+00  -8.746776265939396e-17
+14   +0.000000000000000e+00  +8.153590442648864e-17
+15   -0.000000000000000e+00  -7.633917284403494e-17
+16   +0.000000000000000e+00  +7.179345532898845e-17
+17   -0.000000000000000e+00  -6.775430516261052e-17
+18   +0.000000000000000e+00  +6.411411453056977e-17
+19   -0.000000000000000e+00  -6.082390788799881e-17
+20   +0.000000000000000e+00  +5.785729423905750e-17
+21   -0.000000000000000e+00  -5.517715738766357e-17
+22   +0.000000000000000e+00  +5.272374477901632e-17
+23   -0.000000000000000e+00  -5.047163350940400e-17
+24   +0.000000000000000e+00  +4.840671635335142e-17
+25   -0.000000000000000e+00  -4.650881684946873e-17
+26   +0.000000000000000e+00  +4.475743091997285e-17
+27   -0.000000000000000e+00  -4.312106679213076e-17
+28   +0.000000000000000e+00  +4.159921194951079e-17
+29   -0.000000000000000e+00  -4.018402973171603e-17
+30   +0.000000000000000e+00  +3.886125713610389e-17

