-30   +3.885797420262212e-19  +0.000000000000000e+00
-29   +3.599476089039401e-19  +0.000000000000000e+00
-28   -1.219688415478225e-18  +0.000000000000000e+00
-27   +3.004645399921601e-19  +0.000000000000000e+00
-26   +8.236069444688243e-21  +0.000000000000000e+00
-25   -4.823824625822127e-19  +0.000000000000000e+00
-24   +0.000000000000000e+00  +0.000000000000000e+00
-23   -9.735194544425349e-19  +0.000000000000000e+00
-22   +9.939629614436949e-20  +0.000000000000000e+00
-21   -4.705533014453990e-19  +0.000000000000000e+00
-20   -1.504995525009674e-18  +0.000000000000000e+00
-19   +3.226020832950431e-19  +0.000000000000000e+00
-18   -1.273486633146402e-18  +0.000000000000000e+00
-17   +4.808659831901112e-19  +0.000000000000000e+00
-16   +0.000000000000000e+00  +0.000000000000000e+00
-15   +3.842060555160829e-19  +0.000000000000000e+00
-14   -2.808174229592168e-19  +0.000000000000000e+00
-13   +8.846852670447445e-19  +0.000000000000000e+00
-12   -1.716340418341665e-18  +0.000000000000000e+00
-11   +1.502053306839993e-18  +0.000000000000000e+00
-10   -3.220213576906429e-18  +0.000000000000000e+00
 -9   +1.142005494432502e-18  +0.000000000000000e+00
 -8   +0.000000000000000e+00  +0.000000000000000e+00
 -7   +6.847080443304914e-19  +0.000000000000000e+00
 -6   +7.351326729789989e-19  +0.000000000000000e+00
 -5   +2.841811227077391e-18  +0.000000000000000e+00
 -4   -1.828763923860756e-18  +0.000000000000000e+00
 -3   +8.253387756761688e-18  +0.000000000000000e+00
 -2   -1.105003086758796e-17  +0.000000000000000e+00
 -1   +1.321594899108354e-17  +0.000000000000000e+00
 +0   +1.437129883210507e-01  +0.000000000000000e+00
 +1   +1.321594899108354e-17  +0.000000000000000e+00
 +2   -1.105003086758796e-17  +0.000000000000000e+00
 +3   +8.253387756761688e-18  +0.000000000000000e+00
 +4   -1.828763923860756e-18  +0.000000000000000e+00
 +5   +2.841811227077391e-18  +0.000000000000000e+00
 +6   +7.351326729789989e-19  +0.000000000000000e+00
 +7   +6.847080443304914e-19  +0.000000000000000e+00
 +8   +0.000000000000000e+00  +0.000000000000000e+00
 +9   +1.142005494432502e-18  +0.000000000000000e+00
+10   -3.220213576906429e-18  +0.000000000000000e+00
+11   +1.502053306839993e-18  +0.000000000000000e+00
+12   -1.716340418341665e-18  +0.000000000000000e+00
+13   +8.846852670447445e-19  +0.000000000000000e+00
+14   -2.808174229592168e-19  +0.000000000000000e+00
+15   +3.842060555160829e-19  +0.000000000000000e+00
+16   +0.000000000000000e+00  +0.000000000000000e+00
+17   +4.808659831901112e-19  +0.000000000000000e+00
+18   -1.273486633146402e-18  +0.000000000000000e+00
+19   +3.226020832950431e-19  +0.000000000000000e+00
+20   -1.504995525009674e-18  +0.000000000000000e+00
+21   -4.705533014453990e-19  +0.000000000000000e+00
+22   +9.939629614436949e-20  +0.000000000000000e+00
+23   -9.735194544425349e-19  +0.000000000000000e+00
+24   +0.000000000000000e+00  +0.000000000000000e+00
+25   -4.823824625822127e-19  +0.000000000000000e+00
+26   +8.236069444688243e-21  +0.000000000000000e+00
+27   +3.004645399921601e-19  +0.000000000000000e+00
+28   -1.219688415478225e-18  +0.000000000000000e+00
+29   +3.599476089039401e-19  +0.000000000000000e+00
+30   +3.885797420262212e-19  +0.000000000000000e+00

