-30   +1.414174998869285e-18  +0.000000000000000e+00
-29   +5.128862904139650e-18  +0.000000000000000e+00
-28   +1.742893040898246e-18  +0.000000000000000e+00
-27   +7.590676750586915e-18  +0.000000000000000e+00
-26   -1.863839020103330e-17  +0.000000000000000e+00
-25   +4.176006299382113e-18  +0.000000000000000e+00
-24   -3.856243814890010e-17  +0.000000000000000e+00
-23   +1.145846957933385e-17  +0.000000000000000e+00
-22   -9.948811949790013e-18  +0.000000000000000e+00
-21   +8.382756436157338e-18  +0.000000000000000e+00
-20   +7.027289060072033e-18  +0.000000000000000e+00
-19   +1.178830796496826e-17  +0.000000000000000e+00
-18   -2.476099968148598e-17  +0.000000000000000e+00
-17   +1.738429022987188e-17  +0.000000000000000e+00
-16   -6.048395509214195e-17  +0.000000000000000e+00
-15   +1.565718519427884e-17  +0.000000000000000e+00
-14   -2.509203250699835e-17  +0.000000000000000e+00
-13   +3.079322239324653e-17  +0.000000000000000e+00
-12   -1.475081514907962e-17  +0.000000000000000e+00
-11   +3.058644018240492e-17  +0.000000000000000e+00
-10   -6.346959852930806e-17  +0.000000000000000e+00
 -9   +5.799490545239888e-17  +0.000000000000000e+00
 -8   -9.656297714598738e-17  +0.000000000000000e+00
 -7   +7.752503337173693e-17  +0.000000000000000e+00
 -6   -1.014695384543119e-16  +0.000000000000000e+00
 -5   +1.520915270731584e-16  +0.000000000000000e+00
 -4   -2.199963165729967e-16  +0.000000000000000e+00
 -3   +3.298084770664578e-16  +0.000000000000000e+00
 -2   -5.048915782016308e-16  +0.000000000000000e+00
 -1   +7.291222196021462e-16  +0.000000000000000e+00
 +0   -1.000000000000001e+00  +0.000000000000000e+00
 +1   +7.291222196021462e-16  +0.000000000000000e+00
 +2   -5.048915782016308e-16  +0.000000000000000e+00
 +3   +3.298084770664578e-16  +0.000000000000000e+00
 +4   -2.199963165729967e-16  +0.000000000000000e+00
 +5   +1.520915270731584e-16  +0.000000000000000e+00
 +6   -1.014695384543119e-16  +0.000000000000000e+00
 +7   +7.752503337173693e-17  +0.000000000000000e+00
 +8   -9.656297714598738e-17  +0.000000000000000e+00
 +9   +5.799490545239888e-17  +0.000000000000000e+00
+10   -6.346959852930806e-17  +0.000000000000000e+00
+11   +3.058644018240492e-17  +0.000000000000000e+00
+12   -1.475081514907962e-17  +0.000000000000000e+00
+13   +3.079322239324653e-17  +0.000000000000000e+00
+14   -2.509203250699835e-17  +0.000000000000000e+00
+15   +1.565718519427884e-17  +0.000000000000000e+00
+16   -6.048395509214195e-17  +0.000000000000000e+00
+17   +1.738429022987188e-17  +0.000000000000000e+00
+18   -2.476099968148598e-17  +0.000000000000000e+00
+19   +1.178830796496826e-17  +0.000000000000000e+00
+20   +7.027289060072033e-18  +0.000000000000000e+00
+21   +8.382756436157338e-18  +0.000000000000000e+00
+22   -9.948811949790013e-18  +0.000000000000000e+00
+23   +1.145846957933385e-17  +0.000000000000000e+00
+24   -3.856243814890010e-17  +0.000000000000000e+00
+25   +4.176006299382113e-18  +0.000000000000000e+00
+26   -1.863839020103330e-17  +0.000000000000000e+00
+27   +7.590676750586915e-18  +0.000000000000000e+00
+28   +1.742893040898246e-18  +0.000000000000000e+00
+29   +5.128862904139650e-18  +0.000000000000000e+00
+30   +1.414174998869285e-18  +0.000000000000000e+00

