-30   -5.370571736718920e-18  +0.000000000000000e+00
-29   +5.128862904139650e-18  +0.000000000000000e+00
-28   -3.967737892582665e-18  +0.000000000000000e+00
-27   +7.590676750586915e-18  +0.000000000000000e+00
-26   -6.805421748597988e-18  +0.000000000000000e+00
-25   +4.176006299382113e-18  +0.000000000000000e+00
-24   -2.999235525070831e-18  +0.000000000000000e+00
-23   +1.145846957933385e-17  +0.000000000000000e+00
-22   -1.340632398930670e-17  +0.000000000000000e+00
-21   +8.382756436157338e-18  +0.000000000000000e+00
-20   -2.484208426250970e-18  +0.000000000000000e+00
-19   +1.178830796496826e-17  +0.000000000000000e+00
-18   -1.917260488694389e-17  +0.000000000000000e+00
-17   +1.738429022987188e-17  +0.000000000000000e+00
-16   -1.317955640508567e-19  +0.000000000000000e+00
-15   +1.565718519427884e-17  +0.000000000000000e+00
-14   -2.648329556993219e-17  +0.000000000000000e+00
-13   +3.079322239324653e-17  +0.000000000000000e+00
-12   -3.422212123780376e-17  +0.000000000000000e+00
-11   +3.058644018240492e-17  +0.000000000000000e+00
-10   -4.494025357366953e-17  +0.000000000000000e+00
 -9   +5.799490545239888e-17  +0.000000000000000e+00
 -8   -6.320798562132671e-17  +0.000000000000000e+00
 -7   +7.752503337173693e-17  +0.000000000000000e+00
 -6   -1.089941992266475e-16  +0.000000000000000e+00
 -5   +1.520915270731584e-16  +0.000000000000000e+00
 -4   -2.215926576220904e-16  +0.000000000000000e+00
 -3   +3.298084770664578e-16  +0.000000000000000e+00
 -2   -5.239587964919065e-16  +0.000000000000000e+00
 -1   +7.291222196021462e-16  +0.000000000000000e+00
 +0   +9.999999999999989e-01  +0.000000000000000e+00
 +1   +7.291222196021462e-16  +0.000000000000000e+00
 +2   -5.239587964919065e-16  +0.000000000000000e+00
 +3   +3.298084770664578e-16  +0.000000000000000e+00
 +4   -2.215926576220904e-16  +0.000000000000000e+00
 +5   +1.520915270731584e-16  +0.000000000000000e+00
 +6   -1.089941992266475e-16  +0.000000000000000e+00
 +7   +7.752503337173693e-17  +0.000000000000000e+00
 +8   -6.320798562132671e-17  +0.000000000000000e+00
 +9   +5.799490545239888e-17  +0.000000000000000e+00
+10   -4.494025357366953e-17  +0.000000000000000e+00
+11   +3.058644018240492e-17  +0.000000000000000e+00
+12   -3.422212123780376e-17  +0.000000000000000e+00
+13   +3.079322239324653e-17  +0.000000000000000e+00
+14   -2.648329556993219e-17  +0.000000000000000e+00
+15   +1.565718519427884e-17  +0.000000000000000e+00
+16   -1.317955640508567e-19  +0.000000000000000e+00
+17   +1.738429022987188e-17  +0.000000000000000e+00
+18   -1.917260488694389e-17  +0.000000000000000e+00
+19   +1.178830796496826e-17  +0.000000000000000e+00
+20   -2.484208426250970e-18  +0.000000000000000e+00
+21   +8.382756436157338e-18  +0.000000000000000e+00
+22   -1.340632398930670e-17  +0.000000000000000e+00
+23   +1.145846957933385e-17  +0.000000000000000e+00
+24   -2.999235525070831e-18  +0.000000000000000e+00
+25   +4.176006299382113e-18  +0.000000000000000e+00
+26   -6.805421748597988e-18  +0.000000000000000e+00
+27   +7.590676750586915e-18  +0.000000000000000e+00
+28   -3.967737892582665e-18  +0.000000000000000e+00
+29   +5.128862904139650e-18  +0.000000000000000e+00
+30   -5.370571736718920e-18  +0.000000000000000e+00

