-30   -4.875180781048339e-18  +0.000000000000000e+00
-29   +5.237033177096555e-18  +0.000000000000000e+00
-28   -5.638990574306620e-18  +0.000000000000000e+00
-27   +6.028977056704995e-18  +0.000000000000000e+00
-26   -6.466992791686997e-18  +0.000000000000000e+00
-25   +7.120277573138824e-18  +0.000000000000000e+00
-24   -7.787030031781272e-18  +0.000000000000000e+00
-23   +8.454945452030491e-18  +0.000000000000000e+00
-22   -9.156966403453643e-18  +0.000000000000000e+00
-21   +1.003063969232132e-17  +0.000000000000000e+00
-20   -1.113021301658584e-17  +0.000000000000000e+00
-19   +1.223798228889626e-17  +0.000000000000000e+00
-18   -1.346032995517380e-17  +0.000000000000000e+00
-17   +1.507087187257391e-17  +0.000000000000000e+00
-16   -1.722010067395931e-17  +0.000000000000000e+00
-15   +1.972573511364150e-17  +0.000000000000000e+00
-14   -2.237325733596783e-17  +0.000000000000000e+00
-13   +2.563544958058031e-17  +0.000000000000000e+00
-12   -3.036659672179168e-17  +0.000000000000000e+00
-11   +3.617759464317990e-17  +0.000000000000000e+00
-10   -4.298443515844772e-17  +0.000000000000000e+00
 -9   +5.212869597591204e-17  +0.000000000000000e+00
 -8   -6.548311709626040e-17  +0.000000000000000e+00
 -7   +8.366033527119325e-17  +0.000000000000000e+00
 -6   -1.071617791716748e-16  +0.000000000000000e+00
 -5   +1.454954072799171e-16  +0.000000000000000e+00
 -4   -2.166499395726865e-16  +0.000000000000000e+00
 -3   +3.329953617179549e-16  +0.000000000000000e+00
 -2   -5.235559789797982e-16  +0.000000000000000e+00
 -1   +7.162261073311314e-16  +0.000000000000000e+00
 +0   -1.949621315232570e-15  +0.000000000000000e+00
 +1   +7.162261073311314e-16  +0.000000000000000e+00
 +2   -5.235559789797982e-16  +0.000000000000000e+00
 +3   +3.329953617179549e-16  +0.000000000000000e+00
 +4   -2.166499395726865e-16  +0.000000000000000e+00
 +5   +1.454954072799171e-16  +0.000000000000000e+00
 +6   -1.071617791716748e-16  +0.000000000000000e+00
 +7   +8.366033527119325e-17  +0.000000000000000e+00
 +8   -6.548311709626040e-17  +0.000000000000000e+00
 +9   +5.212869597591204e-17  +0.000000000000000e+00
+10   -4.298443515844772e-17  +0.000000000000000e+00
+11   +3.617759464317990e-17  +0.000000000000000e+00
+12   -3.036659672179168e-17  +0.000000000000000e+00
+13   +2.563544958058031e-17  +0.000000000000000e+00
+14   -2.237325733596783e-17  +0.000000000000000e+00
+15   +1.972573511364150e-17  +0.000000000000000e+00
+16   -1.722010067395931e-17  +0.000000000000000e+00
+17   +1.507087187257391e-17  +0.000000000000000e+00
+18   -1.346032995517380e-17  +0.000000000000000e+00
+19   +1.223798228889626e-17  +0.000000000000000e+00
+20   -1.113021301658584e-17  +0.000000000000000e+00
+21   +1.003063969232132e-17  +0.000000000000000e+00
+22   -9.156966403453643e-18  +0.000000000000000e+00
+23   +8.454945452030491e-18  +0.000000000000000e+00
+24   -7.787030031781272e-18  +0.000000000000000e+00
+25   +7.120277573138824e-18  +0.000000000000000e+00
+26   -6.466992791686997e-18  +0.000000000000000e+00
+27   +6.028977056704995e-18  +0.000000000000000e+00
+28   -5.638990574306620e-18  +0.000000000000000e+00
+29   +5.237033177096555e-18  +0.000000000000000e+00
+30   -4.875180781048339e-18  +0.000000000000000e+00

