-30   -6.791395689218629e+10  +0.000000000000000e+00
-29   +9.226610055221579e+10  +0.000000000000000e+00
-28   -1.179901197392854e+11  +0.000000000000000e+00
-27   +9.946817901547864e+10  +0.000000000000000e+00
-26   -6.700149516251534e+10  +0.000000000000000e+00
-25   +1.364659596433955e+11  +0.000000000000000e+00
-24   -1.691932057410319e+11  +0.000000000000000e+00
-23   +1.645528067070057e+11  +0.000000000000000e+00
-22   -1.322930664665784e+11  +0.000000000000000e+00
-21   +1.513721286170790e+11  +0.000000000000000e+00
-20   -2.474578034045480e+11  +0.000000000000000e+00
-19   +2.452032813565120e+11  +0.000000000000000e+00
-18   -1.786941901119324e+11  +0.000000000000000e+00
-17   +1.837686163386563e+11  +0.000000000000000e+00
-16   -3.314240014605527e+11  +0.000000000000000e+00
-15   +4.698317506022223e+11  +0.000000000000000e+00
-14   -3.796465704651545e+11  +0.000000000000000e+00
-13   +2.693765534469960e+11  +0.000000000000000e+00
-12   -5.852823356015720e+11  +0.000000000000000e+00
-11   +8.424633689680833e+11  +0.000000000000000e+00
-10   -6.817759326801448e+11  +0.000000000000000e+00
 -9   +6.376421403339663e+11  +0.000000000000000e+00
 -8   -1.497675332923657e+12  +0.000000000000000e+00
 -7   +2.500164932949502e+12  +0.000000000000000e+00
 -6   -1.106720481899150e+12  +0.000000000000000e+00
 -5   -1.109763129842359e+12  +0.000000000000000e+00
 -4   -1.625646041183746e+12  +0.000000000000000e+00
 -3   +2.191530892840086e+13  +0.000000000000000e+00
 -2   -7.931687921566084e+13  +0.000000000000000e+00
 -1   +1.570487520265196e+14  +0.000000000000000e+00
 +0   +6.669222919392062e+14  +0.000000000000000e+00
 +1   +1.570487520265196e+14  +0.000000000000000e+00
 +2   -7.931687921566084e+13  +0.000000000000000e+00
 +3   +2.191530892840086e+13  +0.000000000000000e+00
 +4   -1.625646041183746e+12  +0.000000000000000e+00
 +5   -1.109763129842359e+12  +0.000000000000000e+00
 +6   -1.106720481899150e+12  +0.000000000000000e+00
 +7   +2.500164932949502e+12  +0.000000000000000e+00
 +8   -1.497675332923657e+12  +0.000000000000000e+00
 +9   +6.376421403339663e+11  +0.000000000000000e+00
+10   -6.817759326801448e+11  +0.000000000000000e+00
+11   +8.424633689680833e+11  +0.000000000000000e+00
+12   -5.852823356015720e+11  +0.000000000000000e+00
+13   +2.693765534469960e+11  +0.000000000000000e+00
+14   -3.796465704651545e+11  +0.000000000000000e+00
+15   +4.698317506022223e+11  +0.000000000000000e+00
+16   -3.314240014605527e+11  +0.000000000000000e+00
+17   +1.837686163386563e+11  +0.000000000000000e+00
+18   -1.786941901119324e+11  +0.000000000000000e+00
+19   +2.452032813565120e+11  +0.000000000000000e+00
+20   -2.474578034045480e+11  +0.000000000000000e+00
+21   +1.513721286170790e+11  +0.000000000000000e+00
+22   -1.322930664665784e+11  +0.000000000000000e+00
+23   +1.645528067070057e+11  +0.000000000000000e+00
+24   -1.691932057410319e+11  +0.000000000000000e+00
+25   +1.364659596433955e+11  +0.000000000000000e+00
+26   -6.700149516251534e+10  +0.000000000000000e+00
+27   +9.946817901547864e+10  +0.000000000000000e+00
+28   -1.179901197392854e+11  +0.000000000000000e+00
+29   +9.226610055221579e+10  +0.000000000000000e+00
+30   -6.791395689218629e+10  +0.000000000000000e+00

