+0 +1.294157338703686e+00
+1 -2.875905197119303e+00
+2 +1.802585760635519e+00
+3 -1.129840937626298e+00
+4 +7.081718785340348e-01
+5 -4.438743480048886e-01
+6 +2.782155614768280e-01
+7 -1.743824552769511e-01
+8 +1.093010058052846e-01
+9 -6.850866873479335e-02
+10 +4.294048027203386e-02
+11 -2.691462075861510e-02
+12 +1.686978808044427e-02
+13 -1.057379719792708e-02
+14 +6.627539026060739e-03
+15 -4.154067304429662e-03
+16 +2.603721650449855e-03
+17 -1.631980807681046e-03
+18 +1.022902366619430e-03
+19 -6.411355625840307e-04
+20 +4.018433280120921e-04
+21 -2.518496107759378e-04
+22 +1.578224737127108e-04
+23 -9.886699747460274e-05
+24 +6.188196511953208e-05
+25 -3.864848056873595e-05
+26 +2.400354725526400e-05
+27 -1.469273555458093e-05
+28 +8.646976199030669e-06
+29 -4.522767110272818e-06
+30 +1.403617378955794e-06
