+0 +1.579737550864423e+01
+1 -1.980324259356439e+01
+2 +1.241245474618791e+01
+3 -7.779990175742101e+00
+4 +4.876412311016779e+00
+5 -3.056481626517393e+00
+6 +1.915769081244090e+00
+7 -1.200782998469472e+00
+8 +7.526375820213967e-01
+9 -4.717449615780822e-01
+10 +2.956845548187854e-01
+11 -1.853318269081066e-01
+12 +1.161639494214524e-01
+13 -7.281028291733875e-02
+14 +4.563667928374750e-02
+15 -2.860455993543033e-02
+16 +1.792900946165485e-02
+17 -1.123768331269099e-02
+18 +7.043620122104946e-03
+19 -4.414805847539989e-03
+20 +2.767059539097390e-03
+21 -1.734215350452585e-03
+22 +1.086752350800664e-03
+23 -6.807898735493871e-04
+24 +4.261140348632106e-04
+25 -2.661302039239603e-04
+26 +1.652864182999564e-04
+27 -1.011729478572185e-04
+28 +5.954235471381501e-05
+29 -3.114339595360844e-05
+30 +9.665191847021616e-06
