+0 +0.0000000000000000e+00
+1 +3.1493780067395883e-05
+2 +4.7935324315995050e-09
+3 +4.7324312412956607e-08
+4 +4.4650429869166925e-12
+5 +1.8351703524779532e-10
+6 -3.8086293362550031e-14
+7 +9.3769308923111250e-13
+8 -5.5927046440797658e-16
+9 +5.4738985686836644e-15
+10 -5.6124974261763963e-18
+11 +3.4568628360592872e-17
+12 -5.1001667726164149e-20
+13 +2.2951433976228784e-19
+14 -4.7464269350066778e-22
+15 +1.9807237653844012e-21
+16 -1.8890892106596051e-22
+17 -9.3364128930172877e-22
+18 +4.3256392344822813e-23
+19 -1.4894501217341540e-22
+20 +3.0221109581906345e-23
+21 -2.2983876244205062e-23
+22 -4.2874104122235163e-23
+23 +1.5817818935199934e-22
+24 +3.9890363015235619e-23
+25 -1.9158184473107202e-22
+26 -1.5994103822820219e-22
+27 -1.3870653443559670e-22
+28 +2.6458122573482251e-23
+29 -2.5338310000925901e-22
+30 -7.8242660949213678e-23
