+0 +0.0000000000000000e+00
+1 -2.5604628063281894e-03
+2 -3.8971700049257475e-07
+3 -3.8474943785447842e-06
+4 -3.6301061581682821e-10
+5 -1.4920042690132360e-08
+6 +3.0964380110375472e-12
+7 -7.6234998579980951e-11
+8 +4.5469014803846582e-14
+9 -4.4503117105936361e-13
+10 +4.5629938380980340e-16
+11 -2.8104544495504449e-15
+12 +4.1453659812644148e-18
+13 -1.8656601114782523e-17
+14 +3.5483356904302677e-20
+15 -1.6565263895097875e-19
+16 +1.9556943487829602e-20
+17 +7.3825126110821509e-20
+18 -8.1890881802470687e-22
+19 +6.5737914540017394e-21
+20 -7.4265429037227677e-21
+21 -7.6947101904924263e-21
+22 +1.0320663198019291e-20
+23 +8.2074639181116369e-21
+24 -7.9096039625873711e-21
+25 +5.5505940924082144e-21
+26 +1.5840476472042913e-20
+27 +1.1402291021558508e-20
+28 -6.7124164413115560e-21
+29 +1.3105837588033009e-20
+30 +8.9796992515269583e-21
