-30   +1.0385660562838819e-30  +0.0000000000000000e+00
-29   +6.1309113305417463e-30  +0.0000000000000000e+00
-28   +1.2760355923254496e-28  +0.0000000000000000e+00
-27   +8.0990025121411318e-28  +0.0000000000000000e+00
-26   +1.5332929057239335e-26  +0.0000000000000000e+00
-25   +1.0806646537221821e-25  +0.0000000000000000e+00
-24   +1.8458279915020163e-24  +0.0000000000000000e+00
-23   +1.4534377001559209e-23  +0.0000000000000000e+00
-22   +2.2265955949011938e-22  +0.0000000000000000e+00
-21   +1.9740782386969729e-21  +0.0000000000000000e+00
-20   +2.6918956680632607e-20  +0.0000000000000000e+00
-19   +2.7142005919023964e-19  +0.0000000000000000e+00
-18   +3.2622505056550305e-18  +0.0000000000000000e+00
-17   +3.7897781178343495e-17  +0.0000000000000000e+00
-16   +3.9633528984170387e-16  +0.0000000000000000e+00
-15   +5.3972889551279650e-15  +0.0000000000000000e+00
-14   +4.8266825317758969e-14  +0.0000000000000000e+00
-13   +7.8892143356565956e-13  +0.0000000000000000e+00
-12   +5.8882963651926799e-12  +0.0000000000000000e+00
-11   +1.1946956366961722e-10  +0.0000000000000000e+00
-10   +7.1802958717863819e-10  +0.0000000000000000e+00
 -9   +1.9028128990633137e-08  +0.0000000000000000e+00
 -8   +8.6928888106452680e-08  +0.0000000000000000e+00
 -7   +3.2736818770034626e-06  +0.0000000000000000e+00
 -6   +1.0201269801587860e-05  +0.0000000000000000e+00
 -5   +6.4239392170115832e-04  +0.0000000000000000e+00
 -4   +1.0267708694903343e-03  +0.0000000000000000e+00
 -3   +1.6564634471833872e-01  +0.0000000000000000e+00
 -2   -3.8664785162276893e-02  +0.0000000000000000e+00
 -1   +1.0763544959406663e+02  +0.0000000000000000e+00
 +0   +9.8620547379734006e+01  +0.0000000000000000e+00
 +1   +1.0763544959406663e+02  +0.0000000000000000e+00
 +2   -3.8664785162276213e-02  +0.0000000000000000e+00
 +3   +1.6564634471833872e-01  +0.0000000000000000e+00
 +4   +1.0267708694903254e-03  +0.0000000000000000e+00
 +5   +6.4239392170115832e-04  +0.0000000000000000e+00
 +6   +1.0201269801587992e-05  +0.0000000000000000e+00
 +7   +3.2736818770034621e-06  +0.0000000000000000e+00
 +8   +8.6928888106454970e-08  +0.0000000000000000e+00
 +9   +1.9028128990633131e-08  +0.0000000000000000e+00
+10   +7.1802958717856694e-10  +0.0000000000000000e+00
+11   +1.1946956366961743e-10  +0.0000000000000000e+00
+12   +5.8882963651926371e-12  +0.0000000000000000e+00
+13   +7.8892143356565936e-13  +0.0000000000000000e+00
+14   +4.8266825317760206e-14  +0.0000000000000000e+00
+15   +5.3972889551279422e-15  +0.0000000000000000e+00
+16   +3.9633528984170895e-16  +0.0000000000000000e+00
+17   +3.7897781178343304e-17  +0.0000000000000000e+00
+18   +3.2622505056543545e-18  +0.0000000000000000e+00
+19   +2.7142005919023853e-19  +0.0000000000000000e+00
+20   +2.6918956680641280e-20  +0.0000000000000000e+00
+21   +1.9740782386969717e-21  +0.0000000000000000e+00
+22   +2.2265955949012986e-22  +0.0000000000000000e+00
+23   +1.4534377001559511e-23  +0.0000000000000000e+00
+24   +1.8458279915019653e-24  +0.0000000000000000e+00
+25   +1.0806646537222034e-25  +0.0000000000000000e+00
+26   +1.5332929057241065e-26  +0.0000000000000000e+00
+27   +8.0990025121409399e-28  +0.0000000000000000e+00
+28   +1.2760355923244216e-28  +0.0000000000000000e+00
+29   +6.1309113305410008e-30  +0.0000000000000000e+00
+30   +1.0385660562852623e-30  +0.0000000000000000e+00

