-30   +0.0000000000000000e+00  +1.2724101925170715e-31
-29   +0.0000000000000000e+00  -7.0930965230273432e-30
-28   +0.0000000000000000e+00  +1.5369692400293884e-29
-27   +0.0000000000000000e+00  -9.1946704509152365e-28
-26   +0.0000000000000000e+00  +1.9476541800223798e-27
-25   +0.0000000000000000e+00  -1.2029846174079773e-25
-24   +0.0000000000000000e+00  +2.4884431185057633e-25
-23   +0.0000000000000000e+00  -1.5894210281622402e-23
-22   +0.0000000000000000e+00  +3.2105516132732577e-23
-21   +0.0000000000000000e+00  -2.1244728489481784e-21
-20   +0.0000000000000000e+00  +4.1911240589079304e-21
-19   +0.0000000000000000e+00  -2.8794599268701703e-19
-18   +0.0000000000000000e+00  +5.5503843805888334e-19
-17   +0.0000000000000000e+00  -3.9698555625333816e-17
-16   +0.0000000000000000e+00  +7.4836522131475946e-17
-15   +0.0000000000000000e+00  -5.5913088196398700e-15
-14   +0.0000000000000000e+00  +1.0325129637734991e-14
-13   +0.0000000000000000e+00  -8.0949205164935724e-13
-12   +0.0000000000000000e+00  +1.4685761056529163e-12
-11   +0.0000000000000000e+00  -1.2159724350062275e-10
-10   +0.0000000000000000e+00  +2.1784140186517862e-10
 -9   +0.0000000000000000e+00  -1.9239028913320495e-08
 -8   +0.0000000000000000e+00  +3.4361074790373163e-08
 -7   +0.0000000000000000e+00  -3.2928436554107671e-06
 -6   +0.0000000000000000e+00  +5.9771732192834364e-06
 -5   +0.0000000000000000e+00  -6.4377488445873136e-04
 -4   +0.0000000000000000e+00  +1.2436377988969893e-03
 -3   +0.0000000000000000e+00  -1.6573332476845912e-01
 -2   +0.0000000000000000e+00  +3.9755365649778185e-01
 -1   +0.0000000000000000e+00  -1.0950893773612999e+02
 +0   +0.0000000000000000e+00  -5.1311129770994097e-18
 +1   +0.0000000000000000e+00  +1.0950893773612999e+02
 +2   +0.0000000000000000e+00  -3.9755365649778196e-01
 +3   +0.0000000000000000e+00  +1.6573332476845912e-01
 +4   +0.0000000000000000e+00  -1.2436377988969897e-03
 +5   +0.0000000000000000e+00  +6.4377488445873136e-04
 +6   +0.0000000000000000e+00  -5.9771732192832763e-06
 +7   +0.0000000000000000e+00  +3.2928436554107671e-06
 +8   +0.0000000000000000e+00  -3.4361074790375459e-08
 +9   +0.0000000000000000e+00  +1.9239028913320492e-08
+10   +0.0000000000000000e+00  -2.1784140186515342e-10
+11   +0.0000000000000000e+00  +1.2159724350062283e-10
+12   +0.0000000000000000e+00  -1.4685761056532035e-12
+13   +0.0000000000000000e+00  +8.0949205164935744e-13
+14   +0.0000000000000000e+00  -1.0325129637731572e-14
+15   +0.0000000000000000e+00  +5.5913088196398629e-15
+16   +0.0000000000000000e+00  -7.4836522131530353e-17
+17   +0.0000000000000000e+00  +3.9698555625333785e-17
+18   +0.0000000000000000e+00  -5.5503843805972411e-19
+19   +0.0000000000000000e+00  +2.8794599268702007e-19
+20   +0.0000000000000000e+00  -4.1911240588907761e-21
+21   +0.0000000000000000e+00  +2.1244728489481667e-21
+22   +0.0000000000000000e+00  -3.2105516132740253e-23
+23   +0.0000000000000000e+00  +1.5894210281621853e-23
+24   +0.0000000000000000e+00  -2.4884431185061619e-25
+25   +0.0000000000000000e+00  +1.2029846174080404e-25
+26   +0.0000000000000000e+00  -1.9476541800366265e-27
+27   +0.0000000000000000e+00  +9.1946704509160490e-28
+28   +0.0000000000000000e+00  -1.5369692400101648e-29
+29   +0.0000000000000000e+00  +7.0930965230254584e-30
+30   +0.0000000000000000e+00  -1.2724101925376426e-31

