+0 +9.8620547379734006e+01
+1 +2.1527089918813326e+02
+2 -7.7329570324553107e-02
+3 +3.3129268943667745e-01
+4 +2.0535417389806595e-03
+5 +1.2847878434023166e-03
+6 +2.0402539603175851e-05
+7 +6.5473637540069251e-06
+8 +1.7385777621290764e-07
+9 +3.8056257981266268e-08
+10 +1.4360591743572052e-09
+11 +2.3893912733923465e-10
+12 +1.1776592730385318e-11
+13 +1.5778428671313189e-12
+14 +9.6533650635519174e-14
+15 +1.0794577910255908e-14
+16 +7.9267057968341278e-16
+17 +7.5795562356686805e-17
+18 +6.5245010113093847e-18
+19 +5.4284011838047822e-19
+20 +5.3837913361273887e-20
+21 +3.9481564773939442e-21
+22 +4.4531911898024929e-22
+23 +2.9068754003118723e-23
+24 +3.6916559830039812e-24
+25 +2.1613293074443853e-25
+26 +3.0665858114480403e-26
+27 +1.6198005024282070e-27
+28 +2.5520711846498714e-28
+29 +1.2261822661082747e-29
+30 +2.0771321125691441e-30
