+0 +4.0647592703098150e+00
+1 +1.1659025724538904e-03
+2 +2.9187661828519579e-02
+3 -9.5483287881707842e-06
+4 +1.8623106608155928e-04
+5 -1.5629789227119233e-07
+6 +1.3282463449357044e-06
+7 -1.7896980614014133e-09
+8 +9.9601897863565215e-09
+9 -1.8453748345816733e-11
+10 +7.6859267019399793e-11
+11 -1.8110443809624727e-13
+12 +6.0421378116129898e-13
+13 -1.7272504248620670e-15
+14 +4.8122071652046020e-15
+15 -1.6169777555107601e-17
+16 +3.8698194825688959e-17
+17 -1.4941176956328745e-19
+18 +3.1352308155782716e-19
+19 -1.3673231372547178e-21
+20 +2.5551569321284463e-21
+21 -1.2420214431009563e-23
+22 +2.0924622082777248e-23
+23 -1.1215685617596747e-25
+24 +1.7204208791876491e-25
+25 -1.0079556018360636e-27
+26 +1.4193112980416227e-27
+27 -9.0226200855498782e-30
+28 +1.1742880683082787e-29
+29 -8.0493237655799274e-32
+30 +9.7396875909296341e-32
