-30   +0.0000000000000000e+00  +1.0970972509165648e-19
-29   +0.0000000000000000e+00  +5.7054969271230635e-19
-28   +0.0000000000000000e+00  -1.2164222194161700e-19
-27   +0.0000000000000000e+00  -3.7123665344237284e-20
-26   +0.0000000000000000e+00  -2.4752535819351329e-19
-25   +0.0000000000000000e+00  +4.0080563875979312e-19
-24   +0.0000000000000000e+00  -1.7692205667851699e-19
-23   +0.0000000000000000e+00  +4.8132350380064195e-20
-22   +0.0000000000000000e+00  -6.3515978145802984e-19
-21   +0.0000000000000000e+00  +1.4581840991966990e-19
-20   +0.0000000000000000e+00  +3.7020391590734694e-19
-19   +0.0000000000000000e+00  +1.9909692529922987e-19
-18   +0.0000000000000000e+00  +4.8102618648695267e-20
-17   +0.0000000000000000e+00  +2.3905238781289037e-19
-16   +0.0000000000000000e+00  -3.8737044409451894e-19
-15   +0.0000000000000000e+00  -1.9056733873994126e-19
-14   +0.0000000000000000e+00  +4.2808802316896212e-19
-13   +0.0000000000000000e+00  +2.0139463268797361e-19
-12   +0.0000000000000000e+00  +3.7163664850990401e-19
-11   +0.0000000000000000e+00  -7.9785869393396618e-20
-10   +0.0000000000000000e+00  +3.5395065373107143e-19
 -9   +0.0000000000000000e+00  -4.4890880325310460e-19
 -8   +0.0000000000000000e+00  +7.0962669411263281e-17
 -7   +0.0000000000000000e+00  -7.2370449055395493e-17
 -6   +0.0000000000000000e+00  +1.7233325073257436e-14
 -5   +0.0000000000000000e+00  -1.7550660247779449e-14
 -4   +0.0000000000000000e+00  +5.6165626118688256e-12
 -3   +0.0000000000000000e+00  -6.1396492495735056e-12
 -2   +0.0000000000000000e+00  +3.7878318843142087e-09
 -1   +0.0000000000000000e+00  -2.0313061113676273e-11
 +0   +0.0000000000000000e+00  +0.0000000000000000e+00
 +1   +0.0000000000000000e+00  +2.0313061113676273e-11
 +2   +0.0000000000000000e+00  -3.7878318843142087e-09
 +3   +0.0000000000000000e+00  +6.1396492495735056e-12
 +4   +0.0000000000000000e+00  -5.6165626118688256e-12
 +5   +0.0000000000000000e+00  +1.7550660247779449e-14
 +6   +0.0000000000000000e+00  -1.7233325073257436e-14
 +7   +0.0000000000000000e+00  +7.2370449055395493e-17
 +8   +0.0000000000000000e+00  -7.0962669411263281e-17
 +9   +0.0000000000000000e+00  +4.4890880325310460e-19
+10   +0.0000000000000000e+00  -3.5395065373107143e-19
+11   +0.0000000000000000e+00  +7.9785869393396618e-20
+12   +0.0000000000000000e+00  -3.7163664850990401e-19
+13   +0.0000000000000000e+00  -2.0139463268797361e-19
+14   +0.0000000000000000e+00  -4.2808802316896212e-19
+15   +0.0000000000000000e+00  +1.9056733873994126e-19
+16   +0.0000000000000000e+00  +3.8737044409451894e-19
+17   +0.0000000000000000e+00  -2.3905238781289037e-19
+18   +0.0000000000000000e+00  -4.8102618648695267e-20
+19   +0.0000000000000000e+00  -1.9909692529922987e-19
+20   +0.0000000000000000e+00  -3.7020391590734694e-19
+21   +0.0000000000000000e+00  -1.4581840991966990e-19
+22   +0.0000000000000000e+00  +6.3515978145802984e-19
+23   +0.0000000000000000e+00  -4.8132350380064195e-20
+24   +0.0000000000000000e+00  +1.7692205667851699e-19
+25   +0.0000000000000000e+00  -4.0080563875979312e-19
+26   +0.0000000000000000e+00  +2.4752535819351329e-19
+27   +0.0000000000000000e+00  +3.7123665344237284e-20
+28   +0.0000000000000000e+00  +1.2164222194161700e-19
+29   +0.0000000000000000e+00  -5.7054969271230635e-19
+30   +0.0000000000000000e+00  -1.0970972509165648e-19

