+0 +9.9999996243712741e-01
+1 +6.5694030947712662e-12
+2 -6.1250809055513493e-10
+3 +6.6187343417116576e-13
+4 -4.5413501935815064e-13
+5 +1.1357208578745430e-15
+6 -9.1958825077804852e-16
+7 +8.6709441875501956e-18
+8 +1.2383088440040866e-17
+9 +2.3778254608385508e-18
+10 -2.6303196225469419e-17
+11 +6.9228339906770602e-18
+12 +4.0206191315998862e-18
+13 -3.6706192517174039e-18
+14 +7.5201544986400216e-18
+15 -8.0971000514372083e-18
+16 -1.4850869376968582e-17
+17 +1.0855910180678202e-18
+18 +8.8065153839916624e-19
+19 +1.3217342527619868e-18
+20 +1.5862669080125140e-18
+21 -4.3085527576111949e-18
+22 -4.7200011654013587e-18
+23 -2.6526553153674059e-18
+24 +5.8442961334113376e-18
+25 -9.3863505336103925e-18
+26 -2.4905910934709887e-18
+27 +8.7704039351064422e-19
+28 -7.7955742251417921e-18
+29 -3.5105829015000196e-18
+30 -5.0005910193921231e-18
