+0 +0.0000000000000000e+00
+1 -2.1901787547225999e+02
+2 +7.9510731299556381e-01
+3 -3.3146664953691823e-01
+4 +2.4872755977939790e-03
+5 -1.2875497689174627e-03
+6 +1.1954346438566712e-05
+7 -6.5856873108215341e-06
+8 +6.8722149580748615e-08
+9 -3.8478057826640990e-08
+10 +4.3568280373033202e-10
+11 -2.4319448700124561e-10
+12 +2.9371522113061198e-12
+13 -1.6189841032987147e-12
+14 +2.0650259275466564e-14
+15 -1.1182617639279734e-14
+16 +1.4967304426300630e-16
+17 -7.9397111250667594e-17
+18 +1.1100768761186074e-18
+19 -5.7589198537403715e-19
+20 +8.3822481177987065e-21
+21 -4.2489456978963455e-21
+22 +6.4211032265472830e-23
+23 -3.1788420563244258e-23
+24 +4.9768862370119252e-25
+25 -2.4059692348160179e-25
+26 +3.8953083600590063e-27
+27 -1.8389340901831284e-27
+28 +3.0739384800395532e-29
+29 -1.4186193046052800e-29
+30 +2.5448203850547141e-31
