-30   +4.8698437954648159e-32  +0.0000000000000000e+00
-29   -4.0246618827899648e-32  +0.0000000000000000e+00
-28   +5.8714403415413936e-30  +0.0000000000000000e+00
-27   -4.5113100427749377e-30  +0.0000000000000000e+00
-26   +7.0965564902081136e-28  +0.0000000000000000e+00
-25   -5.0397780091803198e-28  +0.0000000000000000e+00
-24   +8.6021043959382467e-26  +0.0000000000000000e+00
-23   -5.6078428087983721e-26  +0.0000000000000000e+00
-22   +1.0462311041388622e-23  +0.0000000000000000e+00
-21   -6.2101072155047807e-24  +0.0000000000000000e+00
-20   +1.2775784660642233e-21  +0.0000000000000000e+00
-19   -6.8366156862735825e-22  +0.0000000000000000e+00
-18   +1.5676154077891358e-19  +0.0000000000000000e+00
-17   -7.4705884781643737e-20  +0.0000000000000000e+00
-16   +1.9349097412844480e-17  +0.0000000000000000e+00
-15   -8.0848887775537972e-18  +0.0000000000000000e+00
-14   +2.4061035826023010e-15  +0.0000000000000000e+00
-13   -8.6362521243103351e-16  +0.0000000000000000e+00
-12   +3.0210689058064949e-13  +0.0000000000000000e+00
-11   -9.0552219048123583e-14  +0.0000000000000000e+00
-10   +3.8429633509699896e-11  +0.0000000000000000e+00
 -9   -9.2268741729083634e-12  +0.0000000000000000e+00
 -8   +4.9800948931782607e-09  +0.0000000000000000e+00
 -7   -8.9484903070070634e-10  +0.0000000000000000e+00
 -6   +6.6412317246785220e-07  +0.0000000000000000e+00
 -5   -7.8148946135596167e-08  +0.0000000000000000e+00
 -4   +9.3115533040779639e-05  +0.0000000000000000e+00
 -3   -4.7741643940853913e-06  +0.0000000000000000e+00
 -2   +1.4593830914259790e-02  +0.0000000000000000e+00
 -1   +5.8295128622694520e-04  +0.0000000000000000e+00
 +0   +4.0647592703098150e+00  +0.0000000000000000e+00
 +1   +5.8295128622694520e-04  +0.0000000000000000e+00
 +2   +1.4593830914259790e-02  +0.0000000000000000e+00
 +3   -4.7741643940853930e-06  +0.0000000000000000e+00
 +4   +9.3115533040779639e-05  +0.0000000000000000e+00
 +5   -7.8148946135596167e-08  +0.0000000000000000e+00
 +6   +6.6412317246785220e-07  +0.0000000000000000e+00
 +7   -8.9484903070070696e-10  +0.0000000000000000e+00
 +8   +4.9800948931782599e-09  +0.0000000000000000e+00
 +9   -9.2268741729083715e-12  +0.0000000000000000e+00
+10   +3.8429633509699890e-11  +0.0000000000000000e+00
+11   -9.0552219048123697e-14  +0.0000000000000000e+00
+12   +3.0210689058064949e-13  +0.0000000000000000e+00
+13   -8.6362521243103351e-16  +0.0000000000000000e+00
+14   +2.4061035826023014e-15  +0.0000000000000000e+00
+15   -8.0848887775538018e-18  +0.0000000000000000e+00
+16   +1.9349097412844480e-17  +0.0000000000000000e+00
+17   -7.4705884781643725e-20  +0.0000000000000000e+00
+18   +1.5676154077891358e-19  +0.0000000000000000e+00
+19   -6.8366156862735947e-22  +0.0000000000000000e+00
+20   +1.2775784660642232e-21  +0.0000000000000000e+00
+21   -6.2101072155047821e-24  +0.0000000000000000e+00
+22   +1.0462311041388625e-23  +0.0000000000000000e+00
+23   -5.6078428087983733e-26  +0.0000000000000000e+00
+24   +8.6021043959382455e-26  +0.0000000000000000e+00
+25   -5.0397780091803153e-28  +0.0000000000000000e+00
+26   +7.0965564902081127e-28  +0.0000000000000000e+00
+27   -4.5113100427749405e-30  +0.0000000000000000e+00
+28   +5.8714403415413936e-30  +0.0000000000000000e+00
+29   -4.0246618827899620e-32  +0.0000000000000000e+00
+30   +4.8698437954648181e-32  +0.0000000000000000e+00

