+0 +9.9826483974963331e-01
+1 -5.6659517096511059e-04
+2 -1.4335300481772985e-02
+3 +1.0852490183061378e-05
+4 -1.4267536795921900e-05
+5 +2.1300075702696756e-08
+6 -3.6749645910926513e-08
+7 +7.3029926826662191e-11
+8 -1.3780868266289196e-10
+9 +3.3276016153774326e-13
+10 -6.3083104797063237e-13
+11 +1.7856099944884322e-15
+12 -3.2657432488208654e-15
+13 +1.0616287237501457e-17
+14 -1.8373716730855532e-17
+15 +6.7601700837726807e-20
+16 -1.0976031565014727e-19
+17 +4.5179078968785655e-22
+18 -6.8598575134340170e-22
+19 +3.1285246917406301e-24
+20 -4.4411152937306105e-24
+21 +2.2257006217366769e-26
+22 -2.9575885851657614e-26
+23 +1.6172114379225746e-28
+24 -2.0157339633640159e-28
+25 +1.1951455728055924e-30
+26 -1.4005860009491649e-30
+27 +8.9566325945749181e-33
+28 -1.1091724000524868e-32
+29 +3.8495714211458727e-35
+30 +2.1300911214101147e-31
