-30   +5.2715995456981452e-32  +0.0000000000000000e+00
-29   +5.5445555819188344e-34  +0.0000000000000000e+00
-28   -7.7835836673029942e-32  +0.0000000000000000e+00
-27   +6.7285095890190512e-32  +0.0000000000000000e+00
-26   -1.0139122527471366e-29  +0.0000000000000000e+00
-25   +8.1976713935648339e-30  +0.0000000000000000e+00
-24   -1.3347925165468521e-27  +0.0000000000000000e+00
-23   +1.0030442612187045e-27  +0.0000000000000000e+00
-22   -1.7762892008719181e-25  +0.0000000000000000e+00
-21   +1.2336680437851288e-25  +0.0000000000000000e+00
-20   -2.3944460823734240e-23  +0.0000000000000000e+00
-19   +1.5270492116439185e-23  +0.0000000000000000e+00
-18   -3.2785637146974130e-21  +0.0000000000000000e+00
-17   +1.9055410623734035e-21  +0.0000000000000000e+00
-16   -4.5769398277191543e-19  +0.0000000000000000e+00
-15   +2.4029990070129027e-19  +0.0000000000000000e+00
-14   -6.5489242536800638e-17  +0.0000000000000000e+00
-13   +3.0736887810044431e-17  +0.0000000000000000e+00
-12   -9.6792365296490055e-15  +0.0000000000000000e+00
-11   +4.0114418180371295e-15  +0.0000000000000000e+00
-10   -1.4957348550979823e-12  +0.0000000000000000e+00
 -9   +5.3962699905434574e-13  +0.0000000000000000e+00
 -8   -2.4666621471724912e-10  +0.0000000000000000e+00
 -7   +7.6281427767969806e-11  +0.0000000000000000e+00
 -6   -4.5131163937950153e-08  +0.0000000000000000e+00
 -5   +1.1808653372001586e-08  +0.0000000000000000e+00
 -4   -1.0008941206451564e-05  +0.0000000000000000e+00
 -3   +2.2033314871772557e-06  +0.0000000000000000e+00
 -2   -3.5870304856273319e-03  +0.0000000000000000e+00
 -1   -1.4227654248179388e-04  +0.0000000000000000e+00
 +0   +9.9911914478650798e-01  +0.0000000000000000e+00
 +1   -1.4227654248179385e-04  +0.0000000000000000e+00
 +2   -3.5870304856273319e-03  +0.0000000000000000e+00
 +3   +2.2033314871772625e-06  +0.0000000000000000e+00
 +4   -1.0008941206450917e-05  +0.0000000000000000e+00
 +5   +1.1808653372000876e-08  +0.0000000000000000e+00
 +6   -4.5131163937953746e-08  +0.0000000000000000e+00
 +7   +7.6281427767982667e-11  +0.0000000000000000e+00
 +8   -2.4666621471735976e-10  +0.0000000000000000e+00
 +9   +5.3962699905437300e-13  +0.0000000000000000e+00
+10   -1.4957348550972967e-12  +0.0000000000000000e+00
+11   +4.0114418180366941e-15  +0.0000000000000000e+00
+12   -9.6792365296379062e-15  +0.0000000000000000e+00
+13   +3.0736887810063148e-17  +0.0000000000000000e+00
+14   -6.5489242536823910e-17  +0.0000000000000000e+00
+15   +2.4029990070143635e-19  +0.0000000000000000e+00
+16   -4.5769398277185669e-19  +0.0000000000000000e+00
+17   +1.9055410623705703e-21  +0.0000000000000000e+00
+18   -3.2785637146998584e-21  +0.0000000000000000e+00
+19   +1.5270492116510582e-23  +0.0000000000000000e+00
+20   -2.3944460823746518e-23  +0.0000000000000000e+00
+21   +1.2336680437790743e-25  +0.0000000000000000e+00
+22   -1.7762892008664722e-25  +0.0000000000000000e+00
+23   +1.0030442612174903e-27  +0.0000000000000000e+00
+24   -1.3347925165488937e-27  +0.0000000000000000e+00
+25   +8.1976713935501974e-30  +0.0000000000000000e+00
+26   -1.0139122527562798e-29  +0.0000000000000000e+00
+27   +6.7285095890492765e-32  +0.0000000000000000e+00
+28   -7.7835836672597062e-32  +0.0000000000000000e+00
+29   +5.5445555819268202e-34  +0.0000000000000000e+00
+30   +5.2715995456987123e-32  +0.0000000000000000e+00

