+0 -4.4838463541973871e-04
+1 +9.9040440957394038e-01
+2 +1.6811111963388811e-04
+3 +1.5146580723817207e-03
+4 +1.5208821861446589e-07
+5 +5.8773213601222252e-06
+6 -1.2054046764838911e-09
+7 +3.0030083619848151e-08
+8 -1.7879086074456653e-11
+9 +1.7528947575521839e-10
+10 -1.7964873177673244e-13
+11 +1.1069163871435252e-12
+12 -1.6334016656500413e-15
+13 +7.3627807985380253e-15
+14 -1.4277758544773384e-17
+15 +5.0815252887422789e-17
+16 -1.2251448312273180e-19
+17 +3.6050871894477133e-19
+18 -1.0412856274824724e-21
+19 +2.6128782630802117e-21
+20 -8.8046772486338098e-24
+21 +1.9263330123013963e-23
+22 -7.4239327520602862e-26
+23 +1.4401079474359551e-25
+24 -6.2503724518502347e-28
+25 +1.0891687409853861e-27
+26 -5.2585630810691810e-30
+27 +8.3189759067510020e-30
+28 -4.4199266274574836e-32
+29 +1.7070276837337809e-31
+30 +1.2428543601637805e-34
