+0 +0.0000000000000000e+00
+1 +1.7366889819108812e-08
+2 -1.1755049606355040e-05
+3 +3.3030147425828565e-08
+4 -3.5732255204816462e-08
+5 +1.5854693458345129e-10
+6 -1.6585862070803945e-10
+7 +9.0689644626280534e-13
+8 -9.1979990698699483e-13
+9 +5.8359181182323606e-15
+10 -5.5514530007723928e-15
+11 -2.4033037606601647e-17
+12 -6.1979369873655644e-17
+13 +7.6680533995677588e-17
+14 +1.3064217618289870e-17
+15 +6.0740231002532137e-17
+16 +7.6677330492861948e-17
+17 +7.3651323908334744e-17
+18 -1.5038808457807146e-17
+19 +2.2899965320482576e-17
+20 -4.3552916607049026e-17
+21 +2.0893724090718393e-18
+22 +6.9938525556922897e-17
+23 -4.0163534874440763e-17
+24 -2.2997437411082058e-17
+25 +8.4710452530091979e-17
+26 +5.0107740744498778e-17
+27 -2.7907809232251694e-17
+28 -5.9092899806477134e-17
+29 -3.2182492983346331e-17
+30 -4.3371472322989729e-17
