-30   +0.0000000000000000e+00  -2.1685736161494864e-17
-29   +0.0000000000000000e+00  -1.6091246491673166e-17
-28   +0.0000000000000000e+00  -2.9546449903238567e-17
-27   +0.0000000000000000e+00  -1.3953904616125847e-17
-26   +0.0000000000000000e+00  +2.5053870372249389e-17
-25   +0.0000000000000000e+00  +4.2355226265045990e-17
-24   +0.0000000000000000e+00  -1.1498718705541029e-17
-23   +0.0000000000000000e+00  -2.0081767437220382e-17
-22   +0.0000000000000000e+00  +3.4969262778461448e-17
-21   +0.0000000000000000e+00  +1.0446862045359197e-18
-20   +0.0000000000000000e+00  -2.1776458303524513e-17
-19   +0.0000000000000000e+00  +1.1449982660241288e-17
-18   +0.0000000000000000e+00  -7.5194042289035730e-18
-17   +0.0000000000000000e+00  +3.6825661954167372e-17
-16   +0.0000000000000000e+00  +3.8338665246430974e-17
-15   +0.0000000000000000e+00  +3.0370115501266069e-17
-14   +0.0000000000000000e+00  +6.5321088091449350e-18
-13   +0.0000000000000000e+00  +3.8340266997838794e-17
-12   +0.0000000000000000e+00  -3.0989684936827822e-17
-11   +0.0000000000000000e+00  -1.2016518803300823e-17
-10   +0.0000000000000000e+00  -2.7757265003861964e-15
 -9   +0.0000000000000000e+00  +2.9179590591161803e-15
 -8   +0.0000000000000000e+00  -4.5989995349349741e-13
 -7   +0.0000000000000000e+00  +4.5344822313140267e-13
 -6   +0.0000000000000000e+00  -8.2929310354019725e-11
 -5   +0.0000000000000000e+00  +7.9273467291725644e-11
 -4   +0.0000000000000000e+00  -1.7866127602408231e-08
 -3   +0.0000000000000000e+00  +1.6515073712914283e-08
 -2   +0.0000000000000000e+00  -5.8775248031775198e-06
 -1   +0.0000000000000000e+00  +8.6834449095544062e-09
 +0   +0.0000000000000000e+00  +0.0000000000000000e+00
 +1   +0.0000000000000000e+00  -8.6834449095544062e-09
 +2   +0.0000000000000000e+00  +5.8775248031775198e-06
 +3   +0.0000000000000000e+00  -1.6515073712914283e-08
 +4   +0.0000000000000000e+00  +1.7866127602408231e-08
 +5   +0.0000000000000000e+00  -7.9273467291725644e-11
 +6   +0.0000000000000000e+00  +8.2929310354019725e-11
 +7   +0.0000000000000000e+00  -4.5344822313140267e-13
 +8   +0.0000000000000000e+00  +4.5989995349349741e-13
 +9   +0.0000000000000000e+00  -2.9179590591161803e-15
+10   +0.0000000000000000e+00  +2.7757265003861964e-15
+11   +0.0000000000000000e+00  +1.2016518803300823e-17
+12   +0.0000000000000000e+00  +3.0989684936827822e-17
+13   +0.0000000000000000e+00  -3.8340266997838794e-17
+14   +0.0000000000000000e+00  -6.5321088091449350e-18
+15   +0.0000000000000000e+00  -3.0370115501266069e-17
+16   +0.0000000000000000e+00  -3.8338665246430974e-17
+17   +0.0000000000000000e+00  -3.6825661954167372e-17
+18   +0.0000000000000000e+00  +7.5194042289035730e-18
+19   +0.0000000000000000e+00  -1.1449982660241288e-17
+20   +0.0000000000000000e+00  +2.1776458303524513e-17
+21   +0.0000000000000000e+00  -1.0446862045359197e-18
+22   +0.0000000000000000e+00  -3.4969262778461448e-17
+23   +0.0000000000000000e+00  +2.0081767437220382e-17
+24   +0.0000000000000000e+00  +1.1498718705541029e-17
+25   +0.0000000000000000e+00  -4.2355226265045990e-17
+26   +0.0000000000000000e+00  -2.5053870372249389e-17
+27   +0.0000000000000000e+00  +1.3953904616125847e-17
+28   +0.0000000000000000e+00  +2.9546449903238567e-17
+29   +0.0000000000000000e+00  +1.6091246491673166e-17
+30   +0.0000000000000000e+00  +2.1685736161494864e-17

