+0 +9.8890046270809961e+01
+1 -4.6231800475636160e-08
+2 +1.7520574054913720e-05
+3 -4.3210544378219794e-08
+4 +5.3467451792941377e-08
+5 -2.0941820800377369e-10
+6 +2.4836863609031293e-10
+7 -1.2071333429831030e-12
+8 +1.3849678149147137e-12
+9 -8.4177079099314240e-15
+10 +7.2360933350453877e-15
+11 -1.4115952299631117e-15
+12 +1.9192373507730550e-15
+13 -5.7554393406504833e-17
+14 +3.3667120243080170e-15
+15 -5.0321605217448527e-17
+16 -6.7916098771065647e-15
+17 -6.2733813301804515e-16
+18 +3.8351523269858062e-15
+19 -5.1052184135388615e-17
+20 +3.1294830966595838e-15
+21 -5.9205321423447837e-16
+22 -6.4483144901831720e-15
+23 -5.6443925928928316e-16
+24 -3.4100378617644881e-16
+25 -2.6418925996514280e-17
+26 +2.8523193621709625e-15
+27 +2.5962066565016431e-16
+28 +1.0383412308736465e-15
+29 -1.5628234035662922e-16
+30 +1.5028386489789557e-15
