+0 +9.9999998121856359e-01
+1 +3.2847014665751675e-12
+2 -3.0625401430225780e-10
+3 +3.3093687970538507e-13
+4 -2.2708318540937055e-13
+5 +5.6777660800348904e-16
+6 -4.6368374315982889e-16
+7 +4.2577138708130422e-18
+8 +2.6739814802710316e-17
+9 +1.3514483545906614e-18
+10 -2.2075392752149707e-17
+11 +3.3746292649540137e-18
+12 -1.5693229513276189e-19
+13 -1.9099757588527987e-18
+14 +8.0793961033814642e-18
+15 -3.8861826968258359e-18
+16 -3.9594767661876900e-17
+17 +4.5308651902333024e-19
+18 +3.6871601193467866e-18
+19 +5.8933097484968443e-19
+20 +8.3720966620356735e-18
+21 -1.9921613409436478e-18
+22 -6.2111210314486547e-18
+23 -1.4189105380148651e-18
+24 -3.1722666856818049e-20
+25 -4.7615455282660531e-18
+26 +1.0419673424221990e-18
+27 +6.0029912993965145e-19
+28 -7.5971407275355733e-18
+29 -1.8506990543247277e-18
+30 +5.2853608256195245e-20
