-30   +0.0000000000000000e+00  +4.4898496257634792e-21
-29   +0.0000000000000000e+00  +6.5529187940165043e-21
-28   +0.0000000000000000e+00  -3.3562082206557780e-21
-27   +0.0000000000000000e+00  +5.7011455107792538e-21
-26   +0.0000000000000000e+00  +7.9202382360214564e-21
-25   +0.0000000000000000e+00  +2.7752970462041072e-21
-24   +0.0000000000000000e+00  -3.9548019812936856e-21
-23   +0.0000000000000000e+00  +4.1037319590558184e-21
-22   +0.0000000000000000e+00  +5.1603315990096453e-21
-21   +0.0000000000000000e+00  -3.8473550952462131e-21
-20   +0.0000000000000000e+00  -3.7132714518613839e-21
-19   +0.0000000000000000e+00  +3.2868957270008697e-21
-18   +0.0000000000000000e+00  -4.0945440901235343e-22
-17   +0.0000000000000000e+00  +3.6912563055410755e-20
-16   +0.0000000000000000e+00  +9.7784717439148009e-21
-15   +0.0000000000000000e+00  -8.2826319475489376e-20
-14   +0.0000000000000000e+00  +1.7741678452151338e-20
-13   +0.0000000000000000e+00  -9.3283005573912614e-18
-12   +0.0000000000000000e+00  +2.0726829906322074e-18
-11   +0.0000000000000000e+00  -1.4052272247752224e-15
-10   +0.0000000000000000e+00  +2.2814969190490170e-16
 -9   +0.0000000000000000e+00  -2.2251558552968180e-13
 -8   +0.0000000000000000e+00  +2.2734507401923291e-14
 -7   +0.0000000000000000e+00  -3.8117499289990476e-11
 -6   +0.0000000000000000e+00  +1.5482190055187736e-12
 -5   +0.0000000000000000e+00  -7.4600213450661800e-09
 -4   +0.0000000000000000e+00  -1.8150530790841410e-10
 -3   +0.0000000000000000e+00  -1.9237471892723921e-06
 -2   +0.0000000000000000e+00  -1.9485850024628737e-07
 -1   +0.0000000000000000e+00  -1.2802314031640947e-03
 +0   +0.0000000000000000e+00  +0.0000000000000000e+00
 +1   +0.0000000000000000e+00  +1.2802314031640947e-03
 +2   +0.0000000000000000e+00  +1.9485850024628737e-07
 +3   +0.0000000000000000e+00  +1.9237471892723921e-06
 +4   +0.0000000000000000e+00  +1.8150530790841410e-10
 +5   +0.0000000000000000e+00  +7.4600213450661800e-09
 +6   +0.0000000000000000e+00  -1.5482190055187736e-12
 +7   +0.0000000000000000e+00  +3.8117499289990476e-11
 +8   +0.0000000000000000e+00  -2.2734507401923291e-14
 +9   +0.0000000000000000e+00  +2.2251558552968180e-13
+10   +0.0000000000000000e+00  -2.2814969190490170e-16
+11   +0.0000000000000000e+00  +1.4052272247752224e-15
+12   +0.0000000000000000e+00  -2.0726829906322074e-18
+13   +0.0000000000000000e+00  +9.3283005573912614e-18
+14   +0.0000000000000000e+00  -1.7741678452151338e-20
+15   +0.0000000000000000e+00  +8.2826319475489376e-20
+16   +0.0000000000000000e+00  -9.7784717439148009e-21
+17   +0.0000000000000000e+00  -3.6912563055410755e-20
+18   +0.0000000000000000e+00  +4.0945440901235343e-22
+19   +0.0000000000000000e+00  -3.2868957270008697e-21
+20   +0.0000000000000000e+00  +3.7132714518613839e-21
+21   +0.0000000000000000e+00  +3.8473550952462131e-21
+22   +0.0000000000000000e+00  -5.1603315990096453e-21
+23   +0.0000000000000000e+00  -4.1037319590558184e-21
+24   +0.0000000000000000e+00  +3.9548019812936856e-21
+25   +0.0000000000000000e+00  -2.7752970462041072e-21
+26   +0.0000000000000000e+00  -7.9202382360214564e-21
+27   +0.0000000000000000e+00  -5.7011455107792538e-21
+28   +0.0000000000000000e+00  +3.3562082206557780e-21
+29   +0.0000000000000000e+00  -6.5529187940165043e-21
+30   +0.0000000000000000e+00  -4.4898496257634792e-21

