-30   +1.1610220467691896e-31  +0.0000000000000000e+00
-29   +1.6979856178919323e-35  +0.0000000000000000e+00
-28   +1.7993258047527372e-34  +0.0000000000000000e+00
-27   +4.5993656542513384e-37  +0.0000000000000000e+00
-26   +3.2513115300361108e-36  +0.0000000000000000e+00
-25   +1.9603552673738107e-35  +0.0000000000000000e+00
-24   +1.0803720024753485e-34  +0.0000000000000000e+00
-23   +8.4826488129641259e-34  +0.0000000000000000e+00
-22   +4.4596812024150374e-33  +0.0000000000000000e+00
-21   +3.6492618346760882e-32  +0.0000000000000000e+00
-20   +1.6732745507818259e-31  +0.0000000000000000e+00
-19   +1.5725464875501281e-30  +0.0000000000000000e+00
-18   +3.7137541550389409e-30  +0.0000000000000000e+00
-17   +7.0045009187295578e-29  +0.0000000000000000e+00
-16   -4.2439953229490407e-28  +0.0000000000000000e+00
-15   +3.5916816637520291e-27  +0.0000000000000000e+00
-14   -1.2591692192563503e-25  +0.0000000000000000e+00
-13   +2.7304506387543268e-25  +0.0000000000000000e+00
-12   -2.7182287659544955e-23  +0.0000000000000000e+00
-11   +3.6269344309389367e-23  +0.0000000000000000e+00
-10   -6.1123324973435375e-21  +0.0000000000000000e+00
 -9   +7.1385266972257059e-21  +0.0000000000000000e+00
 -8   -1.5690129821335178e-18  +0.0000000000000000e+00
 -7   +1.8104981072434618e-18  +0.0000000000000000e+00
 -6   -5.0519968290979674e-16  +0.0000000000000000e+00
 -5   +6.1769123159096063e-16  +0.0000000000000000e+00
 -4   -2.4699397763046152e-13  +0.0000000000000000e+00
 -3   +3.6000534174640219e-13  +0.0000000000000000e+00
 -2   -3.3314942759384273e-10  +0.0000000000000000e+00
 -1   +3.5731694515073011e-12  +0.0000000000000000e+00
 +0   +2.1756407380722274e+00  +0.0000000000000000e+00
 +1   +3.5731694786233357e-12  +0.0000000000000000e+00
 +2   -3.3314942695212495e-10  +0.0000000000000000e+00
 +3   +3.6000535625458957e-13  +0.0000000000000000e+00
 +4   -2.4699256297606537e-13  +0.0000000000000000e+00
 +5   +6.1768994341296036e-16  +0.0000000000000000e+00
 +6   -5.0520247006072795e-16  +0.0000000000000000e+00
 +7   +1.8105178480011990e-18  +0.0000000000000000e+00
 +8   -1.5692502147155829e-18  +0.0000000000000000e+00
 +9   +7.1385974799365970e-21  +0.0000000000000000e+00
+10   -6.1116565073998113e-21  +0.0000000000000000e+00
+11   +3.6269302958232587e-23  +0.0000000000000000e+00
+12   -2.7157816299944483e-23  +0.0000000000000000e+00
+13   +2.7309171963355736e-25  +0.0000000000000000e+00
+14   -1.2588208182899673e-25  +0.0000000000000000e+00
+15   +3.5921273167753428e-27  +0.0000000000000000e+00
+16   -4.2391953540639815e-28  +0.0000000000000000e+00
+17   +7.0040714761299959e-29  +0.0000000000000000e+00
+18   +3.7114824382630785e-30  +0.0000000000000000e+00
+19   +1.5726893117789187e-30  +0.0000000000000000e+00
+20   +1.6730417999606852e-31  +0.0000000000000000e+00
+21   +3.6491790120672709e-32  +0.0000000000000000e+00
+22   +4.4608239215053950e-33  +0.0000000000000000e+00
+23   +8.4826079778754297e-34  +0.0000000000000000e+00
+24   +1.0803686567859879e-34  +0.0000000000000000e+00
+25   +1.9603501576752572e-35  +0.0000000000000000e+00
+26   +3.2511234332271624e-36  +0.0000000000000000e+00
+27   +4.5993695186145170e-37  +0.0000000000000000e+00
+28   +1.7993258079756238e-34  +0.0000000000000000e+00
+29   +1.6979856181746638e-35  +0.0000000000000000e+00
+30   +1.1610220467693089e-31  +0.0000000000000000e+00

