-30   +7.5141932448947783e-16  +0.0000000000000000e+00
-29   -7.8141170178314610e-17  +0.0000000000000000e+00
-28   +5.1917061543682325e-16  +0.0000000000000000e+00
-27   +1.2981033282508216e-16  +0.0000000000000000e+00
-26   +1.4261596810854812e-15  +0.0000000000000000e+00
-25   -1.3209462998257140e-17  +0.0000000000000000e+00
-24   -1.7050189308822440e-16  +0.0000000000000000e+00
-23   -2.8221962964464158e-16  +0.0000000000000000e+00
-22   -3.2241572450915860e-15  +0.0000000000000000e+00
-21   -2.9602660711723919e-16  +0.0000000000000000e+00
-20   +1.5647415483297919e-15  +0.0000000000000000e+00
-19   -2.5526092067694308e-17  +0.0000000000000000e+00
-18   +1.9175761634929031e-15  +0.0000000000000000e+00
-17   -3.1366906650902257e-16  +0.0000000000000000e+00
-16   -3.3958049385532823e-15  +0.0000000000000000e+00
-15   -2.5160802608724263e-17  +0.0000000000000000e+00
-14   +1.6833560121540085e-15  +0.0000000000000000e+00
-13   -2.8777196703252416e-17  +0.0000000000000000e+00
-12   +9.5961867538652749e-16  +0.0000000000000000e+00
-11   -7.0579761498155583e-16  +0.0000000000000000e+00
-10   +3.6180466675226939e-15  +0.0000000000000000e+00
 -9   -4.2088539549657120e-15  +0.0000000000000000e+00
 -8   +6.9248390745735687e-13  +0.0000000000000000e+00
 -7   -6.0356667149155152e-13  +0.0000000000000000e+00
 -6   +1.2418431804515646e-10  +0.0000000000000000e+00
 -5   -1.0470910400188684e-10  +0.0000000000000000e+00
 -4   +2.6733725896470688e-08  +0.0000000000000000e+00
 -3   -2.1605272189109897e-08  +0.0000000000000000e+00
 -2   +8.7602870274568602e-06  +0.0000000000000000e+00
 -1   -2.3115900237818080e-08  +0.0000000000000000e+00
 +0   +9.8890046270809961e+01  +0.0000000000000000e+00
 +1   -2.3115900237818080e-08  +0.0000000000000000e+00
 +2   +8.7602870274568602e-06  +0.0000000000000000e+00
 +3   -2.1605272189109897e-08  +0.0000000000000000e+00
 +4   +2.6733725896470688e-08  +0.0000000000000000e+00
 +5   -1.0470910400188684e-10  +0.0000000000000000e+00
 +6   +1.2418431804515646e-10  +0.0000000000000000e+00
 +7   -6.0356667149155152e-13  +0.0000000000000000e+00
 +8   +6.9248390745735687e-13  +0.0000000000000000e+00
 +9   -4.2088539549657120e-15  +0.0000000000000000e+00
+10   +3.6180466675226939e-15  +0.0000000000000000e+00
+11   -7.0579761498155583e-16  +0.0000000000000000e+00
+12   +9.5961867538652749e-16  +0.0000000000000000e+00
+13   -2.8777196703252416e-17  +0.0000000000000000e+00
+14   +1.6833560121540085e-15  +0.0000000000000000e+00
+15   -2.5160802608724263e-17  +0.0000000000000000e+00
+16   -3.3958049385532823e-15  +0.0000000000000000e+00
+17   -3.1366906650902257e-16  +0.0000000000000000e+00
+18   +1.9175761634929031e-15  +0.0000000000000000e+00
+19   -2.5526092067694308e-17  +0.0000000000000000e+00
+20   +1.5647415483297919e-15  +0.0000000000000000e+00
+21   -2.9602660711723919e-16  +0.0000000000000000e+00
+22   -3.2241572450915860e-15  +0.0000000000000000e+00
+23   -2.8221962964464158e-16  +0.0000000000000000e+00
+24   -1.7050189308822440e-16  +0.0000000000000000e+00
+25   -1.3209462998257140e-17  +0.0000000000000000e+00
+26   +1.4261596810854812e-15  +0.0000000000000000e+00
+27   +1.2981033282508216e-16  +0.0000000000000000e+00
+28   +5.1917061543682325e-16  +0.0000000000000000e+00
+29   -7.8141170178314610e-17  +0.0000000000000000e+00
+30   +7.5141932448947783e-16  +0.0000000000000000e+00

