+0 -9.9999815037068984e-01
+1 +2.5472635429522900e-03
+2 +5.1324963684203172e-07
+3 +3.8956299830446010e-06
+4 +5.1452139830687009e-10
+5 +1.5116150783486331e-08
+6 -2.6224783355453700e-12
+7 +7.7235576757740598e-11
+8 -4.3545176913418355e-14
+9 +4.5083314716323640e-13
+10 -4.4781786928104867e-16
+11 +2.8469116179452714e-15
+12 -4.1111942869249429e-18
+13 +1.8936522185262072e-17
+14 -3.6124244158822902e-20
+15 +1.3069279018708249e-19
+16 -3.1097825692299309e-22
+17 +9.2719803795984980e-22
+18 -2.6488868589653584e-24
+19 +6.7200901941802355e-24
+20 -2.2433220216264832e-26
+21 +4.9543477653249080e-26
+22 -1.8937719894675468e-28
+23 +3.7038156094568374e-28
+24 -1.5958839778415259e-30
+25 +2.8012292309479948e-30
+26 -1.3436454142873293e-32
+27 +2.1394660316747020e-32
+28 -1.1308487924562260e-34
+29 +1.6478161373247629e-34
+30 -9.5154742967920173e-37
