-30   +0.0000000000000000e+00  +1.6048769519407681e-37
-29   +0.0000000000000000e+00  -2.6860121327388020e-35
-28   +0.0000000000000000e+00  +1.7801963386786689e-35
-27   +0.0000000000000000e+00  -3.2469109941159373e-33
-26   +0.0000000000000000e+00  +1.9641918717586443e-33
-25   +0.0000000000000000e+00  -3.9363153760363144e-31
-24   +0.0000000000000000e+00  +2.1536030291852520e-31
-23   +0.0000000000000000e+00  -4.7882677564902504e-29
-22   +0.0000000000000000e+00  +2.3428286171272961e-29
-21   +0.0000000000000000e+00  -5.8479954324620864e-27
-20   +0.0000000000000000e+00  +2.5232715851029041e-27
-19   +0.0000000000000000e+00  -7.1767853185606868e-25
-18   +0.0000000000000000e+00  +2.6819777424465704e-25
-17   +0.0000000000000000e+00  -8.8597749880953644e-23
-16   +0.0000000000000000e+00  +2.7995541463938331e-23
-15   +0.0000000000000000e+00  -1.1019050594501983e-20
-14   +0.0000000000000000e+00  +2.8468601588924173e-21
-13   +0.0000000000000000e+00  -1.3837094083467234e-18
-12   +0.0000000000000000e+00  +2.7794686069093829e-19
-11   +0.0000000000000000e+00  -1.7602244237611130e-16
-10   +0.0000000000000000e+00  +2.5277279650622904e-17
 -9   +0.0000000000000000e+00  -2.2806561534841632e-14
 -8   +0.0000000000000000e+00  +1.9771574030341823e-15
 -7   +0.0000000000000000e+00  -3.0389046653806950e-12
 -6   +0.0000000000000000e+00  +9.2423624276181279e-14
 -5   +0.0000000000000000e+00  -4.2482813309916272e-10
 -4   +0.0000000000000000e+00  -1.0453507517753316e-11
 -3   +0.0000000000000000e+00  -6.5690429716248396e-08
 -2   +0.0000000000000000e+00  -5.0332075148656494e-09
 -1   +0.0000000000000000e+00  -1.4317749099526476e-05
 +0   +0.0000000000000000e+00  +0.0000000000000000e+00
 +1   +0.0000000000000000e+00  +1.4317749099526474e-05
 +2   +0.0000000000000000e+00  +5.0332075148656494e-09
 +3   +0.0000000000000000e+00  +6.5690429716248396e-08
 +4   +0.0000000000000000e+00  +1.0453507517753318e-11
 +5   +0.0000000000000000e+00  +4.2482813309916272e-10
 +6   +0.0000000000000000e+00  -9.2423624276181279e-14
 +7   +0.0000000000000000e+00  +3.0389046653806950e-12
 +8   +0.0000000000000000e+00  -1.9771574030341819e-15
 +9   +0.0000000000000000e+00  +2.2806561534841635e-14
+10   +0.0000000000000000e+00  -2.5277279650622898e-17
+11   +0.0000000000000000e+00  +1.7602244237611132e-16
+12   +0.0000000000000000e+00  -2.7794686069093829e-19
+13   +0.0000000000000000e+00  +1.3837094083467234e-18
+14   +0.0000000000000000e+00  -2.8468601588924181e-21
+15   +0.0000000000000000e+00  +1.1019050594501983e-20
+16   +0.0000000000000000e+00  -2.7995541463938331e-23
+17   +0.0000000000000000e+00  +8.8597749880953632e-23
+18   +0.0000000000000000e+00  -2.6819777424465699e-25
+19   +0.0000000000000000e+00  +7.1767853185606868e-25
+20   +0.0000000000000000e+00  -2.5232715851029045e-27
+21   +0.0000000000000000e+00  +5.8479954324620864e-27
+22   +0.0000000000000000e+00  -2.3428286171272964e-29
+23   +0.0000000000000000e+00  +4.7882677564902504e-29
+24   +0.0000000000000000e+00  -2.1536030291852515e-31
+25   +0.0000000000000000e+00  +3.9363153760363144e-31
+26   +0.0000000000000000e+00  -1.9641918717586446e-33
+27   +0.0000000000000000e+00  +3.2469109941159359e-33
+28   +0.0000000000000000e+00  -1.7801963386786691e-35
+29   +0.0000000000000000e+00  +2.6860121327388025e-35
+30   +0.0000000000000000e+00  -1.6048769519407683e-37

