-30   -4.7577371483960086e-37  +0.0000000000000000e+00
-29   +8.2390806866238147e-35  +0.0000000000000000e+00
-28   -5.6542439622811301e-35  +0.0000000000000000e+00
-27   +1.0697330158373510e-32  +0.0000000000000000e+00
-26   -6.7182270714366467e-33  +0.0000000000000000e+00
-25   +1.4006146154739974e-30  +0.0000000000000000e+00
-24   -7.9794198892076293e-31  +0.0000000000000000e+00
-23   +1.8519078047284187e-28  +0.0000000000000000e+00
-22   -9.4688599473377340e-29  +0.0000000000000000e+00
-21   +2.4771738826624540e-26  +0.0000000000000000e+00
-20   -1.1216610108132416e-26  +0.0000000000000000e+00
-19   +3.3600450970901177e-24  +0.0000000000000000e+00
-18   -1.3244434294826794e-24  +0.0000000000000000e+00
-17   +4.6359901897992490e-22  +0.0000000000000000e+00
-16   -1.5548912846149655e-22  +0.0000000000000000e+00
-15   +6.5346395093541244e-20  +0.0000000000000000e+00
-14   -1.8062122079411448e-20  +0.0000000000000000e+00
-13   +9.4682610926310362e-18  +0.0000000000000000e+00
-12   -2.0555971434624715e-18  +0.0000000000000000e+00
-11   +1.4234558089726357e-15  +0.0000000000000000e+00
-10   -2.2390893464052434e-16  +0.0000000000000000e+00
 -9   +2.2541657358161820e-13  +0.0000000000000000e+00
 -8   -2.1772588456709175e-14  +0.0000000000000000e+00
 -7   +3.8617788378870299e-11  +0.0000000000000000e+00
 -6   -1.3112391677726852e-12  +0.0000000000000000e+00
 -5   +7.5580753917431656e-09  +0.0000000000000000e+00
 -4   +2.5726069915343499e-10  +0.0000000000000000e+00
 -3   +1.9478149915223005e-06  +0.0000000000000000e+00
 -2   +2.5662481842101586e-07  +0.0000000000000000e+00
 -1   +1.2736317714761448e-03  +0.0000000000000000e+00
 +0   -9.9999815037068984e-01  +0.0000000000000000e+00
 +1   +1.2736317714761450e-03  +0.0000000000000000e+00
 +2   +2.5662481842101581e-07  +0.0000000000000000e+00
 +3   +1.9478149915223005e-06  +0.0000000000000000e+00
 +4   +2.5726069915343505e-10  +0.0000000000000000e+00
 +5   +7.5580753917431656e-09  +0.0000000000000000e+00
 +6   -1.3112391677726850e-12  +0.0000000000000000e+00
 +7   +3.8617788378870299e-11  +0.0000000000000000e+00
 +8   -2.1772588456709178e-14  +0.0000000000000000e+00
 +9   +2.2541657358161823e-13  +0.0000000000000000e+00
+10   -2.2390893464052434e-16  +0.0000000000000000e+00
+11   +1.4234558089726357e-15  +0.0000000000000000e+00
+12   -2.0555971434624715e-18  +0.0000000000000000e+00
+13   +9.4682610926310362e-18  +0.0000000000000000e+00
+14   -1.8062122079411451e-20  +0.0000000000000000e+00
+15   +6.5346395093541244e-20  +0.0000000000000000e+00
+16   -1.5548912846149657e-22  +0.0000000000000000e+00
+17   +4.6359901897992499e-22  +0.0000000000000000e+00
+18   -1.3244434294826790e-24  +0.0000000000000000e+00
+19   +3.3600450970901177e-24  +0.0000000000000000e+00
+20   -1.1216610108132418e-26  +0.0000000000000000e+00
+21   +2.4771738826624537e-26  +0.0000000000000000e+00
+22   -9.4688599473377351e-29  +0.0000000000000000e+00
+23   +1.8519078047284187e-28  +0.0000000000000000e+00
+24   -7.9794198892076293e-31  +0.0000000000000000e+00
+25   +1.4006146154739976e-30  +0.0000000000000000e+00
+26   -6.7182270714366467e-33  +0.0000000000000000e+00
+27   +1.0697330158373509e-32  +0.0000000000000000e+00
+28   -5.6542439622811301e-35  +0.0000000000000000e+00
+29   +8.2390806866238147e-35  +0.0000000000000000e+00
+30   -4.7577371483960086e-37  +0.0000000000000000e+00

