+0 -3.1250030042536737e-05
+1 -1.4086296532907135e-05
+2 -8.7891714208738451e-09
+3 -1.7461283645009564e-07
+4 -3.0698095446280911e-11
+5 -1.8427566368248239e-09
+6 +5.4153483398993650e-13
+7 -1.8287191755859516e-11
+8 +1.4180991978957163e-14
+9 -1.7556225396929801e-13
+10 +2.2174408268108212e-16
+11 -1.6507636470618599e-15
+12 +2.8954647626415495e-18
+13 -1.5301668168450476e-17
+14 +3.4383255868492879e-20
+15 -1.4036906882988750e-19
+16 +3.8479925250447913e-22
+17 -1.2775000231277264e-21
+18 +4.1346252693216516e-24
+19 -1.1554234034887040e-23
+20 +4.3122720964828668e-26
+21 -1.0397631518555135e-25
+22 +4.3963697039885629e-28
+23 -9.3180634399962359e-28
+24 +4.4022880895863556e-30
+25 -8.3215997377050825e-30
+26 +4.3445071926837585e-32
+27 -7.4097674710610120e-32
+28 +4.2361840729956872e-34
+29 -6.5810993652076209e-34
+30 +4.0881322638748992e-36
