+0 +6.6148896130792699e-06
+1 +4.1343854589003166e-10
+2 +1.2920202847352905e-14
+3 +4.0376409813793057e-19
+4 +1.2617870545162314e-23
+5 +3.9431603213044073e-28
+6 +1.2322612808443156e-32
+7 +3.8508905054252536e-37
+8 +1.2034264092606764e-41
+9 +3.7607798000637165e-46
+10 +1.1752662726802137e-50
+11 +3.6727776821079531e-55
+12 +1.1477650823270636e-59
+13 +3.5868348106852013e-64
+14 +1.1209074188821733e-68
+15 +3.5029029994974240e-73
+16 +1.0946782238380266e-77
+17 +3.4209351898042982e-82
+18 +1.0690627910556637e-86
+19 +3.3408854240384115e-91
+20 +1.0440467585192723e-95
+21 +3.2627088200378422e-100
+22 +1.0196161002837143e-104
+23 +3.1863615458817178e-109
+24 +9.9575711861048723e-114
+25 +3.1118007953146043e-118
+26 +9.7245643628769720e-123
+27 +3.0389847637459720e-127
+28 +9.4970098912974824e-132
+29 +2.9678726219128479e-136
+30 +0.0000000000000000e+00
