-30   +0.0000000000000000e+00  +0.0000000000000000e+00
-29   +1.4839363109564240e-136  +0.0000000000000000e+00
-28   +4.7485049456487412e-132  +0.0000000000000000e+00
-27   +1.5194923818729860e-127  +0.0000000000000000e+00
-26   +4.8622821814384860e-123  +0.0000000000000000e+00
-25   +1.5559003976573021e-118  +0.0000000000000000e+00
-24   +4.9787855930524362e-114  +0.0000000000000000e+00
-23   +1.5931807729408589e-109  +0.0000000000000000e+00
-22   +5.0980805014185715e-105  +0.0000000000000000e+00
-21   +1.6313544100189211e-100  +0.0000000000000000e+00
-20   +5.2202337925963616e-96  +0.0000000000000000e+00
-19   +1.6704427120192058e-91  +0.0000000000000000e+00
-18   +5.3453139552783184e-87  +0.0000000000000000e+00
-17   +1.7104675949021491e-82  +0.0000000000000000e+00
-16   +5.4733911191901332e-78  +0.0000000000000000e+00
-15   +1.7514514997487120e-73  +0.0000000000000000e+00
-14   +5.6045370944108663e-69  +0.0000000000000000e+00
-13   +1.7934174053426006e-64  +0.0000000000000000e+00
-12   +5.7388254116353180e-60  +0.0000000000000000e+00
-11   +1.8363888410539766e-55  +0.0000000000000000e+00
-10   +5.8763313634010684e-51  +0.0000000000000000e+00
 -9   +1.8803899000318582e-46  +0.0000000000000000e+00
 -8   +6.0171320463033819e-42  +0.0000000000000000e+00
 -7   +1.9254452527126268e-37  +0.0000000000000000e+00
 -6   +6.1613064042215778e-33  +0.0000000000000000e+00
 -5   +1.9715801606522036e-28  +0.0000000000000000e+00
 -4   +6.3089352725811572e-24  +0.0000000000000000e+00
 -3   +2.0188204906896529e-19  +0.0000000000000000e+00
 -2   +6.4601014236764523e-15  +0.0000000000000000e+00
 -1   +2.0671927294501583e-10  +0.0000000000000000e+00
 +0   +6.6148896130792699e-06  +0.0000000000000000e+00
 +1   +2.0671927294501583e-10  +0.0000000000000000e+00
 +2   +6.4601014236764523e-15  +0.0000000000000000e+00
 +3   +2.0188204906896529e-19  +0.0000000000000000e+00
 +4   +6.3089352725811572e-24  +0.0000000000000000e+00
 +5   +1.9715801606522036e-28  +0.0000000000000000e+00
 +6   +6.1613064042215778e-33  +0.0000000000000000e+00
 +7   +1.9254452527126268e-37  +0.0000000000000000e+00
 +8   +6.0171320463033819e-42  +0.0000000000000000e+00
 +9   +1.8803899000318582e-46  +0.0000000000000000e+00
+10   +5.8763313634010684e-51  +0.0000000000000000e+00
+11   +1.8363888410539766e-55  +0.0000000000000000e+00
+12   +5.7388254116353180e-60  +0.0000000000000000e+00
+13   +1.7934174053426006e-64  +0.0000000000000000e+00
+14   +5.6045370944108663e-69  +0.0000000000000000e+00
+15   +1.7514514997487120e-73  +0.0000000000000000e+00
+16   +5.4733911191901332e-78  +0.0000000000000000e+00
+17   +1.7104675949021491e-82  +0.0000000000000000e+00
+18   +5.3453139552783184e-87  +0.0000000000000000e+00
+19   +1.6704427120192058e-91  +0.0000000000000000e+00
+20   +5.2202337925963616e-96  +0.0000000000000000e+00
+21   +1.6313544100189211e-100  +0.0000000000000000e+00
+22   +5.0980805014185715e-105  +0.0000000000000000e+00
+23   +1.5931807729408589e-109  +0.0000000000000000e+00
+24   +4.9787855930524362e-114  +0.0000000000000000e+00
+25   +1.5559003976573021e-118  +0.0000000000000000e+00
+26   +4.8622821814384860e-123  +0.0000000000000000e+00
+27   +1.5194923818729860e-127  +0.0000000000000000e+00
+28   +4.7485049456487412e-132  +0.0000000000000000e+00
+29   +1.4839363109564240e-136  +0.0000000000000000e+00
+30   +0.0000000000000000e+00  +0.0000000000000000e+00

