+0 +0.0000000000000000e+00
+1 -1.4266559212770322e-05
+2 -8.1174670671719452e-09
+3 -1.7458383936235791e-07
+4 -2.8949848689860634e-11
+5 -1.8413313834022353e-09
+6 +5.4730178773775053e-13
+7 -1.8273016052343383e-11
+8 +1.4194365618048882e-14
+9 -1.7543881527746583e-13
+10 +2.2167755156369949e-16
+11 -1.6497256891063625e-15
+12 +2.8938406251653060e-18
+13 -1.5293038894081170e-17
+14 +3.4362593928241440e-20
+15 -1.4029757921612400e-19
+16 +3.8457613873202201e-22
+17 -1.2769080434855599e-21
+18 +4.1323839282742944e-24
+19 -1.1549328198307218e-23
+20 +4.3101076902710524e-26
+21 -1.0393560654350028e-25
+22 +4.3943299840904862e-28
+23 -9.3146803967627762e-28
+24 +4.4003970617278653e-30
+25 -8.3187840225224272e-30
+26 +4.3427742790084153e-32
+27 -7.4074204794425019e-32
+28 +4.2346100338434783e-34
+29 -6.5791406924120516e-34
+30 +4.0881256507353639e-36
