+0 +2.5719427695516904e-03
+1 +8.0374756124664025e-08
+2 +1.8838195482182676e-12
+3 +4.9058743500575396e-17
+4 +1.3414757968286275e-21
+5 +3.7729731840562915e-26
+6 +1.0808203802105030e-30
+7 +3.1363694108107088e-35
+8 +9.1887588391785849e-40
+9 +2.7120121909664540e-44
+10 +8.0514409169578152e-49
+11 +2.4017543827278772e-53
+12 +7.1928922370132231e-58
+13 +2.1613673274962755e-62
+14 +6.5131740303908684e-67
+15 +1.9675591323808352e-71
+16 +5.9565923103546873e-76
+17 +1.8067217257759251e-80
+18 +5.4892773976763593e-85
+19 +1.6702892009571659e-89
+20 +5.0892602097787092e-94
+21 +1.5525571317193501e-98
+22 +4.7415653138201783e-103
+23 +1.4495552958759270e-107
+24 +4.4355734487117081e-112
+25 +1.3584204735137010e-116
+26 +4.1635081443458333e-121
+27 +1.2770264599648892e-125
+28 +3.9195203717675306e-130
+29 +1.2037551433589442e-134
+30 +3.6991103268555354e-139
