-30   +0.0000000000000000e+00  +3.0208275413627634e-21
-29   +0.0000000000000000e+00  +1.8311431793795494e-20
-28   +0.0000000000000000e+00  -1.2405971819459333e-21
-27   +0.0000000000000000e+00  -2.2888540131077191e-22
-26   +0.0000000000000000e+00  +8.9714812420550968e-21
-25   +0.0000000000000000e+00  +5.2097328020376301e-21
-24   +0.0000000000000000e+00  -2.4627593931503869e-21
-23   +0.0000000000000000e+00  -8.8850754629961741e-21
-22   +0.0000000000000000e+00  +3.2056554352422947e-21
-21   +0.0000000000000000e+00  -1.3636704763033878e-21
-20   +0.0000000000000000e+00  -1.4425788988792917e-21
-19   +0.0000000000000000e+00  +1.1724575226228393e-20
-18   +0.0000000000000000e+00  -4.4557653023912840e-21
-17   +0.0000000000000000e+00  +4.6921860877727263e-20
-16   +0.0000000000000000e+00  +1.1284973932569719e-20
-15   +0.0000000000000000e+00  -1.0513849933378340e-19
-14   +0.0000000000000000e+00  +2.2964436950767361e-20
-13   +0.0000000000000000e+00  -1.1466196605072480e-17
-12   +0.0000000000000000e+00  +2.5476643119270587e-18
-11   +0.0000000000000000e+00  -1.7265362860309297e-15
-10   +0.0000000000000000e+00  +2.8031852418727009e-16
 -9   +0.0000000000000000e+00  -2.7339481152721001e-13
 -8   +0.0000000000000000e+00  +2.7932860755221200e-14
 -7   +0.0000000000000000e+00  -4.6833243691998472e-11
 -6   +0.0000000000000000e+00  +1.9022265141837751e-12
 -5   +0.0000000000000000e+00  -9.1657900982218910e-09
 -4   +0.0000000000000000e+00  -2.2300734502548864e-10
 -3   +0.0000000000000000e+00  -2.3636209768458712e-06
 -2   +0.0000000000000000e+00  -2.3941380721292057e-07
 -1   +0.0000000000000000e+00  -1.5729622980657759e-03
 +0   +0.0000000000000000e+00  +0.0000000000000000e+00
 +1   +0.0000000000000000e+00  +1.5729622980657759e-03
 +2   +0.0000000000000000e+00  +2.3941380721292057e-07
 +3   +0.0000000000000000e+00  +2.3636209768458712e-06
 +4   +0.0000000000000000e+00  +2.2300734502548864e-10
 +5   +0.0000000000000000e+00  +9.1657900982218910e-09
 +6   +0.0000000000000000e+00  -1.9022265141837751e-12
 +7   +0.0000000000000000e+00  +4.6833243691998472e-11
 +8   +0.0000000000000000e+00  -2.7932860755221200e-14
 +9   +0.0000000000000000e+00  +2.7339481152721001e-13
+10   +0.0000000000000000e+00  -2.8031852418727009e-16
+11   +0.0000000000000000e+00  +1.7265362860309297e-15
+12   +0.0000000000000000e+00  -2.5476643119270587e-18
+13   +0.0000000000000000e+00  +1.1466196605072480e-17
+14   +0.0000000000000000e+00  -2.2964436950767361e-20
+15   +0.0000000000000000e+00  +1.0513849933378340e-19
+16   +0.0000000000000000e+00  -1.1284973932569719e-20
+17   +0.0000000000000000e+00  -4.6921860877727263e-20
+18   +0.0000000000000000e+00  +4.4557653023912840e-21
+19   +0.0000000000000000e+00  -1.1724575226228393e-20
+20   +0.0000000000000000e+00  +1.4425788988792917e-21
+21   +0.0000000000000000e+00  +1.3636704763033878e-21
+22   +0.0000000000000000e+00  -3.2056554352422947e-21
+23   +0.0000000000000000e+00  +8.8850754629961741e-21
+24   +0.0000000000000000e+00  +2.4627593931503869e-21
+25   +0.0000000000000000e+00  -5.2097328020376301e-21
+26   +0.0000000000000000e+00  -8.9714812420550968e-21
+27   +0.0000000000000000e+00  +2.2888540131077191e-22
+28   +0.0000000000000000e+00  +1.2405971819459333e-21
+29   +0.0000000000000000e+00  -1.8311431793795494e-20
+30   +0.0000000000000000e+00  -3.0208275413627634e-21

