-30   +0.0000000000000000e+00  -3.9121330474606839e-23
-29   +0.0000000000000000e+00  -1.2669155000462950e-22
-28   +0.0000000000000000e+00  +1.3229061286741126e-23
-27   +0.0000000000000000e+00  -6.9353267217798352e-23
-26   +0.0000000000000000e+00  -7.9970519114101096e-23
-25   +0.0000000000000000e+00  -9.5790922365536012e-23
-24   +0.0000000000000000e+00  +1.9945181507617809e-23
-23   +0.0000000000000000e+00  +7.9089094675999669e-23
-22   +0.0000000000000000e+00  -2.1437052061117581e-23
-21   +0.0000000000000000e+00  -1.1491938122102531e-23
-20   +0.0000000000000000e+00  +1.5110554790953172e-23
-19   +0.0000000000000000e+00  -7.4472506086707698e-23
-18   +0.0000000000000000e+00  +2.1628196172411406e-23
-17   +0.0000000000000000e+00  -4.6682064465086438e-22
-16   +0.0000000000000000e+00  -9.4454460532980255e-23
-15   +0.0000000000000000e+00  +9.9036188269220059e-22
-14   +0.0000000000000000e+00  -2.3732134675033389e-22
-13   +0.0000000000000000e+00  +1.1475716988114392e-19
-12   +0.0000000000000000e+00  -2.5500833863082075e-20
-11   +0.0000000000000000e+00  +1.7284314180296436e-17
-10   +0.0000000000000000e+00  -2.8062487130881981e-18
 -9   +0.0000000000000000e+00  +2.7369492843418322e-15
 -8   +0.0000000000000000e+00  -2.7963523220398829e-16
 -7   +0.0000000000000000e+00  +4.6884654461555625e-13
 -6   +0.0000000000000000e+00  -1.9043146681275015e-14
 -5   +0.0000000000000000e+00  +9.1758517623897660e-11
 -4   +0.0000000000000000e+00  +2.2325214934583463e-12
 -3   +0.0000000000000000e+00  +2.3662156206478304e-08
 -2   +0.0000000000000000e+00  +2.3967662157997525e-09
 -1   +0.0000000000000000e+00  +1.5746890033697941e-05
 +0   +0.0000000000000000e+00  +0.0000000000000000e+00
 +1   +0.0000000000000000e+00  -1.5746890033697941e-05
 +2   +0.0000000000000000e+00  -2.3967662157997525e-09
 +3   +0.0000000000000000e+00  -2.3662156206478304e-08
 +4   +0.0000000000000000e+00  -2.2325214934583463e-12
 +5   +0.0000000000000000e+00  -9.1758517623897660e-11
 +6   +0.0000000000000000e+00  +1.9043146681275015e-14
 +7   +0.0000000000000000e+00  -4.6884654461555625e-13
 +8   +0.0000000000000000e+00  +2.7963523220398829e-16
 +9   +0.0000000000000000e+00  -2.7369492843418322e-15
+10   +0.0000000000000000e+00  +2.8062487130881981e-18
+11   +0.0000000000000000e+00  -1.7284314180296436e-17
+12   +0.0000000000000000e+00  +2.5500833863082075e-20
+13   +0.0000000000000000e+00  -1.1475716988114392e-19
+14   +0.0000000000000000e+00  +2.3732134675033389e-22
+15   +0.0000000000000000e+00  -9.9036188269220059e-22
+16   +0.0000000000000000e+00  +9.4454460532980255e-23
+17   +0.0000000000000000e+00  +4.6682064465086438e-22
+18   +0.0000000000000000e+00  -2.1628196172411406e-23
+19   +0.0000000000000000e+00  +7.4472506086707698e-23
+20   +0.0000000000000000e+00  -1.5110554790953172e-23
+21   +0.0000000000000000e+00  +1.1491938122102531e-23
+22   +0.0000000000000000e+00  +2.1437052061117581e-23
+23   +0.0000000000000000e+00  -7.9089094675999669e-23
+24   +0.0000000000000000e+00  -1.9945181507617809e-23
+25   +0.0000000000000000e+00  +9.5790922365536012e-23
+26   +0.0000000000000000e+00  +7.9970519114101096e-23
+27   +0.0000000000000000e+00  +6.9353267217798352e-23
+28   +0.0000000000000000e+00  -1.3229061286741126e-23
+29   +0.0000000000000000e+00  +1.2669155000462950e-22
+30   +0.0000000000000000e+00  +3.9121330474606839e-23

