+0 +0.0000000000000000e+00
+1 -3.1459245961315517e-03
+2 -4.7882761442584114e-07
+3 -4.7272419536917424e-06
+4 -4.4601469005097728e-10
+5 -1.8331580196443782e-08
+6 +3.8044530283675502e-12
+7 -9.3666487383996943e-11
+8 +5.5865721510442401e-14
+9 -5.4678962305442003e-13
+10 +5.6063704837454019e-16
+11 -3.4530725720618594e-15
+12 +5.0953286238541174e-18
+13 -2.2932393210144960e-17
+14 +4.5928873901534722e-20
+15 -2.1027699866756680e-19
+16 +2.2569947865139438e-20
+17 +9.3843721755454527e-20
+18 -8.9115306047825679e-21
+19 +2.3449150452456787e-20
+20 -2.8851577977585834e-21
+21 -2.7273409526067756e-21
+22 +6.4113108704845893e-21
+23 -1.7770150925992348e-20
+24 -4.9255187863007739e-21
+25 +1.0419465604075260e-20
+26 +1.7942962484110194e-20
+27 -4.5777080262154382e-22
+28 -2.4811943638918665e-21
+29 +3.6622863587590989e-20
+30 +6.0416550827255267e-21
