-30   +0.0000000000000000e+00  -4.4092088570181946e-19
-29   +0.0000000000000000e+00  -8.0730105509740581e-19
-28   +0.0000000000000000e+00  +3.4473977145300995e-19
-27   +0.0000000000000000e+00  -4.0659369483331358e-19
-26   +0.0000000000000000e+00  -7.3939807731370720e-19
-25   +0.0000000000000000e+00  +2.4502311853958406e-19
-24   +0.0000000000000000e+00  +2.7736939343911077e-19
-23   +0.0000000000000000e+00  -5.0894869992136709e-19
-22   +0.0000000000000000e+00  -4.3153417359085411e-19
-21   +0.0000000000000000e+00  +5.7254111790182706e-19
-20   +0.0000000000000000e+00  +3.7268530483308233e-19
-19   +0.0000000000000000e+00  -9.4507318681956064e-19
-18   +0.0000000000000000e+00  -6.1909031255860803e-20
-17   +0.0000000000000000e+00  -3.4449240735880235e-18
-16   +0.0000000000000000e+00  -8.7615361027024812e-19
-15   +0.0000000000000000e+00  +7.9449341836586736e-18
-14   +0.0000000000000000e+00  -1.7995746248245173e-18
-13   +0.0000000000000000e+00  +9.3200189854239628e-16
-12   +0.0000000000000000e+00  -2.0692012919861540e-16
-11   +0.0000000000000000e+00  +1.4036872148669667e-13
-10   +0.0000000000000000e+00  -2.2789988894921795e-14
 -9   +0.0000000000000000e+00  +2.2227158586650990e-11
 -8   +0.0000000000000000e+00  -2.2709578717423562e-12
 -7   +0.0000000000000000e+00  +3.8075702028461701e-09
 -6   +0.0000000000000000e+00  -1.5465213258847678e-10
 -5   +0.0000000000000000e+00  +7.4518411530438166e-07
 -4   +0.0000000000000000e+00  +1.8130628056058648e-08
 -3   +0.0000000000000000e+00  +1.9216377286308285e-04
 -2   +0.0000000000000000e+00  +1.9464483062314855e-05
 -1   +0.0000000000000000e+00  +1.2788275816161676e-01
 +0   +0.0000000000000000e+00  +0.0000000000000000e+00
 +1   +0.0000000000000000e+00  -1.2788275816161676e-01
 +2   +0.0000000000000000e+00  -1.9464483062314855e-05
 +3   +0.0000000000000000e+00  -1.9216377286308285e-04
 +4   +0.0000000000000000e+00  -1.8130628056058648e-08
 +5   +0.0000000000000000e+00  -7.4518411530438166e-07
 +6   +0.0000000000000000e+00  +1.5465213258847678e-10
 +7   +0.0000000000000000e+00  -3.8075702028461701e-09
 +8   +0.0000000000000000e+00  +2.2709578717423562e-12
 +9   +0.0000000000000000e+00  -2.2227158586650990e-11
+10   +0.0000000000000000e+00  +2.2789988894921795e-14
+11   +0.0000000000000000e+00  -1.4036872148669667e-13
+12   +0.0000000000000000e+00  +2.0692012919861540e-16
+13   +0.0000000000000000e+00  -9.3200189854239628e-16
+14   +0.0000000000000000e+00  +1.7995746248245173e-18
+15   +0.0000000000000000e+00  -7.9449341836586736e-18
+16   +0.0000000000000000e+00  +8.7615361027024812e-19
+17   +0.0000000000000000e+00  +3.4449240735880235e-18
+18   +0.0000000000000000e+00  +6.1909031255860803e-20
+19   +0.0000000000000000e+00  +9.4507318681956064e-19
+20   +0.0000000000000000e+00  -3.7268530483308233e-19
+21   +0.0000000000000000e+00  -5.7254111790182706e-19
+22   +0.0000000000000000e+00  +4.3153417359085411e-19
+23   +0.0000000000000000e+00  +5.0894869992136709e-19
+24   +0.0000000000000000e+00  -2.7736939343911077e-19
+25   +0.0000000000000000e+00  -2.4502311853958406e-19
+26   +0.0000000000000000e+00  +7.3939807731370720e-19
+27   +0.0000000000000000e+00  +4.0659369483331358e-19
+28   +0.0000000000000000e+00  -3.4473977145300995e-19
+29   +0.0000000000000000e+00  +8.0730105509740581e-19
+30   +0.0000000000000000e+00  +4.4092088570181946e-19

