+0 +0.0000000000000000e+00
+1 +2.5576551632323352e-01
+2 +3.8928966124629710e-05
+3 +3.8432754572616571e-04
+4 +3.6261256112117296e-08
+5 +1.4903682306087633e-06
+6 -3.0930426517695356e-10
+7 +7.6151404056923401e-09
+8 -4.5419157434847124e-12
+9 +4.4454317173301980e-11
+10 -4.5579977789843590e-14
+11 +2.8073744297339334e-13
+12 -4.1384025839723081e-16
+13 +1.8640037970847926e-15
+14 -3.5991492496490345e-18
+15 +1.5889868367317347e-17
+16 -1.7523072205404962e-18
+17 -6.8898481471760471e-18
+18 -1.2381806251172161e-19
+19 -1.8901463736391213e-18
+20 +7.4537060966616466e-19
+21 +1.1450822358036541e-18
+22 -8.6306834718170821e-19
+23 -1.0178973998427342e-18
+24 +5.5473878687822155e-19
+25 +4.9004623707916812e-19
+26 -1.4787961546274144e-18
+27 -8.1318738966662717e-19
+28 +6.8947954290601990e-19
+29 -1.6146021101948116e-18
+30 -8.8184177140363893e-19
