-30   -1.5959456244953004e-17  -3.7548226953587895e-17
-29   -1.5759481387763578e-17  -3.8708000608754988e-17
-28   -1.4038669422392065e-17  -4.1630309540344455e-17
-27   -1.4374971532518498e-17  -4.5336649220729215e-17
-26   -1.3152303742415923e-17  -5.6363731477350575e-17
-25   -7.0184530185158734e-18  -9.7642577034520728e-17
-24   +1.4491538854123149e-17  -2.4315179470957587e-16
-23   +9.1773714857896563e-17  -7.6694130063495321e-16
-22   +3.7145174638949500e-16  -2.6648745246528714e-15
-21   +1.3742767498092064e-15  -9.5476454067512646e-15
-20   +4.9297338279823445e-15  -3.4447136824693504e-14
-19   +1.7508310503786495e-14  -1.2422885284494225e-13
-18   +6.1734870171557380e-14  -4.4677548622779295e-13
-17   +2.1609855428510633e-13  -1.6008284029320635e-12
-16   +7.5048348139893678e-13  -5.7110999805350659e-12
-15   +2.5826392215970363e-12  -2.0275217493535450e-11
-14   +8.7920305218381566e-12  -7.1582254627000780e-11
-13   +2.9542493260660780e-11  -2.5113779183998257e-10
-12   +9.7682039674681814e-11  -8.7475883569065380e-10
-11   +3.1646212331325870e-10  -3.0216435234470815e-09
-10   +9.9814269506042900e-10  -1.0336165725546721e-08
 -9   +3.0340861829517024e-09  -3.4949773975463440e-08
 -8   +8.7331626826615301e-09  -1.1653551082129499e-07
 -7   +2.2977061844124561e-08  -3.8193118986947710e-07
 -6   +5.0472025771885132e-08  -1.2248143506076369e-06
 -5   +6.1011296257081002e-08  -3.8164957590456104e-06
 -4   -2.2493715719645700e-07  -1.1446075392843068e-05
 -3   -2.3651360587244412e-06  -3.2149165063470996e-05
 -2   -1.4582674211249516e-05  -8.4495052532931411e-05
 -1   -6.4127695078204813e-06  -6.5807567153021480e-06
 +0   -4.1980645154926589e-02  +0.0000000000000000e+00
 +1   -6.4127695078204813e-06  +6.5807567153021480e-06
 +2   -1.4582674211249516e-05  +8.4495052532931411e-05
 +3   -2.3651360587244412e-06  +3.2149165063470996e-05
 +4   -2.2493715719645700e-07  +1.1446075392843068e-05
 +5   +6.1011296257081002e-08  +3.8164957590456104e-06
 +6   +5.0472025771885132e-08  +1.2248143506076369e-06
 +7   +2.2977061844124561e-08  +3.8193118986947710e-07
 +8   +8.7331626826615301e-09  +1.1653551082129499e-07
 +9   +3.0340861829517024e-09  +3.4949773975463440e-08
+10   +9.9814269506042900e-10  +1.0336165725546721e-08
+11   +3.1646212331325870e-10  +3.0216435234470815e-09
+12   +9.7682039674681814e-11  +8.7475883569065380e-10
+13   +2.9542493260660780e-11  +2.5113779183998257e-10
+14   +8.7920305218381566e-12  +7.1582254627000780e-11
+15   +2.5826392215970363e-12  +2.0275217493535450e-11
+16   +7.5048348139893678e-13  +5.7110999805350659e-12
+17   +2.1609855428510633e-13  +1.6008284029320635e-12
+18   +6.1734870171557380e-14  +4.4677548622779295e-13
+19   +1.7508310503786495e-14  +1.2422885284494225e-13
+20   +4.9297338279823445e-15  +3.4447136824693504e-14
+21   +1.3742767498092064e-15  +9.5476454067512646e-15
+22   +3.7145174638949500e-16  +2.6648745246528714e-15
+23   +9.1773714857896563e-17  +7.6694130063495321e-16
+24   +1.4491538854123149e-17  +2.4315179470957587e-16
+25   -7.0184530185158734e-18  +9.7642577034520728e-17
+26   -1.3152303742415923e-17  +5.6363731477350575e-17
+27   -1.4374971532518498e-17  +4.5336649220729215e-17
+28   -1.4038669422392065e-17  +4.1630309540344455e-17
+29   -1.5759481387763578e-17  +3.8708000608754988e-17
+30   -1.5959456244953004e-17  +3.7548226953587895e-17

