-30   +6.0608827360608850e-18  -7.7968763883320777e-19
-29   +2.1012337444496360e-18  +1.2743843663498714e-18
-28   -1.9350997753960344e-17  +2.4415809439594582e-18
-27   -5.8863466515149676e-18  +4.1735488882853991e-18
-26   +6.5295502663533180e-18  +1.0687925183312517e-17
-25   +1.9311692442817630e-17  +3.7328344789674241e-17
-24   +9.5299423940391908e-17  +1.3598314366170780e-16
-23   +3.8090775082988657e-16  +4.9578782519586579e-16
-22   +1.3341961573198559e-15  +1.8092652477726323e-15
-21   +4.7993769660735301e-15  +6.5654076800537537e-15
-20   +1.7544741155351024e-14  +2.3751060223790191e-14
-19   +6.3707936556395959e-14  +8.5647254712862357e-14
-18   +2.3049069841001392e-13  +3.0769253190208921e-13
-17   +8.3148162343032365e-13  +1.1008374413873825e-12
-16   +2.9883803772073166e-12  +3.9203676602933071e-12
-15   +1.0696963522309933e-11  +1.3889268612629666e-11
-14   +3.8117652350437524e-11  +4.8919767184222123e-11
-13   +1.3514446920506412e-10  +1.7115183867329001e-10
-12   +4.7642730505053791e-10  +5.9419190793781580e-10
-11   +1.6687242377003900e-09  +2.0443853389907724e-09
-10   +5.8016415550031882e-09  +6.9594816674444626e-09
 -9   +1.9997942172181201e-08  +2.3390197079853382e-08
 -8   +6.8241440927658099e-08  +7.7387629283056304e-08
 -7   +2.3009117290787221e-07  +2.5101960518700749e-07
 -6   +7.6468849183167955e-07  +7.9348608762506292e-07
 -5   +2.4950335158731461e-06  +2.4203106891896948e-06
 -4   +7.9649554610389619e-06  +7.0113833957002120e-06
 -3   +2.4356265197106004e-05  +1.8466565515413729e-05
 -2   +7.3301728632396763e-05  +4.1400620346446395e-05
 -1   +1.3713269304094005e-05  -1.5551215424654230e-06
 +0   -1.1615665801787475e-08  +0.0000000000000000e+00
 +1   +1.3713269304094005e-05  +1.5551215424654230e-06
 +2   +7.3301728632396763e-05  -4.1400620346446395e-05
 +3   +2.4356265197106004e-05  -1.8466565515413729e-05
 +4   +7.9649554610389619e-06  -7.0113833957002120e-06
 +5   +2.4950335158731461e-06  -2.4203106891896948e-06
 +6   +7.6468849183167955e-07  -7.9348608762506292e-07
 +7   +2.3009117290787221e-07  -2.5101960518700749e-07
 +8   +6.8241440927658099e-08  -7.7387629283056304e-08
 +9   +1.9997942172181201e-08  -2.3390197079853382e-08
+10   +5.8016415550031882e-09  -6.9594816674444626e-09
+11   +1.6687242377003900e-09  -2.0443853389907724e-09
+12   +4.7642730505053791e-10  -5.9419190793781580e-10
+13   +1.3514446920506412e-10  -1.7115183867329001e-10
+14   +3.8117652350437524e-11  -4.8919767184222123e-11
+15   +1.0696963522309933e-11  -1.3889268612629666e-11
+16   +2.9883803772073166e-12  -3.9203676602933071e-12
+17   +8.3148162343032365e-13  -1.1008374413873825e-12
+18   +2.3049069841001392e-13  -3.0769253190208921e-13
+19   +6.3707936556395959e-14  -8.5647254712862357e-14
+20   +1.7544741155351024e-14  -2.3751060223790191e-14
+21   +4.7993769660735301e-15  -6.5654076800537537e-15
+22   +1.3341961573198559e-15  -1.8092652477726323e-15
+23   +3.8090775082988657e-16  -4.9578782519586579e-16
+24   +9.5299423940391908e-17  -1.3598314366170780e-16
+25   +1.9311692442817630e-17  -3.7328344789674241e-17
+26   +6.5295502663533180e-18  -1.0687925183312517e-17
+27   -5.8863466515149676e-18  -4.1735488882853991e-18
+28   -1.9350997753960344e-17  -2.4415809439594582e-18
+29   +2.1012337444496360e-18  -1.2743843663498714e-18
+30   +6.0608827360608850e-18  +7.7968763883320777e-19

