-30   -5.4183650217646136e-18  +6.8577055968375072e-20
-29   -5.5986392462620524e-19  -4.4435646582856037e-19
-28   +1.7349401653592950e-17  +9.7053278847194685e-19
-27   +5.0687388176316914e-18  -5.5971017455052260e-19
-26   -1.5554838197701899e-18  +2.0957844621840120e-19
-25   +2.5652321697633354e-18  +6.5546394859815106e-19
-24   -1.3305534762162235e-17  +1.6416942931543679e-19
-23   -7.5877290650090233e-17  -1.4608012554222783e-18
-22   -2.3632921900152641e-16  -3.6013428063072095e-18
-21   -8.4230605969703362e-16  -1.3336657743291289e-17
-20   -3.2496036866283236e-15  -5.1900841318173772e-17
-19   -1.2309937622304613e-14  -2.0834686973646886e-16
-18   -4.6446417431905090e-14  -8.3243817927842460e-16
-17   -1.7532460549600691e-13  -3.3271109413610734e-15
-16   -6.6065602722090801e-13  -1.3315685827779498e-14
-15   -2.4851715329261933e-12  -5.3414950408095677e-14
-14   -9.3300557256653932e-12  -2.1481183628870143e-13
-13   -3.4949710004514228e-11  -8.6639140418810774e-13
-12   -1.3058345211188694e-10  -3.5062427337045857e-12
-11   -4.8645229090034327e-10  -1.4246817660307823e-11
-10   -1.8058202250581675e-09  -5.8170085803427354e-11
 -9   -6.6757238211320825e-09  -2.3892670454015394e-10
 -8   -2.4554713783023821e-08  -9.8873753579286391e-10
 -7   -8.9750670673898647e-08  -4.1311673113726121e-09
 -6   -3.2550083982227409e-07  -1.7488397860613729e-08
 -5   -1.1673787727921951e-06  -7.5340485321734689e-08
 -4   -4.1349006796793641e-06  -3.3427004535791625e-07
 -3   -1.4113796337975449e-05  -1.5286247678548454e-06
 -2   -4.8448688173646582e-05  -7.9852941105429223e-06
 -1   -1.7146532807642863e-05  -6.1388293584353804e-06
 +0   -2.5884652778352186e-09  +0.0000000000000000e+00
 +1   -1.7146532807642863e-05  +6.1388293584353804e-06
 +2   -4.8448688173646582e-05  +7.9852941105429223e-06
 +3   -1.4113796337975449e-05  +1.5286247678548454e-06
 +4   -4.1349006796793641e-06  +3.3427004535791625e-07
 +5   -1.1673787727921951e-06  +7.5340485321734689e-08
 +6   -3.2550083982227409e-07  +1.7488397860613729e-08
 +7   -8.9750670673898647e-08  +4.1311673113726121e-09
 +8   -2.4554713783023821e-08  +9.8873753579286391e-10
 +9   -6.6757238211320825e-09  +2.3892670454015394e-10
+10   -1.8058202250581675e-09  +5.8170085803427354e-11
+11   -4.8645229090034327e-10  +1.4246817660307823e-11
+12   -1.3058345211188694e-10  +3.5062427337045857e-12
+13   -3.4949710004514228e-11  +8.6639140418810774e-13
+14   -9.3300557256653932e-12  +2.1481183628870143e-13
+15   -2.4851715329261933e-12  +5.3414950408095677e-14
+16   -6.6065602722090801e-13  +1.3315685827779498e-14
+17   -1.7532460549600691e-13  +3.3271109413610734e-15
+18   -4.6446417431905090e-14  +8.3243817927842460e-16
+19   -1.2309937622304613e-14  +2.0834686973646886e-16
+20   -3.2496036866283236e-15  +5.1900841318173772e-17
+21   -8.4230605969703362e-16  +1.3336657743291289e-17
+22   -2.3632921900152641e-16  +3.6013428063072095e-18
+23   -7.5877290650090233e-17  +1.4608012554222783e-18
+24   -1.3305534762162235e-17  -1.6416942931543679e-19
+25   +2.5652321697633354e-18  -6.5546394859815106e-19
+26   -1.5554838197701899e-18  -2.0957844621840120e-19
+27   +5.0687388176316914e-18  +5.5971017455052260e-19
+28   +1.7349401653592950e-17  -9.7053278847194685e-19
+29   -5.5986392462620524e-19  +4.4435646582856037e-19
+30   -5.4183650217646136e-18  -6.8577055968375072e-20

