-30   +1.4475870824138627e-17  +3.6295938990840803e-17
-29   +1.4456356128900968e-17  +3.6330720036177540e-17
-28   +1.6368563220945606e-17  +3.7827808096157381e-17
-27   +1.6108270471576339e-17  +3.6422117609849611e-17
-26   +1.7299680375952059e-17  +2.7191789537428694e-17
-25   +2.3175283671676420e-17  -8.3771225678532118e-18
-24   +4.4882799961089691e-17  -1.5037855693092985e-16
-23   +1.2147886491209369e-16  -6.6849539835569296e-16
-22   +4.0156150993117330e-16  -2.5620639577163732e-15
-21   +1.4043014626708952e-15  -9.4366428190320398e-15
-20   +4.9623300229917821e-15  -3.4316391474325356e-14
-19   +1.7548282576890757e-14  -1.2403859712611214e-13
-18   +6.1802209855887512e-14  -4.4636864291045017e-13
-17   +2.1627865009525478e-13  -1.5995739394537346e-12
-16   +7.5112331547125359e-13  -5.7064749747403288e-12
-15   +2.5851360631923289e-12  -2.0257100683677558e-11
-14   +8.8020796843931098e-12  -7.1509944978729782e-11
-13   +2.9583378862932420e-11  -2.5084710216309371e-10
-12   +9.7849501950815996e-11  -8.7358524868022373e-10
-11   +3.1715255498548633e-10  -3.0168869090872554e-09
-10   +1.0010112295194365e-09  -1.0316802772598917e-08
 -9   +3.0461185682300670e-09  -3.4870543200977074e-08
 -8   +8.7842593662001770e-09  -1.1620923531499892e-07
 -7   +2.3197632161072175e-08  -3.8057684362454330e-07
 -6   +5.1446106273702700e-08  -1.2191331583754708e-06
 -5   +6.5456556158666800e-08  -3.7923526906392342e-06
 -4   -2.0354799826004889e-07  -1.1341275560014081e-05
 -3   -2.2537017920358522e-06  -3.1690162455193242e-05
 -2   -1.3864088756783781e-05  -8.2330858069225069e-05
 -1   -5.9981750108749192e-06  -4.9128409007305366e-06
 +0   +4.1980661423101980e-02  +0.0000000000000000e+00
 +1   -5.9981750108749192e-06  +4.9128409007305366e-06
 +2   -1.3864088756783781e-05  +8.2330858069225069e-05
 +3   -2.2537017920358522e-06  +3.1690162455193242e-05
 +4   -2.0354799826004889e-07  +1.1341275560014081e-05
 +5   +6.5456556158666800e-08  +3.7923526906392342e-06
 +6   +5.1446106273702700e-08  +1.2191331583754708e-06
 +7   +2.3197632161072175e-08  +3.8057684362454330e-07
 +8   +8.7842593662001770e-09  +1.1620923531499892e-07
 +9   +3.0461185682300670e-09  +3.4870543200977074e-08
+10   +1.0010112295194365e-09  +1.0316802772598917e-08
+11   +3.1715255498548633e-10  +3.0168869090872554e-09
+12   +9.7849501950815996e-11  +8.7358524868022373e-10
+13   +2.9583378862932420e-11  +2.5084710216309371e-10
+14   +8.8020796843931098e-12  +7.1509944978729782e-11
+15   +2.5851360631923289e-12  +2.0257100683677558e-11
+16   +7.5112331547125359e-13  +5.7064749747403288e-12
+17   +2.1627865009525478e-13  +1.5995739394537346e-12
+18   +6.1802209855887512e-14  +4.4636864291045017e-13
+19   +1.7548282576890757e-14  +1.2403859712611214e-13
+20   +4.9623300229917821e-15  +3.4316391474325356e-14
+21   +1.4043014626708952e-15  +9.4366428190320398e-15
+22   +4.0156150993117330e-16  +2.5620639577163732e-15
+23   +1.2147886491209369e-16  +6.6849539835569296e-16
+24   +4.4882799961089691e-17  +1.5037855693092985e-16
+25   +2.3175283671676420e-17  +8.3771225678532118e-18
+26   +1.7299680375952059e-17  -2.7191789537428694e-17
+27   +1.6108270471576339e-17  -3.6422117609849611e-17
+28   +1.6368563220945606e-17  -3.7827808096157381e-17
+29   +1.4456356128900968e-17  -3.6330720036177540e-17
+30   +1.4475870824138627e-17  -3.6295938990840803e-17

