-30   -4.5427389844932417e-18  +8.3596244685162675e-20
-29   +4.9012779054611415e-19  +1.3058142605454074e-18
-28   +1.5173958754927214e-17  +6.3677878174071969e-19
-27   +2.0601251219135857e-18  +2.6705429508463150e-18
-26   -1.4054246333239023e-17  +1.1788832462890626e-17
-25   -4.4807341222705036e-17  +3.6835201928514024e-17
-24   -1.8620720930200954e-16  +1.4302094210550401e-16
-23   -7.0042080495934625e-16  +5.1591596664297821e-16
-22   -2.5013265077332892e-15  +1.8798509025575066e-15
-21   -9.0166994013766554e-15  +6.8349767892830456e-15
-20   -3.2621308769781019e-14  +2.4783700999839870e-14
-19   -1.1742063871835425e-13  +8.9574551645949461e-14
-18   -4.2089965446071943e-13  +3.2262004765048689e-13
-17   -1.5025111338730160e-12  +1.1575524040426126e-12
-16   -5.3377346596701319e-12  +4.1356590138049970e-12
-15   -1.8860303060240214e-11  +1.4705854623954661e-11
-14   -6.6234468266763028e-11  +5.2014460854417136e-11
-13   -2.3098886926976470e-10  +1.8287006552040697e-10
-12   -7.9912223865618676e-10  +6.3852574372075633e-10
-11   -2.7389481070948333e-09  +2.2119772067971730e-09
-10   -9.2850997123506772e-09  +7.5925584403466116e-09
 -9   -3.1066930232407842e-08  +2.5780394195471514e-08
 -8   -1.0230682254213509e-07  +8.6410822904891473e-08
 -7   -3.3033329294060309e-07  +2.8510409156940646e-07
 -6   -1.0403091803744653e-06  +9.2251545730414932e-07
 -5   -3.1699219448393105e-06  +2.9110350780736569e-06
 -4   -9.2460054519010538e-06  +8.9005190342648909e-06
 -3   -2.5083447934040337e-05  +2.5849494594080433e-05
 -2   -6.3489101935898566e-05  +7.3153507040086765e-05
 -1   -3.1830098769350753e-06  +7.6001985072700386e-06
 +0   -1.3400480905725945e-08  +0.0000000000000000e+00
 +1   -3.1830098769350753e-06  -7.6001985072700386e-06
 +2   -6.3489101935898566e-05  -7.3153507040086765e-05
 +3   -2.5083447934040337e-05  -2.5849494594080433e-05
 +4   -9.2460054519010538e-06  -8.9005190342648909e-06
 +5   -3.1699219448393105e-06  -2.9110350780736569e-06
 +6   -1.0403091803744653e-06  -9.2251545730414932e-07
 +7   -3.3033329294060309e-07  -2.8510409156940646e-07
 +8   -1.0230682254213509e-07  -8.6410822904891473e-08
 +9   -3.1066930232407842e-08  -2.5780394195471514e-08
+10   -9.2850997123506772e-09  -7.5925584403466116e-09
+11   -2.7389481070948333e-09  -2.2119772067971730e-09
+12   -7.9912223865618676e-10  -6.3852574372075633e-10
+13   -2.3098886926976470e-10  -1.8287006552040697e-10
+14   -6.6234468266763028e-11  -5.2014460854417136e-11
+15   -1.8860303060240214e-11  -1.4705854623954661e-11
+16   -5.3377346596701319e-12  -4.1356590138049970e-12
+17   -1.5025111338730160e-12  -1.1575524040426126e-12
+18   -4.2089965446071943e-13  -3.2262004765048689e-13
+19   -1.1742063871835425e-13  -8.9574551645949461e-14
+20   -3.2621308769781019e-14  -2.4783700999839870e-14
+21   -9.0166994013766554e-15  -6.8349767892830456e-15
+22   -2.5013265077332892e-15  -1.8798509025575066e-15
+23   -7.0042080495934625e-16  -5.1591596664297821e-16
+24   -1.8620720930200954e-16  -1.4302094210550401e-16
+25   -4.4807341222705036e-17  -3.6835201928514024e-17
+26   -1.4054246333239023e-17  -1.1788832462890626e-17
+27   +2.0601251219135857e-18  -2.6705429508463150e-18
+28   +1.5173958754927214e-17  -6.3677878174071969e-19
+29   +4.9012779054611415e-19  -1.3058142605454074e-18
+30   -4.5427389844932417e-18  -8.3596244685162675e-20

