-30   +7.9424512821666387e-18  +7.0039399037801832e-18
-29   +5.1686709887015716e-18  +7.9665648880555922e-18
-28   -1.3622764329313740e-17  +9.2572621973642094e-18
-27   -5.6754203494122395e-19  +1.1989805034516626e-17
-26   +1.4078127781597545e-17  +1.8950779422674137e-17
-25   +3.5346894654404816e-17  +4.5783836365735609e-17
-24   +1.4275399377443006e-16  +1.4851453201502591e-16
-23   +5.4022221503190432e-16  +5.1809227498537816e-16
-22   +1.9037542988286368e-15  +1.8612524519364137e-15
-21   +6.8455389106497727e-15  +6.7334453351601047e-15
-20   +2.4835018903132405e-14  +2.4361494243337114e-14
-19   +8.9631134043743325e-14  +8.7929618465520871e-14
-18   +3.2219348234980039e-13  +3.1631436520396627e-13
-17   +1.1538849529459106e-12  +1.1334850823036975e-12
-16   +4.1140835665346104e-12  +4.0440222525354371e-12
-15   +1.4596035807636043e-11  +1.4357500840981627e-11
-14   +5.1496507547698627e-11  +5.0692098360764915e-11
-13   +1.8054296285799634e-10  +1.7785791082718133e-10
-12   +6.2842464150804608e-10  +6.1955893121250840e-10
-11   +2.1692905020216875e-09  +2.1403292279034233e-09
-10   +7.4161530651430317e-09  +7.3224131375230809e-09
 -9   +2.5065800248635993e-08  +2.4763841032530861e-08
 -8   +8.3570952159614517e-08  +8.2593209159826628e-08
 -7   +2.7403584215073411e-07  +2.7079400372461288e-07
 -6   +8.8029942562514705e-07  +8.6894102930570385e-07
 -5   +2.7537863555855661e-06  +2.7104593554378366e-06
 -4   +8.3329258955354560e-06  +8.1455167532220873e-06
 -3   +2.3831545906325948e-05  +2.2987374080223641e-05
 -2   +6.5933303670608591e-05  +6.1327983108499804e-05
 -1   +9.1188414996689508e-06  +5.1772062442874427e-06
 +0   +1.1318599162142277e-02  +0.0000000000000000e+00
 +1   +9.1188414996689508e-06  -5.1772062442874427e-06
 +2   +6.5933303670608591e-05  -6.1327983108499804e-05
 +3   +2.3831545906325948e-05  -2.2987374080223641e-05
 +4   +8.3329258955354560e-06  -8.1455167532220873e-06
 +5   +2.7537863555855661e-06  -2.7104593554378366e-06
 +6   +8.8029942562514705e-07  -8.6894102930570385e-07
 +7   +2.7403584215073411e-07  -2.7079400372461288e-07
 +8   +8.3570952159614517e-08  -8.2593209159826628e-08
 +9   +2.5065800248635993e-08  -2.4763841032530861e-08
+10   +7.4161530651430317e-09  -7.3224131375230809e-09
+11   +2.1692905020216875e-09  -2.1403292279034233e-09
+12   +6.2842464150804608e-10  -6.1955893121250840e-10
+13   +1.8054296285799634e-10  -1.7785791082718133e-10
+14   +5.1496507547698627e-11  -5.0692098360764915e-11
+15   +1.4596035807636043e-11  -1.4357500840981627e-11
+16   +4.1140835665346104e-12  -4.0440222525354371e-12
+17   +1.1538849529459106e-12  -1.1334850823036975e-12
+18   +3.2219348234980039e-13  -3.1631436520396627e-13
+19   +8.9631134043743325e-14  -8.7929618465520871e-14
+20   +2.4835018903132405e-14  -2.4361494243337114e-14
+21   +6.8455389106497727e-15  -6.7334453351601047e-15
+22   +1.9037542988286368e-15  -1.8612524519364137e-15
+23   +5.4022221503190432e-16  -5.1809227498537816e-16
+24   +1.4275399377443006e-16  -1.4851453201502591e-16
+25   +3.5346894654404816e-17  -4.5783836365735609e-17
+26   +1.4078127781597545e-17  -1.8950779422674137e-17
+27   -5.6754203494122395e-19  -1.1989805034516626e-17
+28   -1.3622764329313740e-17  -9.2572621973642094e-18
+29   +5.1686709887015716e-18  -7.9665648880555922e-18
+30   +7.9424512821666387e-18  -7.0039399037801832e-18

