-30   -8.0089063838017101e-17  -1.7186650791885579e-16
-29   -7.4768987075423243e-17  -1.7953152080407626e-16
-28   -4.5383474654329700e-17  -1.8625743345132879e-16
-27   -6.4383841513459793e-17  -1.9445168666339467e-16
-26   -8.3967715003418779e-17  -2.0089119258009665e-16
-25   -1.0781111748727988e-16  -2.0955760406744235e-16
-24   -2.3635651825927487e-16  -2.1919412784313814e-16
-23   -7.1280158393167967e-16  -2.3005530891185823e-16
-22   -2.3335569800492164e-15  -2.3940020636311666e-16
-21   -8.2058073028446888e-15  -2.5006603487945916e-16
-20   -2.9661473376159339e-14  -2.5236102368732716e-16
-19   -1.0707192116100967e-13  -2.2061292922879078e-16
-18   -3.8548259480366803e-13  -6.2682459562165696e-17
-17   -1.3835030616184899e-12  +6.2148430773329290e-16
-16   -4.9449760391313770e-12  +3.4291531490045407e-15
-15   -1.7592852438775102e-11  +1.4783152017820884e-14
-14   -6.2264643561077952e-11  +6.0663843370667160e-14
-13   -2.1907124440444305e-10  +2.4656251130686729e-13
-12   -7.6562125635193768e-10  +1.0025221575752206e-12
-11   -2.6551974797580179e-09  +4.0911309850667007e-12
-10   -9.1264315876088034e-09  +1.6783617842564353e-11
 -9   -3.1042411637812272e-08  +6.9320727997748046e-11
 -8   -1.0428058568401575e-07  +2.8879516804880720e-10
 -7   -3.4507173669369770e-07  +1.2167269430844560e-09
 -6   -1.1209743826940960e-06  +5.2055390717809699e-09
 -5   -3.5560436129998561e-06  +2.2746603659095862e-08
 -4   -1.0955796744855507e-05  +1.0289321662083733e-07
 -3   -3.2038814127579981e-05  +4.8586453911285707e-07
 -2   -9.1267221508020401e-05  +2.6568599609036939e-06
 -1   -1.6320246546865822e-05  +1.4208681200515824e-06
 +0   +1.0538401289622118e-08  +0.0000000000000000e+00
 +1   -1.6320246546865822e-05  -1.4208681200515824e-06
 +2   -9.1267221508020401e-05  -2.6568599609036939e-06
 +3   -3.2038814127579981e-05  -4.8586453911285707e-07
 +4   -1.0955796744855507e-05  -1.0289321662083733e-07
 +5   -3.5560436129998561e-06  -2.2746603659095862e-08
 +6   -1.1209743826940960e-06  -5.2055390717809699e-09
 +7   -3.4507173669369770e-07  -1.2167269430844560e-09
 +8   -1.0428058568401575e-07  -2.8879516804880720e-10
 +9   -3.1042411637812272e-08  -6.9320727997748046e-11
+10   -9.1264315876088034e-09  -1.6783617842564353e-11
+11   -2.6551974797580179e-09  -4.0911309850667007e-12
+12   -7.6562125635193768e-10  -1.0025221575752206e-12
+13   -2.1907124440444305e-10  -2.4656251130686729e-13
+14   -6.2264643561077952e-11  -6.0663843370667160e-14
+15   -1.7592852438775102e-11  -1.4783152017820884e-14
+16   -4.9449760391313770e-12  -3.4291531490045407e-15
+17   -1.3835030616184899e-12  -6.2148430773329290e-16
+18   -3.8548259480366803e-13  +6.2682459562165696e-17
+19   -1.0707192116100967e-13  +2.2061292922879078e-16
+20   -2.9661473376159339e-14  +2.5236102368732716e-16
+21   -8.2058073028446888e-15  +2.5006603487945916e-16
+22   -2.3335569800492164e-15  +2.3940020636311666e-16
+23   -7.1280158393167967e-16  +2.3005530891185823e-16
+24   -2.3635651825927487e-16  +2.1919412784313814e-16
+25   -1.0781111748727988e-16  +2.0955760406744235e-16
+26   -8.3967715003418779e-17  +2.0089119258009665e-16
+27   -6.4383841513459793e-17  +1.9445168666339467e-16
+28   -4.5383474654329700e-17  +1.8625743345132879e-16
+29   -7.4768987075423243e-17  +1.7953152080407626e-16
+30   -8.0089063838017101e-17  +1.7186650791885579e-16

