-30   -9.5976334792105160e-19  +1.0643454458231817e-17
-29   +2.4349113816685167e-18  +1.1211583900260376e-17
-28   +2.1804459225364863e-17  +1.1637349542071869e-17
-27   +8.6393704516568089e-18  +1.4414950141504568e-17
-26   -6.4227967783709347e-18  +2.2496234069844162e-17
-25   -2.7734432009097390e-17  +5.1003462921832802e-17
-24   -1.3564369720989820e-16  +1.5280166289682840e-16
-23   -5.3226512545658230e-16  +5.2245189751555820e-16
-22   -1.8958338575633522e-15  +1.8673514894543721e-15
-21   -6.8354075035443805e-15  +6.7457317204394710e-15
-20   -2.4819632722383939e-14  +2.4400125936866324e-14
-19   -8.9589101412324965e-14  +8.8068001992000954e-14
-18   -3.2204505560988989e-13  +3.1684802900469384e-13
-17   -1.1533165157917598e-12  +1.1356092682639686e-12
-16   -4.1118134465433552e-12  +4.0525182026655244e-12
-15   -1.4586875565952042e-11  +1.4391599959327191e-11
-14   -5.1459343142894169e-11  +5.0829366366777664e-11
-13   -1.8039145125108514e-10  +1.7841221856988467e-10
-12   -6.2780374658411837e-10  +6.2180525396587162e-10
-11   -2.1667303189981199e-09  +2.1494706403068807e-09
-10   -7.4055161005238112e-09  +7.3598022399071624e-09
 -9   -2.5021182780483889e-08  +2.4917714422240478e-08
 -8   -8.3381483214285719e-08  +8.3231415061323355e-08
 -7   -2.7321797512662329e-07  +2.7346759302103122e-07
 -6   -8.7668764932492712e-07  +8.8029373448839909e-07
 -5   -2.7373041194200515e-06  +2.7595447425125726e-06
 -4   -8.2536163504354540e-06  +8.3641157928637870e-06
 -3   -2.3418283978565691e-05  +2.3991311371165642e-05
 -2   -6.3267364618589745e-05  +6.6535745070619973e-05
 -1   -7.5815069613471686e-06  +8.1824916401041641e-06
 +0   +1.1318606161521446e-02  +0.0000000000000000e+00
 +1   -7.5815069613471686e-06  -8.1824916401041641e-06
 +2   -6.3267364618589745e-05  -6.6535745070619973e-05
 +3   -2.3418283978565691e-05  -2.3991311371165642e-05
 +4   -8.2536163504354540e-06  -8.3641157928637870e-06
 +5   -2.7373041194200515e-06  -2.7595447425125726e-06
 +6   -8.7668764932492712e-07  -8.8029373448839909e-07
 +7   -2.7321797512662329e-07  -2.7346759302103122e-07
 +8   -8.3381483214285719e-08  -8.3231415061323355e-08
 +9   -2.5021182780483889e-08  -2.4917714422240478e-08
+10   -7.4055161005238112e-09  -7.3598022399071624e-09
+11   -2.1667303189981199e-09  -2.1494706403068807e-09
+12   -6.2780374658411837e-10  -6.2180525396587162e-10
+13   -1.8039145125108514e-10  -1.7841221856988467e-10
+14   -5.1459343142894169e-11  -5.0829366366777664e-11
+15   -1.4586875565952042e-11  -1.4391599959327191e-11
+16   -4.1118134465433552e-12  -4.0525182026655244e-12
+17   -1.1533165157917598e-12  -1.1356092682639686e-12
+18   -3.2204505560988989e-13  -3.1684802900469384e-13
+19   -8.9589101412324965e-14  -8.8068001992000954e-14
+20   -2.4819632722383939e-14  -2.4400125936866324e-14
+21   -6.8354075035443805e-15  -6.7457317204394710e-15
+22   -1.8958338575633522e-15  -1.8673514894543721e-15
+23   -5.3226512545658230e-16  -5.2245189751555820e-16
+24   -1.3564369720989820e-16  -1.5280166289682840e-16
+25   -2.7734432009097390e-17  -5.1003462921832802e-17
+26   -6.4227967783709347e-18  -2.2496234069844162e-17
+27   +8.6393704516568089e-18  -1.4414950141504568e-17
+28   +2.1804459225364863e-17  -1.1637349542071869e-17
+29   +2.4349113816685167e-18  -1.1211583900260376e-17
+30   -9.5976334792105160e-19  -1.0643454458231817e-17

