-30   +6.9075761930169813e-18  -4.5753972847375671e-19
-29   +1.7636252755064638e-18  -1.0566319931447500e-18
-28   -2.2670937041688800e-17  -4.0286484514236281e-19
-27   -4.2031826970290930e-18  -8.7067339870737314e-19
-26   +1.8407360950982425e-17  -1.5745708730484807e-18
-25   +5.5502900359826814e-17  -1.9872970625966549e-18
-24   +2.3167078432063125e-16  -1.3515773786990650e-18
-23   +8.8182849047777316e-16  -1.2400718131289456e-18
-22   +3.1391722384506879e-15  -2.3894739791328817e-18
-21   +1.1315548947466244e-14  -5.6099744006494420e-18
-20   +4.1009720304003939e-14  -1.6739008508582150e-17
-19   +1.4786985929507915e-13  -6.0071238566690944e-17
-18   +5.3100849264420009e-13  -2.3563464190237017e-16
-17   +1.8994633367148937e-12  -9.4094604174605423e-16
-16   +6.7634722626974499e-12  -3.7676751021136059e-15
-15   +2.3960342991296930e-11  -1.5141808725990182e-14
-14   +8.4395581782429058e-11  -6.1051793801371736e-14
-13   +2.9533427037163917e-10  -2.4698255356243020e-13
-12   +1.0258097801008218e-09  -1.0029764212992416e-12
-11   +3.5324569450032388e-09  -4.0916231916323246e-12
-10   +1.2042531914190628e-08  -1.6784161327764457e-11
 -9   +4.0569067166696126e-08  -6.9321331522432268e-11
 -8   +1.3473624337258984e-07  -2.8879584444573856e-10
 -7   +4.3976979668046797e-07  -1.2167277335313985e-09
 -6   +1.4048129657735473e-06  -5.2055385907626836e-09
 -5   +4.3650547655234334e-06  -2.2746606170114956e-08
 -4   +1.3101165621087176e-05  -1.0289276388177540e-07
 -3   +3.7170301601060517e-05  -4.8586503734033084e-07
 -2   +1.0237501461507522e-04  -2.6565537095657124e-06
 -1   +1.0952313393801993e-05  -1.4208697678911779e-06
 +0   +7.3165656265263959e-09  +0.0000000000000000e+00
 +1   +1.0952313393801993e-05  +1.4208697678911779e-06
 +2   +1.0237501461507522e-04  +2.6565537095657124e-06
 +3   +3.7170301601060517e-05  +4.8586503734033084e-07
 +4   +1.3101165621087176e-05  +1.0289276388177540e-07
 +5   +4.3650547655234334e-06  +2.2746606170114956e-08
 +6   +1.4048129657735473e-06  +5.2055385907626836e-09
 +7   +4.3976979668046797e-07  +1.2167277335313985e-09
 +8   +1.3473624337258984e-07  +2.8879584444573856e-10
 +9   +4.0569067166696126e-08  +6.9321331522432268e-11
+10   +1.2042531914190628e-08  +1.6784161327764457e-11
+11   +3.5324569450032388e-09  +4.0916231916323246e-12
+12   +1.0258097801008218e-09  +1.0029764212992416e-12
+13   +2.9533427037163917e-10  +2.4698255356243020e-13
+14   +8.4395581782429058e-11  +6.1051793801371736e-14
+15   +2.3960342991296930e-11  +1.5141808725990182e-14
+16   +6.7634722626974499e-12  +3.7676751021136059e-15
+17   +1.8994633367148937e-12  +9.4094604174605423e-16
+18   +5.3100849264420009e-13  +2.3563464190237017e-16
+19   +1.4786985929507915e-13  +6.0071238566690944e-17
+20   +4.1009720304003939e-14  +1.6739008508582150e-17
+21   +1.1315548947466244e-14  +5.6099744006494420e-18
+22   +3.1391722384506879e-15  +2.3894739791328817e-18
+23   +8.8182849047777316e-16  +1.2400718131289456e-18
+24   +2.3167078432063125e-16  +1.3515773786990650e-18
+25   +5.5502900359826814e-17  +1.9872970625966549e-18
+26   +1.8407360950982425e-17  +1.5745708730484807e-18
+27   -4.2031826970290930e-18  +8.7067339870737314e-19
+28   -2.2670937041688800e-17  +4.0286484514236281e-19
+29   +1.7636252755064638e-18  +1.0566319931447500e-18
+30   +6.9075761930169813e-18  +4.5753972847375671e-19

