-30   -4.1947159486048265e-18  -5.1603694513449720e-19
-29   -1.9122983029000878e-18  -1.3785443180341104e-19
-28   +1.5943390196189753e-17  +2.4257491242579013e-19
-27   +6.5774011319674265e-18  -5.4458542947829615e-19
-26   -3.2355146737861681e-18  -2.3137767134604144e-19
-25   +9.0489105137472020e-19  +6.3607239299462997e-19
-24   -1.3516885057132176e-17  -1.3650912741139603e-19
-23   -7.4472929697480368e-17  -5.6717414534983231e-19
-22   -2.3596064013513313e-16  -1.8348489019958657e-19
-21   -8.4290751840600633e-16  -3.8465350402897094e-19
-20   -3.2502142922878394e-15  -3.1858085674803224e-19
-19   -1.2312785516691622e-14  -1.0971540985107388e-19
-18   -4.6463708599524241e-14  -9.5355287044214281e-20
-17   -1.7538956793264481e-13  -2.9436911383879465e-19
-16   -6.6092409292331781e-13  -1.7329970767984589e-19
-15   -2.4863167837074904e-12  -3.0158282460017238e-19
-14   -9.3349842758494183e-12  -1.9461614538757725e-19
-13   -3.4971111976402397e-11  -1.5238039399891078e-19
-12   -1.3067729059662106e-10  +1.1685073176094256e-19
-11   -4.8686823589412133e-10  +3.3092201350598804e-19
-10   -1.8076883732268665e-09  -1.0002715651192896e-19
 -9   -6.6842495546347242e-09  -1.5058110433276039e-18
 -8   -2.4594405566622143e-08  +1.8058718050866544e-18
 -7   -8.9940203388890275e-08  -3.5862029314678586e-18
 -6   -3.2643690937649975e-07  +6.9752754526759381e-16
 -5   -1.1722179068839874e-06  -7.0997787772200788e-16
 -4   -4.1617384833368746e-06  +2.2705474834433365e-13
 -3   -1.4277436073408412e-05  -2.4820419022086824e-13
 -2   -4.9730955147503882e-05  +1.5312702873463839e-10
 -1   -1.9118023413024702e-05  -8.2118188466696812e-13
 +0   -2.4499957099400118e-09  +0.0000000000000000e+00
 +1   -1.9118023413024702e-05  +8.2118188466696812e-13
 +2   -4.9730955147503882e-05  -1.5312702873463839e-10
 +3   -1.4277436073408412e-05  +2.4820419022086824e-13
 +4   -4.1617384833368746e-06  -2.2705474834433365e-13
 +5   -1.1722179068839874e-06  +7.0997787772200788e-16
 +6   -3.2643690937649975e-07  -6.9752754526759381e-16
 +7   -8.9940203388890275e-08  +3.5862029314678586e-18
 +8   -2.4594405566622143e-08  -1.8058718050866544e-18
 +9   -6.6842495546347242e-09  +1.5058110433276039e-18
+10   -1.8076883732268665e-09  +1.0002715651192896e-19
+11   -4.8686823589412133e-10  -3.3092201350598804e-19
+12   -1.3067729059662106e-10  -1.1685073176094256e-19
+13   -3.4971111976402397e-11  +1.5238039399891078e-19
+14   -9.3349842758494183e-12  +1.9461614538757725e-19
+15   -2.4863167837074904e-12  +3.0158282460017238e-19
+16   -6.6092409292331781e-13  +1.7329970767984589e-19
+17   -1.7538956793264481e-13  +2.9436911383879465e-19
+18   -4.6463708599524241e-14  +9.5355287044214281e-20
+19   -1.2312785516691622e-14  +1.0971540985107388e-19
+20   -3.2502142922878394e-15  +3.1858085674803224e-19
+21   -8.4290751840600633e-16  +3.8465350402897094e-19
+22   -2.3596064013513313e-16  +1.8348489019958657e-19
+23   -7.4472929697480368e-17  +5.6717414534983231e-19
+24   -1.3516885057132176e-17  +1.3650912741139603e-19
+25   +9.0489105137472020e-19  -6.3607239299462997e-19
+26   -3.2355146737861681e-18  +2.3137767134604144e-19
+27   +6.5774011319674265e-18  +5.4458542947829615e-19
+28   +1.5943390196189753e-17  -2.4257491242579013e-19
+29   -1.9122983029000878e-18  +1.3785443180341104e-19
+30   -4.1947159486048265e-18  +5.1603694513449720e-19

