-30   +9.5685799827447133e-19  -8.6861520390260610e-18
-29   -1.7081572898700010e-18  -8.7966186268751226e-18
-28   -2.0639468595485551e-17  -8.4334898277213349e-18
-27   -8.4792432983437085e-18  -7.1640187946470261e-18
-26   +7.0375080989546939e-18  -2.1693172841363622e-19
-25   +2.8640851761591004e-17  +2.5899387304069682e-17
-24   +1.3637221956813662e-16  +1.2761607609769032e-16
-23   +5.3251516206509478e-16  +4.9653787207818233e-16
-22   +1.8968264058139766e-15  +1.8397505820860179e-15
-21   +6.8357254208606137e-15  +6.7168548745726908e-15
-20   +2.4819933185303690e-14  +2.4368645602538007e-14
-19   +8.9588224776055349e-14  +8.8034350468012751e-14
-18   +3.2204629992921367e-13  +3.1681343706726161e-13
-17   +1.1533174519028061e-12  +1.1355730024953536e-12
-16   +4.1118136800269932e-12  +4.0524790199042010e-12
-15   +1.4586876062650661e-11  +1.4391558213556150e-11
-14   +5.1459343731487937e-11  +5.0829321362210205e-11
-13   +1.8039145103868194e-10  +1.7841217058684433e-10
-12   +6.2780374612581926e-10  +6.2180520112829055e-10
-11   +2.1667303202050455e-09  +2.1494705824868525e-09
-10   +7.4055161007199225e-09  +7.3598021779991075e-09
 -9   +2.5021182778571398e-08  +2.4917714352543335e-08
 -8   +8.3381483215687877e-08  +8.3231414982496788e-08
 -7   +2.7321797512608945e-07  +2.7346759293234820e-07
 -6   +8.7668764932531168e-07  +8.8029373438351354e-07
 -5   +2.7373041194195632e-06  +2.7595447423890362e-06
 -4   +8.2536163504367212e-06  +8.3641157927091849e-06
 -3   +2.3418283978571586e-05  +2.3991311370964685e-05
 -2   +6.3267364618603135e-05  +6.6535745070314147e-05
 -1   +7.5815069613563920e-06  +8.1824916394582591e-06
 +0   -1.1318606161523507e-02  +0.0000000000000000e+00
 +1   +7.5815069613563920e-06  -8.1824916394582591e-06
 +2   +6.3267364618603135e-05  -6.6535745070314147e-05
 +3   +2.3418283978571586e-05  -2.3991311370964685e-05
 +4   +8.2536163504367212e-06  -8.3641157927091849e-06
 +5   +2.7373041194195632e-06  -2.7595447423890362e-06
 +6   +8.7668764932531168e-07  -8.8029373438351354e-07
 +7   +2.7321797512608945e-07  -2.7346759293234820e-07
 +8   +8.3381483215687877e-08  -8.3231414982496788e-08
 +9   +2.5021182778571398e-08  -2.4917714352543335e-08
+10   +7.4055161007199225e-09  -7.3598021779991075e-09
+11   +2.1667303202050455e-09  -2.1494705824868525e-09
+12   +6.2780374612581926e-10  -6.2180520112829055e-10
+13   +1.8039145103868194e-10  -1.7841217058684433e-10
+14   +5.1459343731487937e-11  -5.0829321362210205e-11
+15   +1.4586876062650661e-11  -1.4391558213556150e-11
+16   +4.1118136800269932e-12  -4.0524790199042010e-12
+17   +1.1533174519028061e-12  -1.1355730024953536e-12
+18   +3.2204629992921367e-13  -3.1681343706726161e-13
+19   +8.9588224776055349e-14  -8.8034350468012751e-14
+20   +2.4819933185303690e-14  -2.4368645602538007e-14
+21   +6.8357254208606137e-15  -6.7168548745726908e-15
+22   +1.8968264058139766e-15  -1.8397505820860179e-15
+23   +5.3251516206509478e-16  -4.9653787207818233e-16
+24   +1.3637221956813662e-16  -1.2761607609769032e-16
+25   +2.8640851761591004e-17  -2.5899387304069682e-17
+26   +7.0375080989546939e-18  +2.1693172841363622e-19
+27   -8.4792432983437085e-18  +7.1640187946470261e-18
+28   -2.0639468595485551e-17  +8.4334898277213349e-18
+29   -1.7081572898700010e-18  +8.7966186268751226e-18
+30   +9.5685799827447133e-19  +8.6861520390260610e-18

