-30   -7.9211734587738227e-17  -1.7178664476185573e-16
-29   -7.4851701423630751e-17  -1.7889247174218960e-16
-28   -4.6433166898541230e-17  -1.8682008604864957e-16
-27   -6.4762665919019471e-17  -1.9390629632388965e-16
-26   -8.4250856690863774e-17  -2.0088383978833646e-16
-25   -1.0772394886345184e-16  -2.0927089179054446e-16
-24   -2.3666395865913033e-16  -2.1994429195928024e-16
-23   -7.1303021470399891e-16  -2.3026929942726206e-16
-22   -2.3332060677159043e-15  -2.4162752450825463e-16
-21   -8.2054632321056812e-15  -2.5752666916230010e-16
-20   -2.9660967679119517e-14  -2.8228399602123388e-16
-19   -1.0707223262213744e-13  -3.3806032336956523e-16
-18   -3.8548213995737075e-13  -5.3096501054562771e-16
-17   -1.3835030323138840e-12  -1.2552028732133849e-15
-16   -4.9449755955959104e-12  -4.0998037235053273e-15
-15   -1.7592852862256572e-11  -1.5497645831056559e-14
-14   -6.2264643396209444e-11  -6.1435946007496248e-14
-13   -2.1907124490921932e-10  -2.4739437748164611e-13
-12   -7.6562125561642026e-10  -1.0034222926734988e-12
-11   -2.6551974802579174e-09  -4.0921130801842589e-12
-10   -9.1264315868013758e-09  -1.6784702475535480e-11
 -9   -3.1042411636840328e-08  -6.9321934207736024e-11
 -8   -1.0428058568436518e-07  -2.8879652535783999e-10
 -7   -3.4507173669268163e-07  -1.2167284963414740e-09
 -6   -1.1209743826936276e-06  -5.2055408859748380e-09
 -5   -3.5560436130008348e-06  -2.2746605840613577e-08
 -4   -1.0955796744855583e-05  -1.0289321934149504e-07
 -3   -3.2038814127581601e-05  -4.8586454275488751e-07
 -2   -9.1267221508020644e-05  -2.6568599663374441e-06
 -1   -1.6320246546866747e-05  -1.4208681309427558e-06
 +0   +1.0538401303311469e-08  +0.0000000000000000e+00
 +1   -1.6320246546866747e-05  +1.4208681309427558e-06
 +2   -9.1267221508020644e-05  +2.6568599663374441e-06
 +3   -3.2038814127581601e-05  +4.8586454275488751e-07
 +4   -1.0955796744855583e-05  +1.0289321934149504e-07
 +5   -3.5560436130008348e-06  +2.2746605840613577e-08
 +6   -1.1209743826936276e-06  +5.2055408859748380e-09
 +7   -3.4507173669268163e-07  +1.2167284963414740e-09
 +8   -1.0428058568436518e-07  +2.8879652535783999e-10
 +9   -3.1042411636840328e-08  +6.9321934207736024e-11
+10   -9.1264315868013758e-09  +1.6784702475535480e-11
+11   -2.6551974802579174e-09  +4.0921130801842589e-12
+12   -7.6562125561642026e-10  +1.0034222926734988e-12
+13   -2.1907124490921932e-10  +2.4739437748164611e-13
+14   -6.2264643396209444e-11  +6.1435946007496248e-14
+15   -1.7592852862256572e-11  +1.5497645831056559e-14
+16   -4.9449755955959104e-12  +4.0998037235053273e-15
+17   -1.3835030323138840e-12  +1.2552028732133849e-15
+18   -3.8548213995737075e-13  +5.3096501054562771e-16
+19   -1.0707223262213744e-13  +3.3806032336956523e-16
+20   -2.9660967679119517e-14  +2.8228399602123388e-16
+21   -8.2054632321056812e-15  +2.5752666916230010e-16
+22   -2.3332060677159043e-15  +2.4162752450825463e-16
+23   -7.1303021470399891e-16  +2.3026929942726206e-16
+24   -2.3666395865913033e-16  +2.1994429195928024e-16
+25   -1.0772394886345184e-16  +2.0927089179054446e-16
+26   -8.4250856690863774e-17  +2.0088383978833646e-16
+27   -6.4762665919019471e-17  +1.9390629632388965e-16
+28   -4.6433166898541230e-17  +1.8682008604864957e-16
+29   -7.4851701423630751e-17  +1.7889247174218960e-16
+30   -7.9211734587738227e-17  +1.7178664476185573e-16

