-30   -4.1999773545910945e-18  -6.6338460817852666e-19
-29   -2.0410602288800708e-18  -2.1775422486185270e-19
-28   +1.5955377078777583e-17  +8.9268581288727258e-20
-27   +6.5537794213093333e-18  -6.0152796828670225e-19
-26   -3.3046507423113098e-18  -2.1542988971768210e-19
-25   +1.0203400308307116e-18  +1.4023095113786065e-19
-24   -1.3626670118486054e-17  -4.0725575122789934e-19
-23   -7.4531034509674616e-17  -5.6838326144779258e-19
-22   -2.3603831737932538e-16  +2.3867531310208344e-19
-21   -8.4268052797646363e-16  -3.2257862383313250e-19
-20   -3.2503146452991606e-15  -2.8612168181361010e-19
-19   -1.2312713282914914e-14  +1.7887620261690553e-19
-18   -4.6463697986889260e-14  +7.6961043776601560e-20
-17   -1.7538945293728219e-13  -4.0989275367185858e-19
-16   -6.6092405288771497e-13  -1.0391272483675765e-20
-15   -2.4863164787585421e-12  -3.3009174442936407e-19
-14   -9.3349842615537130e-12  -4.8260409516943301e-19
-13   -3.4971112301780476e-11  -1.4510051572209024e-19
-12   -1.3067729049311698e-10  -2.0057240436028414e-19
-11   -4.8686823580782613e-10  +1.5772226392540905e-19
-10   -1.8076883730225425e-09  -2.9664464496656385e-19
 -9   -6.6842495546318704e-09  -1.5527430661151306e-18
 -8   -2.4594405566875210e-08  -4.2678581659333808e-18
 -7   -8.9940203388771426e-08  +2.4680608318991966e-18
 -6   -3.2643690937648482e-07  -6.9590737600784157e-16
 -5   -1.1722179068840768e-06  +7.0887768074403508e-16
 -4   -4.1617384833369356e-06  -2.2705614881265806e-13
 -3   -1.4277436073408278e-05  +2.4819938835440820e-13
 -2   -4.9730955147503861e-05  -1.5312703548545433e-10
 -1   -1.9118023413024441e-05  +8.2117099827300066e-13
 +0   -2.4499957098654447e-09  +0.0000000000000000e+00
 +1   -1.9118023413024441e-05  -8.2117099827300066e-13
 +2   -4.9730955147503861e-05  +1.5312703548545433e-10
 +3   -1.4277436073408278e-05  -2.4819938835440820e-13
 +4   -4.1617384833369356e-06  +2.2705614881265806e-13
 +5   -1.1722179068840768e-06  -7.0887768074403508e-16
 +6   -3.2643690937648482e-07  +6.9590737600784157e-16
 +7   -8.9940203388771426e-08  -2.4680608318991966e-18
 +8   -2.4594405566875210e-08  +4.2678581659333808e-18
 +9   -6.6842495546318704e-09  +1.5527430661151306e-18
+10   -1.8076883730225425e-09  +2.9664464496656385e-19
+11   -4.8686823580782613e-10  -1.5772226392540905e-19
+12   -1.3067729049311698e-10  +2.0057240436028414e-19
+13   -3.4971112301780476e-11  +1.4510051572209024e-19
+14   -9.3349842615537130e-12  +4.8260409516943301e-19
+15   -2.4863164787585421e-12  +3.3009174442936407e-19
+16   -6.6092405288771497e-13  +1.0391272483675765e-20
+17   -1.7538945293728219e-13  +4.0989275367185858e-19
+18   -4.6463697986889260e-14  -7.6961043776601560e-20
+19   -1.2312713282914914e-14  -1.7887620261690553e-19
+20   -3.2503146452991606e-15  +2.8612168181361010e-19
+21   -8.4268052797646363e-16  +3.2257862383313250e-19
+22   -2.3603831737932538e-16  -2.3867531310208344e-19
+23   -7.4531034509674616e-17  +5.6838326144779258e-19
+24   -1.3626670118486054e-17  +4.0725575122789934e-19
+25   +1.0203400308307116e-18  -1.4023095113786065e-19
+26   -3.3046507423113098e-18  +2.1542988971768210e-19
+27   +6.5537794213093333e-18  +6.0152796828670225e-19
+28   +1.5955377078777583e-17  -8.9268581288727258e-20
+29   -2.0410602288800708e-18  +2.1775422486185270e-19
+30   -4.1999773545910945e-18  +6.6338460817852666e-19

