-30   -8.7689248953197677e-18  -1.0197798332454852e-17
-29   -5.7287751741708372e-18  -9.8170875462484781e-18
-28   +1.2329185197048219e-17  -1.0455852019027697e-17
-27   -1.6951295389061308e-19  -8.8175602109253849e-18
-26   -1.5681770885173178e-17  -1.1467651094208168e-18
-25   -3.6409199781002388e-17  +2.6298044995813609e-17
-24   -1.4372469218197032e-16  +1.2575965898544474e-16
-23   -5.4101552264725852e-16  +4.9455901895223650e-16
-22   -1.9044012653441565e-15  +1.8365333250156400e-15
-21   -6.8465007995393796e-15  +6.7074214819931101e-15
-20   -2.4835212020989877e-14  +2.4335077521696609e-14
-19   -8.9632146084557102e-14  +8.7901454349357187e-14
-18   -3.2219499419052110e-13  +3.1628347440761143e-13
-17   -1.1538859158946433e-12  +1.1334534494939009e-12
-16   -4.1140843251230131e-12  +4.0439891739689431e-12
-15   -1.4596036338362727e-11  +1.4357464214049371e-11
-14   -5.1496508281470903e-11  +5.0692059238228069e-11
-13   -1.8054296385039323e-10  +1.7785787096244281e-10
-12   -6.2842464284625815e-10  +6.1955888765627906e-10
-11   -2.1692905037426529e-09  +2.1403291769883391e-09
-10   -7.4161530666367892e-09  +7.3224130802919962e-09
 -9   -2.5065800249719540e-08  +2.4763840967648581e-08
 -8   -8.3570952161486976e-08  +8.2593209090071612e-08
 -7   -2.7403584215210011e-07  +2.7079400364878469e-07
 -6   -8.8029942562698056e-07  +8.6894102921186732e-07
 -5   -2.7537863555874711e-06  +2.7104593553213387e-06
 -4   -8.3329258955365148e-06  +8.1455167530844817e-06
 -3   -2.3831545906326572e-05  +2.2987374080026346e-05
 -2   -6.5933303670596366e-05  +6.1327983108212613e-05
 -1   -9.1188414996608548e-06  +5.1772062437534782e-06
 +0   -1.1318599162140282e-02  +0.0000000000000000e+00
 +1   -9.1188414996608548e-06  -5.1772062437534782e-06
 +2   -6.5933303670596366e-05  -6.1327983108212613e-05
 +3   -2.3831545906326572e-05  -2.2987374080026346e-05
 +4   -8.3329258955365148e-06  -8.1455167530844817e-06
 +5   -2.7537863555874711e-06  -2.7104593553213387e-06
 +6   -8.8029942562698056e-07  -8.6894102921186732e-07
 +7   -2.7403584215210011e-07  -2.7079400364878469e-07
 +8   -8.3570952161486976e-08  -8.2593209090071612e-08
 +9   -2.5065800249719540e-08  -2.4763840967648581e-08
+10   -7.4161530666367892e-09  -7.3224130802919962e-09
+11   -2.1692905037426529e-09  -2.1403291769883391e-09
+12   -6.2842464284625815e-10  -6.1955888765627906e-10
+13   -1.8054296385039323e-10  -1.7785787096244281e-10
+14   -5.1496508281470903e-11  -5.0692059238228069e-11
+15   -1.4596036338362727e-11  -1.4357464214049371e-11
+16   -4.1140843251230131e-12  -4.0439891739689431e-12
+17   -1.1538859158946433e-12  -1.1334534494939009e-12
+18   -3.2219499419052110e-13  -3.1628347440761143e-13
+19   -8.9632146084557102e-14  -8.7901454349357187e-14
+20   -2.4835212020989877e-14  -2.4335077521696609e-14
+21   -6.8465007995393796e-15  -6.7074214819931101e-15
+22   -1.9044012653441565e-15  -1.8365333250156400e-15
+23   -5.4101552264725852e-16  -4.9455901895223650e-16
+24   -1.4372469218197032e-16  -1.2575965898544474e-16
+25   -3.6409199781002388e-17  -2.6298044995813609e-17
+26   -1.5681770885173178e-17  +1.1467651094208168e-18
+27   -1.6951295389061308e-19  +8.8175602109253849e-18
+28   +1.2329185197048219e-17  +1.0455852019027697e-17
+29   -5.7287751741708372e-18  +9.8170875462484781e-18
+30   -8.7689248953197677e-18  +1.0197798332454852e-17

