-30   +5.7855629830578969e-18  -1.0868700579210741e-18
-29   +1.3677307078835884e-18  -2.3453185024435918e-18
-28   -2.2556695337930229e-17  -1.3263351414565982e-18
-27   -4.9224235793945508e-18  -1.5657406694401679e-18
-26   +1.8861463304888514e-17  -2.7184707202008419e-18
-25   +5.5315537404730218e-17  -2.8139019555799969e-18
-24   +2.3113788692973465e-16  -2.3390122153787139e-18
-23   +8.8171942359435958e-16  -1.1413434069060737e-18
-22   +3.1387999103636365e-15  -1.1502701715522200e-18
-21   +1.1314903356263823e-14  +8.8988908387308597e-19
-20   +4.1009437467982228e-14  +1.1188458587605606e-17
-19   +1.4786982078189266e-13  +5.6318678499852687e-17
-18   +5.3100782084241529e-13  +2.3291803295837695e-16
-17   +1.8994629444777210e-12  +9.3461816288261423e-16
-16   +6.7634718917938323e-12  +3.7612795837714544e-15
-15   +2.3960343223621524e-11  +1.5136812853646125e-14
-14   +8.4395581624545689e-11  +6.1046573311833542e-14
-13   +2.9533426979784187e-10  +2.4697288493919020e-13
-12   +1.0258097805642191e-09  +1.0029662555262466e-12
-11   +3.5324569442496793e-09  +4.0916184404174529e-12
-10   +1.2042531913844714e-08  +1.6784156907144742e-11
 -9   +4.0569067166247979e-08  +6.9321328267245115e-11
 -8   +1.3473624337217347e-07  +2.8879583588601138e-10
 -7   +4.3976979668044277e-07  +1.2167277141380423e-09
 -6   +1.4048129657737466e-06  +5.2055385777790135e-09
 -5   +4.3650547655237332e-06  +2.2746606162464792e-08
 -4   +1.3101165621086443e-05  +1.0289276385575751e-07
 -3   +3.7170301601059785e-05  +4.8586503732736001e-07
 -2   +1.0237501461507519e-04  +2.6565537095365494e-06
 -1   +1.0952313393803041e-05  +1.4208697677897599e-06
 +0   +7.3165657237510685e-09  +0.0000000000000000e+00
 +1   +1.0952313393803041e-05  -1.4208697677897599e-06
 +2   +1.0237501461507519e-04  -2.6565537095365494e-06
 +3   +3.7170301601059785e-05  -4.8586503732736001e-07
 +4   +1.3101165621086443e-05  -1.0289276385575751e-07
 +5   +4.3650547655237332e-06  -2.2746606162464792e-08
 +6   +1.4048129657737466e-06  -5.2055385777790135e-09
 +7   +4.3976979668044277e-07  -1.2167277141380423e-09
 +8   +1.3473624337217347e-07  -2.8879583588601138e-10
 +9   +4.0569067166247979e-08  -6.9321328267245115e-11
+10   +1.2042531913844714e-08  -1.6784156907144742e-11
+11   +3.5324569442496793e-09  -4.0916184404174529e-12
+12   +1.0258097805642191e-09  -1.0029662555262466e-12
+13   +2.9533426979784187e-10  -2.4697288493919020e-13
+14   +8.4395581624545689e-11  -6.1046573311833542e-14
+15   +2.3960343223621524e-11  -1.5136812853646125e-14
+16   +6.7634718917938323e-12  -3.7612795837714544e-15
+17   +1.8994629444777210e-12  -9.3461816288261423e-16
+18   +5.3100782084241529e-13  -2.3291803295837695e-16
+19   +1.4786982078189266e-13  -5.6318678499852687e-17
+20   +4.1009437467982228e-14  -1.1188458587605606e-17
+21   +1.1314903356263823e-14  -8.8988908387308597e-19
+22   +3.1387999103636365e-15  +1.1502701715522200e-18
+23   +8.8171942359435958e-16  +1.1413434069060737e-18
+24   +2.3113788692973465e-16  +2.3390122153787139e-18
+25   +5.5315537404730218e-17  +2.8139019555799969e-18
+26   +1.8861463304888514e-17  +2.7184707202008419e-18
+27   -4.9224235793945508e-18  +1.5657406694401679e-18
+28   -2.2556695337930229e-17  +1.3263351414565982e-18
+29   +1.3677307078835884e-18  +2.3453185024435918e-18
+30   +5.7855629830578969e-18  +1.0868700579210741e-18

