-30   +5.5552794855930086e-18  +2.4610084361105315e-18
-29   +4.0331176303993506e-18  +1.7065521425521930e-18
-28   -1.6516467509346491e-17  +1.4418714850093837e-18
-27   -6.3537228530993737e-18  -3.2308885576041488e-19
-26   +8.1782807364478970e-18  -8.6898108042564436e-18
-25   +1.9651904704593924e-17  -3.5495707539426683e-17
-24   +9.6796927053127086e-17  -1.3538733787390422e-16
-23   +3.8111703679378461e-16  -4.9456372939981738e-16
-22   +1.3348638955882984e-15  -1.8070982778925207e-15
-21   +4.8013187418811468e-15  -6.5635377918378887e-15
-20   +1.7546212812766766e-14  -2.3749725168892736e-14
-19   +6.3706858901886004e-14  -8.5646350589968669e-14
-18   +2.3049425334749168e-13  -3.0769031482773254e-13
-17   +8.3148168140219363e-13  -1.1008343139553386e-12
-16   +2.9883800504833347e-12  -3.9203667131319457e-12
-15   +1.0696965640168584e-11  -1.3889265152795731e-11
-14   +3.8117653653760836e-11  -4.8919763894438962e-11
-13   +1.3514447176411170e-10  -1.7115183373864808e-10
-12   +4.7642730372340458e-10  -5.9419190337539112e-10
-11   +1.6687242399510330e-09  -2.0443853362113326e-09
-10   +5.8016415573446305e-09  -6.9594816616773668e-09
 -9   +1.9997942168611122e-08  -2.3390197075713191e-08
 -8   +6.8241440932872249e-08  -7.7387629277817842e-08
 -7   +2.3009117290780122e-07  -2.5101960517780569e-07
 -6   +7.6468849183560841e-07  -7.9348608762002911e-07
 -5   +2.4950335158784913e-06  -2.4203106891772447e-06
 -4   +7.9649554610483691e-06  -7.0113833956853440e-06
 -3   +2.4356265197131293e-05  -1.8466565515393444e-05
 -2   +7.3301728632411278e-05  -4.1400620346440297e-05
 -1   +1.3713269304082426e-05  +1.5551215424870765e-06
 +0   -1.1615665946194155e-08  +0.0000000000000000e+00
 +1   +1.3713269304082426e-05  -1.5551215424870765e-06
 +2   +7.3301728632411278e-05  +4.1400620346440297e-05
 +3   +2.4356265197131293e-05  +1.8466565515393444e-05
 +4   +7.9649554610483691e-06  +7.0113833956853440e-06
 +5   +2.4950335158784913e-06  +2.4203106891772447e-06
 +6   +7.6468849183560841e-07  +7.9348608762002911e-07
 +7   +2.3009117290780122e-07  +2.5101960517780569e-07
 +8   +6.8241440932872249e-08  +7.7387629277817842e-08
 +9   +1.9997942168611122e-08  +2.3390197075713191e-08
+10   +5.8016415573446305e-09  +6.9594816616773668e-09
+11   +1.6687242399510330e-09  +2.0443853362113326e-09
+12   +4.7642730372340458e-10  +5.9419190337539112e-10
+13   +1.3514447176411170e-10  +1.7115183373864808e-10
+14   +3.8117653653760836e-11  +4.8919763894438962e-11
+15   +1.0696965640168584e-11  +1.3889265152795731e-11
+16   +2.9883800504833347e-12  +3.9203667131319457e-12
+17   +8.3148168140219363e-13  +1.1008343139553386e-12
+18   +2.3049425334749168e-13  +3.0769031482773254e-13
+19   +6.3706858901886004e-14  +8.5646350589968669e-14
+20   +1.7546212812766766e-14  +2.3749725168892736e-14
+21   +4.8013187418811468e-15  +6.5635377918378887e-15
+22   +1.3348638955882984e-15  +1.8070982778925207e-15
+23   +3.8111703679378461e-16  +4.9456372939981738e-16
+24   +9.6796927053127086e-17  +1.3538733787390422e-16
+25   +1.9651904704593924e-17  +3.5495707539426683e-17
+26   +8.1782807364478970e-18  +8.6898108042564436e-18
+27   -6.3537228530993737e-18  +3.2308885576041488e-19
+28   -1.6516467509346491e-17  -1.4418714850093837e-18
+29   +4.0331176303993506e-18  -1.7065521425521930e-18
+30   +5.5552794855930086e-18  -2.4610084361105315e-18

