-30   -1.4408126220222828e-17  -3.6267877543907119e-17
-29   -1.4038402653106386e-17  -3.7718123562669267e-17
-28   -1.6729957877092104e-17  -3.9634539999137620e-17
-27   -1.6163662488475954e-17  -4.4741521114526037e-17
-26   -1.7510014142082782e-17  -5.7018956436846787e-17
-25   -2.3012710774514822e-17  -9.8583715577737815e-17
-24   -4.4694789412512609e-17  -2.4210776205829534e-16
-23   -1.2073365149993216e-16  -7.6486710537707322e-16
-22   -4.0136796909512608e-16  -2.6628322840851082e-15
-21   -1.4045913678741618e-15  -9.5431369550213707e-15
-20   -4.9631312574444469e-15  -3.4429071387175704e-14
-19   -1.7548051534720301e-14  -1.2415737685427387e-13
-18   -6.1802222731668240e-14  -4.4649351253045998e-13
-17   -2.1627877632664605e-13  -1.5997071270834785e-12
-16   -7.5112376016359078e-13  -5.7066164883350632e-12
-15   -2.5851362425152117e-12  -2.0257252337588257e-11
-14   -8.8020806213237262e-12  -7.1510106199002805e-11
-13   -2.9583379160391945e-11  -2.5084727791305340e-10
-12   -9.7849501659171628e-11  -8.7358544063912537e-10
-11   -3.1715255400926835e-10  -3.0168871152886711e-09
-10   -1.0010112291919131e-09  -1.0316802999503059e-08
 -9   -3.0461185675472576e-09  -3.4870543452060000e-08
 -8   -8.7842593661669674e-09  -1.1620923560213804e-07
 -7   -2.3197632161323770e-08  -3.8057684395255570e-07
 -6   -5.1446106272282516e-08  -1.2191331587563027e-06
 -5   -6.5456556157426863e-08  -3.7923526910942141e-06
 -4   +2.0354799826237138e-07  -1.1341275560591117e-05
 -3   +2.2537017920382447e-06  -3.1690162455954210e-05
 -2   +1.3864088756784635e-05  -8.2330858070378714e-05
 -1   +5.9981750108651791e-06  -4.9128409030384202e-06
 +0   -4.1980661423108918e-02  +0.0000000000000000e+00
 +1   +5.9981750108651791e-06  +4.9128409030384202e-06
 +2   +1.3864088756784635e-05  +8.2330858070378714e-05
 +3   +2.2537017920382447e-06  +3.1690162455954210e-05
 +4   +2.0354799826237138e-07  +1.1341275560591117e-05
 +5   -6.5456556157426863e-08  +3.7923526910942141e-06
 +6   -5.1446106272282516e-08  +1.2191331587563027e-06
 +7   -2.3197632161323770e-08  +3.8057684395255570e-07
 +8   -8.7842593661669674e-09  +1.1620923560213804e-07
 +9   -3.0461185675472576e-09  +3.4870543452060000e-08
+10   -1.0010112291919131e-09  +1.0316802999503059e-08
+11   -3.1715255400926835e-10  +3.0168871152886711e-09
+12   -9.7849501659171628e-11  +8.7358544063912537e-10
+13   -2.9583379160391945e-11  +2.5084727791305340e-10
+14   -8.8020806213237262e-12  +7.1510106199002805e-11
+15   -2.5851362425152117e-12  +2.0257252337588257e-11
+16   -7.5112376016359078e-13  +5.7066164883350632e-12
+17   -2.1627877632664605e-13  +1.5997071270834785e-12
+18   -6.1802222731668240e-14  +4.4649351253045998e-13
+19   -1.7548051534720301e-14  +1.2415737685427387e-13
+20   -4.9631312574444469e-15  +3.4429071387175704e-14
+21   -1.4045913678741618e-15  +9.5431369550213707e-15
+22   -4.0136796909512608e-16  +2.6628322840851082e-15
+23   -1.2073365149993216e-16  +7.6486710537707322e-16
+24   -4.4694789412512609e-17  +2.4210776205829534e-16
+25   -2.3012710774514822e-17  +9.8583715577737815e-17
+26   -1.7510014142082782e-17  +5.7018956436846787e-17
+27   -1.6163662488475954e-17  +4.4741521114526037e-17
+28   -1.6729957877092104e-17  +3.9634539999137620e-17
+29   -1.4038402653106386e-17  +3.7718123562669267e-17
+30   -1.4408126220222828e-17  +3.6267877543907119e-17

