-30   +1.5130076032681381e-17  +3.5506243548996505e-17
-29   +1.4788614931198786e-17  +3.5627902700700526e-17
-28   +1.2567577500632631e-17  +3.5748413701790982e-17
-27   +1.3282872065224117e-17  +3.5932528828708196e-17
-26   +1.2280679281444710e-17  +2.6084121274047473e-17
-25   +4.9493924373044258e-18  -1.1358488468870264e-17
-24   -1.6594358460541678e-17  -1.5257767494246044e-16
-23   -9.2640027350431018e-17  -6.7172209269565724e-16
-22   -3.7274194666186059e-16  -2.5652645789159976e-15
-21   -1.3741978113104925e-15  -9.4436328244565666e-15
-20   -4.9291019142925551e-15  -3.4336815245839465e-14
-19   -1.7509451688643325e-14  -1.2411139886716125e-13
-18   -6.1734600630777860e-14  -4.4665173990152440e-13
-17   -2.1609728365025928e-13  -1.6006978985418460e-12
-16   -7.5048353450769804e-13  -5.7109606274018272e-12
-15   -2.5826388564419491e-12  -2.0275068914196277e-11
-14   -8.7920318107590505e-12  -7.1582094243401211e-11
-13   -2.9542494113360464e-11  -2.5113762063256825e-10
-12   -9.7682040058181888e-11  -8.7475865048641309e-10
-11   -3.1646212337309767e-10  -3.0216433202597246e-09
-10   -9.9814269574936477e-10  -1.0336165500540315e-08
 -9   -3.0340861834889814e-09  -3.4949773724393425e-08
 -8   -8.7331626808701696e-09  -1.1653551053935528e-07
 -7   -2.2977061843523128e-08  -3.8193118954845071e-07
 -6   -5.0472025771606855e-08  -1.2248143502310277e-06
 -5   -6.1011296256154772e-08  -3.8164957585918116e-06
 -4   +2.2493715719984457e-07  -1.1446075392281987e-05
 -3   +2.3651360587261217e-06  -3.2149165062717489e-05
 -2   +1.4582674211245415e-05  -8.4495052531813816e-05
 -1   +6.4127695078243099e-06  -6.5807567130398780e-06
 +0   +4.1980645154933785e-02  +0.0000000000000000e+00
 +1   +6.4127695078243099e-06  +6.5807567130398780e-06
 +2   +1.4582674211245415e-05  +8.4495052531813816e-05
 +3   +2.3651360587261217e-06  +3.2149165062717489e-05
 +4   +2.2493715719984457e-07  +1.1446075392281987e-05
 +5   -6.1011296256154772e-08  +3.8164957585918116e-06
 +6   -5.0472025771606855e-08  +1.2248143502310277e-06
 +7   -2.2977061843523128e-08  +3.8193118954845071e-07
 +8   -8.7331626808701696e-09  +1.1653551053935528e-07
 +9   -3.0340861834889814e-09  +3.4949773724393425e-08
+10   -9.9814269574936477e-10  +1.0336165500540315e-08
+11   -3.1646212337309767e-10  +3.0216433202597246e-09
+12   -9.7682040058181888e-11  +8.7475865048641309e-10
+13   -2.9542494113360464e-11  +2.5113762063256825e-10
+14   -8.7920318107590505e-12  +7.1582094243401211e-11
+15   -2.5826388564419491e-12  +2.0275068914196277e-11
+16   -7.5048353450769804e-13  +5.7109606274018272e-12
+17   -2.1609728365025928e-13  +1.6006978985418460e-12
+18   -6.1734600630777860e-14  +4.4665173990152440e-13
+19   -1.7509451688643325e-14  +1.2411139886716125e-13
+20   -4.9291019142925551e-15  +3.4336815245839465e-14
+21   -1.3741978113104925e-15  +9.4436328244565666e-15
+22   -3.7274194666186059e-16  +2.5652645789159976e-15
+23   -9.2640027350431018e-17  +6.7172209269565724e-16
+24   -1.6594358460541678e-17  +1.5257767494246044e-16
+25   +4.9493924373044258e-18  +1.1358488468870264e-17
+26   +1.2280679281444710e-17  -2.6084121274047473e-17
+27   +1.3282872065224117e-17  -3.5932528828708196e-17
+28   +1.2567577500632631e-17  -3.5748413701790982e-17
+29   +1.4788614931198786e-17  -3.5627902700700526e-17
+30   +1.5130076032681381e-17  -3.5506243548996505e-17

