-30   -4.9996185873507061e-18  -2.3473169588351361e-19
-29   +6.7259225341552642e-19  -4.2974164799183031e-19
-28   +1.4542430876103533e-17  +1.7053646776099712e-19
-27   +2.6748412450725149e-18  -4.0881882382210628e-18
-26   -1.4869244591714517e-17  -1.1110452211162974e-17
-25   -4.5380849353043910e-17  -3.8710967846680606e-17
-24   -1.8556818185961259e-16  -1.4040438156210372e-16
-23   -7.0093603386934108e-16  -5.1578566359959434e-16
-22   -2.5019136467942162e-15  -1.8810416564102387e-15
-21   -9.0171663081193047e-15  -6.8363022099948060e-15
-20   -3.2621169568213956e-14  -2.4783825514196472e-14
-19   -1.1742046995277651e-13  -8.9576372789817742e-14
-18   -4.2089999379910375e-13  -3.2261992587494272e-13
-17   -1.5025119677060809e-12  -1.1575536721235545e-12
-16   -5.3377349757009497e-12  -4.1356582558628510e-12
-15   -1.8860303664584815e-11  -1.4705857329615825e-11
-14   -6.6234468801625638e-11  -5.2014457391514850e-11
-13   -2.3098886835206582e-10  -1.8287006507485399e-10
-12   -7.9912223913722268e-10  -6.3852574744360613e-10
-11   -2.7389481079658690e-09  -2.2119772032160174e-09
-10   -9.2850997130347407e-09  -7.5925584380591660e-09
 -9   -3.1066930231665424e-08  -2.5780394191273933e-08
 -8   -1.0230682254295977e-07  -8.6410822909122204e-08
 -7   -3.3033329294087832e-07  -2.8510409157182463e-07
 -6   -1.0403091803757223e-06  -9.2251545730372697e-07
 -5   -3.1699219448390932e-06  -2.9110350780666350e-06
 -4   -9.2460054519019330e-06  -8.9005190342737542e-06
 -3   -2.5083447934039145e-05  -2.5849494594065013e-05
 -2   -6.3489101935896683e-05  -7.3153507040073836e-05
 -1   -3.1830098769437117e-06  -7.6001985072800963e-06
 +0   -1.3400480800571096e-08  +0.0000000000000000e+00
 +1   -3.1830098769437117e-06  +7.6001985072800963e-06
 +2   -6.3489101935896683e-05  +7.3153507040073836e-05
 +3   -2.5083447934039145e-05  +2.5849494594065013e-05
 +4   -9.2460054519019330e-06  +8.9005190342737542e-06
 +5   -3.1699219448390932e-06  +2.9110350780666350e-06
 +6   -1.0403091803757223e-06  +9.2251545730372697e-07
 +7   -3.3033329294087832e-07  +2.8510409157182463e-07
 +8   -1.0230682254295977e-07  +8.6410822909122204e-08
 +9   -3.1066930231665424e-08  +2.5780394191273933e-08
+10   -9.2850997130347407e-09  +7.5925584380591660e-09
+11   -2.7389481079658690e-09  +2.2119772032160174e-09
+12   -7.9912223913722268e-10  +6.3852574744360613e-10
+13   -2.3098886835206582e-10  +1.8287006507485399e-10
+14   -6.6234468801625638e-11  +5.2014457391514850e-11
+15   -1.8860303664584815e-11  +1.4705857329615825e-11
+16   -5.3377349757009497e-12  +4.1356582558628510e-12
+17   -1.5025119677060809e-12  +1.1575536721235545e-12
+18   -4.2089999379910375e-13  +3.2261992587494272e-13
+19   -1.1742046995277651e-13  +8.9576372789817742e-14
+20   -3.2621169568213956e-14  +2.4783825514196472e-14
+21   -9.0171663081193047e-15  +6.8363022099948060e-15
+22   -2.5019136467942162e-15  +1.8810416564102387e-15
+23   -7.0093603386934108e-16  +5.1578566359959434e-16
+24   -1.8556818185961259e-16  +1.4040438156210372e-16
+25   -4.5380849353043910e-17  +3.8710967846680606e-17
+26   -1.4869244591714517e-17  +1.1110452211162974e-17
+27   +2.6748412450725149e-18  +4.0881882382210628e-18
+28   +1.4542430876103533e-17  -1.7053646776099712e-19
+29   +6.7259225341552642e-19  +4.2974164799183031e-19
+30   -4.9996185873507061e-18  +2.3473169588351361e-19

