-30   -5.4522284004978133e-18  -3.8297276474299076e-19
-29   -1.1205350003640086e-18  +5.3934852116410560e-19
-28   +1.6457883444380096e-17  -6.1825057265295616e-19
-27   +3.7795219357911741e-18  -2.4931349070599678e-19
-26   -2.2197446862958280e-18  -1.1220673106009471e-20
-25   +2.7208381573004420e-18  +7.7571513273079736e-19
-24   -1.3042754900747794e-17  +3.1442964175364973e-19
-23   -7.5413432346373998e-17  +5.4750544665098161e-19
-22   -2.3620548648243665e-16  +3.9140431026622996e-18
-21   -8.4178357546876234e-16  +1.3075125382379016e-17
-20   -3.2500209384511400e-15  +5.2211017743299751e-17
-19   -1.2309875150722278e-14  +2.0977716581724461e-16
-18   -4.6446594866698247e-14  +8.3324394521410650e-16
-17   -1.7532500864613778e-13  +3.3265437168734909e-15
-16   -6.6065538700495310e-13  +1.3315698119592511e-14
-15   -2.4851715006781262e-12  +5.3415149157661239e-14
-14   -9.3300560759652609e-12  +2.1481269466605596e-13
-13   -3.4949710355555560e-11  +8.6639258438548212e-13
-12   -1.3058345237773301e-10  +3.5062433020731833e-12
-11   -4.8645229141710926e-10  +1.4246818153976988e-11
-10   -1.8058202255838385e-09  +5.8170086017318327e-11
 -9   -6.6757238213450650e-09  +2.3892670364048785e-10
 -8   -2.4554713783605140e-08  +9.8873753624921718e-10
 -7   -8.9750670674064467e-08  +4.1311673123018146e-09
 -6   -3.2550083982202676e-07  +1.7488397862403583e-08
 -5   -1.1673787727928160e-06  +7.5340485321019529e-08
 -4   -4.1349006796795682e-06  +3.3427004535981864e-07
 -3   -1.4113796337978756e-05  +1.5286247678575374e-06
 -2   -4.8448688173651623e-05  +7.9852941105454837e-06
 -1   -1.7146532807661233e-05  +6.1388293584312579e-06
 +0   -2.5884651709036477e-09  +0.0000000000000000e+00
 +1   -1.7146532807661233e-05  -6.1388293584312579e-06
 +2   -4.8448688173651623e-05  -7.9852941105454837e-06
 +3   -1.4113796337978756e-05  -1.5286247678575374e-06
 +4   -4.1349006796795682e-06  -3.3427004535981864e-07
 +5   -1.1673787727928160e-06  -7.5340485321019529e-08
 +6   -3.2550083982202676e-07  -1.7488397862403583e-08
 +7   -8.9750670674064467e-08  -4.1311673123018146e-09
 +8   -2.4554713783605140e-08  -9.8873753624921718e-10
 +9   -6.6757238213450650e-09  -2.3892670364048785e-10
+10   -1.8058202255838385e-09  -5.8170086017318327e-11
+11   -4.8645229141710926e-10  -1.4246818153976988e-11
+12   -1.3058345237773301e-10  -3.5062433020731833e-12
+13   -3.4949710355555560e-11  -8.6639258438548212e-13
+14   -9.3300560759652609e-12  -2.1481269466605596e-13
+15   -2.4851715006781262e-12  -5.3415149157661239e-14
+16   -6.6065538700495310e-13  -1.3315698119592511e-14
+17   -1.7532500864613778e-13  -3.3265437168734909e-15
+18   -4.6446594866698247e-14  -8.3324394521410650e-16
+19   -1.2309875150722278e-14  -2.0977716581724461e-16
+20   -3.2500209384511400e-15  -5.2211017743299751e-17
+21   -8.4178357546876234e-16  -1.3075125382379016e-17
+22   -2.3620548648243665e-16  -3.9140431026622996e-18
+23   -7.5413432346373998e-17  -5.4750544665098161e-19
+24   -1.3042754900747794e-17  -3.1442964175364973e-19
+25   +2.7208381573004420e-18  -7.7571513273079736e-19
+26   -2.2197446862958280e-18  +1.1220673106009471e-20
+27   +3.7795219357911741e-18  +2.4931349070599678e-19
+28   +1.6457883444380096e-17  +6.1825057265295616e-19
+29   -1.1205350003640086e-18  -5.3934852116410560e-19
+30   -5.4522284004978133e-18  +3.8297276474299076e-19

