-30   +8.1042743478534979e-20  +0.0000000000000000e+00
-29   -6.4120830714489583e-20  +0.0000000000000000e+00
-28   +6.8535987046228667e-20  +0.0000000000000000e+00
-27   -8.7496412545801265e-20  +0.0000000000000000e+00
-26   +6.8433864170276135e-20  +0.0000000000000000e+00
-25   -9.3829377756250540e-20  +0.0000000000000000e+00
-24   +9.4498594119614721e-20  +0.0000000000000000e+00
-23   -5.2219092353478641e-20  +0.0000000000000000e+00
-22   +3.1665962161912323e-19  +0.0000000000000000e+00
-21   +4.4605574631047194e-19  +0.0000000000000000e+00
-20   +2.6441254906725051e-18  +0.0000000000000000e+00
-19   +1.0558247098386307e-17  +0.0000000000000000e+00
-18   +4.5142366086191120e-17  +0.0000000000000000e+00
-17   +1.9073159453636781e-16  +0.0000000000000000e+00
-16   +8.1419112350934025e-16  +0.0000000000000000e+00
-15   +3.4925463942751522e-15  +0.0000000000000000e+00
-14   +1.5095607475249737e-14  +0.0000000000000000e+00
-13   +6.5794374727728071e-14  +0.0000000000000000e+00
-12   +2.8959491737673048e-13  +0.0000000000000000e+00
-11   +1.2895062851938401e-12  +0.0000000000000000e+00
-10   +5.8222892855456592e-12  +0.0000000000000000e+00
 -9   +2.6738274028553039e-11  +0.0000000000000000e+00
 -8   +1.2542323569814708e-10  +0.0000000000000000e+00
 -7   +6.0449025139661643e-10  +0.0000000000000000e+00
 -6   +3.0207528307411918e-09  +0.0000000000000000e+00
 -5   +1.5854459680748536e-08  +0.0000000000000000e+00
 -4   +8.9785909210079148e-08  +0.0000000000000000e+00
 -3   +5.6223395914295771e-07  +0.0000000000000000e+00
 -2   +4.6020305179595611e-06  +0.0000000000000000e+00
 -1   +2.8229149185713680e-06  +0.0000000000000000e+00
 +0   +1.9627627235795818e-04  +0.0000000000000000e+00
 +1   +2.8229149185713680e-06  +0.0000000000000000e+00
 +2   +4.6020305179595611e-06  +0.0000000000000000e+00
 +3   +5.6223395914295771e-07  +0.0000000000000000e+00
 +4   +8.9785909210079148e-08  +0.0000000000000000e+00
 +5   +1.5854459680748536e-08  +0.0000000000000000e+00
 +6   +3.0207528307411918e-09  +0.0000000000000000e+00
 +7   +6.0449025139661643e-10  +0.0000000000000000e+00
 +8   +1.2542323569814708e-10  +0.0000000000000000e+00
 +9   +2.6738274028553039e-11  +0.0000000000000000e+00
+10   +5.8222892855456592e-12  +0.0000000000000000e+00
+11   +1.2895062851938401e-12  +0.0000000000000000e+00
+12   +2.8959491737673048e-13  +0.0000000000000000e+00
+13   +6.5794374727728071e-14  +0.0000000000000000e+00
+14   +1.5095607475249737e-14  +0.0000000000000000e+00
+15   +3.4925463942751522e-15  +0.0000000000000000e+00
+16   +8.1419112350934025e-16  +0.0000000000000000e+00
+17   +1.9073159453636781e-16  +0.0000000000000000e+00
+18   +4.5142366086191120e-17  +0.0000000000000000e+00
+19   +1.0558247098386307e-17  +0.0000000000000000e+00
+20   +2.6441254906725051e-18  +0.0000000000000000e+00
+21   +4.4605574631047194e-19  +0.0000000000000000e+00
+22   +3.1665962161912323e-19  +0.0000000000000000e+00
+23   -5.2219092353478641e-20  +0.0000000000000000e+00
+24   +9.4498594119614721e-20  +0.0000000000000000e+00
+25   -9.3829377756250540e-20  +0.0000000000000000e+00
+26   +6.8433864170276135e-20  +0.0000000000000000e+00
+27   -8.7496412545801265e-20  +0.0000000000000000e+00
+28   +6.8535987046228667e-20  +0.0000000000000000e+00
+29   -6.4120830714489583e-20  +0.0000000000000000e+00
+30   +8.1042743478534979e-20  +0.0000000000000000e+00

