-30   +0.0000000000000000e+00  +4.4733504768729565e-19
-29   +0.0000000000000000e+00  -4.6402362873197722e-19
-28   +0.0000000000000000e+00  +4.8266890196145346e-19
-27   +0.0000000000000000e+00  -5.0201356756006915e-19
-26   +0.0000000000000000e+00  +5.2203123338100082e-19
-25   +0.0000000000000000e+00  -5.4789301774507548e-19
-24   +0.0000000000000000e+00  +5.6176978212284824e-19
-23   +0.0000000000000000e+00  -6.2967102872671211e-19
-22   +0.0000000000000000e+00  +4.8478234973433466e-19
-21   +0.0000000000000000e+00  -1.2339701130683897e-18
-20   +0.0000000000000000e+00  -1.7199313540346793e-18
-19   +0.0000000000000000e+00  -1.0828006829576551e-17
-18   +0.0000000000000000e+00  -4.1705816357274026e-17
-17   +0.0000000000000000e+00  -1.8032283211894259e-16
-16   +0.0000000000000000e+00  -7.6168543602506133e-16
-15   +0.0000000000000000e+00  -3.2595837288676309e-15
-14   +0.0000000000000000e+00  -1.4018572197086716e-14
-13   +0.0000000000000000e+00  -6.0786453467498738e-14
-12   +0.0000000000000000e+00  -2.6593385243657067e-13
-11   +0.0000000000000000e+00  -1.1758523747080762e-12
-10   +0.0000000000000000e+00  -5.2652402509617958e-12
 -9   +0.0000000000000000e+00  -2.3941219628306683e-11
 -8   +0.0000000000000000e+00  -1.1095310020306668e-10
 -7   +0.0000000000000000e+00  -5.2678511777399904e-10
 -6   +0.0000000000000000e+00  -2.5824044082297215e-09
 -5   +0.0000000000000000e+00  -1.3220219709697775e-08
 -4   +0.0000000000000000e+00  -7.2305375808698269e-08
 -3   +0.0000000000000000e+00  -4.3301084018417716e-07
 -2   +0.0000000000000000e+00  -3.2829588014236009e-06
 -1   +0.0000000000000000e+00  -1.1181826774792333e-06
 +0   +0.0000000000000000e+00  +0.0000000000000000e+00
 +1   +0.0000000000000000e+00  +1.1181826774792333e-06
 +2   +0.0000000000000000e+00  +3.2829588014236009e-06
 +3   +0.0000000000000000e+00  +4.3301084018417716e-07
 +4   +0.0000000000000000e+00  +7.2305375808698269e-08
 +5   +0.0000000000000000e+00  +1.3220219709697775e-08
 +6   +0.0000000000000000e+00  +2.5824044082297215e-09
 +7   +0.0000000000000000e+00  +5.2678511777399904e-10
 +8   +0.0000000000000000e+00  +1.1095310020306668e-10
 +9   +0.0000000000000000e+00  +2.3941219628306683e-11
+10   +0.0000000000000000e+00  +5.2652402509617958e-12
+11   +0.0000000000000000e+00  +1.1758523747080762e-12
+12   +0.0000000000000000e+00  +2.6593385243657067e-13
+13   +0.0000000000000000e+00  +6.0786453467498738e-14
+14   +0.0000000000000000e+00  +1.4018572197086716e-14
+15   +0.0000000000000000e+00  +3.2595837288676309e-15
+16   +0.0000000000000000e+00  +7.6168543602506133e-16
+17   +0.0000000000000000e+00  +1.8032283211894259e-16
+18   +0.0000000000000000e+00  +4.1705816357274026e-17
+19   +0.0000000000000000e+00  +1.0828006829576551e-17
+20   +0.0000000000000000e+00  +1.7199313540346793e-18
+21   +0.0000000000000000e+00  +1.2339701130683897e-18
+22   +0.0000000000000000e+00  -4.8478234973433466e-19
+23   +0.0000000000000000e+00  +6.2967102872671211e-19
+24   +0.0000000000000000e+00  -5.6176978212284824e-19
+25   +0.0000000000000000e+00  +5.4789301774507548e-19
+26   +0.0000000000000000e+00  -5.2203123338100082e-19
+27   +0.0000000000000000e+00  +5.0201356756006915e-19
+28   +0.0000000000000000e+00  -4.8266890196145346e-19
+29   +0.0000000000000000e+00  +4.6402362873197722e-19
+30   +0.0000000000000000e+00  -4.4733504768729565e-19

