-30   -1.7102330019597050e-20  +0.0000000000000000e+00
-29   +8.7666749476832053e-20  +0.0000000000000000e+00
-28   +3.0989020168331424e-21  +0.0000000000000000e+00
-27   +8.0551396601678726e-20  +0.0000000000000000e+00
-26   -2.9957889677623324e-19  +0.0000000000000000e+00
-25   -6.5427433960074139e-19  +0.0000000000000000e+00
-24   -2.4196304340023482e-18  +0.0000000000000000e+00
-23   -9.3389093485401880e-18  +0.0000000000000000e+00
-22   -3.7975013631551957e-17  +0.0000000000000000e+00
-21   -1.4932914795475271e-16  +0.0000000000000000e+00
-20   -5.9384282766806049e-16  +0.0000000000000000e+00
-19   -2.3624498785442152e-15  +0.0000000000000000e+00
-18   -9.4116940238521945e-15  +0.0000000000000000e+00
-17   -3.7551795749951887e-14  +0.0000000000000000e+00
-16   -1.5008997113598486e-13  +0.0000000000000000e+00
-15   -6.0106556997773025e-13  +0.0000000000000000e+00
-14   -2.4124737765968038e-12  +0.0000000000000000e+00
-13   -9.7077322665762721e-12  +0.0000000000000000e+00
-12   -3.9180269483732141e-11  +0.0000000000000000e+00
-11   -1.5868613746466975e-10  +0.0000000000000000e+00
-10   -6.4539685869894337e-10  +0.0000000000000000e+00
 -9   -2.6382641282897569e-09  +0.0000000000000000e+00
 -8   -1.0852957512050476e-08  +0.0000000000000000e+00
 -7   -4.5003442641953874e-08  +0.0000000000000000e+00
 -6   -1.8861845147737612e-07  +0.0000000000000000e+00
 -5   -8.0170158017221037e-07  +0.0000000000000000e+00
 -4   -3.4873828973194305e-06  +0.0000000000000000e+00
 -3   -1.5504547029195771e-05  +0.0000000000000000e+00
 -2   -7.6606991488161678e-05  +0.0000000000000000e+00
 -1   -1.1007066842755147e-05  +0.0000000000000000e+00
 +0   +1.9627627968359302e-04  +0.0000000000000000e+00
 +1   -1.1007066842755147e-05  +0.0000000000000000e+00
 +2   -7.6606991488161678e-05  +0.0000000000000000e+00
 +3   -1.5504547029195771e-05  +0.0000000000000000e+00
 +4   -3.4873828973194305e-06  +0.0000000000000000e+00
 +5   -8.0170158017221037e-07  +0.0000000000000000e+00
 +6   -1.8861845147737612e-07  +0.0000000000000000e+00
 +7   -4.5003442641953874e-08  +0.0000000000000000e+00
 +8   -1.0852957512050476e-08  +0.0000000000000000e+00
 +9   -2.6382641282897569e-09  +0.0000000000000000e+00
+10   -6.4539685869894337e-10  +0.0000000000000000e+00
+11   -1.5868613746466975e-10  +0.0000000000000000e+00
+12   -3.9180269483732141e-11  +0.0000000000000000e+00
+13   -9.7077322665762721e-12  +0.0000000000000000e+00
+14   -2.4124737765968038e-12  +0.0000000000000000e+00
+15   -6.0106556997773025e-13  +0.0000000000000000e+00
+16   -1.5008997113598486e-13  +0.0000000000000000e+00
+17   -3.7551795749951887e-14  +0.0000000000000000e+00
+18   -9.4116940238521945e-15  +0.0000000000000000e+00
+19   -2.3624498785442152e-15  +0.0000000000000000e+00
+20   -5.9384282766806049e-16  +0.0000000000000000e+00
+21   -1.4932914795475271e-16  +0.0000000000000000e+00
+22   -3.7975013631551957e-17  +0.0000000000000000e+00
+23   -9.3389093485401880e-18  +0.0000000000000000e+00
+24   -2.4196304340023482e-18  +0.0000000000000000e+00
+25   -6.5427433960074139e-19  +0.0000000000000000e+00
+26   -2.9957889677623324e-19  +0.0000000000000000e+00
+27   +8.0551396601678726e-20  +0.0000000000000000e+00
+28   +3.0989020168331424e-21  +0.0000000000000000e+00
+29   +8.7666749476832053e-20  +0.0000000000000000e+00
+30   -1.7102330019597050e-20  +0.0000000000000000e+00

