-30   +0.0000000000000000e+00  -2.0039513352053939e-17
-29   +0.0000000000000000e+00  +1.4970258919437492e-17
-28   +0.0000000000000000e+00  -1.6190412047950966e-17
-27   +0.0000000000000000e+00  +2.1726541976779827e-17
-26   +0.0000000000000000e+00  -1.5373936698563968e-17
-25   +0.0000000000000000e+00  +2.1772887769823834e-17
-24   +0.0000000000000000e+00  -2.1629870097019172e-17
-23   +0.0000000000000000e+00  +8.8387829133194616e-18
-22   +0.0000000000000000e+00  -7.9854830198279300e-17
-21   +0.0000000000000000e+00  -1.2021493115501652e-16
-20   +0.0000000000000000e+00  -6.4656357310198079e-16
-19   +0.0000000000000000e+00  -2.4758491736713550e-15
-18   +0.0000000000000000e+00  -1.0003523461054205e-14
-17   +0.0000000000000000e+00  -3.9928559179923074e-14
-16   +0.0000000000000000e+00  -1.6035563923389061e-13
-15   +0.0000000000000000e+00  -6.4469673489853778e-13
-14   +0.0000000000000000e+00  -2.5998686045994129e-12
-13   +0.0000000000000000e+00  -1.0518129300452507e-11
-12   +0.0000000000000000e+00  -4.2715510107695990e-11
-11   +0.0000000000000000e+00  -1.7426268981103575e-10
-10   +0.0000000000000000e+00  -7.1485104335412210e-10
 -9   +0.0000000000000000e+00  -2.9524138016692010e-09
 -8   +0.0000000000000000e+00  -1.2299191470913581e-08
 -7   +0.0000000000000000e+00  -5.1808692863878697e-08
 -6   +0.0000000000000000e+00  -2.2158646188742847e-07
 -5   +0.0000000000000000e+00  -9.6724073796521405e-07
 -4   +0.0000000000000000e+00  -4.3696790577739099e-06
 -3   +0.0000000000000000e+00  -2.0428568257100068e-05
 -2   +0.0000000000000000e+00  -1.1055532576766741e-04
 -1   +0.0000000000000000e+00  -3.3796382578600872e-05
 +0   +0.0000000000000000e+00  +0.0000000000000000e+00
 +1   +0.0000000000000000e+00  +3.3796382578600872e-05
 +2   +0.0000000000000000e+00  +1.1055532576766741e-04
 +3   +0.0000000000000000e+00  +2.0428568257100068e-05
 +4   +0.0000000000000000e+00  +4.3696790577739099e-06
 +5   +0.0000000000000000e+00  +9.6724073796521405e-07
 +6   +0.0000000000000000e+00  +2.2158646188742847e-07
 +7   +0.0000000000000000e+00  +5.1808692863878697e-08
 +8   +0.0000000000000000e+00  +1.2299191470913581e-08
 +9   +0.0000000000000000e+00  +2.9524138016692010e-09
+10   +0.0000000000000000e+00  +7.1485104335412210e-10
+11   +0.0000000000000000e+00  +1.7426268981103575e-10
+12   +0.0000000000000000e+00  +4.2715510107695990e-11
+13   +0.0000000000000000e+00  +1.0518129300452507e-11
+14   +0.0000000000000000e+00  +2.5998686045994129e-12
+15   +0.0000000000000000e+00  +6.4469673489853778e-13
+16   +0.0000000000000000e+00  +1.6035563923389061e-13
+17   +0.0000000000000000e+00  +3.9928559179923074e-14
+18   +0.0000000000000000e+00  +1.0003523461054205e-14
+19   +0.0000000000000000e+00  +2.4758491736713550e-15
+20   +0.0000000000000000e+00  +6.4656357310198079e-16
+21   +0.0000000000000000e+00  +1.2021493115501652e-16
+22   +0.0000000000000000e+00  +7.9854830198279300e-17
+23   +0.0000000000000000e+00  -8.8387829133194616e-18
+24   +0.0000000000000000e+00  +2.1629870097019172e-17
+25   +0.0000000000000000e+00  -2.1772887769823834e-17
+26   +0.0000000000000000e+00  +1.5373936698563968e-17
+27   +0.0000000000000000e+00  -2.1726541976779827e-17
+28   +0.0000000000000000e+00  +1.6190412047950966e-17
+29   +0.0000000000000000e+00  -1.4970258919437492e-17
+30   +0.0000000000000000e+00  +2.0039513352053939e-17

