-30   -2.2335962370253768e-18  +5.0091537980916472e-18
-29   +6.2655051593479856e-19  -4.5709828913843269e-18
-28   +5.5270855933873536e-19  +4.0612205761843232e-18
-27   +2.5531222647156550e-18  -2.9515973194185286e-18
-26   -1.5091106739510334e-18  +4.2193726755950330e-18
-25   +6.4453571597991540e-20  -4.7721850450686885e-18
-24   -1.2789649395186326e-18  +2.8326078712599454e-18
-23   +8.9574342851021764e-19  -5.1173061318108787e-18
-22   -1.7003178144021574e-18  +1.0201873820193174e-18
-21   -1.8004711903121060e-18  -1.4455799998924203e-17
-20   -1.0358521839084693e-17  -2.1642229532023683e-17
-19   -3.8632894201673727e-17  -1.2089266852286561e-16
-18   -1.6125814671298986e-16  -4.5204860984197960e-16
-17   -6.4127304898804362e-16  -1.8390688370654725e-15
-16   -2.6136062009562692e-15  -7.3843827606611812e-15
-15   -1.0638199512206458e-14  -2.9875610529362412e-14
-14   -4.3531350127452049e-14  -1.2111960267747266e-13
-13   -1.7894941600723126e-13  -4.9320843516589228e-13
-12   -7.4026878449109240e-13  -2.0178118986548562e-12
-11   -3.0854923670667803e-12  -8.3031858436104259e-12
-10   -1.2981469037933971e-11  -3.4409027259392519e-11
 -9   -5.5263529122845943e-11  -1.4385787045047047e-10
 -8   -2.3887202237795523e-10  -6.0828342642579235e-10
 -7   -1.0536236290590547e-09  -2.6107100840295445e-09
 -6   -4.7798239421860571e-09  -1.1437710403730179e-08
 -5   -2.2577860275133527e-08  -5.1604944754663839e-08
 -4   -1.1376253988070059e-07  -2.4402724705685223e-07
 -3   -6.3240381827253238e-07  -1.2395503888828262e-06
 -2   -4.5216932244342283e-06  -7.6463878656894184e-06
 -1   -3.4217732533643104e-06  -3.1051016258181860e-06
 +0   +1.7361621557091730e-01  +0.0000000000000000e+00
 +1   -3.4217732533643104e-06  +3.1051016258181860e-06
 +2   -4.5216932244342283e-06  +7.6463878656894184e-06
 +3   -6.3240381827253238e-07  +1.2395503888828262e-06
 +4   -1.1376253988070059e-07  +2.4402724705685223e-07
 +5   -2.2577860275133527e-08  +5.1604944754663839e-08
 +6   -4.7798239421860571e-09  +1.1437710403730179e-08
 +7   -1.0536236290590547e-09  +2.6107100840295445e-09
 +8   -2.3887202237795523e-10  +6.0828342642579235e-10
 +9   -5.5263529122845943e-11  +1.4385787045047047e-10
+10   -1.2981469037933971e-11  +3.4409027259392519e-11
+11   -3.0854923670667803e-12  +8.3031858436104259e-12
+12   -7.4026878449109240e-13  +2.0178118986548562e-12
+13   -1.7894941600723126e-13  +4.9320843516589228e-13
+14   -4.3531350127452049e-14  +1.2111960267747266e-13
+15   -1.0638199512206458e-14  +2.9875610529362412e-14
+16   -2.6136062009562692e-15  +7.3843827606611812e-15
+17   -6.4127304898804362e-16  +1.8390688370654725e-15
+18   -1.6125814671298986e-16  +4.5204860984197960e-16
+19   -3.8632894201673727e-17  +1.2089266852286561e-16
+20   -1.0358521839084693e-17  +2.1642229532023683e-17
+21   -1.8004711903121060e-18  +1.4455799998924203e-17
+22   -1.7003178144021574e-18  -1.0201873820193174e-18
+23   +8.9574342851021764e-19  +5.1173061318108787e-18
+24   -1.2789649395186326e-18  -2.8326078712599454e-18
+25   +6.4453571597991540e-20  +4.7721850450686885e-18
+26   -1.5091106739510334e-18  -4.2193726755950330e-18
+27   +2.5531222647156550e-18  +2.9515973194185286e-18
+28   +5.5270855933873536e-19  -4.0612205761843232e-18
+29   +6.2655051593479856e-19  +4.5709828913843269e-18
+30   -2.2335962370253768e-18  -5.0091537980916472e-18

