-30   +1.4279609508819308e-16  -3.6260903930267276e-16
-29   -1.4981413164805703e-16  +3.7830209575674280e-16
-28   +1.4811834203275195e-16  -3.8834852098217019e-16
-27   -1.5070660586487974e-16  +4.0473547637730294e-16
-26   +1.5186941141694037e-16  -4.2039128362500541e-16
-25   -1.5057692732485319e-16  +4.3437686874941885e-16
-24   +1.4928373215705041e-16  -4.6098804838320707e-16
-23   -1.4825254691580465e-16  +4.8398301928642460e-16
-22   +1.4853505793853596e-16  -5.0101314998741121e-16
-21   -1.4104885961887339e-16  +5.3865650352150092e-16
-20   +1.7096010689594034e-16  -5.5516363029037819e-16
-19   -5.7549243589669364e-17  +6.3733973319213538e-16
-18   +5.2391083877473711e-16  -4.3877704824985291e-16
-17   +1.3350755857776983e-15  +1.3793810937153125e-15
-16   +6.1663633161030804e-15  +2.1782766194092645e-15
-15   +2.4290035951949538e-14  +1.2354076699769738e-14
-14   +9.9805437166744597e-14  +4.5993404766970578e-14
-13   +4.0797602321735916e-13  +1.9032810978443691e-13
-12   +1.6810072981394694e-12  +7.6878381553555470e-13
-11   +6.9698985282934390e-12  +3.1417488290543492e-12
-10   +2.9147745140291707e-11  +1.2879487470447872e-11
 -9   +1.2318656538982615e-10  +5.3151465945256901e-11
 -8   +5.2776496538275998e-10  +2.2094836968305174e-10
 -7   +2.3022230749855695e-09  +9.2684372631244263e-10
 -6   +1.0296059359423147e-08  +3.9311331058607235e-09
 -5   +4.7709033621333085e-08  +1.6886740777700902e-08
 -4   +2.3390040172570831e-07  +7.3511513861211085e-08
 -3   +1.2447524043813908e-06  +3.1689046597158689e-07
 -2   +8.1998103615424454e-06  +1.2036219490386320e-06
 -1   +5.6192074743089757e-06  -1.4448361928210247e-06
 +0   -4.1983395184893330e-01  +0.0000000000000000e+00
 +1   +5.6192074743089757e-06  +1.4448361928210247e-06
 +2   +8.1998103615424454e-06  -1.2036219490386320e-06
 +3   +1.2447524043813908e-06  -3.1689046597158689e-07
 +4   +2.3390040172570831e-07  -7.3511513861211085e-08
 +5   +4.7709033621333085e-08  -1.6886740777700902e-08
 +6   +1.0296059359423147e-08  -3.9311331058607235e-09
 +7   +2.3022230749855695e-09  -9.2684372631244263e-10
 +8   +5.2776496538275998e-10  -2.2094836968305174e-10
 +9   +1.2318656538982615e-10  -5.3151465945256901e-11
+10   +2.9147745140291707e-11  -1.2879487470447872e-11
+11   +6.9698985282934390e-12  -3.1417488290543492e-12
+12   +1.6810072981394694e-12  -7.6878381553555470e-13
+13   +4.0797602321735916e-13  -1.9032810978443691e-13
+14   +9.9805437166744597e-14  -4.5993404766970578e-14
+15   +2.4290035951949538e-14  -1.2354076699769738e-14
+16   +6.1663633161030804e-15  -2.1782766194092645e-15
+17   +1.3350755857776983e-15  -1.3793810937153125e-15
+18   +5.2391083877473711e-16  +4.3877704824985291e-16
+19   -5.7549243589669364e-17  -6.3733973319213538e-16
+20   +1.7096010689594034e-16  +5.5516363029037819e-16
+21   -1.4104885961887339e-16  -5.3865650352150092e-16
+22   +1.4853505793853596e-16  +5.0101314998741121e-16
+23   -1.4825254691580465e-16  -4.8398301928642460e-16
+24   +1.4928373215705041e-16  +4.6098804838320707e-16
+25   -1.5057692732485319e-16  -4.3437686874941885e-16
+26   +1.5186941141694037e-16  +4.2039128362500541e-16
+27   -1.5070660586487974e-16  -4.0473547637730294e-16
+28   +1.4811834203275195e-16  +3.8834852098217019e-16
+29   -1.4981413164805703e-16  -3.7830209575674280e-16
+30   +1.4279609508819308e-16  +3.6260903930267276e-16

