-30   +3.0465382248358908e-18  -6.0465835175916562e-18
-29   -2.8498444869524990e-18  +7.6754408067544034e-18
-28   +4.1505395239479778e-18  -7.1115512215262269e-18
-27   -3.0627644580212557e-18  +7.8910305332255275e-18
-26   +2.5890698052537515e-18  -7.2183489119235431e-18
-25   -3.0128501395342016e-18  +8.0191758502422365e-18
-24   +1.2990190393651148e-18  -7.8614207888334567e-18
-23   -2.9227126077111808e-18  +8.7898039745953065e-18
-22   +3.5422978772446075e-18  -9.4536262045508623e-18
-21   -5.4284701155784811e-18  +1.6051065310447328e-17
-20   -8.2602473289871408e-18  +2.0717043678169386e-17
-19   -4.1605301865969873e-17  +1.2329291043342680e-16
-18   -1.5704671820515969e-16  +4.4348435772084517e-16
-17   -6.4581064714698664e-16  +1.8464443624616634e-15
-16   -2.6096021273088074e-15  +7.3770160663807788e-15
-15   -1.0643825435939612e-14  +2.9886141735069458e-14
-14   -4.3527562562761993e-14  +1.2111650071333078e-13
-13   -1.7895324509800810e-13  +4.9322216235158997e-13
-12   -7.4026455227019660e-13  +2.0178074002576599e-12
-11   -3.0854978942659070e-12  +8.3031935229065698e-12
-10   -1.2981464436770293e-11  +3.4409025283957333e-11
 -9   -5.5263532634111993e-11  +1.4385787820190940e-10
 -8   -2.3887201776655054e-10  +6.0828341200352779e-10
 -7   -1.0536236321423647e-09  +2.6107101045578942e-09
 -6   -4.7798239384028978e-09  +1.1437710386747948e-08
 -5   -2.2577860278324280e-08  +5.1604944782152877e-08
 -4   -1.1376253987967281e-07  +2.4402724702760275e-07
 -3   -6.3240381827274361e-07  +1.2395503889451066e-06
 -2   -4.5216932244332449e-06  +7.6463878656729386e-06
 -1   -3.4217732533383933e-06  +3.1051016259765388e-06
 +0   +1.7361621557091725e-01  +0.0000000000000000e+00
 +1   -3.4217732533383933e-06  -3.1051016259765388e-06
 +2   -4.5216932244332449e-06  -7.6463878656729386e-06
 +3   -6.3240381827274361e-07  -1.2395503889451066e-06
 +4   -1.1376253987967281e-07  -2.4402724702760275e-07
 +5   -2.2577860278324280e-08  -5.1604944782152877e-08
 +6   -4.7798239384028978e-09  -1.1437710386747948e-08
 +7   -1.0536236321423647e-09  -2.6107101045578942e-09
 +8   -2.3887201776655054e-10  -6.0828341200352779e-10
 +9   -5.5263532634111993e-11  -1.4385787820190940e-10
+10   -1.2981464436770293e-11  -3.4409025283957333e-11
+11   -3.0854978942659070e-12  -8.3031935229065698e-12
+12   -7.4026455227019660e-13  -2.0178074002576599e-12
+13   -1.7895324509800810e-13  -4.9322216235158997e-13
+14   -4.3527562562761993e-14  -1.2111650071333078e-13
+15   -1.0643825435939612e-14  -2.9886141735069458e-14
+16   -2.6096021273088074e-15  -7.3770160663807788e-15
+17   -6.4581064714698664e-16  -1.8464443624616634e-15
+18   -1.5704671820515969e-16  -4.4348435772084517e-16
+19   -4.1605301865969873e-17  -1.2329291043342680e-16
+20   -8.2602473289871408e-18  -2.0717043678169386e-17
+21   -5.4284701155784811e-18  -1.6051065310447328e-17
+22   +3.5422978772446075e-18  +9.4536262045508623e-18
+23   -2.9227126077111808e-18  -8.7898039745953065e-18
+24   +1.2990190393651148e-18  +7.8614207888334567e-18
+25   -3.0128501395342016e-18  -8.0191758502422365e-18
+26   +2.5890698052537515e-18  +7.2183489119235431e-18
+27   -3.0627644580212557e-18  -7.8910305332255275e-18
+28   +4.1505395239479778e-18  +7.1115512215262269e-18
+29   -2.8498444869524990e-18  -7.6754408067544034e-18
+30   +3.0465382248358908e-18  +6.0465835175916562e-18

