-30   -1.5543122344745327e-16  +3.5367465435804707e-16
-29   +1.5236134406874374e-16  -3.7386136498431777e-16
-28   -1.4744486871858051e-16  +3.8933032161832729e-16
-27   +1.4615606129817947e-16  -4.0137656315555737e-16
-26   -1.4991185649526237e-16  +4.1899332984557665e-16
-25   +1.4862462190582372e-16  -4.3351835230753632e-16
-24   -1.5098995423970877e-16  +4.5546503841085163e-16
-23   +1.4823363994193762e-16  -4.7821435436716616e-16
-22   -1.4549363453197941e-16  +5.0199453153723961e-16
-21   +1.4151035552133151e-16  -5.2448598514477156e-16
-20   -1.7294332931505199e-16  +5.9018784202543856e-16
-19   +5.4615005415266278e-17  -5.4308945393470134e-16
-18   -5.1985866037610864e-16  +7.9599247128742799e-16
-17   -1.3363237937166260e-15  +6.8360172855908584e-17
-16   -6.1629785621771607e-15  +3.5813027801178885e-15
-15   -2.4298796437789975e-14  +1.0856122513004684e-14
-14   -9.9805331166238837e-14  +4.7612266348404010e-14
-13   -4.0797404553263914e-13  +1.8860682199118939e-13
-12   -1.6810079033422008e-12  +7.7067560186607936e-13
-11   -6.9699023051088158e-12  +3.1396895519640750e-12
-10   -2.9147746620957573e-11  +1.2881775622120243e-11
 -9   -1.2318657001446689e-10  +5.3148935043332307e-11
 -8   -5.2776496442507394e-10  +2.2095120403234188e-10
 -7   -2.3022230741835790e-09  +9.2684050095629630e-10
 -6   -1.0296059360424959e-08  +3.9311368965465023e-09
 -5   -4.7709033619268773e-08  +1.6886736238290911e-08
 -4   -2.3390040172614252e-07  +7.3511519547285092e-08
 -3   -1.2447524043800411e-06  +3.1689045845205698e-07
 -2   -8.1998103615637822e-06  +1.2036219605109072e-06
 -1   -5.6192074742953919e-06  -1.4448362154718819e-06
 +0   +4.1983395184893230e-01  +0.0000000000000000e+00
 +1   -5.6192074742953919e-06  +1.4448362154718819e-06
 +2   -8.1998103615637822e-06  -1.2036219605109072e-06
 +3   -1.2447524043800411e-06  -3.1689045845205698e-07
 +4   -2.3390040172614252e-07  -7.3511519547285092e-08
 +5   -4.7709033619268773e-08  -1.6886736238290911e-08
 +6   -1.0296059360424959e-08  -3.9311368965465023e-09
 +7   -2.3022230741835790e-09  -9.2684050095629630e-10
 +8   -5.2776496442507394e-10  -2.2095120403234188e-10
 +9   -1.2318657001446689e-10  -5.3148935043332307e-11
+10   -2.9147746620957573e-11  -1.2881775622120243e-11
+11   -6.9699023051088158e-12  -3.1396895519640750e-12
+12   -1.6810079033422008e-12  -7.7067560186607936e-13
+13   -4.0797404553263914e-13  -1.8860682199118939e-13
+14   -9.9805331166238837e-14  -4.7612266348404010e-14
+15   -2.4298796437789975e-14  -1.0856122513004684e-14
+16   -6.1629785621771607e-15  -3.5813027801178885e-15
+17   -1.3363237937166260e-15  -6.8360172855908584e-17
+18   -5.1985866037610864e-16  -7.9599247128742799e-16
+19   +5.4615005415266278e-17  +5.4308945393470134e-16
+20   -1.7294332931505199e-16  -5.9018784202543856e-16
+21   +1.4151035552133151e-16  +5.2448598514477156e-16
+22   -1.4549363453197941e-16  -5.0199453153723961e-16
+23   +1.4823363994193762e-16  +4.7821435436716616e-16
+24   -1.5098995423970877e-16  -4.5546503841085163e-16
+25   +1.4862462190582372e-16  +4.3351835230753632e-16
+26   -1.4991185649526237e-16  -4.1899332984557665e-16
+27   +1.4615606129817947e-16  +4.0137656315555737e-16
+28   -1.4744486871858051e-16  -3.8933032161832729e-16
+29   +1.5236134406874374e-16  +3.7386136498431777e-16
+30   -1.5543122344745327e-16  -3.5367465435804707e-16

