-30   -6.3494718823381885e-19  +7.4014868300062516e-18
-29   +5.8120091366540670e-18  -9.6941743594239942e-18
-28   -4.8473401097187684e-18  +1.0951000918522701e-17
-27   +1.9930577981291280e-18  -1.6381001291738953e-17
-26   +8.8192229233567708e-19  +1.6752381214127608e-17
-25   +7.6735804718804814e-18  -1.8193553321328812e-17
-24   -4.8234884720942566e-18  +2.3644196110729963e-17
-23   +1.1790706165650826e-17  -1.4506953953802933e-17
-22   -4.4369889893153331e-18  +1.6869135091635699e-17
-21   -1.9705795237519391e-18  -1.5034916460640733e-17
-20   -3.5024211735060217e-17  +3.5024211735060229e-17
-19   -1.0368298334776872e-16  +1.7717346851099765e-17
-18   -4.4301557696209784e-16  +1.6487421524916035e-16
-17   -1.7335225366806364e-15  +5.8504542586046595e-16
-16   -6.9851552980893640e-15  +2.4762085449501250e-15
-15   -2.8129636839458013e-14  +9.9112333851108556e-15
-14   -1.1369179917991022e-13  +4.0476365489517253e-14
-13   -4.6119041075571915e-13  +1.6543598754498772e-13
-12   -1.8790382285661891e-12  +6.8053922760337236e-13
-11   -7.6961251594606382e-12  +2.8173283615116754e-12
-10   -3.1725968198942465e-11  +1.1760246260862497e-11
 -9   -1.3185124705658553e-10  +4.9599234445948784e-11
 -8   -5.5374820700581521e-10  +2.1199907425989192e-10
 -7   -2.3584426209762208e-09  +9.2240723883702235e-10
 -6   -1.0243795578016219e-08  +4.1142318239675879e-09
 -5   -4.5787862194975479e-08  +1.9025805853427370e-08
 -4   -2.1457183752294169e-07  +9.3290757476733360e-08
 -3   -1.0834761178015494e-06  +5.0268114630978438e-07
 -2   -6.7649512321186885e-06  +3.4815291495520395e-06
 -1   -2.7258323220007945e-06  +1.9382141898969101e-06
 +0   -5.5352537056663065e-01  +0.0000000000000000e+00
 +1   -2.7258323220007945e-06  -1.9382141898969101e-06
 +2   -6.7649512321186885e-06  -3.4815291495520395e-06
 +3   -1.0834761178015494e-06  -5.0268114630978438e-07
 +4   -2.1457183752294169e-07  -9.3290757476733360e-08
 +5   -4.5787862194975479e-08  -1.9025805853427370e-08
 +6   -1.0243795578016219e-08  -4.1142318239675879e-09
 +7   -2.3584426209762208e-09  -9.2240723883702235e-10
 +8   -5.5374820700581521e-10  -2.1199907425989192e-10
 +9   -1.3185124705658553e-10  -4.9599234445948784e-11
+10   -3.1725968198942465e-11  -1.1760246260862497e-11
+11   -7.6961251594606382e-12  -2.8173283615116754e-12
+12   -1.8790382285661891e-12  -6.8053922760337236e-13
+13   -4.6119041075571915e-13  -1.6543598754498772e-13
+14   -1.1369179917991022e-13  -4.0476365489517253e-14
+15   -2.8129636839458013e-14  -9.9112333851108556e-15
+16   -6.9851552980893640e-15  -2.4762085449501250e-15
+17   -1.7335225366806364e-15  -5.8504542586046595e-16
+18   -4.4301557696209784e-16  -1.6487421524916035e-16
+19   -1.0368298334776872e-16  -1.7717346851099765e-17
+20   -3.5024211735060217e-17  -3.5024211735060229e-17
+21   -1.9705795237519391e-18  +1.5034916460640733e-17
+22   -4.4369889893153331e-18  -1.6869135091635699e-17
+23   +1.1790706165650826e-17  +1.4506953953802933e-17
+24   -4.8234884720942566e-18  -2.3644196110729963e-17
+25   +7.6735804718804814e-18  +1.8193553321328812e-17
+26   +8.8192229233567708e-19  -1.6752381214127608e-17
+27   +1.9930577981291280e-18  +1.6381001291738953e-17
+28   -4.8473401097187684e-18  -1.0951000918522701e-17
+29   +5.8120091366540670e-18  +9.6941743594239942e-18
+30   -6.3494718823381885e-19  -7.4014868300062516e-18

