-30   -7.7715611724443885e-17  +1.9917328954081922e-16
-29   +8.1401751041984042e-17  -2.0686716539552052e-16
-28   -8.2394584241653868e-17  +2.1665323273605769e-16
-27   +8.2909652464322929e-17  -2.2251775242832550e-16
-26   -8.2038512078416913e-17  +2.3550898692193573e-16
-25   +8.0642295910549586e-17  -2.4235072672111040e-16
-24   -8.4203326002932743e-17  +2.5487774311023516e-16
-23   +8.0821108399134524e-17  -2.6773373097535387e-16
-22   -8.2985294853368941e-17  +2.7815731892016608e-16
-21   +8.5515723580850202e-17  -2.9828587186763984e-16
-20   -7.2660302205413072e-17  +2.8498330197602350e-16
-19   +1.2585133089138304e-16  -4.1128386177814454e-16
-18   +8.9202440714027099e-17  -4.4659438273662568e-18
-17   +7.6161511712951791e-16  -1.7645945970973578e-15
-16   +2.6414259814575771e-15  -5.2546441288537573e-15
-15   +1.1013551166129287e-14  -2.3226407919251799e-14
-14   +4.3875964859392207e-14  -9.2116498427324175e-14
-13   +1.7738991228719748e-13  -3.7756687850775106e-13
-12   +7.1743316472087010e-13  -1.5431905848381596e-12
-11   +2.9149772286108431e-12  -6.3573806015017404e-12
-10   +1.1896672586651086e-11  -2.6364799679028976e-11
 -9   +4.8828890418914752e-11  -1.1034086919727908e-10
 -8   +2.0180908062930398e-10  -4.6712845457213769e-10
 -7   +8.4139549220936931e-10  -2.0079173588956246e-09
 -6   +3.5479260641202607e-09  -8.8136086463722213e-09
 -5   +1.5179326025117493e-08  -3.9863211166190838e-08
 -4   +6.6270592964900799e-08  -1.8910967927448042e-07
 -3   +2.9293221491399646e-07  -9.6433800669875288e-07
 -2   +1.3066520540120385e-06  -5.9609692242810594e-06
 -1   -3.2063255644672231e-07  -2.3660217788861132e-06
 +0   +2.2890235417111110e-01  +0.0000000000000000e+00
 +1   -3.2063255644672231e-07  +2.3660217788861132e-06
 +2   +1.3066520540120385e-06  +5.9609692242810594e-06
 +3   +2.9293221491399646e-07  +9.6433800669875288e-07
 +4   +6.6270592964900799e-08  +1.8910967927448042e-07
 +5   +1.5179326025117493e-08  +3.9863211166190838e-08
 +6   +3.5479260641202607e-09  +8.8136086463722213e-09
 +7   +8.4139549220936931e-10  +2.0079173588956246e-09
 +8   +2.0180908062930398e-10  +4.6712845457213769e-10
 +9   +4.8828890418914752e-11  +1.1034086919727908e-10
+10   +1.1896672586651086e-11  +2.6364799679028976e-11
+11   +2.9149772286108431e-12  +6.3573806015017404e-12
+12   +7.1743316472087010e-13  +1.5431905848381596e-12
+13   +1.7738991228719748e-13  +3.7756687850775106e-13
+14   +4.3875964859392207e-14  +9.2116498427324175e-14
+15   +1.1013551166129287e-14  +2.3226407919251799e-14
+16   +2.6414259814575771e-15  +5.2546441288537573e-15
+17   +7.6161511712951791e-16  +1.7645945970973578e-15
+18   +8.9202440714027099e-17  +4.4659438273662568e-18
+19   +1.2585133089138304e-16  +4.1128386177814454e-16
+20   -7.2660302205413072e-17  -2.8498330197602350e-16
+21   +8.5515723580850202e-17  +2.9828587186763984e-16
+22   -8.2985294853368941e-17  -2.7815731892016608e-16
+23   +8.0821108399134524e-17  +2.6773373097535387e-16
+24   -8.4203326002932743e-17  -2.5487774311023516e-16
+25   +8.0642295910549586e-17  +2.4235072672111040e-16
+26   -8.2038512078416913e-17  -2.3550898692193573e-16
+27   +8.2909652464322929e-17  +2.2251775242832550e-16
+28   -8.2394584241653868e-17  -2.1665323273605769e-16
+29   +8.1401751041984042e-17  +2.0686716539552052e-16
+30   -7.7715611724443885e-17  -1.9917328954081922e-16

