-30   -1.4168026471924684e-17  +3.7007434158384833e-18
-29   +7.1817864941475976e-18  -9.3781904609364237e-18
-28   -4.3876142662976375e-18  +7.4471413280721075e-18
-27   +4.0437671713662003e-18  -9.6464812762261528e-18
-26   -7.5574249210778712e-18  +1.3194552896165782e-17
-25   +8.2544671335156352e-18  -2.9955759362960259e-18
-24   -1.0378559459488954e-17  +1.4793235787105901e-17
-23   -1.6466685018081218e-18  -2.1784833025036115e-17
-22   -5.8778303070061843e-18  +1.2960816874854532e-17
-21   +1.7478069372841925e-17  -1.5207753779045309e-17
-20   +1.6520494657974285e-17  +2.1212849282947299e-17
-19   +1.1054851400353413e-16  +3.1792294770885323e-17
-18   +4.3245163656965547e-16  +1.6654032006810826e-16
-17   +1.7442360227122137e-15  +5.8338485885153334e-16
-16   +6.9788085798464543e-15  +2.4740538850557675e-15
-15   +2.8132413869990851e-14  +9.9210750699723512e-15
-14   +1.1368595033396813e-13  +4.0477428087028464e-14
-13   +4.6119589615663418e-13  +1.6543992155736969e-13
-12   +1.8790325874925798e-12  +6.8053187656207768e-13
-11   +7.6961410357429979e-12  +2.8173251505144426e-12
-10   +3.1725955054966696e-11  +1.1760256153070316e-11
 -9   +1.3185125174643237e-10  +4.9599241423928710e-11
 -8   +5.5374819876424275e-10  +2.1199907108819573e-10
 -7   +2.3584426289769777e-09  +9.2240722735202838e-10
 -6   +1.0243795572507445e-08  +4.1142318115702367e-09
 -5   +4.5787862197859129e-08  +1.9025805879125959e-08
 -4   +2.1457183751230291e-07  +9.3290757468131899e-08
 -3   +1.0834761178123857e-06  +5.0268114634168449e-07
 -2   +6.7649512321146761e-06  +3.4815291495317027e-06
 -1   +2.7258323220228330e-06  +1.9382141899645080e-06
 +0   +5.5352537056663109e-01  +0.0000000000000000e+00
 +1   +2.7258323220228330e-06  -1.9382141899645080e-06
 +2   +6.7649512321146761e-06  -3.4815291495317027e-06
 +3   +1.0834761178123857e-06  -5.0268114634168449e-07
 +4   +2.1457183751230291e-07  -9.3290757468131899e-08
 +5   +4.5787862197859129e-08  -1.9025805879125959e-08
 +6   +1.0243795572507445e-08  -4.1142318115702367e-09
 +7   +2.3584426289769777e-09  -9.2240722735202838e-10
 +8   +5.5374819876424275e-10  -2.1199907108819573e-10
 +9   +1.3185125174643237e-10  -4.9599241423928710e-11
+10   +3.1725955054966696e-11  -1.1760256153070316e-11
+11   +7.6961410357429979e-12  -2.8173251505144426e-12
+12   +1.8790325874925798e-12  -6.8053187656207768e-13
+13   +4.6119589615663418e-13  -1.6543992155736969e-13
+14   +1.1368595033396813e-13  -4.0477428087028464e-14
+15   +2.8132413869990851e-14  -9.9210750699723512e-15
+16   +6.9788085798464543e-15  -2.4740538850557675e-15
+17   +1.7442360227122137e-15  -5.8338485885153334e-16
+18   +4.3245163656965547e-16  -1.6654032006810826e-16
+19   +1.1054851400353413e-16  -3.1792294770885323e-17
+20   +1.6520494657974285e-17  -2.1212849282947299e-17
+21   +1.7478069372841925e-17  +1.5207753779045309e-17
+22   -5.8778303070061843e-18  -1.2960816874854532e-17
+23   -1.6466685018081218e-18  +2.1784833025036115e-17
+24   -1.0378559459488954e-17  -1.4793235787105901e-17
+25   +8.2544671335156352e-18  +2.9955759362960259e-18
+26   -7.5574249210778712e-18  -1.3194552896165782e-17
+27   +4.0437671713662003e-18  +9.6464812762261528e-18
+28   -4.3876142662976375e-18  -7.4471413280721075e-18
+29   +7.1817864941475976e-18  +9.3781904609364237e-18
+30   -1.4168026471924684e-17  -3.7007434158384833e-18

