-30   -7.7173650397564080e-17  +1.8522975079920502e-16
-29   +7.6261225903334182e-17  -1.9520096359507654e-16
-28   -7.5303695507825903e-17  +2.0149521664723401e-16
-27   +7.8618534418793848e-17  -2.0952581214450374e-16
-26   -7.7433414268111489e-17  +2.1974341981589290e-16
-25   +7.6849812653751163e-17  -2.2799085639625844e-16
-24   -7.8494001215071484e-17  +2.3670057613948332e-16
-23   +7.5747288704831963e-17  -2.4886002207982350e-16
-22   -7.6479361576770202e-17  +2.6212505908712161e-16
-21   +7.7692773722157689e-17  -2.6918619435568542e-16
-20   -6.7604992687065204e-17  +3.1025984956776286e-16
-19   +1.2122136727127289e-16  -2.1818451287429481e-16
-18   +9.4300971263487657e-17  +6.7072698717218945e-16
-17   +7.5713967486777407e-16  +1.0586250293501807e-15
-16   +2.6459106843028906e-15  +6.0045798389290971e-15
-15   +1.1006491085472640e-14  +2.2427022531158663e-14
-14   +4.3882337130104267e-14  +9.2980410698773394e-14
-13   +1.7738591022486336e-13  +3.7663623978766254e-13
-12   +7.1743863929095775e-13  +1.5441997596989727e-12
-11   +2.9149696332230124e-12  +6.3562799424721443e-12
-10   +1.1896679528344806e-11  +2.6366012856619043e-11
 -9   +4.8828885896558328e-11  +1.1033952223803337e-10
 -8   +2.0180908632488716e-10  +4.6712997525782435e-10
 -7   +8.4139548760947624e-10  +2.0079156155160869e-09
 -6   +3.5479260699662753e-09  +8.8136106762017643e-09
 -5   +1.5179326017124618e-08  +3.9863208741786726e-08
 -4   +6.6270592972658376e-08  +1.8910968232544124e-07
 -3   +2.9293221490549781e-07  +9.6433800263705647e-07
 -2   +1.3066520540304814e-06  +5.9609692303866398e-06
 -1   -3.2063255648308786e-07  +2.3660217666839387e-06
 +0   +2.2890235417111132e-01  +0.0000000000000000e+00
 +1   -3.2063255648308786e-07  -2.3660217666839387e-06
 +2   +1.3066520540304814e-06  -5.9609692303866398e-06
 +3   +2.9293221490549781e-07  -9.6433800263705647e-07
 +4   +6.6270592972658376e-08  -1.8910968232544124e-07
 +5   +1.5179326017124618e-08  -3.9863208741786726e-08
 +6   +3.5479260699662753e-09  -8.8136106762017643e-09
 +7   +8.4139548760947624e-10  -2.0079156155160869e-09
 +8   +2.0180908632488716e-10  -4.6712997525782435e-10
 +9   +4.8828885896558328e-11  -1.1033952223803337e-10
+10   +1.1896679528344806e-11  -2.6366012856619043e-11
+11   +2.9149696332230124e-12  -6.3562799424721443e-12
+12   +7.1743863929095775e-13  -1.5441997596989727e-12
+13   +1.7738591022486336e-13  -3.7663623978766254e-13
+14   +4.3882337130104267e-14  -9.2980410698773394e-14
+15   +1.1006491085472640e-14  -2.2427022531158663e-14
+16   +2.6459106843028906e-15  -6.0045798389290971e-15
+17   +7.5713967486777407e-16  -1.0586250293501807e-15
+18   +9.4300971263487657e-17  -6.7072698717218945e-16
+19   +1.2122136727127289e-16  +2.1818451287429481e-16
+20   -6.7604992687065204e-17  -3.1025984956776286e-16
+21   +7.7692773722157689e-17  +2.6918619435568542e-16
+22   -7.6479361576770202e-17  -2.6212505908712161e-16
+23   +7.5747288704831963e-17  +2.4886002207982350e-16
+24   -7.8494001215071484e-17  -2.3670057613948332e-16
+25   +7.6849812653751163e-17  +2.2799085639625844e-16
+26   -7.7433414268111489e-17  -2.1974341981589290e-16
+27   +7.8618534418793848e-17  +2.0952581214450374e-16
+28   -7.5303695507825903e-17  -2.0149521664723401e-16
+29   +7.6261225903334182e-17  +1.9520096359507654e-16
+30   -7.7173650397564080e-17  -1.8522975079920502e-16

