-30   -1.0467283057787772e-17  +1.5328981136780194e-18
-29   +8.7598604727632236e-18  -7.3054601373390239e-18
-28   +2.3120624542265160e-19  +6.5331592832663794e-18
-27   -3.0446060756543084e-19  -4.9279977719986084e-18
-26   -3.2275651815907339e-18  +7.0475244310332253e-18
-25   +1.2024231649404945e-17  -1.3832029718379023e-17
-24   -6.7558321661734146e-18  +1.3465727669783972e-17
-23   +3.1054544649488413e-19  -5.5272624930821217e-18
-22   -6.5924024810102468e-18  +1.0990777587472396e-17
-21   +5.4154747905326284e-18  -8.9886601680181007e-18
-20   +8.2173010960522062e-34  +7.4014868308343768e-18
-19   +1.8199375877131486e-17  -1.3081035128564418e-17
-18   +4.5078811971002414e-17  +1.4060962222607179e-17
-17   +1.9276394709515755e-16  -9.3093407763740606e-18
-16   +8.2702982836385987e-16  +3.0618681702345042e-17
-15   +3.5642297484986510e-15  +6.1396759504633945e-17
-14   +1.5338509162827730e-14  +3.6845542690504309e-16
-13   +6.6686496141919539e-14  +1.6326020633003281e-15
-12   +2.9241375857347861e-13  +7.8528505598014647e-15
-11   +1.2965739566694168e-12  +3.7888684624975431e-14
-10   +5.8250618665294057e-12  +1.8734007336945493e-13
 -9   +2.6591975202260101e-11  +9.4994739974144782e-13
 -8   +1.2383568891397399e-10  +4.9761500250710042e-12
 -7   +5.9149944351929085e-10  +2.7159649667667818e-11
 -6   +2.9221391585344986e-09  +1.5651311312600501e-10
 -5   +1.5110553725998635e-08  +9.7105024747304155e-10
 -4   +8.3825017084678142e-08  +6.7324350809435033e-09
 -3   +5.1124624826343818e-07  +5.4736064422402243e-08
 -2   +4.0066864337464939e-06  +6.4338864257541271e-07
 -1   +6.1607876823601571e-06  +1.9784838451659337e-06
 +0   +5.0175414682529296e-01  +0.0000000000000000e+00
 +1   +6.1607876823601571e-06  -1.9784838451659337e-06
 +2   +4.0066864337464939e-06  -6.4338864257541271e-07
 +3   +5.1124624826343818e-07  -5.4736064422402243e-08
 +4   +8.3825017084678142e-08  -6.7324350809435033e-09
 +5   +1.5110553725998635e-08  -9.7105024747304155e-10
 +6   +2.9221391585344986e-09  -1.5651311312600501e-10
 +7   +5.9149944351929085e-10  -2.7159649667667818e-11
 +8   +1.2383568891397399e-10  -4.9761500250710042e-12
 +9   +2.6591975202260101e-11  -9.4994739974144782e-13
+10   +5.8250618665294057e-12  -1.8734007336945493e-13
+11   +1.2965739566694168e-12  -3.7888684624975431e-14
+12   +2.9241375857347861e-13  -7.8528505598014647e-15
+13   +6.6686496141919539e-14  -1.6326020633003281e-15
+14   +1.5338509162827730e-14  -3.6845542690504309e-16
+15   +3.5642297484986510e-15  -6.1396759504633945e-17
+16   +8.2702982836385987e-16  -3.0618681702345042e-17
+17   +1.9276394709515755e-16  +9.3093407763740606e-18
+18   +4.5078811971002414e-17  -1.4060962222607179e-17
+19   +1.8199375877131486e-17  +1.3081035128564418e-17
+20   +8.2173010960522062e-34  -7.4014868308343768e-18
+21   +5.4154747905326284e-18  +8.9886601680181007e-18
+22   -6.5924024810102468e-18  -1.0990777587472396e-17
+23   +3.1054544649488413e-19  +5.5272624930821217e-18
+24   -6.7558321661734146e-18  -1.3465727669783972e-17
+25   +1.2024231649404945e-17  +1.3832029718379023e-17
+26   -3.2275651815907339e-18  -7.0475244310332253e-18
+27   -3.0446060756543084e-19  +4.9279977719986084e-18
+28   +2.3120624542265160e-19  -6.5331592832663794e-18
+29   +8.7598604727632236e-18  +7.3054601373390239e-18
+30   -1.0467283057787772e-17  -1.5328981136780194e-18

