-30   +1.0839226511758177e-18  -4.1497188778301396e-18
-29   +2.9362262234821590e-19  -2.4533819367318898e-19
-28   +5.2325393095339241e-19  -1.6039055251703528e-18
-27   +1.8823562145707032e-18  +6.0966991987723898e-18
-26   +4.1491658480631986e-18  -5.8859625202163641e-18
-25   -8.7919815337299109e-18  -7.9488258683733147e-19
-24   +2.7546981749824538e-18  -7.3508645568890596e-18
-23   -5.9858234025573297e-18  +6.6737854222257766e-18
-22   +4.1493298085318857e-18  -8.5206025316480706e-18
-21   -5.2662872522811045e-18  -6.3773529837366093e-20
-20   +1.6520494657974282e-17  -6.4098756212785477e-18
-19   +1.2526872021978157e-17  +8.5751517441294193e-18
-18   +4.4405770051273907e-17  -1.1055136981268664e-17
-17   +1.9123913246751921e-16  +2.0259130854623258e-18
-16   +8.2761669394118915e-16  -3.1277804585393574e-17
-15   +3.5628057810967044e-15  -5.7352121284416347e-17
-14   +1.5341883109418125e-14  -3.6029492924824172e-16
-13   +6.6676176443248163e-14  -1.6374427163696776e-15
-12   +2.9242122936488404e-13  -7.8482574282576373e-15
-11   +1.2965705585446177e-12  -3.7894733033752931e-14
-10   +5.8250545118727171e-12  -1.8731834627066387e-13
 -9   +2.6591968849851333e-11  -9.4995341510078343e-13
 -8   +1.2383569670003047e-10  -4.9761391250106509e-12
 -7   +5.9149943094915710e-10  -2.7159663911427917e-11
 -6   +2.9221391656639414e-09  -1.5651310359395407e-10
 -5   +1.5110553720897352e-08  -9.7105026336236159e-10
 -4   +8.3825017090010823e-08  -6.7324350598056207e-09
 -3   +5.1124624825724721e-07  -5.4736064455043154e-08
 -2   +4.0066864337553648e-06  -6.4338864251745956e-07
 -1   +6.1607876823299654e-06  -1.9784838452288687e-06
 +0   +5.0175414682529296e-01  +0.0000000000000000e+00
 +1   +6.1607876823299654e-06  +1.9784838452288687e-06
 +2   +4.0066864337553648e-06  +6.4338864251745956e-07
 +3   +5.1124624825724721e-07  +5.4736064455043154e-08
 +4   +8.3825017090010823e-08  +6.7324350598056207e-09
 +5   +1.5110553720897352e-08  +9.7105026336236159e-10
 +6   +2.9221391656639414e-09  +1.5651310359395407e-10
 +7   +5.9149943094915710e-10  +2.7159663911427917e-11
 +8   +1.2383569670003047e-10  +4.9761391250106509e-12
 +9   +2.6591968849851333e-11  +9.4995341510078343e-13
+10   +5.8250545118727171e-12  +1.8731834627066387e-13
+11   +1.2965705585446177e-12  +3.7894733033752931e-14
+12   +2.9242122936488404e-13  +7.8482574282576373e-15
+13   +6.6676176443248163e-14  +1.6374427163696776e-15
+14   +1.5341883109418125e-14  +3.6029492924824172e-16
+15   +3.5628057810967044e-15  +5.7352121284416347e-17
+16   +8.2761669394118915e-16  +3.1277804585393574e-17
+17   +1.9123913246751921e-16  -2.0259130854623258e-18
+18   +4.4405770051273907e-17  +1.1055136981268664e-17
+19   +1.2526872021978157e-17  -8.5751517441294193e-18
+20   +1.6520494657974282e-17  +6.4098756212785477e-18
+21   -5.2662872522811045e-18  +6.3773529837366093e-20
+22   +4.1493298085318857e-18  +8.5206025316480706e-18
+23   -5.9858234025573297e-18  -6.6737854222257766e-18
+24   +2.7546981749824538e-18  +7.3508645568890596e-18
+25   -8.7919815337299109e-18  +7.9488258683733147e-19
+26   +4.1491658480631986e-18  +5.8859625202163641e-18
+27   +1.8823562145707032e-18  -6.0966991987723898e-18
+28   +5.2325393095339241e-19  +1.6039055251703528e-18
+29   +2.9362262234821590e-19  +2.4533819367318898e-19
+30   +1.0839226511758177e-18  +4.1497188778301396e-18

