-30   +4.6259291657916115e-18  -8.5511605368534302e-18
-29   -2.9797298784271402e-18  +7.1823872933849833e-18
-28   +3.4563478977127886e-18  -1.1037152667295405e-17
-27   -2.8119893988525658e-18  +8.5812123769207501e-18
-26   +5.6144894730377964e-19  -7.8361021425388240e-18
-25   -1.3055303372841789e-17  +1.2496192490730614e-17
-24   -2.9784209001726236e-17  +1.2811879439823322e-18
-23   -1.3058524231483740e-16  +5.3456421458933848e-17
-22   -4.7984771692770529e-16  +1.5187866305131951e-16
-21   -1.8401448731398848e-15  +6.2953590301706777e-16
-20   -6.9866360949482446e-15  +2.3521233967534254e-15
-19   -2.6559712879029304e-14  +9.0371278858270581e-15
-18   -1.0084249184344963e-13  +3.4389943660329819e-14
-17   -3.8260777920032864e-13  +1.3115790102244529e-13
-16   -1.4502354666276075e-12  +4.9969579770296496e-13
-15   -5.4914467300884841e-12  +1.9034391839981985e-12
-14   -2.0770988633430157e-11  +7.2479790193542684e-12
-13   -7.8471624660251166e-11  +2.7593348456287556e-11
-12   -2.9608189952320111e-10  +1.0503852299712201e-10
-11   -1.1156122640344357e-09  +3.9988899155879772e-10
-10   -4.1973751603364158e-09  +1.5230476286062507e-09
 -9   -1.5767930692040619e-08  +5.8061317272196385e-09
 -8   -5.9142220824082012e-08  +2.2172308796793045e-08
 -7   -2.2150411334474843e-07  +8.4928209472326292e-08
 -6   -8.2871270962091755e-07  +3.2706880036835527e-07
 -5   -3.0990912574189874e-06  +1.2710749440347391e-06
 -4   -1.1624212992388945e-05  +5.0329596630946210e-06
 -3   -4.3609023863927472e-05  +2.0412952893730363e-05
 -2   -1.7308111909288923e-04  +9.2641262002070643e-05
 -1   -2.8640771049622286e-05  +3.3996427065716325e-05
 +0   +1.9642069927265915e-01  +0.0000000000000000e+00
 +1   -2.8640771049622286e-05  -3.3996427065716325e-05
 +2   -1.7308111909288923e-04  -9.2641262002070643e-05
 +3   -4.3609023863927472e-05  -2.0412952893730363e-05
 +4   -1.1624212992388945e-05  -5.0329596630946210e-06
 +5   -3.0990912574189874e-06  -1.2710749440347391e-06
 +6   -8.2871270962091755e-07  -3.2706880036835527e-07
 +7   -2.2150411334474843e-07  -8.4928209472326292e-08
 +8   -5.9142220824082012e-08  -2.2172308796793045e-08
 +9   -1.5767930692040619e-08  -5.8061317272196385e-09
+10   -4.1973751603364158e-09  -1.5230476286062507e-09
+11   -1.1156122640344357e-09  -3.9988899155879772e-10
+12   -2.9608189952320111e-10  -1.0503852299712201e-10
+13   -7.8471624660251166e-11  -2.7593348456287556e-11
+14   -2.0770988633430157e-11  -7.2479790193542684e-12
+15   -5.4914467300884841e-12  -1.9034391839981985e-12
+16   -1.4502354666276075e-12  -4.9969579770296496e-13
+17   -3.8260777920032864e-13  -1.3115790102244529e-13
+18   -1.0084249184344963e-13  -3.4389943660329819e-14
+19   -2.6559712879029304e-14  -9.0371278858270581e-15
+20   -6.9866360949482446e-15  -2.3521233967534254e-15
+21   -1.8401448731398848e-15  -6.2953590301706777e-16
+22   -4.7984771692770529e-16  -1.5187866305131951e-16
+23   -1.3058524231483740e-16  -5.3456421458933848e-17
+24   -2.9784209001726236e-17  -1.2811879439823322e-18
+25   -1.3055303372841789e-17  -1.2496192490730614e-17
+26   +5.6144894730377964e-19  +7.8361021425388240e-18
+27   -2.8119893988525658e-18  -8.5812123769207501e-18
+28   +3.4563478977127886e-18  +1.1037152667295405e-17
+29   -2.9797298784271402e-18  -7.1823872933849833e-18
+30   +4.6259291657916115e-18  +8.5511605368534302e-18

