-30   +4.6412582490269704e-16  -1.1056958877400736e-15
-29   -4.5281340340143277e-16  +1.1492716225357643e-15
-28   +4.5451495710565579e-16  -1.1906082537492637e-15
-27   -4.6321777154732440e-16  +1.2498688838144515e-15
-26   +4.5432402016270002e-16  -1.2956743261355186e-15
-25   -4.5849654900991940e-16  +1.3571340943449609e-15
-24   +4.6813212084858881e-16  -1.4386140314536632e-15
-23   -4.1287291517394344e-16  +1.3746094671350688e-15
-22   +6.5213688270456815e-16  -1.9327678572115527e-15
-21   +2.7876724221707562e-16  +1.6120571637568646e-16
-20   +3.2827488048823771e-15  -7.3178964882374014e-15
-19   +1.0261957815256388e-14  -1.9562448683924244e-14
-18   +4.1123762765793549e-14  -8.3301286670679852e-14
-17   +1.5357056582369371e-13  -3.0783776882481825e-13
-16   +5.8319983047404681e-13  -1.1813430664701435e-12
-15   +2.2015077922454285e-12  -4.4823569302010440e-12
-14   +8.3090152313250327e-12  -1.7050255035626631e-11
-13   +3.1299779733999511e-11  -6.4771245250446548e-11
-12   +1.1770300518698517e-10  -2.4601722821848355e-10
-11   +4.4170231299310537e-10  -9.3411850952099590e-10
-10   +1.6536453564100266e-09  -3.5466822102692466e-09
 -9   +6.1736676067490083e-09  -1.3470035678346758e-08
 -8   +2.2971795254968226e-08  -5.1204111718499210e-08
 -7   +8.5123556918014671e-08  -1.9501049101889593e-07
 -6   +3.1376536155464966e-07  -7.4548412460293013e-07
 -5   +1.1476742823576632e-06  -2.8685642286620433e-06
 -4   +4.1518039886119223e-06  -1.1199985140956554e-05
 -3   +1.4558387534364101e-05  -4.4434493770983358e-05
 -2   +4.8843234349798817e-05  -1.9388137200737257e-04
 -1   -3.5859660453121279e-06  -7.0724208430177329e-05
 +0   -1.2721739595483805e+00  +0.0000000000000000e+00
 +1   -3.5859660453121279e-06  +7.0724208430177329e-05
 +2   +4.8843234349798817e-05  +1.9388137200737257e-04
 +3   +1.4558387534364101e-05  +4.4434493770983358e-05
 +4   +4.1518039886119223e-06  +1.1199985140956554e-05
 +5   +1.1476742823576632e-06  +2.8685642286620433e-06
 +6   +3.1376536155464966e-07  +7.4548412460293013e-07
 +7   +8.5123556918014671e-08  +1.9501049101889593e-07
 +8   +2.2971795254968226e-08  +5.1204111718499210e-08
 +9   +6.1736676067490083e-09  +1.3470035678346758e-08
+10   +1.6536453564100266e-09  +3.5466822102692466e-09
+11   +4.4170231299310537e-10  +9.3411850952099590e-10
+12   +1.1770300518698517e-10  +2.4601722821848355e-10
+13   +3.1299779733999511e-11  +6.4771245250446548e-11
+14   +8.3090152313250327e-12  +1.7050255035626631e-11
+15   +2.2015077922454285e-12  +4.4823569302010440e-12
+16   +5.8319983047404681e-13  +1.1813430664701435e-12
+17   +1.5357056582369371e-13  +3.0783776882481825e-13
+18   +4.1123762765793549e-14  +8.3301286670679852e-14
+19   +1.0261957815256388e-14  +1.9562448683924244e-14
+20   +3.2827488048823771e-15  +7.3178964882374014e-15
+21   +2.7876724221707562e-16  -1.6120571637568646e-16
+22   +6.5213688270456815e-16  +1.9327678572115527e-15
+23   -4.1287291517394344e-16  -1.3746094671350688e-15
+24   +4.6813212084858881e-16  +1.4386140314536632e-15
+25   -4.5849654900991940e-16  -1.3571340943449609e-15
+26   +4.5432402016270002e-16  +1.2956743261355186e-15
+27   -4.6321777154732440e-16  -1.2498688838144515e-15
+28   +4.5451495710565579e-16  +1.1906082537492637e-15
+29   -4.5281340340143277e-16  -1.1492716225357643e-15
+30   +4.6412582490269704e-16  +1.1056958877400736e-15

