-30   -3.8322446625506913e-19  -3.8322445843731499e-19
-29   -1.4465929529777835e-18  +1.9833841983910827e-18
-28   +2.7894207545038452e-18  -6.9289597341701908e-18
-27   +2.3665748795455110e-19  +2.3898369208064947e-18
-26   +3.2925319930595060e-18  -3.8876264223457714e-18
-25   +5.6842632658038326e-18  +8.6270291677875022e-18
-24   +3.4569185802961053e-17  +6.6723065256635814e-18
-23   +1.2359330281128380e-16  +5.0981809697051866e-17
-22   +4.8426811940314204e-16  +1.5975734047901162e-16
-21   +1.8355072961049411e-15  +6.2236333512867585e-16
-20   +6.9903368383636616e-15  +2.3539737684611327e-15
-19   +2.6556462612979386e-14  +9.0290521822245285e-15
-18   +1.0084735812935071e-13  +3.4396537833181694e-14
-17   +3.8260328541798669e-13  +1.3115115765123832e-13
-16   +1.4502403681249510e-12  +4.9970299445647807e-13
-15   +5.4914415431523351e-12  +1.9034278714319541e-12
-14   +2.0770993820493311e-11  +7.2479858884253406e-12
-13   +7.8471618804955244e-11  +2.7593339059885899e-11
-12   +2.9608190522004595e-10  +1.0503853293494805e-10
-11   +1.1156122612896031e-09  +3.9988897630935529e-10
-10   +4.1973751647013842e-09  +1.5230476418678562e-09
 -9   +1.5767930686464856e-08  +5.8061317116042635e-09
 -8   +5.9142220828516217e-08  +2.2172308812703761e-08
 -7   +2.2150411333855741e-07  +8.4928209455754106e-08
 -6   +8.2871270962843698e-07  +3.2706880038353670e-07
 -5   +3.0990912574082399e-06  +1.2710749440035702e-06
 -4   +1.1624212992401127e-05  +5.0329596631276367e-06
 -3   +4.3609023863907068e-05  +2.0412952893678165e-05
 -2   +1.7308111909289053e-04  +9.2641262002157406e-05
 -1   +2.8640771049550746e-05  +3.3996427065599252e-05
 +0   -1.9642069927265873e-01  +0.0000000000000000e+00
 +1   +2.8640771049550746e-05  -3.3996427065599252e-05
 +2   +1.7308111909289053e-04  -9.2641262002157406e-05
 +3   +4.3609023863907068e-05  -2.0412952893678165e-05
 +4   +1.1624212992401127e-05  -5.0329596631276367e-06
 +5   +3.0990912574082399e-06  -1.2710749440035702e-06
 +6   +8.2871270962843698e-07  -3.2706880038353670e-07
 +7   +2.2150411333855741e-07  -8.4928209455754106e-08
 +8   +5.9142220828516217e-08  -2.2172308812703761e-08
 +9   +1.5767930686464856e-08  -5.8061317116042635e-09
+10   +4.1973751647013842e-09  -1.5230476418678562e-09
+11   +1.1156122612896031e-09  -3.9988897630935529e-10
+12   +2.9608190522004595e-10  -1.0503853293494805e-10
+13   +7.8471618804955244e-11  -2.7593339059885899e-11
+14   +2.0770993820493311e-11  -7.2479858884253406e-12
+15   +5.4914415431523351e-12  -1.9034278714319541e-12
+16   +1.4502403681249510e-12  -4.9970299445647807e-13
+17   +3.8260328541798669e-13  -1.3115115765123832e-13
+18   +1.0084735812935071e-13  -3.4396537833181694e-14
+19   +2.6556462612979386e-14  -9.0290521822245285e-15
+20   +6.9903368383636616e-15  -2.3539737684611327e-15
+21   +1.8355072961049411e-15  -6.2236333512867585e-16
+22   +4.8426811940314204e-16  -1.5975734047901162e-16
+23   +1.2359330281128380e-16  -5.0981809697051866e-17
+24   +3.4569185802961053e-17  -6.6723065256635814e-18
+25   +5.6842632658038326e-18  -8.6270291677875022e-18
+26   +3.2925319930595060e-18  +3.8876264223457714e-18
+27   +2.3665748795455110e-19  -2.3898369208064947e-18
+28   +2.7894207545038452e-18  +6.9289597341701908e-18
+29   -1.4465929529777835e-18  -1.9833841983910827e-18
+30   -3.8322446625506913e-19  +3.8322445843731499e-19

