-30   +4.3451987782243263e-16  -1.0311550120014838e-15
-29   -4.3833225293278625e-16  +1.0912444354473247e-15
-28   +4.3776932658214479e-16  -1.1334732837645711e-15
-27   -4.4823130720295073e-16  +1.1782373459833022e-15
-26   +4.3487218370912725e-16  -1.2284485070042857e-15
-25   -4.4311583131133320e-16  +1.2789054045035242e-15
-24   +4.4359251954025015e-16  -1.3115518794392284e-15
-23   -3.7745518826896214e-16  +1.5116588024855769e-15
-22   +6.3316016656522003e-16  -1.0774404801797178e-15
-21   +2.9879677981435730e-16  +2.9989232874707605e-15
-20   +3.2659626088015971e-15  +4.0362104890462467e-15
-19   +1.0287614705127115e-14  +2.3086895968516924e-14
-18   +4.1095691959946076e-14  +7.9568231895740860e-14
-17   +1.5358851049433153e-13  +3.1180150044140552e-13
-16   +5.8317659186450773e-13  +1.1771226868812379e-12
-15   +2.2015355835750217e-12  +4.4868662691479227e-12
-14   +8.3089938827360758e-12  +1.7045407611607309e-11
-13   +3.1299808121328206e-11  +6.4776449729296589e-11
-12   +1.1770298070666172e-10  +2.4601158173057534e-10
-11   +4.4170234954438541e-10  +9.3412465924479067e-10
-10   +1.6536452981897435e-09  +3.5466754366354887e-09
 -9   +6.1736676400641086e-09  +1.3470043221444126e-08
 -8   +2.2971795227227381e-08  +5.1204103189986786e-08
 -7   +8.5123556947446366e-08  +1.9501050077635007e-07
 -6   +3.1376536154050876e-07  +7.4548411316314783e-07
 -5   +1.1476742823747680e-06  +2.8685642423007971e-06
 -4   +4.1518039885961082e-06  +1.1199985123873300e-05
 -3   +1.4558387534387207e-05  +4.4434493793727311e-05
 -2   +4.8843234349716173e-05  +1.9388137197330700e-04
 -1   -3.5859660452384457e-06  +7.0724208498530326e-05
 +0   -1.2721739595483812e+00  +0.0000000000000000e+00
 +1   -3.5859660452384457e-06  -7.0724208498530326e-05
 +2   +4.8843234349716173e-05  -1.9388137197330700e-04
 +3   +1.4558387534387207e-05  -4.4434493793727311e-05
 +4   +4.1518039885961082e-06  -1.1199985123873300e-05
 +5   +1.1476742823747680e-06  -2.8685642423007971e-06
 +6   +3.1376536154050876e-07  -7.4548411316314783e-07
 +7   +8.5123556947446366e-08  -1.9501050077635007e-07
 +8   +2.2971795227227381e-08  -5.1204103189986786e-08
 +9   +6.1736676400641086e-09  -1.3470043221444126e-08
+10   +1.6536452981897435e-09  -3.5466754366354887e-09
+11   +4.4170234954438541e-10  -9.3412465924479067e-10
+12   +1.1770298070666172e-10  -2.4601158173057534e-10
+13   +3.1299808121328206e-11  -6.4776449729296589e-11
+14   +8.3089938827360758e-12  -1.7045407611607309e-11
+15   +2.2015355835750217e-12  -4.4868662691479227e-12
+16   +5.8317659186450773e-13  -1.1771226868812379e-12
+17   +1.5358851049433153e-13  -3.1180150044140552e-13
+18   +4.1095691959946076e-14  -7.9568231895740860e-14
+19   +1.0287614705127115e-14  -2.3086895968516924e-14
+20   +3.2659626088015971e-15  -4.0362104890462467e-15
+21   +2.9879677981435730e-16  -2.9989232874707605e-15
+22   +6.3316016656522003e-16  +1.0774404801797178e-15
+23   -3.7745518826896214e-16  -1.5116588024855769e-15
+24   +4.4359251954025015e-16  +1.3115518794392284e-15
+25   -4.4311583131133320e-16  -1.2789054045035242e-15
+26   +4.3487218370912725e-16  +1.2284485070042857e-15
+27   -4.4823130720295073e-16  -1.1782373459833022e-15
+28   +4.3776932658214479e-16  +1.1334732837645711e-15
+29   -4.3833225293278625e-16  -1.0912444354473247e-15
+30   +4.3451987782243263e-16  +1.0311550120014838e-15

