-30   -5.2336414046272521e-18  -1.5700924524035853e-17
-29   -1.6308717238688129e-18  +1.4260380351099900e-17
-28   +7.5590726362270666e-18  -1.4398489988047714e-17
-27   -3.3417143554308233e-18  +1.1129414428218613e-17
-26   +1.2914390279213917e-17  -1.5925806184271586e-17
-25   -6.7386108682463950e-18  +2.2690447449736302e-17
-24   +8.9946066414417440e-18  +1.7820970670256734e-17
-23   +3.3794063469710964e-17  +1.4018889942706067e-16
-22   +1.6564383859746114e-16  +4.3993281197758310e-16
-21   +5.7605887416377119e-16  +1.7615284377390072e-15
-20   +2.2551473300509617e-15  +6.6564029101094790e-15
-19   +8.5191550617309078e-15  +2.5281851272169822e-14
-18   +3.2447411191358851e-14  +9.5682175562658570e-14
-17   +1.2324688321000789e-13  +3.6222055804811512e-13
-16   +4.6791627117970760e-13  +1.3690279066069756e-12
-15   +1.7749958899756919e-12  +5.1681447988145526e-12
-14   +6.7277155273872580e-12  +1.9481428697380126e-11
-13   +2.5477399015276229e-11  +7.3320299485010731e-11
-12   +9.6394704426550731e-11  +2.7546816158204346e-10
-11   +3.6438828419727109e-10  +1.0329681223546597e-09
-10   +1.3762974200320419e-09  +3.8653532228585170e-09
 -9   +5.1946502259785879e-09  +1.4431066616236603e-08
 -8   +1.9598628779425646e-08  +5.3746908096057542e-08
 -7   +7.3955441161426031e-08  +1.9968096201166059e-07
 -6   +2.7946559607710198e-07  +7.4028788372710157e-07
 -5   +1.0598240451859323e-06  +2.7408441086893904e-06
 -4   +4.0602717990618103e-06  +1.0179616748945477e-05
 -3   +1.5790919720359438e-05  +3.7928665756124675e-05
 -2   +6.7683929778679377e-05  +1.5253612711328574e-04
 -1   +1.4943919695685142e-05  +2.6622068663104872e-05
 +0   -9.6490938375557389e-01  +0.0000000000000000e+00
 +1   +1.4943919695685142e-05  -2.6622068663104872e-05
 +2   +6.7683929778679377e-05  -1.5253612711328574e-04
 +3   +1.5790919720359438e-05  -3.7928665756124675e-05
 +4   +4.0602717990618103e-06  -1.0179616748945477e-05
 +5   +1.0598240451859323e-06  -2.7408441086893904e-06
 +6   +2.7946559607710198e-07  -7.4028788372710157e-07
 +7   +7.3955441161426031e-08  -1.9968096201166059e-07
 +8   +1.9598628779425646e-08  -5.3746908096057542e-08
 +9   +5.1946502259785879e-09  -1.4431066616236603e-08
+10   +1.3762974200320419e-09  -3.8653532228585170e-09
+11   +3.6438828419727109e-10  -1.0329681223546597e-09
+12   +9.6394704426550731e-11  -2.7546816158204346e-10
+13   +2.5477399015276229e-11  -7.3320299485010731e-11
+14   +6.7277155273872580e-12  -1.9481428697380126e-11
+15   +1.7749958899756919e-12  -5.1681447988145526e-12
+16   +4.6791627117970760e-13  -1.3690279066069756e-12
+17   +1.2324688321000789e-13  -3.6222055804811512e-13
+18   +3.2447411191358851e-14  -9.5682175562658570e-14
+19   +8.5191550617309078e-15  -2.5281851272169822e-14
+20   +2.2551473300509617e-15  -6.6564029101094790e-15
+21   +5.7605887416377119e-16  -1.7615284377390072e-15
+22   +1.6564383859746114e-16  -4.3993281197758310e-16
+23   +3.3794063469710964e-17  -1.4018889942706067e-16
+24   +8.9946066414417440e-18  -1.7820970670256734e-17
+25   -6.7386108682463950e-18  -2.2690447449736302e-17
+26   +1.2914390279213917e-17  +1.5925806184271586e-17
+27   -3.3417143554308233e-18  -1.1129414428218613e-17
+28   +7.5590726362270666e-18  +1.4398489988047714e-17
+29   -1.6308717238688129e-18  -1.4260380351099900e-17
+30   -5.2336414046272521e-18  +1.5700924524035853e-17

