-30   -5.0118772977447722e-17  +1.2061419674866403e-16
-29   +5.0558234461672320e-17  -1.2708809987482164e-16
-28   -5.0695395044579282e-17  +1.3390087927594600e-16
-27   +5.1466382878911290e-17  -1.3794120577011763e-16
-26   -5.2275886391440693e-17  +1.4422396119174662e-16
-25   +4.4576586426140635e-17  -1.5132925919826651e-16
-24   -7.6406209728474000e-17  +1.4313857164511637e-16
-23   -4.5256932167305018e-17  -2.1429052505516165e-16
-22   -4.1928255180916987e-16  -1.4808853264279698e-17
-21   -1.3449335794473360e-15  -8.8749628849425337e-16
-20   -5.3639872533976313e-15  -2.5034861527661872e-15
-19   -2.0149657146222942e-14  -1.0403706723569126e-14
-18   -7.6779685712802927e-14  -3.8382858596091780e-14
-17   -2.9110971867247423e-13  -1.4605651724169575e-13
-16   -1.1039191761863674e-12  -5.4999052575048108e-13
-15   -4.1808930658295903e-12  -2.0730792120844777e-12
-14   -1.5818727218030523e-11  -7.7947906387120826e-12
-13   -5.9782004560597303e-11  -2.9256688003033826e-11
-12   -2.2565266932684204e-10  -1.0955916314372206e-10
-11   -8.5063679103036093e-10  -4.0923035710681477e-10
-10   -3.2022354998740304e-09  -1.5240583748351802e-09
 -9   -1.2037925938838598e-08  -5.6563909598803449e-09
 -8   -4.5191380448710879e-08  -2.0908084937229632e-08
 -7   -1.6944806919148274e-07  -7.6908977218553069e-08
 -6   -6.3494194163460062e-07  -2.8126054487034820e-07
 -5   -2.3797650419120154e-06  -1.0208816194900693e-06
 -4   -8.9572541448785945e-06  -3.6750297833371730e-06
 -3   -3.3808893732853429e-05  -1.2948643325205997e-05
 -2   -1.3600574253831057e-04  -4.5932072453765250e-05
 -1   -2.4441145944299711e-05  -3.3586377762539978e-06
 +0   +1.4897978241433124e-01  +0.0000000000000000e+00
 +1   -2.4441145944299711e-05  +3.3586377762539978e-06
 +2   -1.3600574253831057e-04  +4.5932072453765250e-05
 +3   -3.3808893732853429e-05  +1.2948643325205997e-05
 +4   -8.9572541448785945e-06  +3.6750297833371730e-06
 +5   -2.3797650419120154e-06  +1.0208816194900693e-06
 +6   -6.3494194163460062e-07  +2.8126054487034820e-07
 +7   -1.6944806919148274e-07  +7.6908977218553069e-08
 +8   -4.5191380448710879e-08  +2.0908084937229632e-08
 +9   -1.2037925938838598e-08  +5.6563909598803449e-09
+10   -3.2022354998740304e-09  +1.5240583748351802e-09
+11   -8.5063679103036093e-10  +4.0923035710681477e-10
+12   -2.2565266932684204e-10  +1.0955916314372206e-10
+13   -5.9782004560597303e-11  +2.9256688003033826e-11
+14   -1.5818727218030523e-11  +7.7947906387120826e-12
+15   -4.1808930658295903e-12  +2.0730792120844777e-12
+16   -1.1039191761863674e-12  +5.4999052575048108e-13
+17   -2.9110971867247423e-13  +1.4605651724169575e-13
+18   -7.6779685712802927e-14  +3.8382858596091780e-14
+19   -2.0149657146222942e-14  +1.0403706723569126e-14
+20   -5.3639872533976313e-15  +2.5034861527661872e-15
+21   -1.3449335794473360e-15  +8.8749628849425337e-16
+22   -4.1928255180916987e-16  +1.4808853264279698e-17
+23   -4.5256932167305018e-17  +2.1429052505516165e-16
+24   -7.6406209728474000e-17  -1.4313857164511637e-16
+25   +4.4576586426140635e-17  +1.5132925919826651e-16
+26   -5.2275886391440693e-17  -1.4422396119174662e-16
+27   +5.1466382878911290e-17  +1.3794120577011763e-16
+28   -5.0695395044579282e-17  -1.3390087927594600e-16
+29   +5.0558234461672320e-17  +1.2708809987482164e-16
+30   -5.0118772977447722e-17  -1.2061419674866403e-16

