-30   -3.7905385100495451e-17  +2.3102411457517056e-17
-29   +1.0516537972044216e-17  -1.5728390605735304e-17
-28   -1.9753549751404721e-18  +1.5528780866689162e-17
-27   +6.2528420747017642e-18  -1.6547767487187959e-17
-26   -4.4955363405355911e-19  +1.1194023589133425e-17
-25   +2.1607619679181084e-18  -1.9145210573092216e-17
-24   +3.6282942537516733e-18  -1.6422198483937119e-17
-23   +3.9833827033799339e-17  -1.4032527491708413e-16
-22   +1.5259134691035390e-16  -4.5555723629495941e-16
-21   +5.8694883726702691e-16  -1.7771358755246125e-15
-20   +2.2201231183159004e-15  -6.6213786983744201e-15
-19   +8.5291566138913544e-15  -2.5288399191605251e-14
-18   +3.2440137486087822e-14  -9.5684047706311672e-14
-17   +1.2326149857005105e-13  -3.6222264186928841e-13
-16   +4.6790245321459032e-13  -1.3690428702520817e-12
-15   +1.7750171272639752e-12  -5.1681554037571624e-12
-14   +6.7276996782887577e-12  -1.9481411690637706e-11
-13   +2.5477408880845692e-11  -7.3320320771990582e-11
-12   +9.6394693352377510e-11  -2.7546821428515738e-10
-11   +3.6438829562544230e-10  -1.0329680922235132e-09
-10   +1.3762974258069700e-09  -3.8653531570324227e-09
 -9   +5.1946502353453512e-09  -1.4431066568515703e-08
 -8   +1.9598628766896043e-08  -5.3746908126349094e-08
 -7   +7.3955441170511466e-08  -1.9968096208213670e-07
 -6   +2.7946559605970874e-07  -7.4028788374946843e-07
 -5   +1.0598240451929982e-06  -2.7408441086097214e-06
 -4   +4.0602717990408454e-06  -1.0179616749083604e-05
 -3   +1.5790919720382531e-05  -3.7928665755970074e-05
 -2   +6.7683929778675014e-05  -1.5253612711327950e-04
 -1   +1.4943919695685157e-05  -2.6622068663256677e-05
 +0   -9.6490938375557289e-01  +0.0000000000000000e+00
 +1   +1.4943919695685157e-05  +2.6622068663256677e-05
 +2   +6.7683929778675014e-05  +1.5253612711327950e-04
 +3   +1.5790919720382531e-05  +3.7928665755970074e-05
 +4   +4.0602717990408454e-06  +1.0179616749083604e-05
 +5   +1.0598240451929982e-06  +2.7408441086097214e-06
 +6   +2.7946559605970874e-07  +7.4028788374946843e-07
 +7   +7.3955441170511466e-08  +1.9968096208213670e-07
 +8   +1.9598628766896043e-08  +5.3746908126349094e-08
 +9   +5.1946502353453512e-09  +1.4431066568515703e-08
+10   +1.3762974258069700e-09  +3.8653531570324227e-09
+11   +3.6438829562544230e-10  +1.0329680922235132e-09
+12   +9.6394693352377510e-11  +2.7546821428515738e-10
+13   +2.5477408880845692e-11  +7.3320320771990582e-11
+14   +6.7276996782887577e-12  +1.9481411690637706e-11
+15   +1.7750171272639752e-12  +5.1681554037571624e-12
+16   +4.6790245321459032e-13  +1.3690428702520817e-12
+17   +1.2326149857005105e-13  +3.6222264186928841e-13
+18   +3.2440137486087822e-14  +9.5684047706311672e-14
+19   +8.5291566138913544e-15  +2.5288399191605251e-14
+20   +2.2201231183159004e-15  +6.6213786983744201e-15
+21   +5.8694883726702691e-16  +1.7771358755246125e-15
+22   +1.5259134691035390e-16  +4.5555723629495941e-16
+23   +3.9833827033799339e-17  +1.4032527491708413e-16
+24   +3.6282942537516733e-18  +1.6422198483937119e-17
+25   +2.1607619679181084e-18  +1.9145210573092216e-17
+26   -4.4955363405355911e-19  -1.1194023589133425e-17
+27   +6.2528420747017642e-18  +1.6547767487187959e-17
+28   -1.9753549751404721e-18  -1.5528780866689162e-17
+29   +1.0516537972044216e-17  +1.5728390605735304e-17
+30   -3.7905385100495451e-17  -2.3102411457517056e-17

