-30   +5.4314984691804688e-17  -1.3020278676704206e-16
-29   -5.4925826242571438e-17  +1.3662791115538372e-16
-28   +5.4285499093624698e-17  -1.4032988983482362e-16
-27   -5.4209762625256626e-17  +1.4772489558014990e-16
-26   +5.7024422060065307e-17  -1.5426902650491011e-16
-25   -4.9965832375432299e-17  +1.5521042803443764e-16
-24   +7.9177165075491947e-17  -1.8007100130575413e-16
-23   +4.2812038847949268e-17  +1.2366845892813133e-16
-22   +4.2209316458060850e-16  -3.7179411338705700e-16
-21   +1.3415771698365775e-15  -5.1778149881991874e-16
-20   +5.3658376251053390e-15  -2.8984645487543371e-15
-19   +2.0147103250840087e-14  -9.9904331426786825e-15
-18   +7.6781472993997042e-14  -3.8821567967076323e-14
-17   +2.9110605152312925e-13  -1.4559156902197954e-13
-16   +1.1039235891855958e-12  -5.5048873994178344e-13
-15   +4.1808890463010775e-12  -2.0725525090185761e-12
-14   +1.5818730365653413e-11  -7.7953560654832032e-12
-13   +5.9782002325783318e-11  -2.9256078859298532e-11
-12   +2.2565267350948743e-10  -1.0955983315380167e-10
-11   +8.5063678780862717e-10  -4.0922962524130298e-10
-10   +3.2022355012933338e-09  -1.5240591720303347e-09
 -9   +1.2037925935752613e-08  -5.6563900637137477e-09
 -8   +4.5191380451797017e-08  -2.0908085942214375e-08
 -7   +1.6944806918998119e-07  -7.6908976082071441e-08
 -6   +6.3494194163694521e-07  -2.8126054621113004e-07
 -5   +2.3797650419083372e-06  -1.0208816178754653e-06
 -4   +8.9572541448806477e-06  -3.6750297853658716e-06
 -3   +3.3808893732848794e-05  -1.2948643322505956e-05
 -2   +1.3600574253831368e-04  -4.5932072457785601e-05
 -1   +2.4441145944322354e-05  -3.3586377682166402e-06
 +0   -1.4897978241433102e-01  +0.0000000000000000e+00
 +1   +2.4441145944322354e-05  +3.3586377682166402e-06
 +2   +1.3600574253831368e-04  +4.5932072457785601e-05
 +3   +3.3808893732848794e-05  +1.2948643322505956e-05
 +4   +8.9572541448806477e-06  +3.6750297853658716e-06
 +5   +2.3797650419083372e-06  +1.0208816178754653e-06
 +6   +6.3494194163694521e-07  +2.8126054621113004e-07
 +7   +1.6944806918998119e-07  +7.6908976082071441e-08
 +8   +4.5191380451797017e-08  +2.0908085942214375e-08
 +9   +1.2037925935752613e-08  +5.6563900637137477e-09
+10   +3.2022355012933338e-09  +1.5240591720303347e-09
+11   +8.5063678780862717e-10  +4.0922962524130298e-10
+12   +2.2565267350948743e-10  +1.0955983315380167e-10
+13   +5.9782002325783318e-11  +2.9256078859298532e-11
+14   +1.5818730365653413e-11  +7.7953560654832032e-12
+15   +4.1808890463010775e-12  +2.0725525090185761e-12
+16   +1.1039235891855958e-12  +5.5048873994178344e-13
+17   +2.9110605152312925e-13  +1.4559156902197954e-13
+18   +7.6781472993997042e-14  +3.8821567967076323e-14
+19   +2.0147103250840087e-14  +9.9904331426786825e-15
+20   +5.3658376251053390e-15  +2.8984645487543371e-15
+21   +1.3415771698365775e-15  +5.1778149881991874e-16
+22   +4.2209316458060850e-16  +3.7179411338705700e-16
+23   +4.2812038847949268e-17  -1.2366845892813133e-16
+24   +7.9177165075491947e-17  +1.8007100130575413e-16
+25   -4.9965832375432299e-17  -1.5521042803443764e-16
+26   +5.7024422060065307e-17  +1.5426902650491011e-16
+27   -5.4209762625256626e-17  -1.4772489558014990e-16
+28   +5.4285499093624698e-17  +1.4032988983482362e-16
+29   -5.4925826242571438e-17  -1.3662791115538372e-16
+30   +5.4314984691804688e-17  +1.3020278676704206e-16

