-30   -3.5737539791301943e-17  +4.0073230390213216e-17
-29   +1.3670756144433036e-17  -2.2391525415406635e-17
-28   -3.0726777444503877e-18  +2.4415434119202817e-17
-27   -4.0628504047773370e-18  -2.7430449852653625e-17
-26   -1.9333456233232086e-18  +2.6841232521181481e-17
-25   +2.1136611940551204e-17  -1.7107662091198968e-17
-24   -4.4941302651340061e-18  +2.4034711221063829e-17
-23   +1.2699753414675707e-19  -4.5127165239941601e-17
-22   -1.3936767123085582e-17  -1.1753880147660429e-17
-21   +7.0052842808864232e-18  -1.9338733706330895e-16
-20   -1.2819751242557142e-17  -6.1113498988557969e-16
-19   +2.2201882025734228e-17  -2.6195665830079755e-15
-18   +1.0199097724735821e-16  -1.0244805096736885e-14
-17   +4.1029485558966590e-16  -4.1149737093289362e-14
-16   +1.6528304272841063e-15  -1.6454630929048208e-13
-15   +7.1043666243121951e-15  -6.6047299511027077e-13
-14   +3.0595294927497781e-14  -2.6566248170496485e-12
-13   +1.3288513075537709e-13  -1.0717816432458104e-11
-12   +5.8261198941007314e-13  -4.3384827807057794e-11
-11   +2.5824692969848568e-12  -1.7632499424916776e-10
-10   +1.1598572726772486e-11  -7.2008713144200047e-10
 -9   +5.2932495886600664e-11  -2.9581830897814611e-09
 -8   +2.4642524192582902e-10  -1.2243179710337237e-08
 -7   +1.1766857338635685e-09  -5.1156820793327037e-08
 -6   +5.8112865668045781e-09  -2.1653995202253467e-07
 -5   +3.0040878160917028e-08  -9.3252826479935103e-07
 -4   +1.6659412832131843e-07  -4.1337127302641990e-06
 -3   +1.0156154452648732e-06  -1.8860979165334930e-05
 -2   +7.9574589279217932e-06  -9.7835639590337385e-05
 -1   +1.2234846814020366e-05  -7.2268907797563893e-05
 +0   -9.9650397269893010e-01  +0.0000000000000000e+00
 +1   +1.2234846814020366e-05  +7.2268907797563893e-05
 +2   +7.9574589279217932e-06  +9.7835639590337385e-05
 +3   +1.0156154452648732e-06  +1.8860979165334930e-05
 +4   +1.6659412832131843e-07  +4.1337127302641990e-06
 +5   +3.0040878160917028e-08  +9.3252826479935103e-07
 +6   +5.8112865668045781e-09  +2.1653995202253467e-07
 +7   +1.1766857338635685e-09  +5.1156820793327037e-08
 +8   +2.4642524192582902e-10  +1.2243179710337237e-08
 +9   +5.2932495886600664e-11  +2.9581830897814611e-09
+10   +1.1598572726772486e-11  +7.2008713144200047e-10
+11   +2.5824692969848568e-12  +1.7632499424916776e-10
+12   +5.8261198941007314e-13  +4.3384827807057794e-11
+13   +1.3288513075537709e-13  +1.0717816432458104e-11
+14   +3.0595294927497781e-14  +2.6566248170496485e-12
+15   +7.1043666243121951e-15  +6.6047299511027077e-13
+16   +1.6528304272841063e-15  +1.6454630929048208e-13
+17   +4.1029485558966590e-16  +4.1149737093289362e-14
+18   +1.0199097724735821e-16  +1.0244805096736885e-14
+19   +2.2201882025734228e-17  +2.6195665830079755e-15
+20   -1.2819751242557142e-17  +6.1113498988557969e-16
+21   +7.0052842808864232e-18  +1.9338733706330895e-16
+22   -1.3936767123085582e-17  +1.1753880147660429e-17
+23   +1.2699753414675707e-19  +4.5127165239941601e-17
+24   -4.4941302651340061e-18  -2.4034711221063829e-17
+25   +2.1136611940551204e-17  +1.7107662091198968e-17
+26   -1.9333456233232086e-18  -2.6841232521181481e-17
+27   -4.0628504047773370e-18  +2.7430449852653625e-17
+28   -3.0726777444503877e-18  -2.4415434119202817e-17
+29   +1.3670756144433036e-17  +2.2391525415406635e-17
+30   -3.5737539791301943e-17  -4.0073230390213216e-17

