-30   -4.3356906186556726e-18  +1.4802973668701030e-17
-29   +3.6024644202751673e-18  -2.1033992395021810e-17
-28   -9.3255039945180651e-18  +2.4873528995342648e-17
-27   +2.4205534057563989e-17  -2.2529357841491724e-17
-26   -1.0190480370286152e-17  +2.4792828346151769e-17
-25   +4.7616878338158819e-18  -1.7617738902450107e-17
-24   -1.0561072765730194e-17  +2.2643586864659338e-17
-23   +1.2904345680944095e-17  -3.9232031883924343e-17
-22   -8.3494491897950932e-18  -1.1326804966294335e-17
-21   +4.0539444559492177e-18  -1.9212515997363867e-16
-20   +2.5639502485114151e-17  -5.9289697423129990e-16
-19   -1.0610200617600234e-17  -2.6144467647727598e-15
-18   -1.1059438768422059e-16  -1.0246613630479883e-14
-17   -3.9622621819065361e-16  -4.1143113744885548e-14
-16   -1.6659539055332655e-15  -1.6455117231718401e-13
-15   -7.0976023506072260e-15  -6.6047372577324943e-13
-14   -3.0610130020030696e-14  -2.6566267518270549e-12
-13   -1.3286585079863654e-13  -1.0717805721574254e-11
-12   -5.8262135100962873e-13  -4.3384829555248449e-11
-11   -2.5824513819061509e-12  -1.7632498140717686e-10
-10   -1.1598627115764487e-11  -7.2008711344268248e-10
 -9   -5.2932472202581305e-11  -2.9581830792387960e-09
 -8   -2.4642526152961207e-10  -1.2243179708718547e-08
 -7   -1.1766857168845061e-09  -5.1156820774417694e-08
 -6   -5.8112865888649035e-09  -2.1653995201941547e-07
 -5   -3.0040878146805850e-08  -9.3252826478430518e-07
 -4   -1.6659412833708465e-07  -4.1337127302645438e-06
 -3   -1.0156154452556833e-06  -1.8860979165287038e-05
 -2   -7.9574589279356184e-06  -9.7835639590340137e-05
 -1   -1.2234846814045601e-05  -7.2268907797420941e-05
 +0   +9.9650397269892965e-01  +0.0000000000000000e+00
 +1   -1.2234846814045601e-05  +7.2268907797420941e-05
 +2   -7.9574589279356184e-06  +9.7835639590340137e-05
 +3   -1.0156154452556833e-06  +1.8860979165287038e-05
 +4   -1.6659412833708465e-07  +4.1337127302645438e-06
 +5   -3.0040878146805850e-08  +9.3252826478430518e-07
 +6   -5.8112865888649035e-09  +2.1653995201941547e-07
 +7   -1.1766857168845061e-09  +5.1156820774417694e-08
 +8   -2.4642526152961207e-10  +1.2243179708718547e-08
 +9   -5.2932472202581305e-11  +2.9581830792387960e-09
+10   -1.1598627115764487e-11  +7.2008711344268248e-10
+11   -2.5824513819061509e-12  +1.7632498140717686e-10
+12   -5.8262135100962873e-13  +4.3384829555248449e-11
+13   -1.3286585079863654e-13  +1.0717805721574254e-11
+14   -3.0610130020030696e-14  +2.6566267518270549e-12
+15   -7.0976023506072260e-15  +6.6047372577324943e-13
+16   -1.6659539055332655e-15  +1.6455117231718401e-13
+17   -3.9622621819065361e-16  +4.1143113744885548e-14
+18   -1.1059438768422059e-16  +1.0246613630479883e-14
+19   -1.0610200617600234e-17  +2.6144467647727598e-15
+20   +2.5639502485114151e-17  +5.9289697423129990e-16
+21   +4.0539444559492177e-18  +1.9212515997363867e-16
+22   -8.3494491897950932e-18  +1.1326804966294335e-17
+23   +1.2904345680944095e-17  +3.9232031883924343e-17
+24   -1.0561072765730194e-17  -2.2643586864659338e-17
+25   +4.7616878338158819e-18  +1.7617738902450107e-17
+26   -1.0190480370286152e-17  -2.4792828346151769e-17
+27   +2.4205534057563989e-17  +2.2529357841491724e-17
+28   -9.3255039945180651e-18  -2.4873528995342648e-17
+29   +3.6024644202751673e-18  +2.1033992395021810e-17
+30   -4.3356906186556726e-18  -1.4802973668701030e-17

