-30   +2.3923331171586145e-18  -1.4671470718357044e-18
-29   -2.3520072531605364e-18  +1.5704172757122065e-18
-28   +3.4787222410881145e-18  -3.8988837024696005e-18
-27   -4.7943862177254792e-18  +6.1242645715904254e-18
-26   +3.5091043746903136e-18  -6.0165373138444592e-18
-25   +7.6665675769516112e-18  +8.1854904384409351e-18
-24   +3.7678406840216571e-17  +9.1735148548634083e-19
-23   +1.2305009410305382e-16  +5.3168298459135695e-17
-22   +4.8658711767622148e-16  +1.5719092670901053e-16
-21   +1.8322789791066809e-15  +6.2088340900751706e-16
-20   +6.9908326439684409e-15  +2.3571787062717724e-15
-19   +2.6558670072565039e-14  +9.0296213987549494e-15
-18   +1.0084369110284784e-13  +3.4390831771940988e-14
-17   +3.8260032923271418e-13  +1.3115389744501105e-13
-16   +1.4502482619078603e-12  +4.9969761242283453e-13
-15   +5.4914423276030518e-12  +1.9034311190311240e-12
-14   +2.0770997506587715e-11  +7.2479865317492115e-12
-13   +7.8471625677683423e-11  +2.7593352588048337e-11
-12   +2.9608190217728264e-10  +1.0503854418633174e-10
-11   +1.1156122585981973e-09  +3.9988897792009846e-10
-10   +4.1973751695002196e-09  +1.5230476408001763e-09
 -9   +1.5767930689248130e-08  +5.8061317126639298e-09
 -8   +5.9142220823715280e-08  +2.2172308805085583e-08
 -7   +2.2150411333655611e-07  +8.4928209468730267e-08
 -6   +8.2871270963839311e-07  +3.2706880037945320e-07
 -5   +3.0990912574202910e-06  +1.2710749440191700e-06
 -4   +1.1624212992398835e-05  +5.0329596631090180e-06
 -3   +4.3609023863891700e-05  +2.0412952893719880e-05
 -2   +1.7308111909290712e-04  +9.2641262002138148e-05
 -1   +2.8640771049570244e-05  +3.3996427065673594e-05
 +0   -1.9642069927265923e-01  +0.0000000000000000e+00
 +1   +2.8640771049570244e-05  -3.3996427065673594e-05
 +2   +1.7308111909290712e-04  -9.2641262002138148e-05
 +3   +4.3609023863891700e-05  -2.0412952893719880e-05
 +4   +1.1624212992398835e-05  -5.0329596631090180e-06
 +5   +3.0990912574202910e-06  -1.2710749440191700e-06
 +6   +8.2871270963839311e-07  -3.2706880037945320e-07
 +7   +2.2150411333655611e-07  -8.4928209468730267e-08
 +8   +5.9142220823715280e-08  -2.2172308805085583e-08
 +9   +1.5767930689248130e-08  -5.8061317126639298e-09
+10   +4.1973751695002196e-09  -1.5230476408001763e-09
+11   +1.1156122585981973e-09  -3.9988897792009846e-10
+12   +2.9608190217728264e-10  -1.0503854418633174e-10
+13   +7.8471625677683423e-11  -2.7593352588048337e-11
+14   +2.0770997506587715e-11  -7.2479865317492115e-12
+15   +5.4914423276030518e-12  -1.9034311190311240e-12
+16   +1.4502482619078603e-12  -4.9969761242283453e-13
+17   +3.8260032923271418e-13  -1.3115389744501105e-13
+18   +1.0084369110284784e-13  -3.4390831771940988e-14
+19   +2.6558670072565039e-14  -9.0296213987549494e-15
+20   +6.9908326439684409e-15  -2.3571787062717724e-15
+21   +1.8322789791066809e-15  -6.2088340900751706e-16
+22   +4.8658711767622148e-16  -1.5719092670901053e-16
+23   +1.2305009410305382e-16  -5.3168298459135695e-17
+24   +3.7678406840216571e-17  -9.1735148548634083e-19
+25   +7.6665675769516112e-18  -8.1854904384409351e-18
+26   +3.5091043746903136e-18  +6.0165373138444592e-18
+27   -4.7943862177254792e-18  -6.1242645715904254e-18
+28   +3.4787222410881145e-18  +3.8988837024696005e-18
+29   -2.3520072531605364e-18  -1.5704172757122065e-18
+30   +2.3923331171586145e-18  +1.4671470718357044e-18

