-30   -2.1678453986857298e-18  +1.5700924606020259e-17
-29   +1.0780426478095775e-17  -9.3240337338547204e-18
-28   -2.0738965905985841e-18  +1.5937451041829199e-17
-27   +1.8027965295217715e-17  -1.2119843163058933e-17
-26   -8.8011420150501099e-18  +4.1523448378700668e-18
-25   -5.6742910271913317e-18  -2.2249491942120991e-17
-24   +2.2650421296094120e-18  -2.8264300183956913e-17
-23   +3.5228322258935405e-17  -1.4380507996594617e-16
-22   +1.5318322858679034e-16  -4.4565104820553773e-16
-21   +6.1111912360201809e-16  -1.7649830493520324e-15
-20   +2.2753685681243518e-15  -6.6213786983744193e-15
-19   +8.5463069764753075e-15  -2.5278066640617951e-14
-18   +3.2435066123213949e-14  -9.5690732860190341e-14
-17   +1.2325715411543160e-13  -3.6222794840434976e-13
-16   +4.6789461885354296e-13  -1.3690340259845430e-12
-15   +1.7750165406794782e-12  -5.1681547236724101e-12
-14   +6.7277111587793009e-12  -1.9481429409983635e-11
-13   +2.5477415313622624e-11  -7.3320308990347748e-11
-12   +9.6394675904856808e-11  -2.7546820179324596e-10
-11   +3.6438829171578528e-10  -1.0329681173008653e-09
-10   +1.3762974238372495e-09  -3.8653531684237403e-09
 -9   +5.1946502576984075e-09  -1.4431066589233368e-08
 -8   +1.9598628778411959e-08  -5.3746908113356979e-08
 -7   +7.3955441174834603e-08  -1.9968096206847440e-07
 -6   +2.7946559606938059e-07  -7.4028788374229141e-07
 -5   +1.0598240451927697e-06  -2.7408441086215282e-06
 -4   +4.0602717990055004e-06  -1.0179616749023685e-05
 -3   +1.5790919720370351e-05  -3.7928665756022326e-05
 -2   +6.7683929778682196e-05  -1.5253612711328392e-04
 -1   +1.4943919695589016e-05  -2.6622068663147610e-05
 +0   -9.6490938375557245e-01  +0.0000000000000000e+00
 +1   +1.4943919695589016e-05  +2.6622068663147610e-05
 +2   +6.7683929778682196e-05  +1.5253612711328392e-04
 +3   +1.5790919720370351e-05  +3.7928665756022326e-05
 +4   +4.0602717990055004e-06  +1.0179616749023685e-05
 +5   +1.0598240451927697e-06  +2.7408441086215282e-06
 +6   +2.7946559606938059e-07  +7.4028788374229141e-07
 +7   +7.3955441174834603e-08  +1.9968096206847440e-07
 +8   +1.9598628778411959e-08  +5.3746908113356979e-08
 +9   +5.1946502576984075e-09  +1.4431066589233368e-08
+10   +1.3762974238372495e-09  +3.8653531684237403e-09
+11   +3.6438829171578528e-10  +1.0329681173008653e-09
+12   +9.6394675904856808e-11  +2.7546820179324596e-10
+13   +2.5477415313622624e-11  +7.3320308990347748e-11
+14   +6.7277111587793009e-12  +1.9481429409983635e-11
+15   +1.7750165406794782e-12  +5.1681547236724101e-12
+16   +4.6789461885354296e-13  +1.3690340259845430e-12
+17   +1.2325715411543160e-13  +3.6222794840434976e-13
+18   +3.2435066123213949e-14  +9.5690732860190341e-14
+19   +8.5463069764753075e-15  +2.5278066640617951e-14
+20   +2.2753685681243518e-15  +6.6213786983744193e-15
+21   +6.1111912360201809e-16  +1.7649830493520324e-15
+22   +1.5318322858679034e-16  +4.4565104820553773e-16
+23   +3.5228322258935405e-17  +1.4380507996594617e-16
+24   +2.2650421296094120e-18  +2.8264300183956913e-17
+25   -5.6742910271913317e-18  +2.2249491942120991e-17
+26   -8.8011420150501099e-18  -4.1523448378700668e-18
+27   +1.8027965295217715e-17  +1.2119843163058933e-17
+28   -2.0738965905985841e-18  -1.5937451041829199e-17
+29   +1.0780426478095775e-17  +9.3240337338547204e-18
+30   -2.1678453986857298e-18  -1.5700924606020259e-17

