-30   -1.5793910455322524e-18  +7.3549938998290198e-18
-29   +2.0100839167588757e-18  -6.6467475303805251e-18
-28   -2.6626938026742680e-18  +3.7726039628265297e-18
-27   +5.4878117767901973e-18  -6.5572822258771446e-18
-26   -3.6308345569537853e-18  +4.2643127934864844e-18
-25   +8.3240531569959663e-19  -6.6087616811546116e-18
-24   -1.9581318946711816e-19  +5.6016319485551896e-18
-23   +3.3566261913624794e-19  -9.3024007642444751e-18
-22   -5.5405458226725618e-19  +5.4940780417927274e-18
-21   +8.5725848877947573e-18  -1.3656549804685483e-17
-20   +1.2390370993480712e-17  -1.6768397460363241e-17
-19   +4.1881773831883063e-17  -1.2053380905847870e-16
-18   +1.5762090355280161e-16  -4.4669571029642644e-16
-17   +6.4702334762303420e-16  -1.8470242359579590e-15
-16   +2.6106083967699198e-15  -7.3811884000416359e-15
-15   +1.0644931353033430e-14  -2.9881572782807246e-14
-14   +4.3529713668124639e-14  -1.2112144025456156e-13
-13   +1.7895277962492089e-13  -4.9321611954434257e-13
-12   +7.4026195486524244e-13  -2.0178120063100651e-12
-11   +3.0855002124730050e-12  -8.3031932001468534e-12
-10   +1.2981465854386285e-11  -3.4409018504375875e-11
 -9   +5.5263532165862749e-11  -1.4385787229319918e-10
 -8   +2.3887201892566679e-10  -6.0828341642411044e-10
 -7   +1.0536236317776744e-09  -2.6107101014149015e-09
 -6   +4.7798239442096925e-09  -1.1437710388208616e-08
 -5   +2.2577860285636580e-08  -5.1604944771488646e-08
 -4   +1.1376253987860403e-07  -2.4402724704137249e-07
 -3   +6.3240381825938653e-07  -1.2395503889116690e-06
 -2   +4.5216932244498340e-06  -7.6463878656838551e-06
 -1   +3.4217732533419238e-06  -3.1051016259074891e-06
 +0   -1.7361621557091772e-01  +0.0000000000000000e+00
 +1   +3.4217732533419238e-06  +3.1051016259074891e-06
 +2   +4.5216932244498340e-06  +7.6463878656838551e-06
 +3   +6.3240381825938653e-07  +1.2395503889116690e-06
 +4   +1.1376253987860403e-07  +2.4402724704137249e-07
 +5   +2.2577860285636580e-08  +5.1604944771488646e-08
 +6   +4.7798239442096925e-09  +1.1437710388208616e-08
 +7   +1.0536236317776744e-09  +2.6107101014149015e-09
 +8   +2.3887201892566679e-10  +6.0828341642411044e-10
 +9   +5.5263532165862749e-11  +1.4385787229319918e-10
+10   +1.2981465854386285e-11  +3.4409018504375875e-11
+11   +3.0855002124730050e-12  +8.3031932001468534e-12
+12   +7.4026195486524244e-13  +2.0178120063100651e-12
+13   +1.7895277962492089e-13  +4.9321611954434257e-13
+14   +4.3529713668124639e-14  +1.2112144025456156e-13
+15   +1.0644931353033430e-14  +2.9881572782807246e-14
+16   +2.6106083967699198e-15  +7.3811884000416359e-15
+17   +6.4702334762303420e-16  +1.8470242359579590e-15
+18   +1.5762090355280161e-16  +4.4669571029642644e-16
+19   +4.1881773831883063e-17  +1.2053380905847870e-16
+20   +1.2390370993480712e-17  +1.6768397460363241e-17
+21   +8.5725848877947573e-18  +1.3656549804685483e-17
+22   -5.5405458226725618e-19  -5.4940780417927274e-18
+23   +3.3566261913624794e-19  +9.3024007642444751e-18
+24   -1.9581318946711816e-19  -5.6016319485551896e-18
+25   +8.3240531569959663e-19  +6.6087616811546116e-18
+26   -3.6308345569537853e-18  -4.2643127934864844e-18
+27   +5.4878117767901973e-18  +6.5572822258771446e-18
+28   -2.6626938026742680e-18  -3.7726039628265297e-18
+29   +2.0100839167588757e-18  +6.6467475303805251e-18
+30   -1.5793910455322524e-18  -7.3549938998290198e-18

