-30   +8.9343849428613352e-18  -2.6803154833587457e-17
-29   -5.1128168489480815e-18  +8.8952255603444243e-18
-28   +4.3329055972192749e-18  -6.8239871174294486e-18
-27   -2.7769992416587588e-18  +1.8762906979121744e-17
-26   +5.2154812036653611e-18  -2.5220856577204509e-17
-25   +3.8479791968881673e-18  +2.8172185258292090e-17
-24   +1.7781626505132953e-17  -2.5604104254933290e-17
-23   -2.6112214103840237e-18  +2.1313693562152779e-17
-22   -3.8712694681706279e-18  -1.1330118887595177e-17
-21   -1.0198795726235974e-17  +2.1458339806465434e-17
-20   -2.3921981488808657e-17  -9.9161120955582928e-19
-19   -1.1064224257914036e-16  -2.3917789049328050e-17
-18   -4.3128282637999211e-16  -1.6660758533440669e-16
-17   -1.7467594265041036e-15  -5.7294662241041754e-16
-16   -6.9813359865484226e-15  -2.4752904894983889e-15
-15   -2.8146514671414137e-14  -9.9087243656156024e-15
-14   -1.1369025740840926e-13  -4.0470603199158180e-14
-13   -4.6118603858201637e-13  -1.6543536415952368e-13
-12   -1.8790426448573712e-12  -6.8052361497769783e-13
-11   -7.6961518988123722e-12  -2.8173349416379061e-12
-10   -3.1725932000339190e-11  -1.1760257507636420e-11
 -9   -1.3185124422179102e-10  -4.9599255369725957e-11
 -8   -5.5374819421535518e-10  -2.1199907048524249e-10
 -7   -2.3584426246922991e-09  -9.2240721366594381e-10
 -6   -1.0243795566812520e-08  -4.1142318132007048e-09
 -5   -4.5787862167322467e-08  -1.9025805881616772e-08
 -4   -2.1457183753021633e-07  -9.3290757431149369e-08
 -3   -1.0834761178335784e-06  -5.0268114636889553e-07
 -2   -6.7649512321070732e-06  -3.4815291495387615e-06
 -1   -2.7258323220787101e-06  -1.9382141899065642e-06
 +0   -5.5352537056663098e-01  +0.0000000000000000e+00
 +1   -2.7258323220787101e-06  +1.9382141899065642e-06
 +2   -6.7649512321070732e-06  +3.4815291495387615e-06
 +3   -1.0834761178335784e-06  +5.0268114636889553e-07
 +4   -2.1457183753021633e-07  +9.3290757431149369e-08
 +5   -4.5787862167322467e-08  +1.9025805881616772e-08
 +6   -1.0243795566812520e-08  +4.1142318132007048e-09
 +7   -2.3584426246922991e-09  +9.2240721366594381e-10
 +8   -5.5374819421535518e-10  +2.1199907048524249e-10
 +9   -1.3185124422179102e-10  +4.9599255369725957e-11
+10   -3.1725932000339190e-11  +1.1760257507636420e-11
+11   -7.6961518988123722e-12  +2.8173349416379061e-12
+12   -1.8790426448573712e-12  +6.8052361497769783e-13
+13   -4.6118603858201637e-13  +1.6543536415952368e-13
+14   -1.1369025740840926e-13  +4.0470603199158180e-14
+15   -2.8146514671414137e-14  +9.9087243656156024e-15
+16   -6.9813359865484226e-15  +2.4752904894983889e-15
+17   -1.7467594265041036e-15  +5.7294662241041754e-16
+18   -4.3128282637999211e-16  +1.6660758533440669e-16
+19   -1.1064224257914036e-16  +2.3917789049328050e-17
+20   -2.3921981488808657e-17  +9.9161120955582928e-19
+21   -1.0198795726235974e-17  -2.1458339806465434e-17
+22   -3.8712694681706279e-18  +1.1330118887595177e-17
+23   -2.6112214103840237e-18  -2.1313693562152779e-17
+24   +1.7781626505132953e-17  +2.5604104254933290e-17
+25   +3.8479791968881673e-18  -2.8172185258292090e-17
+26   +5.2154812036653611e-18  +2.5220856577204509e-17
+27   -2.7769992416587588e-18  -1.8762906979121744e-17
+28   +4.3329055972192749e-18  +6.8239871174294486e-18
+29   -5.1128168489480815e-18  -8.8952255603444243e-18
+30   +8.9343849428613352e-18  +2.6803154833587457e-17

