-30   -4.5889218334690514e-16  +1.1540685558850843e-15
-29   +4.6984122373422232e-16  -1.1768998706690318e-15
-28   -4.5278742737148300e-16  +1.2195099464155505e-15
-27   +4.6443314710067058e-16  -1.2616863451502785e-15
-26   -4.7344100027157136e-16  +1.3083658653610951e-15
-25   +4.7356090030498475e-16  -1.3785372936969479e-15
-24   -4.5617581635761622e-16  +1.4520055207932108e-15
-23   +5.1059899851378106e-16  -1.3865647112544110e-15
-22   -2.5353245173719872e-16  +1.9703177266096514e-15
-21   +1.1988000976330592e-15  -2.0498199269599704e-16
-20   +2.3575629510280809e-15  +7.3198797106565123e-15
-19   +1.1193413170791127e-14  +1.9536857148729341e-14
-18   +4.0182721426329174e-14  +8.3313575625737465e-14
-17   +1.5450557745595552e-13  +3.0783853359506637e-13
-16   +5.8230532743181416e-13  +1.1813494226555590e-12
-15   +2.2024514388774861e-12  +4.4823409421449534e-12
-14   +8.3081135852421833e-12  +1.7050287070606466e-11
-13   +3.1300716986518111e-11  +6.4771249703469732e-11
-12   +1.1770205955723371e-10  +2.4601730031891722e-10
-11   +4.4170326431776950e-10  +9.3411845360331910e-10
-10   +1.6536443863326453e-09  +3.5466823033488191e-09
 -9   +6.1736685396849930e-09  +1.3470035611647577e-08
 -8   +2.2971794294577316e-08  +5.1204111752829581e-08
 -7   +8.5123557823490391e-08  +1.9501049100282415e-07
 -6   +3.1376536068854613e-07  +7.4548412463812583e-07
 -5   +1.1476742833518412e-06  +2.8685642286160871e-06
 -4   +4.1518039876836275e-06  +1.1199985141024381e-05
 -3   +1.4558387535140483e-05  +4.4434493770957256e-05
 -2   +4.8843234348920139e-05  +1.9388137200776698e-04
 -1   -3.5859660443401766e-06  +7.0724208429999818e-05
 +0   -1.2721739595483816e+00  +0.0000000000000000e+00
 +1   -3.5859660443401766e-06  -7.0724208429999818e-05
 +2   +4.8843234348920139e-05  -1.9388137200776698e-04
 +3   +1.4558387535140483e-05  -4.4434493770957256e-05
 +4   +4.1518039876836275e-06  -1.1199985141024381e-05
 +5   +1.1476742833518412e-06  -2.8685642286160871e-06
 +6   +3.1376536068854613e-07  -7.4548412463812583e-07
 +7   +8.5123557823490391e-08  -1.9501049100282415e-07
 +8   +2.2971794294577316e-08  -5.1204111752829581e-08
 +9   +6.1736685396849930e-09  -1.3470035611647577e-08
+10   +1.6536443863326453e-09  -3.5466823033488191e-09
+11   +4.4170326431776950e-10  -9.3411845360331910e-10
+12   +1.1770205955723371e-10  -2.4601730031891722e-10
+13   +3.1300716986518111e-11  -6.4771249703469732e-11
+14   +8.3081135852421833e-12  -1.7050287070606466e-11
+15   +2.2024514388774861e-12  -4.4823409421449534e-12
+16   +5.8230532743181416e-13  -1.1813494226555590e-12
+17   +1.5450557745595552e-13  -3.0783853359506637e-13
+18   +4.0182721426329174e-14  -8.3313575625737465e-14
+19   +1.1193413170791127e-14  -1.9536857148729341e-14
+20   +2.3575629510280809e-15  -7.3198797106565123e-15
+21   +1.1988000976330592e-15  +2.0498199269599704e-16
+22   -2.5353245173719872e-16  -1.9703177266096514e-15
+23   +5.1059899851378106e-16  +1.3865647112544110e-15
+24   -4.5617581635761622e-16  -1.4520055207932108e-15
+25   +4.7356090030498475e-16  +1.3785372936969479e-15
+26   -4.7344100027157136e-16  -1.3083658653610951e-15
+27   +4.6443314710067058e-16  +1.2616863451502785e-15
+28   -4.5278742737148300e-16  -1.2195099464155505e-15
+29   +4.6984122373422232e-16  +1.1768998706690318e-15
+30   -4.5889218334690514e-16  -1.1540685558850843e-15

