-30   -5.4427228565654846e-17  +1.2323101764616969e-16
-29   +5.2221908950881503e-17  -1.2765159849029008e-16
-28   -5.0647748797551031e-17  +1.3206469590924568e-16
-27   +5.2020061829486146e-17  -1.3635161985602055e-16
-26   -5.3292311770717706e-17  +1.3722350970917457e-16
-25   +5.8381702513006468e-17  -1.5260767035260828e-16
-24   -2.5812469205191869e-17  +1.4476201627308702e-16
-23   +1.4490542224388638e-16  -2.1462370319600209e-16
-22   +3.1715965286104997e-16  -2.0070834939155642e-17
-21   +1.4530123692533722e-15  -8.8707883617748872e-16
-20   +5.2647444642328316e-15  -2.5055180019205841e-15
-19   +2.0255838883184734e-14  -1.0402719695566982e-14
-18   +7.6675900749253046e-14  -3.8390871682826383e-14
-17   +2.9120940396266364e-13  -1.4605925591482763e-13
-16   +1.1038137632889210e-12  -5.4999465816401215e-13
-15   +4.1809921350962301e-12  -2.0730796258547228e-12
-14   +1.5818623548007359e-11  -7.7947935596454019e-12
-13   +5.9782107017327722e-11  -2.9256689583351167e-11
-12   +2.2565256457559200e-10  -1.0955917524084248e-10
-11   +8.5063689574646598e-10  -4.0923035499671301e-10
-10   +3.2022353995342606e-09  -1.5240583716337419e-09
 -9   +1.2037926046022863e-08  -5.6563909505613389e-09
 -8   +4.5191380349246520e-08  -2.0908084944379070e-08
 -7   +1.6944806929406396e-07  -7.6908977225220965e-08
 -6   +6.3494194153324678e-07  -2.8126054487713643e-07
 -5   +2.3797650420198431e-06  -1.0208816194797111e-06
 -4   +8.9572541447649668e-06  -3.6750297833565840e-06
 -3   +3.3808893732957831e-05  -1.2948643325177413e-05
 -2   +1.3600574253821643e-04  -4.5932072453778512e-05
 -1   +2.4441145944421213e-05  -3.3586377762339943e-06
 +0   -1.4897978241433052e-01  +0.0000000000000000e+00
 +1   +2.4441145944421213e-05  +3.3586377762339943e-06
 +2   +1.3600574253821643e-04  +4.5932072453778512e-05
 +3   +3.3808893732957831e-05  +1.2948643325177413e-05
 +4   +8.9572541447649668e-06  +3.6750297833565840e-06
 +5   +2.3797650420198431e-06  +1.0208816194797111e-06
 +6   +6.3494194153324678e-07  +2.8126054487713643e-07
 +7   +1.6944806929406396e-07  +7.6908977225220965e-08
 +8   +4.5191380349246520e-08  +2.0908084944379070e-08
 +9   +1.2037926046022863e-08  +5.6563909505613389e-09
+10   +3.2022353995342606e-09  +1.5240583716337419e-09
+11   +8.5063689574646598e-10  +4.0923035499671301e-10
+12   +2.2565256457559200e-10  +1.0955917524084248e-10
+13   +5.9782107017327722e-11  +2.9256689583351167e-11
+14   +1.5818623548007359e-11  +7.7947935596454019e-12
+15   +4.1809921350962301e-12  +2.0730796258547228e-12
+16   +1.1038137632889210e-12  +5.4999465816401215e-13
+17   +2.9120940396266364e-13  +1.4605925591482763e-13
+18   +7.6675900749253046e-14  +3.8390871682826383e-14
+19   +2.0255838883184734e-14  +1.0402719695566982e-14
+20   +5.2647444642328316e-15  +2.5055180019205841e-15
+21   +1.4530123692533722e-15  +8.8707883617748872e-16
+22   +3.1715965286104997e-16  +2.0070834939155642e-17
+23   +1.4490542224388638e-16  +2.1462370319600209e-16
+24   -2.5812469205191869e-17  -1.4476201627308702e-16
+25   +5.8381702513006468e-17  +1.5260767035260828e-16
+26   -5.3292311770717706e-17  -1.3722350970917457e-16
+27   +5.2020061829486146e-17  +1.3635161985602055e-16
+28   -5.0647748797551031e-17  -1.3206469590924568e-16
+29   +5.2221908950881503e-17  +1.2765159849029008e-16
+30   -5.4427228565654846e-17  -1.2323101764616969e-16

