-30   -1.6066486497638904e-16  +3.4997391094447356e-16
-29   +1.5147201667712852e-16  -3.7687665607632313e-16
-28   -1.4995886922567179e-16  +3.8407782823587476e-16
-27   +1.5149594657594883e-16  -4.0564629116826353e-16
-26   -1.5341241098776069e-16  +4.1321972583041365e-16
-25   +1.4596188163204276e-16  -4.3081262500340079e-16
-24   -1.4148644743261006e-16  +4.5919384011297452e-16
-23   +1.4670827313732739e-16  -4.8222701825463932e-16
-22   -1.4342119314156327e-16  +4.9655084494869396e-16
-21   +1.5715410027145798e-16  -5.3167681982294675e-16
-20   -1.1399713609118310e-16  +5.4333549025737701e-16
-19   +2.4033800617152288e-16  -6.3005938252087113e-16
-18   +2.2725397897496569e-16  +4.3707259043008854e-16
-17   +1.6361379856161879e-15  -1.3757829277446290e-15
-16   +5.8707669154184855e-15  -2.1833688715696471e-15
-15   +2.4595586099294900e-14  -1.2345822405300917e-14
-14   +9.9511022591482621e-14  -4.6004232798327736e-14
-13   +4.0826591112449113e-13  -1.9032869139432690e-13
-12   +1.6807051326716004e-12  -7.6880392851317506e-13
-11   +6.9702056768892033e-12  -3.1417421058880161e-12
-10   +2.9147445789860087e-11  -1.2879504142237150e-11
 -9   +1.2318686331321124e-10  -5.3151447836351513e-11
 -8   +5.2776466376958543e-10  -2.2094838119669139e-10
 -7   +2.3022233672073930e-09  -9.2684372637224841e-10
 -6   +1.0296059078816893e-08  -3.9311331108620279e-09
 -5   +4.7709033932996694e-08  -1.6886740764655149e-08
 -4   +2.3390040142525821e-07  -7.3511513882860625e-08
 -3   +1.2447524046378690e-06  -3.1689046596235703e-07
 -2   +8.1998103613137906e-06  -1.2036219491471880e-06
 -1   +5.6192074745897384e-06  +1.4448361928592371e-06
 +0   -4.1983395184893246e-01  +0.0000000000000000e+00
 +1   +5.6192074745897384e-06  -1.4448361928592371e-06
 +2   +8.1998103613137906e-06  +1.2036219491471880e-06
 +3   +1.2447524046378690e-06  +3.1689046596235703e-07
 +4   +2.3390040142525821e-07  +7.3511513882860625e-08
 +5   +4.7709033932996694e-08  +1.6886740764655149e-08
 +6   +1.0296059078816893e-08  +3.9311331108620279e-09
 +7   +2.3022233672073930e-09  +9.2684372637224841e-10
 +8   +5.2776466376958543e-10  +2.2094838119669139e-10
 +9   +1.2318686331321124e-10  +5.3151447836351513e-11
+10   +2.9147445789860087e-11  +1.2879504142237150e-11
+11   +6.9702056768892033e-12  +3.1417421058880161e-12
+12   +1.6807051326716004e-12  +7.6880392851317506e-13
+13   +4.0826591112449113e-13  +1.9032869139432690e-13
+14   +9.9511022591482621e-14  +4.6004232798327736e-14
+15   +2.4595586099294900e-14  +1.2345822405300917e-14
+16   +5.8707669154184855e-15  +2.1833688715696471e-15
+17   +1.6361379856161879e-15  +1.3757829277446290e-15
+18   +2.2725397897496569e-16  -4.3707259043008854e-16
+19   +2.4033800617152288e-16  +6.3005938252087113e-16
+20   -1.1399713609118310e-16  -5.4333549025737701e-16
+21   +1.5715410027145798e-16  +5.3167681982294675e-16
+22   -1.4342119314156327e-16  -4.9655084494869396e-16
+23   +1.4670827313732739e-16  +4.8222701825463932e-16
+24   -1.4148644743261006e-16  -4.5919384011297452e-16
+25   +1.4596188163204276e-16  +4.3081262500340079e-16
+26   -1.5341241098776069e-16  -4.1321972583041365e-16
+27   +1.5149594657594883e-16  +4.0564629116826353e-16
+28   -1.4995886922567179e-16  -3.8407782823587476e-16
+29   +1.5147201667712852e-16  +3.7687665607632313e-16
+30   -1.6066486497638904e-16  -3.4997391094447356e-16

