-30   -8.9584291027695173e-17  +2.0287403295525562e-16
-29   +8.4763907505325619e-17  -2.1660641309625932e-16
-28   -8.5276804889202586e-17  +2.2235943711087570e-16
-27   +8.6098433308688747e-17  -2.3002638095646227e-16
-26   -8.4139064370242558e-17  +2.3707104057685388e-16
-25   +8.7983143397060219e-17  -2.4956411851179192e-16
-24   -8.5646906877716108e-17  +2.6061832132854579e-16
-23   +8.7299010142925402e-17  -2.7168213182401451e-16
-22   -8.2910144032368089e-17  +2.8596091263337784e-16
-21   +7.8302307891847600e-17  -3.0290828003161122e-16
-20   -9.7078089298999640e-17  +3.0064503613584509e-16
-19   +4.5161198382511363e-17  -4.2053783896607992e-16
-18   -2.5738149658710278e-16  +4.7757135303383019e-18
-17   -5.9709816270480635e-16  -1.7748244245095215e-15
-16   -2.8101800250462263e-15  -5.2427364164939096e-15
-15   -1.0849034228506940e-14  -2.3241427625838586e-14
-14   -4.4044694581279966e-14  -9.2104122981124618e-14
-13   -1.7722218889258027e-13  -3.7757736690683196e-13
-12   -7.1760110316997312e-13  -1.5431679711613222e-12
-11   -2.9148126038714755e-12  -6.3574014250902802e-12
-10   -1.1896837428469871e-11  -2.6364776746204504e-11
 -9   -4.8828714961907967e-11  -1.1034089794907294e-10
 -8   -2.0180924656933458e-10  -4.6712843253955528e-10
 -7   -8.4139532737550046e-10  -2.0079173746634312e-09
 -6   -3.5479262290206596e-09  -8.8136086148902135e-09
 -5   -1.5179325847278614e-08  -3.9863211211536376e-08
 -4   -6.6270593146325925e-08  -1.8910967921395349e-07
 -3   -2.9293221475004815e-07  -9.6433800677720931e-07
 -2   -1.3066520541922820e-06  -5.9609692241987058e-06
 -1   +3.2063255663125685e-07  -2.3660217790484624e-06
 +0   -2.2890235417111066e-01  +0.0000000000000000e+00
 +1   +3.2063255663125685e-07  +2.3660217790484624e-06
 +2   -1.3066520541922820e-06  +5.9609692241987058e-06
 +3   -2.9293221475004815e-07  +9.6433800677720931e-07
 +4   -6.6270593146325925e-08  +1.8910967921395349e-07
 +5   -1.5179325847278614e-08  +3.9863211211536376e-08
 +6   -3.5479262290206596e-09  +8.8136086148902135e-09
 +7   -8.4139532737550046e-10  +2.0079173746634312e-09
 +8   -2.0180924656933458e-10  +4.6712843253955528e-10
 +9   -4.8828714961907967e-11  +1.1034089794907294e-10
+10   -1.1896837428469871e-11  +2.6364776746204504e-11
+11   -2.9148126038714755e-12  +6.3574014250902802e-12
+12   -7.1760110316997312e-13  +1.5431679711613222e-12
+13   -1.7722218889258027e-13  +3.7757736690683196e-13
+14   -4.4044694581279966e-14  +9.2104122981124618e-14
+15   -1.0849034228506940e-14  +2.3241427625838586e-14
+16   -2.8101800250462263e-15  +5.2427364164939096e-15
+17   -5.9709816270480635e-16  +1.7748244245095215e-15
+18   -2.5738149658710278e-16  -4.7757135303383019e-18
+19   +4.5161198382511363e-17  +4.2053783896607992e-16
+20   -9.7078089298999640e-17  -3.0064503613584509e-16
+21   +7.8302307891847600e-17  +3.0290828003161122e-16
+22   -8.2910144032368089e-17  -2.8596091263337784e-16
+23   +8.7299010142925402e-17  +2.7168213182401451e-16
+24   -8.5646906877716108e-17  -2.6061832132854579e-16
+25   +8.7983143397060219e-17  +2.4956411851179192e-16
+26   -8.4139064370242558e-17  -2.3707104057685388e-16
+27   +8.6098433308688747e-17  +2.3002638095646227e-16
+28   -8.5276804889202586e-17  -2.2235943711087570e-16
+29   +8.4763907505325619e-17  +2.1660641309625932e-16
+30   -8.9584291027695173e-17  -2.0287403295525562e-16

