-30   -1.7868769903828427e-17  +1.7868769895700115e-17
-29   -2.9978733260265580e-18  -1.8373498992468601e-17
-28   -1.9708658591035976e-18  +2.5676467771726769e-17
-27   +3.6199805228831927e-18  -3.2382539082466785e-17
-26   -6.5982839860144182e-18  +2.8654675113194912e-17
-25   +1.6626792980905752e-17  -2.0195218479401892e-17
-24   -2.7541793800840778e-18  +2.6817250751841354e-17
-23   +1.9204244184876439e-17  -4.1519557552811483e-17
-22   -3.3192848830680452e-18  -1.0695544356598777e-17
-21   +3.2445084540642675e-18  -1.7601823614140910e-16
-20   -2.2204460492503184e-17  -6.2051969913552582e-16
-19   -2.6620362190028744e-17  -2.6150531197622444e-15
-18   -9.7176935437152404e-17  -1.0251001005596921e-14
-17   -3.7864540208368215e-16  -4.1139923284341685e-14
-16   -1.6588569359782107e-15  -1.6455001040085872e-13
-15   -7.0886953436898458e-15  -6.6048629480514796e-13
-14   -3.0596736083772653e-14  -2.6566268717266880e-12
-13   -1.3288330735163746e-13  -1.0717803677634335e-11
-12   -5.8260385147129850e-13  -4.3384833535301527e-11
-11   -2.5824391538586097e-12  -1.7632498224793034e-10
-10   -1.1598565792797013e-11  -7.2008710486496160e-10
 -9   -5.2932499875964513e-11  -2.9581830767373634e-09
 -8   -2.4642527849170058e-10  -1.2243179728405101e-08
 -7   -1.1766857123440753e-09  -5.1156820766592460e-08
 -6   -5.8112865825744580e-09  -2.1653995202706841e-07
 -5   -3.0040878144826367e-08  -9.3252826479080002e-07
 -4   -1.6659412834789703e-07  -4.1337127302802071e-06
 -3   -1.0156154452956563e-06  -1.8860979165279700e-05
 -2   -7.9574589278924299e-06  -9.7835639590398331e-05
 -1   -1.2234846814209315e-05  -7.2268907797428937e-05
 +0   +9.9650397269892999e-01  +0.0000000000000000e+00
 +1   -1.2234846814209315e-05  +7.2268907797428937e-05
 +2   -7.9574589278924299e-06  +9.7835639590398331e-05
 +3   -1.0156154452956563e-06  +1.8860979165279700e-05
 +4   -1.6659412834789703e-07  +4.1337127302802071e-06
 +5   -3.0040878144826367e-08  +9.3252826479080002e-07
 +6   -5.8112865825744580e-09  +2.1653995202706841e-07
 +7   -1.1766857123440753e-09  +5.1156820766592460e-08
 +8   -2.4642527849170058e-10  +1.2243179728405101e-08
 +9   -5.2932499875964513e-11  +2.9581830767373634e-09
+10   -1.1598565792797013e-11  +7.2008710486496160e-10
+11   -2.5824391538586097e-12  +1.7632498224793034e-10
+12   -5.8260385147129850e-13  +4.3384833535301527e-11
+13   -1.3288330735163746e-13  +1.0717803677634335e-11
+14   -3.0596736083772653e-14  +2.6566268717266880e-12
+15   -7.0886953436898458e-15  +6.6048629480514796e-13
+16   -1.6588569359782107e-15  +1.6455001040085872e-13
+17   -3.7864540208368215e-16  +4.1139923284341685e-14
+18   -9.7176935437152404e-17  +1.0251001005596921e-14
+19   -2.6620362190028744e-17  +2.6150531197622444e-15
+20   -2.2204460492503184e-17  +6.2051969913552582e-16
+21   +3.2445084540642675e-18  +1.7601823614140910e-16
+22   -3.3192848830680452e-18  +1.0695544356598777e-17
+23   +1.9204244184876439e-17  +4.1519557552811483e-17
+24   -2.7541793800840778e-18  -2.6817250751841354e-17
+25   +1.6626792980905752e-17  +2.0195218479401892e-17
+26   -6.5982839860144182e-18  -2.8654675113194912e-17
+27   +3.6199805228831927e-18  +3.2382539082466785e-17
+28   -1.9708658591035976e-18  -2.5676467771726769e-17
+29   -2.9978733260265580e-18  +1.8373498992468601e-17
+30   -1.7868769903828427e-17  -1.7868769895700115e-17

