-30   -1.0839226510093954e-18  +2.6168207643131532e-18
-29   +7.6326196826626152e-19  -9.4029093960419611e-18
-28   +3.4996029922781637e-18  +2.8121738865652480e-18
-27   +4.1682504489909426e-18  -8.0610064706291366e-18
-26   -4.9701673301038415e-18  +1.3713268551239005e-18
-25   +2.9265451363364985e-18  -1.3979317517642614e-18
-24   +6.6653906378162383e-19  +1.4721524676372397e-17
-23   +6.1171817053840750e-18  -1.8212595061579663e-18
-22   -2.3028678358296706e-18  +1.1103201026689245e-17
-21   +1.6397552782044095e-18  -4.1892300638811973e-18
-20   +0.0000000000000000e+00  +0.0000000000000000e+00
-19   -8.7146968988838233e-18  -6.5712066772175554e-18
-18   -5.5418190658439156e-17  +1.2155271030476973e-17
-17   -1.9863925702554118e-16  -8.7753096989872149e-18
-16   -8.2917109261479200e-16  +2.7591699652878347e-17
-15   -3.5655556989045872e-15  +6.6572059036729752e-17
-14   -1.5354783371880472e-14  +3.6512587272667581e-16
-13   -6.6670505535132351e-14  +1.6415605332745625e-15
-12   -2.9242901401575575e-13  +7.8522103767571196e-15
-11   -1.2965680708835057e-12  +3.7893729097439046e-14
-10   -5.8250935848983968e-12  +1.8733375580527553e-13
 -9   -2.6591965087913637e-11  +9.4995480095628900e-13
 -8   -1.2383568648792392e-10  +4.9761396249552301e-12
 -7   -5.9149943321932978e-10  +2.7159663462920517e-11
 -6   -2.9221391659305922e-09  +1.5651310958025669e-10
 -5   -1.5110553721198542e-08  +9.7105025978118983e-10
 -4   -8.3825017087260931e-08  +6.7324350749467714e-09
 -3   -5.1124624823710487e-07  +5.4736064454914650e-08
 -2   -4.0066864337794028e-06  +6.4338864255030115e-07
 -1   -6.1607876822588740e-06  +1.9784838452326354e-06
 +0   -5.0175414682529307e-01  +0.0000000000000000e+00
 +1   -6.1607876822588740e-06  -1.9784838452326354e-06
 +2   -4.0066864337794028e-06  -6.4338864255030115e-07
 +3   -5.1124624823710487e-07  -5.4736064454914650e-08
 +4   -8.3825017087260931e-08  -6.7324350749467714e-09
 +5   -1.5110553721198542e-08  -9.7105025978118983e-10
 +6   -2.9221391659305922e-09  -1.5651310958025669e-10
 +7   -5.9149943321932978e-10  -2.7159663462920517e-11
 +8   -1.2383568648792392e-10  -4.9761396249552301e-12
 +9   -2.6591965087913637e-11  -9.4995480095628900e-13
+10   -5.8250935848983968e-12  -1.8733375580527553e-13
+11   -1.2965680708835057e-12  -3.7893729097439046e-14
+12   -2.9242901401575575e-13  -7.8522103767571196e-15
+13   -6.6670505535132351e-14  -1.6415605332745625e-15
+14   -1.5354783371880472e-14  -3.6512587272667581e-16
+15   -3.5655556989045872e-15  -6.6572059036729752e-17
+16   -8.2917109261479200e-16  -2.7591699652878347e-17
+17   -1.9863925702554118e-16  +8.7753096989872149e-18
+18   -5.5418190658439156e-17  -1.2155271030476973e-17
+19   -8.7146968988838233e-18  +6.5712066772175554e-18
+20   +0.0000000000000000e+00  -0.0000000000000000e+00
+21   +1.6397552782044095e-18  +4.1892300638811973e-18
+22   -2.3028678358296706e-18  -1.1103201026689245e-17
+23   +6.1171817053840750e-18  +1.8212595061579663e-18
+24   +6.6653906378162383e-19  -1.4721524676372397e-17
+25   +2.9265451363364985e-18  +1.3979317517642614e-18
+26   -4.9701673301038415e-18  -1.3713268551239005e-18
+27   +4.1682504489909426e-18  +8.0610064706291366e-18
+28   +3.4996029922781637e-18  -2.8121738865652480e-18
+29   +7.6326196826626152e-19  +9.4029093960419611e-18
+30   -1.0839226510093954e-18  -2.6168207643131532e-18

