-30   -6.7472815643515110e-18  +2.1213525303793811e-18
-29   +3.3491738268784919e-18  -8.6256607204120621e-18
-28   -9.3230423689562415e-19  +7.0512524017582393e-18
-27   +5.8655008216721526e-18  -8.3541530160806981e-18
-26   -2.3114255873944170e-18  +8.5846282356447347e-18
-25   +9.1625200263987786e-18  -8.6709894880248550e-18
-24   +2.6725663887956078e-17  +1.6294808094384182e-18
-23   +1.3182624717805825e-16  -5.8920076874879381e-17
-22   +4.8188731017001976e-16  -1.5161188202188392e-16
-21   +1.8401017110712977e-15  -6.2985699374774286e-16
-20   +6.9889158469050296e-15  -2.3486705561403969e-15
-19   +2.6555650538065890e-14  -9.0342132708079410e-15
-18   +1.0084053703932224e-13  -3.4387616858675864e-14
-17   +3.8261254043294806e-13  -1.3115351110960273e-13
-16   +1.4502362348334326e-12  -4.9969619478282446e-13
-15   +5.4914547892149404e-12  -1.9034395671918609e-12
-14   +2.0770991689867261e-11  -7.2479774058669292e-12
-13   +7.8471623757342026e-11  -2.7593347555497372e-11
-12   +2.9608190121909554e-10  -1.0503852722600111e-10
-11   +1.1156122694988855e-09  -3.9988898430925903e-10
-10   +4.1973751576913304e-09  -1.5230476262280126e-09
 -9   +1.5767930690344081e-08  -5.8061317259667700e-09
 -8   +5.9142220817614618e-08  -2.2172308798035470e-08
 -7   +2.2150411333913533e-07  -8.4928209468107526e-08
 -6   +8.2871270962246751e-07  -3.2706880036732385e-07
 -5   +3.0990912574261991e-06  -1.2710749440250829e-06
 -4   +1.1624212992387061e-05  -5.0329596630980117e-06
 -3   +4.3609023863907793e-05  -2.0412952893707459e-05
 -2   +1.7308111909289779e-04  -9.2641262002064964e-05
 -1   +2.8640771049624292e-05  -3.3996427065660509e-05
 +0   -1.9642069927265943e-01  +0.0000000000000000e+00
 +1   +2.8640771049624292e-05  +3.3996427065660509e-05
 +2   +1.7308111909289779e-04  +9.2641262002064964e-05
 +3   +4.3609023863907793e-05  +2.0412952893707459e-05
 +4   +1.1624212992387061e-05  +5.0329596630980117e-06
 +5   +3.0990912574261991e-06  +1.2710749440250829e-06
 +6   +8.2871270962246751e-07  +3.2706880036732385e-07
 +7   +2.2150411333913533e-07  +8.4928209468107526e-08
 +8   +5.9142220817614618e-08  +2.2172308798035470e-08
 +9   +1.5767930690344081e-08  +5.8061317259667700e-09
+10   +4.1973751576913304e-09  +1.5230476262280126e-09
+11   +1.1156122694988855e-09  +3.9988898430925903e-10
+12   +2.9608190121909554e-10  +1.0503852722600111e-10
+13   +7.8471623757342026e-11  +2.7593347555497372e-11
+14   +2.0770991689867261e-11  +7.2479774058669292e-12
+15   +5.4914547892149404e-12  +1.9034395671918609e-12
+16   +1.4502362348334326e-12  +4.9969619478282446e-13
+17   +3.8261254043294806e-13  +1.3115351110960273e-13
+18   +1.0084053703932224e-13  +3.4387616858675864e-14
+19   +2.6555650538065890e-14  +9.0342132708079410e-15
+20   +6.9889158469050296e-15  +2.3486705561403969e-15
+21   +1.8401017110712977e-15  +6.2985699374774286e-16
+22   +4.8188731017001976e-16  +1.5161188202188392e-16
+23   +1.3182624717805825e-16  +5.8920076874879381e-17
+24   +2.6725663887956078e-17  -1.6294808094384182e-18
+25   +9.1625200263987786e-18  +8.6709894880248550e-18
+26   -2.3114255873944170e-18  -8.5846282356447347e-18
+27   +5.8655008216721526e-18  +8.3541530160806981e-18
+28   -9.3230423689562415e-19  -7.0512524017582393e-18
+29   +3.3491738268784919e-18  +8.6256607204120621e-18
+30   -6.7472815643515110e-18  -2.1213525303793811e-18

