-30   -5.2336416395607864e-18  +5.2336414661440184e-18
-29   +7.3965159654437560e-18  -1.5212629213106399e-17
-28   -7.8816192614408913e-18  +1.4299780908262358e-17
-27   -1.4398590045304014e-19  -1.4062410504934832e-17
-26   -5.8716648361666904e-18  +1.8069474010639710e-17
-25   +8.3021142993177113e-18  -2.1419816510307358e-17
-24   -8.8559602675756910e-18  +1.2680924726403929e-18
-23   -3.1667857573092723e-17  -1.3926776481112658e-16
-22   -1.6965039597855070e-16  -4.5165794762532535e-16
-21   -5.9781389458127168e-16  -1.7704655024027395e-15
-20   -2.2403443563892930e-15  -6.6564029101094790e-15
-19   -8.5308288201694048e-15  -2.5289455360378425e-14
-18   -3.2440902558908469e-14  -9.5677857427480269e-14
-17   -1.2324356672376707e-13  -3.6221411986290496e-13
-16   -4.6790242666048152e-13  -1.3690347073531689e-12
-15   -1.7749983186011465e-12  -5.1681575000080354e-12
-14   -6.7277205664124127e-12  -1.9481411544068739e-11
-13   -2.5477406083955728e-11  -7.3320308499327753e-11
-12   -9.6394686663777073e-11  -2.7546817807648991e-10
-11   -3.6438827413116261e-10  -1.0329680974843492e-09
-10   -1.3762974487508424e-09  -3.8653531897671375e-09
 -9   -5.1946502468826033e-09  -1.4431066595228174e-08
 -8   -1.9598628789690706e-08  -5.3746908114722760e-08
 -7   -7.3955441161477489e-08  -1.9968096202291801e-07
 -6   -2.7946559608352625e-07  -7.4028788373720879e-07
 -5   -1.0598240451817293e-06  -2.7408441086554688e-06
 -4   -4.0602717990219007e-06  -1.0179616749013182e-05
 -3   -1.5790919720345214e-05  -3.7928665756061520e-05
 -2   -6.7683929778684744e-05  -1.5253612711328433e-04
 -1   -1.4943919695591515e-05  -2.6622068663205601e-05
 +0   +9.6490938375557356e-01  +0.0000000000000000e+00
 +1   -1.4943919695591515e-05  +2.6622068663205601e-05
 +2   -6.7683929778684744e-05  +1.5253612711328433e-04
 +3   -1.5790919720345214e-05  +3.7928665756061520e-05
 +4   -4.0602717990219007e-06  +1.0179616749013182e-05
 +5   -1.0598240451817293e-06  +2.7408441086554688e-06
 +6   -2.7946559608352625e-07  +7.4028788373720879e-07
 +7   -7.3955441161477489e-08  +1.9968096202291801e-07
 +8   -1.9598628789690706e-08  +5.3746908114722760e-08
 +9   -5.1946502468826033e-09  +1.4431066595228174e-08
+10   -1.3762974487508424e-09  +3.8653531897671375e-09
+11   -3.6438827413116261e-10  +1.0329680974843492e-09
+12   -9.6394686663777073e-11  +2.7546817807648991e-10
+13   -2.5477406083955728e-11  +7.3320308499327753e-11
+14   -6.7277205664124127e-12  +1.9481411544068739e-11
+15   -1.7749983186011465e-12  +5.1681575000080354e-12
+16   -4.6790242666048152e-13  +1.3690347073531689e-12
+17   -1.2324356672376707e-13  +3.6221411986290496e-13
+18   -3.2440902558908469e-14  +9.5677857427480269e-14
+19   -8.5308288201694048e-15  +2.5289455360378425e-14
+20   -2.2403443563892930e-15  +6.6564029101094790e-15
+21   -5.9781389458127168e-16  +1.7704655024027395e-15
+22   -1.6965039597855070e-16  +4.5165794762532535e-16
+23   -3.1667857573092723e-17  +1.3926776481112658e-16
+24   -8.8559602675756910e-18  -1.2680924726403929e-18
+25   +8.3021142993177113e-18  +2.1419816510307358e-17
+26   -5.8716648361666904e-18  -1.8069474010639710e-17
+27   -1.4398590045304014e-19  +1.4062410504934832e-17
+28   -7.8816192614408913e-18  -1.4299780908262358e-17
+29   +7.3965159654437560e-18  +1.5212629213106399e-17
+30   -5.2336416395607864e-18  -5.2336414661440184e-18

