-30   -8.1294198953836764e-19  +1.5793910453856052e-18
-29   +8.2375983145436963e-19  -3.9384263132515689e-18
-28   -1.3688118019581498e-18  +5.1576168717667182e-18
-27   -1.1031357185395093e-18  -2.3834037689802161e-18
-26   -1.1769912136673029e-18  +4.7741792387787164e-18
-25   +1.4182832381436296e-18  -3.7898675573456440e-18
-24   -2.3477788228923757e-18  +4.3304127506796291e-18
-23   +2.3886712778488006e-18  -3.4222048170052507e-18
-22   -2.8428813852039086e-18  +4.4578495991423597e-19
-21   -4.7088882744262918e-18  -1.1657238711859312e-17
-20   -1.1283707692938991e-17  -2.5095070145051911e-17
-19   -3.7555821480373676e-17  -1.2154521744242410e-16
-18   -1.6073629058137816e-16  -4.5045318088692467e-16
-17   -6.4501323625152399e-16  -1.8373226992186817e-15
-16   -2.6153798455973183e-15  -7.3853506782669766e-15
-15   -1.0642276982402782e-14  -2.9876953870749338e-14
-14   -4.3533100946223184e-14  -1.2112061651195473e-13
-13   -1.7895022319014903e-13  -4.9320944011271606e-13
-12   -7.4026218760010993e-13  -2.0178115663767782e-12
-11   -3.0854971949620041e-12  -8.3031848028057317e-12
-10   -1.2981467072057944e-11  -3.4409035656649309e-11
 -9   -5.5263527771456013e-11  -1.4385786782843723e-10
 -8   -2.3887202080198234e-10  -6.0828342884000737e-10
 -7   -1.0536236276150867e-09  -2.6107100807713111e-09
 -6   -4.7798239486369045e-09  -1.1437710410286118e-08
 -5   -2.2577860283298488e-08  -5.1604944754205455e-08
 -4   -1.1376253988366209e-07  -2.4402724705523503e-07
 -3   -6.3240381825387701e-07  -1.2395503888966360e-06
 -2   -4.5216932244491081e-06  -7.6463878657031065e-06
 -1   -3.4217732533528708e-06  -3.1051016258497562e-06
 +0   +1.7361621557091800e-01  +0.0000000000000000e+00
 +1   -3.4217732533528708e-06  +3.1051016258497562e-06
 +2   -4.5216932244491081e-06  +7.6463878657031065e-06
 +3   -6.3240381825387701e-07  +1.2395503888966360e-06
 +4   -1.1376253988366209e-07  +2.4402724705523503e-07
 +5   -2.2577860283298488e-08  +5.1604944754205455e-08
 +6   -4.7798239486369045e-09  +1.1437710410286118e-08
 +7   -1.0536236276150867e-09  +2.6107100807713111e-09
 +8   -2.3887202080198234e-10  +6.0828342884000737e-10
 +9   -5.5263527771456013e-11  +1.4385786782843723e-10
+10   -1.2981467072057944e-11  +3.4409035656649309e-11
+11   -3.0854971949620041e-12  +8.3031848028057317e-12
+12   -7.4026218760010993e-13  +2.0178115663767782e-12
+13   -1.7895022319014903e-13  +4.9320944011271606e-13
+14   -4.3533100946223184e-14  +1.2112061651195473e-13
+15   -1.0642276982402782e-14  +2.9876953870749338e-14
+16   -2.6153798455973183e-15  +7.3853506782669766e-15
+17   -6.4501323625152399e-16  +1.8373226992186817e-15
+18   -1.6073629058137816e-16  +4.5045318088692467e-16
+19   -3.7555821480373676e-17  +1.2154521744242410e-16
+20   -1.1283707692938991e-17  +2.5095070145051911e-17
+21   -4.7088882744262918e-18  +1.1657238711859312e-17
+22   -2.8428813852039086e-18  -4.4578495991423597e-19
+23   +2.3886712778488006e-18  +3.4222048170052507e-18
+24   -2.3477788228923757e-18  -4.3304127506796291e-18
+25   +1.4182832381436296e-18  +3.7898675573456440e-18
+26   -1.1769912136673029e-18  -4.7741792387787164e-18
+27   -1.1031357185395093e-18  +2.3834037689802161e-18
+28   -1.3688118019581498e-18  -5.1576168717667182e-18
+29   +8.2375983145436963e-19  +3.9384263132515689e-18
+30   -8.1294198953836764e-19  -1.5793910453856052e-18

