-30   -2.6168207649890452e-18  +1.5251949122836487e-17
-29   +4.4865471008085344e-18  -9.8547914620439742e-18
-28   -7.1753162921114328e-18  +4.9036358829446265e-18
-27   +1.6085521297372333e-18  -2.3269992344529868e-17
-26   -1.0159045885256906e-17  +2.0491018878771179e-17
-25   +2.2734675810027295e-18  -1.1258704200189269e-17
-24   -1.6657317924430929e-18  +1.4221983789127489e-17
-23   +6.2938316392275430e-18  -1.7950250547117694e-17
-22   -5.0481213289924451e-18  +2.7013196157569363e-17
-21   +1.0261441884026953e-18  -9.3580737668851775e-18
-20   -2.3921981488808657e-17  +4.1434087356338771e-17
-19   -9.9855037629288130e-17  +2.9071199177276196e-17
-18   -4.4475648117519212e-16  +1.6635533023688712e-16
-17   -1.7334340340556636e-15  +5.7703368912343379e-16
-16   -6.9882946159037322e-15  +2.4767819885077978e-15
-15   -2.8121335805762740e-14  +9.9139327151335384e-15
-14   -1.1368851610939010e-13  +4.0468313369010878e-14
-13   -4.6118521571787560e-13  +1.6543883558495719e-13
-12   -1.8790410259767458e-12  +6.8054627797613055e-13
-11   -7.6961218656655927e-12  +2.8173177134758932e-12
-10   -3.1725960732181586e-11  +1.1760243055924686e-11
 -9   -1.3185123620981638e-10  +4.9599221107661717e-11
 -8   -5.5374820453137152e-10  +2.1199908684781083e-10
 -7   -2.3584426267804992e-09  +9.2240724872659078e-10
 -6   -1.0243795573991663e-08  +4.1142318301092022e-09
 -5   -4.5787862187916915e-08  +1.9025805842425636e-08
 -4   -2.1457183754451737e-07  +9.3290757520858244e-08
 -3   -1.0834761178175172e-06  +5.0268114627233737e-07
 -2   -6.7649512321274138e-06  +3.4815291495518845e-06
 -1   -2.7258323220564517e-06  +1.9382141899617306e-06
 +0   -5.5352537056663043e-01  +0.0000000000000000e+00
 +1   -2.7258323220564517e-06  -1.9382141899617306e-06
 +2   -6.7649512321274138e-06  -3.4815291495518845e-06
 +3   -1.0834761178175172e-06  -5.0268114627233737e-07
 +4   -2.1457183754451737e-07  -9.3290757520858244e-08
 +5   -4.5787862187916915e-08  -1.9025805842425636e-08
 +6   -1.0243795573991663e-08  -4.1142318301092022e-09
 +7   -2.3584426267804992e-09  -9.2240724872659078e-10
 +8   -5.5374820453137152e-10  -2.1199908684781083e-10
 +9   -1.3185123620981638e-10  -4.9599221107661717e-11
+10   -3.1725960732181586e-11  -1.1760243055924686e-11
+11   -7.6961218656655927e-12  -2.8173177134758932e-12
+12   -1.8790410259767458e-12  -6.8054627797613055e-13
+13   -4.6118521571787560e-13  -1.6543883558495719e-13
+14   -1.1368851610939010e-13  -4.0468313369010878e-14
+15   -2.8121335805762740e-14  -9.9139327151335384e-15
+16   -6.9882946159037322e-15  -2.4767819885077978e-15
+17   -1.7334340340556636e-15  -5.7703368912343379e-16
+18   -4.4475648117519212e-16  -1.6635533023688712e-16
+19   -9.9855037629288130e-17  -2.9071199177276196e-17
+20   -2.3921981488808657e-17  -4.1434087356338771e-17
+21   +1.0261441884026953e-18  +9.3580737668851775e-18
+22   -5.0481213289924451e-18  -2.7013196157569363e-17
+23   +6.2938316392275430e-18  +1.7950250547117694e-17
+24   -1.6657317924430929e-18  -1.4221983789127489e-17
+25   +2.2734675810027295e-18  +1.1258704200189269e-17
+26   -1.0159045885256906e-17  -2.0491018878771179e-17
+27   +1.6085521297372333e-18  +2.3269992344529868e-17
+28   -7.1753162921114328e-18  -4.9036358829446265e-18
+29   +4.4865471008085344e-18  +9.8547914620439742e-18
+30   -2.6168207649890452e-18  -1.5251949122836487e-17

