-30   +4.7152731199527218e-16  -1.0816955256043371e-15
-29   -4.4358200003615989e-16  +1.1167159114356017e-15
-28   +4.3665515836834901e-16  -1.1480860860611266e-15
-27   -4.4163632820074774e-16  +1.1819157535118927e-15
-26   +4.4707096470411860e-16  -1.2435962386609453e-15
-25   -4.5051409328198929e-16  +1.3001053210126191e-15
-24   +4.3702055596239019e-16  -1.3298627416062728e-15
-23   -4.9342830483240633e-16  +1.5365390550870947e-15
-22   +2.3878529646774838e-16  -1.0970780444647463e-15
-21   -1.1705275748489984e-15  +3.0318018224023372e-15
-20   -2.4276113744982006e-15  +3.9903497484877425e-15
-19   -1.1152180071967205e-14  +2.3109794404823034e-14
-18   -4.0211032731055390e-14  +7.9545673592524257e-14
-17   -1.5448008639080163e-13  +3.1180166178941666e-13
-16   -5.8232782507689393e-13  +1.1771076145539554e-12
-15   -2.2024169316825293e-12  +4.4869104820670739e-12
-14   -8.3081338527473175e-12  +1.7045371224876884e-11
-13   -3.1300677945036280e-11  +6.4776450927144912e-11
-12   -1.1770209293039206e-10  +2.4601153342763964e-10
-11   -4.4170323621748870e-10  +9.3412470511794194e-10
-10   -1.6536444608040366e-09  +3.5466753695115087e-09
 -9   -6.1736685080361678e-09  +1.3470043288237387e-08
 -8   -2.2971794331511427e-08  +5.1204103154224407e-08
 -7   -8.5123557797410564e-08  +1.9501050080395442e-07
 -6   -3.1376536069112175e-07  +7.4548411312947202e-07
 -5   -1.1476742833184719e-06  +2.8685642423322233e-06
 -4   -4.1518039877103506e-06  +1.1199985123788910e-05
 -3   -1.4558387535132035e-05  +4.4434493793771878e-05
 -2   -4.8843234349018232e-05  +1.9388137197293037e-04
 -1   +3.5859660444332939e-06  +7.0724208498714952e-05
 +0   +1.2721739595483812e+00  +0.0000000000000000e+00
 +1   +3.5859660444332939e-06  -7.0724208498714952e-05
 +2   -4.8843234349018232e-05  -1.9388137197293037e-04
 +3   -1.4558387535132035e-05  -4.4434493793771878e-05
 +4   -4.1518039877103506e-06  -1.1199985123788910e-05
 +5   -1.1476742833184719e-06  -2.8685642423322233e-06
 +6   -3.1376536069112175e-07  -7.4548411312947202e-07
 +7   -8.5123557797410564e-08  -1.9501050080395442e-07
 +8   -2.2971794331511427e-08  -5.1204103154224407e-08
 +9   -6.1736685080361678e-09  -1.3470043288237387e-08
+10   -1.6536444608040366e-09  -3.5466753695115087e-09
+11   -4.4170323621748870e-10  -9.3412470511794194e-10
+12   -1.1770209293039206e-10  -2.4601153342763964e-10
+13   -3.1300677945036280e-11  -6.4776450927144912e-11
+14   -8.3081338527473175e-12  -1.7045371224876884e-11
+15   -2.2024169316825293e-12  -4.4869104820670739e-12
+16   -5.8232782507689393e-13  -1.1771076145539554e-12
+17   -1.5448008639080163e-13  -3.1180166178941666e-13
+18   -4.0211032731055390e-14  -7.9545673592524257e-14
+19   -1.1152180071967205e-14  -2.3109794404823034e-14
+20   -2.4276113744982006e-15  -3.9903497484877425e-15
+21   -1.1705275748489984e-15  -3.0318018224023372e-15
+22   +2.3878529646774838e-16  +1.0970780444647463e-15
+23   -4.9342830483240633e-16  -1.5365390550870947e-15
+24   +4.3702055596239019e-16  +1.3298627416062728e-15
+25   -4.5051409328198929e-16  -1.3001053210126191e-15
+26   +4.4707096470411860e-16  +1.2435962386609453e-15
+27   -4.4163632820074774e-16  -1.1819157535118927e-15
+28   +4.3665515836834901e-16  +1.1480860860611266e-15
+29   -4.4358200003615989e-16  -1.1167159114356017e-15
+30   +4.7152731199527218e-16  +1.0816955256043371e-15

