-30   -5.8940913827317895e-17  +1.3036152378826923e-16
-29   +5.4021801203009352e-17  -1.3970636874468635e-16
-28   -5.2211765644627622e-17  +1.4316042156719586e-16
-27   +5.8058423574131351e-17  -1.5194736461949259e-16
-26   -5.2056373598595204e-17  +1.5605683438102783e-16
-25   +6.2168682658985558e-17  -1.5938090399955528e-16
-24   -3.1057559457151834e-17  +1.7994111057762054e-16
-23   +1.5154357997207039e-16  -1.2724858436325739e-16
-22   +3.1265761420789177e-16  +3.7660261831048054e-16
-21   +1.4555955187727082e-15  +5.1119071139992489e-16
-20   +5.2606143405683389e-15  +2.9012401063158990e-15
-19   +2.0257033179088633e-14  +9.9853732863521433e-15
-18   +7.6673180063831934e-14  +3.8824713453646709e-14
-17   +2.9121503826871161e-13  +1.4558803206640251e-13
-16   +1.1038145390206650e-12  +5.5049367577878904e-13
-15   +4.1809997014089930e-12  +2.0725462484760481e-12
-14   +1.5818623968172268e-11  +7.7953625006269462e-12
-13   +5.9782109042829146e-11  +2.9256071355073822e-11
-12   +2.2565255937958659e-10  +1.0955983448990211e-10
-11   +8.5063689634396438e-10  +4.0922962097212070e-10
-10   +3.2022353970721186e-09  +1.5240591813590760e-09
 -9   +1.2037926045453917e-08  +5.6563900567077562e-09
 -8   +4.5191380343947303e-08  +2.0908085954893089e-08
 -7   +1.6944806929786740e-07  +7.6908976063023972e-08
 -6   +6.3494194153129320e-07  +2.8126054622404682e-07
 -5   +2.3797650420206813e-06  +1.0208816178656193e-06
 -4   +8.9572541447722496e-06  +3.6750297853763392e-06
 -3   +3.3808893732945045e-05  +1.2948643322488670e-05
 -2   +1.3600574253820792e-04  +4.5932072457833285e-05
 -1   +2.4441145944366542e-05  +3.3586377681474626e-06
 +0   -1.4897978241433119e-01  +0.0000000000000000e+00
 +1   +2.4441145944366542e-05  -3.3586377681474626e-06
 +2   +1.3600574253820792e-04  -4.5932072457833285e-05
 +3   +3.3808893732945045e-05  -1.2948643322488670e-05
 +4   +8.9572541447722496e-06  -3.6750297853763392e-06
 +5   +2.3797650420206813e-06  -1.0208816178656193e-06
 +6   +6.3494194153129320e-07  -2.8126054622404682e-07
 +7   +1.6944806929786740e-07  -7.6908976063023972e-08
 +8   +4.5191380343947303e-08  -2.0908085954893089e-08
 +9   +1.2037926045453917e-08  -5.6563900567077562e-09
+10   +3.2022353970721186e-09  -1.5240591813590760e-09
+11   +8.5063689634396438e-10  -4.0922962097212070e-10
+12   +2.2565255937958659e-10  -1.0955983448990211e-10
+13   +5.9782109042829146e-11  -2.9256071355073822e-11
+14   +1.5818623968172268e-11  -7.7953625006269462e-12
+15   +4.1809997014089930e-12  -2.0725462484760481e-12
+16   +1.1038145390206650e-12  -5.5049367577878904e-13
+17   +2.9121503826871161e-13  -1.4558803206640251e-13
+18   +7.6673180063831934e-14  -3.8824713453646709e-14
+19   +2.0257033179088633e-14  -9.9853732863521433e-15
+20   +5.2606143405683389e-15  -2.9012401063158990e-15
+21   +1.4555955187727082e-15  -5.1119071139992489e-16
+22   +3.1265761420789177e-16  -3.7660261831048054e-16
+23   +1.5154357997207039e-16  +1.2724858436325739e-16
+24   -3.1057559457151834e-17  -1.7994111057762054e-16
+25   +6.2168682658985558e-17  +1.5938090399955528e-16
+26   -5.2056373598595204e-17  -1.5605683438102783e-16
+27   +5.8058423574131351e-17  +1.5194736461949259e-16
+28   -5.2211765644627622e-17  -1.4316042156719586e-16
+29   +5.4021801203009352e-17  +1.3970636874468635e-16
+30   -5.8940913827317895e-17  -1.3036152378826923e-16

