-30   -1.4324507054977017e-16  +3.5999221853966494e-16
-29   +1.4925227565953568e-16  -3.6674981487037781e-16
-28   -1.5067686285837425e-16  +3.8314093398889571e-16
-27   +1.4799784407386794e-16  -3.9674797668694484e-16
-26   -1.4465196543704355e-16  +4.1818741925548922e-16
-25   +1.4530568543594152e-16  -4.3746421030018711e-16
-24   -1.4955123880367768e-16  +4.5359283954313389e-16
-23   +1.5016043901730094e-16  -4.7345624698161523e-16
-22   -1.4541043425463523e-16  +4.9942151228145354e-16
-21   +1.5688350432765847e-16  -5.1696861705647099e-16
-20   -1.2040701171246163e-16  +5.8007722298874278e-16
-19   +2.3814424386587216e-16  -5.3283959526731229e-16
-18   +2.1876966576448573e-16  +7.9196025526753627e-16
-17   +1.6342904885215245e-15  +6.8105132426348433e-17
-16   +5.8757565015430526e-15  +3.5754021706583384e-15
-15   +2.4597057931761812e-14  +1.0858974298370119e-14
-14   +9.9510286997176120e-14  +4.7603375337166009e-14
-13   +4.0827307952193725e-13  +1.8860811843278953e-13
-12   +1.6807020579648335e-12  +7.7066297307577955e-13
-11   +6.9702041783867774e-12  +3.1397072858930112e-12
-10   +2.9147444309194215e-11  +1.2881749885397930e-11
 -9   +1.2318686608524389e-10  +5.3148955569146283e-11
 -8   +5.2776465699296089e-10  +2.2095120061046585e-10
 -7   +2.3022233586966628e-09  +9.2684049691115966e-10
 -6   +1.0296059075299992e-08  +3.9311368930926825e-09
 -5   +4.7709033938221941e-08  +1.6886736257598981e-08
 -4   +2.3390040142996612e-07  +7.3511519524442149e-08
 -3   +1.2447524046336366e-06  +3.1689045844738443e-07
 -2   +8.1998103612853150e-06  +1.2036219604081077e-06
 -1   +5.6192074745955371e-06  -1.4448362154451519e-06
 +0   -4.1983395184893352e-01  +0.0000000000000000e+00
 +1   +5.6192074745955371e-06  +1.4448362154451519e-06
 +2   +8.1998103612853150e-06  -1.2036219604081077e-06
 +3   +1.2447524046336366e-06  -3.1689045844738443e-07
 +4   +2.3390040142996612e-07  -7.3511519524442149e-08
 +5   +4.7709033938221941e-08  -1.6886736257598981e-08
 +6   +1.0296059075299992e-08  -3.9311368930926825e-09
 +7   +2.3022233586966628e-09  -9.2684049691115966e-10
 +8   +5.2776465699296089e-10  -2.2095120061046585e-10
 +9   +1.2318686608524389e-10  -5.3148955569146283e-11
+10   +2.9147444309194215e-11  -1.2881749885397930e-11
+11   +6.9702041783867774e-12  -3.1397072858930112e-12
+12   +1.6807020579648335e-12  -7.7066297307577955e-13
+13   +4.0827307952193725e-13  -1.8860811843278953e-13
+14   +9.9510286997176120e-14  -4.7603375337166009e-14
+15   +2.4597057931761812e-14  -1.0858974298370119e-14
+16   +5.8757565015430526e-15  -3.5754021706583384e-15
+17   +1.6342904885215245e-15  -6.8105132426348433e-17
+18   +2.1876966576448573e-16  -7.9196025526753627e-16
+19   +2.3814424386587216e-16  +5.3283959526731229e-16
+20   -1.2040701171246163e-16  -5.8007722298874278e-16
+21   +1.5688350432765847e-16  +5.1696861705647099e-16
+22   -1.4541043425463523e-16  -4.9942151228145354e-16
+23   +1.5016043901730094e-16  +4.7345624698161523e-16
+24   -1.4955123880367768e-16  -4.5359283954313389e-16
+25   +1.4530568543594152e-16  +4.3746421030018711e-16
+26   -1.4465196543704355e-16  -4.1818741925548922e-16
+27   +1.4799784407386794e-16  +3.9674797668694484e-16
+28   -1.5067686285837425e-16  -3.8314093398889571e-16
+29   +1.4925227565953568e-16  +3.6674981487037781e-16
+30   -1.4324507054977017e-16  -3.5999221853966494e-16

