-30   +8.3266726846343228e-17  -1.8577171212367748e-16
-29   -8.0395534971946233e-17  +2.0275695470514842e-16
-28   +8.0426538845565176e-17  -2.0460635125118879e-16
-27   -8.1484717583772353e-17  +2.1752053182280382e-16
-26   +8.1308927054532963e-17  -2.2714672311350640e-16
-25   -8.1641079975949168e-17  +2.3414572777153066e-16
-24   +7.8770679496534336e-17  -2.4388943946845685e-16
-23   -8.3010760567093188e-17  +2.5863602026012651e-16
-22   +7.8291359499655665e-17  -2.7261473694143919e-16
-21   -7.5092923404663154e-17  +2.7285453676981477e-16
-20   +8.8322036365234559e-17  -3.2592158372758436e-16
-19   -3.8388132579661248e-17  +2.2628108144459355e-16
-18   +2.5175712495644363e-16  -6.8276464792580525e-16
-17   +6.0070459545554986e-16  -1.0481424941958319e-15
-16   +2.8053986670321333e-15  -6.0185386128457862e-15
-15   +1.0852552302489876e-14  -2.2411402520536743e-14
-14   +4.4035181659261072e-14  -9.2990052578795406e-14
-13   +1.7722845516630129e-13  -3.7662282655619510e-13
-12   +7.1759179625181170e-13  -1.5442182561303392e-12
-11   +2.9148162996085802e-12  -6.3562588525405123e-12
-10   +1.1896833912579367e-11  -2.6366029412204918e-11
 -9   +4.8828722036146733e-11  -1.1033949365658905e-10
 -8   +2.0180924156883644e-10  -4.6713000246848109e-10
 -7   +8.4139533263609939e-10  -2.0079155980979119e-09
 -6   +3.5479262249597136e-09  -8.8136107119989731e-09
 -5   +1.5179325855290596e-08  -3.9863208689348173e-08
 -4   +6.6270593138441465e-08  -1.8910968239039586e-07
 -3   +2.9293221476065777e-07  -9.6433800255151376e-07
 -2   +1.3066520541762090e-06  -5.9609692304821741e-06
 -1   -3.2063255658647284e-07  -2.3660217665148091e-06
 +0   +2.2890235417111029e-01  +0.0000000000000000e+00
 +1   -3.2063255658647284e-07  +2.3660217665148091e-06
 +2   +1.3066520541762090e-06  +5.9609692304821741e-06
 +3   +2.9293221476065777e-07  +9.6433800255151376e-07
 +4   +6.6270593138441465e-08  +1.8910968239039586e-07
 +5   +1.5179325855290596e-08  +3.9863208689348173e-08
 +6   +3.5479262249597136e-09  +8.8136107119989731e-09
 +7   +8.4139533263609939e-10  +2.0079155980979119e-09
 +8   +2.0180924156883644e-10  +4.6713000246848109e-10
 +9   +4.8828722036146733e-11  +1.1033949365658905e-10
+10   +1.1896833912579367e-11  +2.6366029412204918e-11
+11   +2.9148162996085802e-12  +6.3562588525405123e-12
+12   +7.1759179625181170e-13  +1.5442182561303392e-12
+13   +1.7722845516630129e-13  +3.7662282655619510e-13
+14   +4.4035181659261072e-14  +9.2990052578795406e-14
+15   +1.0852552302489876e-14  +2.2411402520536743e-14
+16   +2.8053986670321333e-15  +6.0185386128457862e-15
+17   +6.0070459545554986e-16  +1.0481424941958319e-15
+18   +2.5175712495644363e-16  +6.8276464792580525e-16
+19   -3.8388132579661248e-17  -2.2628108144459355e-16
+20   +8.8322036365234559e-17  +3.2592158372758436e-16
+21   -7.5092923404663154e-17  -2.7285453676981477e-16
+22   +7.8291359499655665e-17  +2.7261473694143919e-16
+23   -8.3010760567093188e-17  -2.5863602026012651e-16
+24   +7.8770679496534336e-17  +2.4388943946845685e-16
+25   -8.1641079975949168e-17  -2.3414572777153066e-16
+26   +8.1308927054532963e-17  +2.2714672311350640e-16
+27   -8.1484717583772353e-17  -2.1752053182280382e-16
+28   +8.0426538845565176e-17  +2.0460635125118879e-16
+29   -8.0395534971946233e-17  -2.0275695470514842e-16
+30   +8.3266726846343228e-17  +1.8577171212367748e-16

