-30   +3.0503898274223052e-17  -1.2635128373679651e-17
-29   -2.2107057004595912e-17  +2.5725524291618449e-17
-28   +1.1111176090044298e-17  -3.0533543184802698e-17
-27   -1.8776548800005368e-17  +1.0396293045686840e-17
-26   +9.9187109812089853e-18  -2.2306971035056806e-17
-25   +8.7758611798868105e-18  +2.3615147921852509e-17
-24   +1.6398978436024763e-17  -2.2668131444257615e-17
-23   +4.2299901324257088e-19  +4.5322152428827357e-17
-22   +1.4154342165934528e-17  +1.6438463999004140e-17
-21   -8.3580322024360999e-18  +2.0281456462745987e-16
-20   -7.4014868308343368e-18  +6.2051969913552582e-16
-19   -4.4409061522282885e-17  +2.6170299070834494e-15
-18   -8.2271120827327328e-17  +1.0246287459783727e-14
-17   -3.8550751265940052e-16  +4.1154463395135036e-14
-16   -1.6419103885316408e-15  +1.6455073612744792e-13
-15   -7.1118187074819843e-15  +6.6047914765261585e-13
-14   -3.0578956129696602e-14  +2.6566196157722888e-12
-13   -1.3290004307674217e-13  +1.0717823205305753e-11
-12   -5.8258788020121489e-13  +4.3384827658436851e-11
-11   -2.5824591228294960e-12  +1.7632499378583303e-10
-10   -1.1598577540778576e-11  +7.2008710412554991e-10
 -9   -5.2932521801670537e-11  +2.9581830892722549e-09
 -8   -2.4642525698525141e-10  +1.2243179687777184e-08
 -7   -1.1766857264814810e-09  +5.1156820799192210e-08
 -6   -5.8112865690139096e-09  +2.1653995201464056e-07
 -5   -3.0040878151312713e-08  +9.3252826480742103e-07
 -4   -1.6659412833400873e-07  +4.1337127302558159e-06
 -3   -1.0156154453090682e-06  +1.8860979165338118e-05
 -2   -7.9574589278829008e-06  +9.7835639590278500e-05
 -1   -1.2234846814181273e-05  +7.2268907797556033e-05
 +0   +9.9650397269893032e-01  +0.0000000000000000e+00
 +1   -1.2234846814181273e-05  -7.2268907797556033e-05
 +2   -7.9574589278829008e-06  -9.7835639590278500e-05
 +3   -1.0156154453090682e-06  -1.8860979165338118e-05
 +4   -1.6659412833400873e-07  -4.1337127302558159e-06
 +5   -3.0040878151312713e-08  -9.3252826480742103e-07
 +6   -5.8112865690139096e-09  -2.1653995201464056e-07
 +7   -1.1766857264814810e-09  -5.1156820799192210e-08
 +8   -2.4642525698525141e-10  -1.2243179687777184e-08
 +9   -5.2932521801670537e-11  -2.9581830892722549e-09
+10   -1.1598577540778576e-11  -7.2008710412554991e-10
+11   -2.5824591228294960e-12  -1.7632499378583303e-10
+12   -5.8258788020121489e-13  -4.3384827658436851e-11
+13   -1.3290004307674217e-13  -1.0717823205305753e-11
+14   -3.0578956129696602e-14  -2.6566196157722888e-12
+15   -7.1118187074819843e-15  -6.6047914765261585e-13
+16   -1.6419103885316408e-15  -1.6455073612744792e-13
+17   -3.8550751265940052e-16  -4.1154463395135036e-14
+18   -8.2271120827327328e-17  -1.0246287459783727e-14
+19   -4.4409061522282885e-17  -2.6170299070834494e-15
+20   -7.4014868308343368e-18  -6.2051969913552582e-16
+21   -8.3580322024360999e-18  -2.0281456462745987e-16
+22   +1.4154342165934528e-17  -1.6438463999004140e-17
+23   +4.2299901324257088e-19  -4.5322152428827357e-17
+24   +1.6398978436024763e-17  +2.2668131444257615e-17
+25   +8.7758611798868105e-18  -2.3615147921852509e-17
+26   +9.9187109812089853e-18  +2.2306971035056806e-17
+27   -1.8776548800005368e-17  -1.0396293045686840e-17
+28   +1.1111176090044298e-17  +3.0533543184802698e-17
+29   -2.2107057004595912e-17  -2.5725524291618449e-17
+30   +3.0503898274223052e-17  +1.2635128373679651e-17

