-30   +4.4897546270710963e-19  +7.8504622935693196e-18
-29   +6.8022846110081594e-18  -5.9554702097304495e-18
-28   +3.9861493543362257e-18  +4.0968216332902903e-18
-27   -9.0169018970727670e-18  -4.8566558125818472e-18
-26   +5.6785776254456164e-19  +2.6079959382839342e-18
-25   +5.8832234080012806e-18  -3.9847147004610083e-18
-24   +4.6821191801372134e-18  +1.1330192955841064e-17
-23   -4.2868923673680873e-19  -8.6355120946044957e-18
-22   -6.3346737332313293e-18  +5.8952406916391902e-18
-21   +2.7045492435135596e-18  -7.8333989364252721e-18
-20   +2.0221238073391469e-17  -1.2325951644078310e-33
-19   +8.4627625239468388e-18  -9.1222072790609584e-18
-18   +4.7397196219157008e-17  +1.6029768324047547e-17
-17   +2.0116769361670986e-16  -8.0879940811111238e-18
-16   +8.3391645989646023e-16  +2.8447902862470438e-17
-15   +3.5626202768542273e-15  +5.6470114580315004e-17
-14   +1.5343866803629254e-14  +3.6511418639542100e-16
-13   +6.6677910915998421e-14  +1.6355674303512010e-15
-12   +2.9242419352723379e-13  +7.8537187102519168e-15
-11   +1.2965842286686839e-12  +3.7885603704248580e-14
-10   +5.8250708009143500e-12  +1.8733113898451071e-13
 -9   +2.6591958681741285e-11  +9.4994718951636886e-13
 -8   +1.2383568188930805e-10  +4.9761363347325531e-12
 -7   +5.9149944786787715e-10  +2.7159648388628526e-11
 -6   +2.9221391611398309e-09  +1.5651311229478713e-10
 -5   +1.5110553731467900e-08  +9.7105024654486322e-10
 -4   +8.3825017078474089e-08  +6.7324350725968505e-09
 -3   +5.1124624824047914e-07  +5.4736064429558368e-08
 -2   +4.0066864337635955e-06  +6.4338864255130869e-07
 -1   +6.1607876822722274e-06  +1.9784838451635061e-06
 +0   +5.0175414682529307e-01  +0.0000000000000000e+00
 +1   +6.1607876822722274e-06  -1.9784838451635061e-06
 +2   +4.0066864337635955e-06  -6.4338864255130869e-07
 +3   +5.1124624824047914e-07  -5.4736064429558368e-08
 +4   +8.3825017078474089e-08  -6.7324350725968505e-09
 +5   +1.5110553731467900e-08  -9.7105024654486322e-10
 +6   +2.9221391611398309e-09  -1.5651311229478713e-10
 +7   +5.9149944786787715e-10  -2.7159648388628526e-11
 +8   +1.2383568188930805e-10  -4.9761363347325531e-12
 +9   +2.6591958681741285e-11  -9.4994718951636886e-13
+10   +5.8250708009143500e-12  -1.8733113898451071e-13
+11   +1.2965842286686839e-12  -3.7885603704248580e-14
+12   +2.9242419352723379e-13  -7.8537187102519168e-15
+13   +6.6677910915998421e-14  -1.6355674303512010e-15
+14   +1.5343866803629254e-14  -3.6511418639542100e-16
+15   +3.5626202768542273e-15  -5.6470114580315004e-17
+16   +8.3391645989646023e-16  -2.8447902862470438e-17
+17   +2.0116769361670986e-16  +8.0879940811111238e-18
+18   +4.7397196219157008e-17  -1.6029768324047547e-17
+19   +8.4627625239468388e-18  +9.1222072790609584e-18
+20   +2.0221238073391469e-17  +1.2325951644078310e-33
+21   +2.7045492435135596e-18  +7.8333989364252721e-18
+22   -6.3346737332313293e-18  -5.8952406916391902e-18
+23   -4.2868923673680873e-19  +8.6355120946044957e-18
+24   +4.6821191801372134e-18  -1.1330192955841064e-17
+25   +5.8832234080012806e-18  +3.9847147004610083e-18
+26   +5.6785776254456164e-19  -2.6079959382839342e-18
+27   -9.0169018970727670e-18  +4.8566558125818472e-18
+28   +3.9861493543362257e-18  -4.0968216332902903e-18
+29   +6.8022846110081594e-18  +5.9554702097304495e-18
+30   +4.4897546270710963e-19  -7.8504622935693196e-18

