-30   +5.2708358740859947e-17  -1.2635128359903556e-17
-29   +6.1976963979373316e-18  +1.2866575152999442e-18
-28   -1.8193250111908513e-16  -3.3949435409890658e-19
-27   -6.3936077848926775e-17  -3.8968256671181092e-19
-26   +1.5338684729491793e-17  -5.9530614082995962e-19
-25   -5.4682733510340818e-17  -2.7486752686494768e-18
-24   -1.9827616447790615e-17  -6.4439647981369086e-19
-23   +1.8586580875772545e-16  +9.6061455465452276e-19
-22   +1.1833020392001255e-16  -3.5821026743394932e-19
-21   -1.7032498420651641e-16  +2.8927552491877352e-18
-20   +5.4182644117227117e-18  -4.5860740558505654e-17
-19   +1.7077107684986747e-16  +4.3143809507483913e-19
-18   -1.2894074598948706e-16  +7.4594794452647500e-19
-17   -1.7222428610190185e-16  -3.5644487026234040e-19
-16   -8.1537459599870987e-16  +7.3473568085092525e-20
-15   -3.5087202446293607e-15  +1.0134992943546823e-17
-14   -1.5264233858573826e-14  -5.9469629493644901e-19
-13   -6.5711488775188244e-14  +2.4490819502519313e-18
-12   -2.8975726951589862e-13  +3.7943585382512334e-18
-11   -1.2911741226767657e-12  -7.3285234740664953e-19
-10   -5.8220452483878568e-12  +1.1895716698498242e-17
 -9   -2.7010044351198488e-11  +4.0153927507069367e-19
 -8   -1.2539533053000182e-10  +1.1329959539275783e-18
 -7   -6.5104910781961840e-10  +4.2702613214365885e-18
 -6   -3.0188840873834321e-09  -2.5237307479710235e-18
 -5   -2.4966656281992929e-08  -7.3887238751456769e-18
 -4   -9.0021706650108113e-08  -7.5507935547289546e-19
 -3   -2.9105592344990098e-06  +1.3606565045112916e-18
 -2   -4.8626699310495738e-06  +1.5075664614812202e-18
 -1   -1.5383455191082332e-03  -2.3395822422559496e-19
 +0   -1.0001948859216414e+00  +0.0000000000000000e+00
 +1   -1.5383455191082332e-03  +2.3395822422559496e-19
 +2   -4.8626699310495738e-06  -1.5075664614812202e-18
 +3   -2.9105592344990098e-06  -1.3606565045112916e-18
 +4   -9.0021706650108113e-08  +7.5507935547289546e-19
 +5   -2.4966656281992929e-08  +7.3887238751456769e-18
 +6   -3.0188840873834321e-09  +2.5237307479710235e-18
 +7   -6.5104910781961840e-10  -4.2702613214365885e-18
 +8   -1.2539533053000182e-10  -1.1329959539275783e-18
 +9   -2.7010044351198488e-11  -4.0153927507069367e-19
+10   -5.8220452483878568e-12  -1.1895716698498242e-17
+11   -1.2911741226767657e-12  +7.3285234740664953e-19
+12   -2.8975726951589862e-13  -3.7943585382512334e-18
+13   -6.5711488775188244e-14  -2.4490819502519313e-18
+14   -1.5264233858573826e-14  +5.9469629493644901e-19
+15   -3.5087202446293607e-15  -1.0134992943546823e-17
+16   -8.1537459599870987e-16  -7.3473568085092525e-20
+17   -1.7222428610190185e-16  +3.5644487026234040e-19
+18   -1.2894074598948706e-16  -7.4594794452647500e-19
+19   +1.7077107684986747e-16  -4.3143809507483913e-19
+20   +5.4182644117227117e-18  +4.5860740558505654e-17
+21   -1.7032498420651641e-16  -2.8927552491877352e-18
+22   +1.1833020392001255e-16  +3.5821026743394932e-19
+23   +1.8586580875772545e-16  -9.6061455465452276e-19
+24   -1.9827616447790615e-17  +6.4439647981369086e-19
+25   -5.4682733510340818e-17  +2.7486752686494768e-18
+26   +1.5338684729491793e-17  +5.9530614082995962e-19
+27   -6.3936077848926775e-17  +3.8968256671181092e-19
+28   -1.8193250111908513e-16  +3.3949435409890658e-19
+29   +6.1976963979373316e-18  -1.2866575152999442e-18
+30   +5.2708358740859947e-17  +1.2635128359903556e-17

