-30   +1.4735300510753184e-19  -4.3990064917117447e-19
-29   -2.0172302680655224e-19  +5.1684785918199469e-19
-28   +1.6690068541526541e-19  -4.7778620086361378e-19
-27   -2.0124540685157261e-19  +4.8943473882573304e-19
-26   +1.7482820171777222e-19  -4.8294217872839353e-19
-25   -2.2331379557385201e-19  +5.4683711812205931e-19
-24   +1.7853360587624997e-19  -5.8866939976053250e-19
-23   -1.6727800683009816e-19  +6.0509526536712548e-19
-22   +1.5197430690655442e-19  -4.8195291087876168e-19
-21   -2.0712089291551479e-19  +1.1799036018770865e-18
-20   +1.8866898983457712e-19  +1.7189877534307610e-18
-19   -2.1668737357881134e-19  +1.0844576944385003e-17
-18   +2.5919224124596582e-19  +4.1665496860332307e-17
-17   -2.2050129783258876e-19  +1.8042718451523710e-16
-16   +1.4768589319144087e-19  +7.6162645877013494e-16
-15   -1.5158637904361834e-19  +3.2595522804755248e-15
-14   +1.2105621533066256e-19  +1.4018543728625827e-14
-13   -1.1845547041840276e-19  +6.0775019819125057e-14
-12   +1.6456276371220620e-19  +2.6593636718929966e-13
-11   -1.1456658950474760e-19  +1.1741373349715582e-12
-10   +1.8069468885114915e-19  +5.2655186924808172e-12
 -9   -1.5465635920957295e-19  +2.3669649491930975e-11
 -8   +1.8721131355932569e-19  +1.1098084662862067e-10
 -7   -1.5220760496591144e-19  +4.8026444395542671e-10
 -6   +1.5343054626513134e-19  +2.5842939390777397e-09
 -5   -1.5505382019752039e-19  +4.1156030374635851e-09
 -4   +2.3566485851186957e-19  +7.2083856837669202e-08
 -3   -1.8706943130410760e-19  -1.9148350871182337e-06
 -2   +2.5374239631479133e-19  +3.0451428665883564e-06
 -1   -5.1692523861255644e-19  -1.5613460032015160e-03
 +0   +6.4543910580777686e-19  +0.0000000000000000e+00
 +1   -5.1692523861255644e-19  +1.5613460032015160e-03
 +2   +2.5374239631479133e-19  -3.0451428665883564e-06
 +3   -1.8706943130410760e-19  +1.9148350871182337e-06
 +4   +2.3566485851186957e-19  -7.2083856837669202e-08
 +5   -1.5505382019752039e-19  -4.1156030374635851e-09
 +6   +1.5343054626513134e-19  -2.5842939390777397e-09
 +7   -1.5220760496591144e-19  -4.8026444395542671e-10
 +8   +1.8721131355932569e-19  -1.1098084662862067e-10
 +9   -1.5465635920957295e-19  -2.3669649491930975e-11
+10   +1.8069468885114915e-19  -5.2655186924808172e-12
+11   -1.1456658950474760e-19  -1.1741373349715582e-12
+12   +1.6456276371220620e-19  -2.6593636718929966e-13
+13   -1.1845547041840276e-19  -6.0775019819125057e-14
+14   +1.2105621533066256e-19  -1.4018543728625827e-14
+15   -1.5158637904361834e-19  -3.2595522804755248e-15
+16   +1.4768589319144087e-19  -7.6162645877013494e-16
+17   -2.2050129783258876e-19  -1.8042718451523710e-16
+18   +2.5919224124596582e-19  -4.1665496860332307e-17
+19   -2.1668737357881134e-19  -1.0844576944385003e-17
+20   +1.8866898983457712e-19  -1.7189877534307610e-18
+21   -2.0712089291551479e-19  -1.1799036018770865e-18
+22   +1.5197430690655442e-19  +4.8195291087876168e-19
+23   -1.6727800683009816e-19  -6.0509526536712548e-19
+24   +1.7853360587624997e-19  +5.8866939976053250e-19
+25   -2.2331379557385201e-19  -5.4683711812205931e-19
+26   +1.7482820171777222e-19  +4.8294217872839353e-19
+27   -2.0124540685157261e-19  -4.8943473882573304e-19
+28   +1.6690068541526541e-19  +4.7778620086361378e-19
+29   -2.0172302680655224e-19  -5.1684785918199469e-19
+30   +1.4735300510753184e-19  +4.3990064917117447e-19

