-30   +5.5774154967955443e-17  -5.2336415290845930e-18
-29   +1.0551655299918045e-17  +4.7534013420996619e-18
-28   -1.7555477755160382e-16  -4.7384428591921494e-18
-27   -6.9293410226129385e-17  -3.0650725577357828e-18
-26   +3.6093181847216920e-18  -1.4943604159932623e-18
-25   -4.7368686963359573e-17  -1.1604076189981604e-17
-24   -3.1952026063117766e-17  +5.8759021046329191e-18
-23   +1.9199472857557563e-16  -4.9081159873455985e-19
-22   +1.1804975926445424e-16  -2.4759782782750251e-18
-21   -1.6181933067295752e-16  +2.8996864196748744e-18
-20   -5.4182644117227179e-18  -2.0221238073391469e-17
-19   +1.6794677911796080e-16  -1.6675380693484089e-18
-18   -1.2478847304455113e-16  +2.7390099138454491e-18
-17   -1.6541547656693858e-16  -1.1461387199486698e-18
-16   -8.0170820393536091e-16  +1.3625573362449067e-18
-15   -3.4596311311795221e-15  +6.1019581436034666e-18
-14   -1.5120258754539325e-14  +2.1450691693845020e-18
-13   -6.5094130060759977e-14  +1.3193499354169717e-18
-12   -2.8698730193922658e-13  +3.6913550503797003e-18
-11   -1.2786701281594730e-12  -3.7940577089350050e-18
-10   -5.7627132888487964e-12  -1.3017875999850120e-17
 -9   -2.6740473535999160e-11  +5.5214586623105567e-19
 -8   -1.2380485422856952e-10  +2.4047636927432757e-18
 -7   -6.4466438888025433e-10  -1.9390383461428997e-18
 -6   -2.9336338024884586e-09  +9.2250748438988107e-19
 -5   -2.4802134562127383e-08  +1.1999037297941142e-17
 -4   -7.7943442324232142e-08  -5.4418580196788257e-19
 -3   -2.9081141518038791e-06  +1.8122975767295133e-20
 -2   -1.2715221317518944e-06  +3.0332885115886934e-18
 -1   -1.5377316613577610e-03  -3.0990112096877334e-18
 +0   +9.9980744583782166e-01  +0.0000000000000000e+00
 +1   -1.5377316613577610e-03  +3.0990112096877334e-18
 +2   -1.2715221317518944e-06  -3.0332885115886934e-18
 +3   -2.9081141518038791e-06  -1.8122975767295133e-20
 +4   -7.7943442324232142e-08  +5.4418580196788257e-19
 +5   -2.4802134562127383e-08  -1.1999037297941142e-17
 +6   -2.9336338024884586e-09  -9.2250748438988107e-19
 +7   -6.4466438888025433e-10  +1.9390383461428997e-18
 +8   -1.2380485422856952e-10  -2.4047636927432757e-18
 +9   -2.6740473535999160e-11  -5.5214586623105567e-19
+10   -5.7627132888487964e-12  +1.3017875999850120e-17
+11   -1.2786701281594730e-12  +3.7940577089350050e-18
+12   -2.8698730193922658e-13  -3.6913550503797003e-18
+13   -6.5094130060759977e-14  -1.3193499354169717e-18
+14   -1.5120258754539325e-14  -2.1450691693845020e-18
+15   -3.4596311311795221e-15  -6.1019581436034666e-18
+16   -8.0170820393536091e-16  -1.3625573362449067e-18
+17   -1.6541547656693858e-16  +1.1461387199486698e-18
+18   -1.2478847304455113e-16  -2.7390099138454491e-18
+19   +1.6794677911796080e-16  +1.6675380693484089e-18
+20   -5.4182644117227179e-18  +2.0221238073391469e-17
+21   -1.6181933067295752e-16  -2.8996864196748744e-18
+22   +1.1804975926445424e-16  +2.4759782782750251e-18
+23   +1.9199472857557563e-16  +4.9081159873455985e-19
+24   -3.1952026063117766e-17  -5.8759021046329191e-18
+25   -4.7368686963359573e-17  +1.1604076189981604e-17
+26   +3.6093181847216920e-18  +1.4943604159932623e-18
+27   -6.9293410226129385e-17  +3.0650725577357828e-18
+28   -1.7555477755160382e-16  +4.7384428591921494e-18
+29   +1.0551655299918045e-17  -4.7534013420996619e-18
+30   +5.5774154967955443e-17  +5.2336415290845930e-18

