-30   -1.3465072135384436e-16  +9.5693321326131328e-18
-29   -6.6378188085852370e-17  -5.6607956426653187e-19
-28   -1.3321239882416393e-16  +6.4808893176749320e-18
-27   -6.6966138685964918e-17  -4.2992500522368697e-18
-26   +1.8166807206005381e-16  -3.0276418898004775e-18
-25   +2.5686836054843800e-17  +1.3773071606541289e-17
-24   -2.3377954939066527e-17  -4.4322536560055319e-18
-23   -8.5537380094267297e-17  +1.6617741650599582e-18
-22   -5.2443284111349985e-17  +3.7189899944787482e-18
-21   -2.9092752250919424e-17  +6.4947659990993249e-18
-20   -2.2204460492503132e-17  -1.9832224191116609e-18
-19   +1.2498979157195107e-16  +1.0447152793975891e-17
-18   +4.8166651366654070e-17  +3.3617620478380169e-18
-17   -1.2749765827292587e-16  -9.5586238409155812e-19
-16   -8.3135279775542091e-16  -1.5613310724918680e-17
-15   -3.6077025799158768e-15  +2.2727222416452542e-17
-14   -1.4929131839943380e-14  -2.0143811458211689e-18
-13   -6.4993726931038525e-14  -4.8416001462689001e-18
-12   -2.8970671505298149e-13  +5.0398930563466535e-18
-11   -1.1499222258629946e-12  +3.9698699937377532e-18
-10   -5.8449238102879287e-12  +3.5666402136120522e-19
 -9   -4.6432910822890464e-12  +1.0592265282369501e-18
 -8   -1.2767672110535185e-10  -6.9651915597889983e-18
 -7   +3.1807537124632318e-09  +1.0529212408175248e-18
 -6   -3.1726920757864928e-09  -8.2326894148438264e-18
 -5   +7.2497248163107932e-07  -4.2166711835897831e-18
 -4   -7.0615433030950977e-08  -3.3647368822766843e-18
 -3   +1.9035798938881691e-04  -2.3345202919712377e-18
 -2   +1.6588106776319511e-05  -1.0444635412156171e-18
 -1   +1.2483606615746963e-01  -4.2337027553140520e-18
 +0   -1.0003093126022136e+00  +0.0000000000000000e+00
 +1   +1.2483606615746963e-01  +4.2337027553140520e-18
 +2   +1.6588106776319511e-05  +1.0444635412156171e-18
 +3   +1.9035798938881691e-04  +2.3345202919712377e-18
 +4   -7.0615433030950977e-08  +3.3647368822766843e-18
 +5   +7.2497248163107932e-07  +4.2166711835897831e-18
 +6   -3.1726920757864928e-09  +8.2326894148438264e-18
 +7   +3.1807537124632318e-09  -1.0529212408175248e-18
 +8   -1.2767672110535185e-10  +6.9651915597889983e-18
 +9   -4.6432910822890464e-12  -1.0592265282369501e-18
+10   -5.8449238102879287e-12  -3.5666402136120522e-19
+11   -1.1499222258629946e-12  -3.9698699937377532e-18
+12   -2.8970671505298149e-13  -5.0398930563466535e-18
+13   -6.4993726931038525e-14  +4.8416001462689001e-18
+14   -1.4929131839943380e-14  +2.0143811458211689e-18
+15   -3.6077025799158768e-15  -2.2727222416452542e-17
+16   -8.3135279775542091e-16  +1.5613310724918680e-17
+17   -1.2749765827292587e-16  +9.5586238409155812e-19
+18   +4.8166651366654070e-17  -3.3617620478380169e-18
+19   +1.2498979157195107e-16  -1.0447152793975891e-17
+20   -2.2204460492503132e-17  +1.9832224191116609e-18
+21   -2.9092752250919424e-17  -6.4947659990993249e-18
+22   -5.2443284111349985e-17  -3.7189899944787482e-18
+23   -8.5537380094267297e-17  -1.6617741650599582e-18
+24   -2.3377954939066527e-17  +4.4322536560055319e-18
+25   +2.5686836054843800e-17  -1.3773071606541289e-17
+26   +1.8166807206005381e-16  +3.0276418898004775e-18
+27   -6.6966138685964918e-17  +4.2992500522368697e-18
+28   -1.3321239882416393e-16  -6.4808893176749320e-18
+29   -6.6378188085852370e-17  +5.6607956426653187e-19
+30   -1.3465072135384436e-16  -9.5693321326131328e-18

