-30   +3.0812382995507070e-18  -2.2224221482573617e-18
-29   -4.3645769948144669e-19  +7.3721313353013435e-19
-28   +2.6892507098144103e-18  +1.9425259390902097e-18
-27   -4.7362721026394194e-19  -1.7580795853058763e-18
-26   -5.8191401179918030e-20  -3.7066573094396078e-18
-25   +2.0556184960913771e-18  +1.2297383424716665e-18
-24   +1.4804827882404858e-18  -5.2134060622847927e-19
-23   +3.2488898216270678e-23  +1.8408848510367340e-18
-22   +1.2016196633613164e-18  +1.0062733361651265e-19
-21   +2.9867999516235285e-18  +3.1614654018449950e-18
-20   -8.6084511564740570e-19  +4.5957171660487518e-19
-19   +4.8917867480317978e-18  +1.1709535637047430e-17
-18   -3.0306995026567932e-18  +4.4480202174882125e-17
-17   +2.7042832474671367e-18  +1.7124134673732543e-16
-16   -5.2416364035775327e-19  +7.6525802390769152e-16
-15   -2.1612470141214043e-18  +3.2638768393199024e-15
-14   +7.9494369478856922e-18  +1.4021921990643449e-14
-13   -3.7906961984068914e-18  +6.1713581119539881e-14
-12   +9.6067550216264796e-19  +2.6573077537644474e-13
-11   -5.3487022486814891e-18  +1.3152884634908415e-12
-10   +1.2169945108241336e-18  +5.2426045258496361e-12
 -9   -5.2926995525492749e-18  +4.6020031949967081e-11
 -8   +1.8765682402649031e-18  +1.0869729820870064e-10
 -7   -4.9560279681503078e-18  +4.3089432069261876e-09
 -6   +1.6084914622066971e-19  +2.4287844412540706e-09
 -5   -2.8934186668693802e-18  +7.5343089956960988e-07
 -4   -3.0675669843164415e-18  +9.0314998185455751e-08
 -3   -1.5472657121830195e-18  +1.9131426291542990e-04
 -2   +9.1912447343502383e-20  +2.2617533901481230e-05
 -1   +7.0019320170481126e-18  +1.2703037366111711e-01
 +0   -8.1315162936412833e-19  +0.0000000000000000e+00
 +1   +7.0019320170481126e-18  -1.2703037366111711e-01
 +2   +9.1912447343502383e-20  -2.2617533901481230e-05
 +3   -1.5472657121830195e-18  -1.9131426291542990e-04
 +4   -3.0675669843164415e-18  -9.0314998185455751e-08
 +5   -2.8934186668693802e-18  -7.5343089956960988e-07
 +6   +1.6084914622066971e-19  -2.4287844412540706e-09
 +7   -4.9560279681503078e-18  -4.3089432069261876e-09
 +8   +1.8765682402649031e-18  -1.0869729820870064e-10
 +9   -5.2926995525492749e-18  -4.6020031949967081e-11
+10   +1.2169945108241336e-18  -5.2426045258496361e-12
+11   -5.3487022486814891e-18  -1.3152884634908415e-12
+12   +9.6067550216264796e-19  -2.6573077537644474e-13
+13   -3.7906961984068914e-18  -6.1713581119539881e-14
+14   +7.9494369478856922e-18  -1.4021921990643449e-14
+15   -2.1612470141214043e-18  -3.2638768393199024e-15
+16   -5.2416364035775327e-19  -7.6525802390769152e-16
+17   +2.7042832474671367e-18  -1.7124134673732543e-16
+18   -3.0306995026567932e-18  -4.4480202174882125e-17
+19   +4.8917867480317978e-18  -1.1709535637047430e-17
+20   -8.6084511564740570e-19  -4.5957171660487518e-19
+21   +2.9867999516235285e-18  -3.1614654018449950e-18
+22   +1.2016196633613164e-18  -1.0062733361651265e-19
+23   +3.2488898216270678e-23  -1.8408848510367340e-18
+24   +1.4804827882404858e-18  +5.2134060622847927e-19
+25   +2.0556184960913771e-18  -1.2297383424716665e-18
+26   -5.8191401179918030e-20  +3.7066573094396078e-18
+27   -4.7362721026394194e-19  +1.7580795853058763e-18
+28   +2.6892507098144103e-18  -1.9425259390902097e-18
+29   -4.3645769948144669e-19  -7.3721313353013435e-19
+30   +3.0812382995507070e-18  +2.2224221482573617e-18

