-30   -1.4945369599410382e-16  +2.1678522611411442e-18
-29   -1.3461610397186863e-16  +1.5444716899846016e-18
-28   -1.6558506653082126e-16  +7.3269790306281123e-18
-27   -5.3646444287710137e-17  -2.7917544066230842e-18
-26   +2.1615727289109443e-16  -5.4263855109063649e-18
-25   +2.4650275024443467e-16  +1.4788112649865396e-18
-24   +8.2708339453564176e-16  +1.0593592851797041e-18
-23   +3.3035189311911262e-15  +2.0719184054582599e-18
-22   +1.3406286544353535e-14  +5.5271800139984337e-18
-21   +5.3495383432675815e-14  -2.2808861995233291e-18
-20   +2.1258871141648419e-13  -7.4014868308545714e-18
-19   +8.4547128656882522e-13  -8.0353427828158628e-18
-18   +3.3660965881941168e-12  -2.3633852667406356e-18
-17   +1.3422999013219543e-11  -4.9777232909183992e-18
-16   +5.3617714869572427e-11  -7.0956584245443722e-18
-15   +2.1457765390588610e-10  +1.2637860623549476e-17
-14   +8.6056779409206242e-10  +2.4158512260113303e-18
-13   +3.4597367988948740e-09  -8.7238734883488400e-19
-12   +1.3948363954491681e-08  +7.1735660697645359e-19
-11   +5.6419832370265661e-08  +7.7599820223193817e-18
-10   +2.2910318901640624e-07  -1.5727016021044259e-17
 -9   +9.3468348479513009e-07  +4.6615549788399598e-18
 -8   +3.8351867149192383e-06  +1.9192932863556460e-18
 -7   +1.5850235014749566e-05  +3.4365525079964453e-18
 -6   +6.6112468008680306e-05  -3.8267881274530864e-18
 -5   +2.7923794155647704e-04  -5.3957128117361936e-18
 -4   +1.1993651435782599e-03  -1.7619352585307876e-18
 -3   +5.2987682837375167e-03  -5.4698974495277557e-18
 -2   +2.4278181213951068e-02  -3.8397852048811091e-18
 -1   +1.2769273387887994e-01  -5.7371297678272848e-18
 +0   +1.0152681733948210e+00  +0.0000000000000000e+00
 +1   +1.2769273387887994e-01  +5.7371297678272848e-18
 +2   +2.4278181213951068e-02  +3.8397852048811091e-18
 +3   +5.2987682837375167e-03  +5.4698974495277557e-18
 +4   +1.1993651435782599e-03  +1.7619352585307876e-18
 +5   +2.7923794155647704e-04  +5.3957128117361936e-18
 +6   +6.6112468008680306e-05  +3.8267881274530864e-18
 +7   +1.5850235014749566e-05  -3.4365525079964453e-18
 +8   +3.8351867149192383e-06  -1.9192932863556460e-18
 +9   +9.3468348479513009e-07  -4.6615549788399598e-18
+10   +2.2910318901640624e-07  +1.5727016021044259e-17
+11   +5.6419832370265661e-08  -7.7599820223193817e-18
+12   +1.3948363954491681e-08  -7.1735660697645359e-19
+13   +3.4597367988948740e-09  +8.7238734883488400e-19
+14   +8.6056779409206242e-10  -2.4158512260113303e-18
+15   +2.1457765390588610e-10  -1.2637860623549476e-17
+16   +5.3617714869572427e-11  +7.0956584245443722e-18
+17   +1.3422999013219543e-11  +4.9777232909183992e-18
+18   +3.3660965881941168e-12  +2.3633852667406356e-18
+19   +8.4547128656882522e-13  +8.0353427828158628e-18
+20   +2.1258871141648419e-13  +7.4014868308545714e-18
+21   +5.3495383432675815e-14  +2.2808861995233291e-18
+22   +1.3406286544353535e-14  -5.5271800139984337e-18
+23   +3.3035189311911262e-15  -2.0719184054582599e-18
+24   +8.2708339453564176e-16  -1.0593592851797041e-18
+25   +2.4650275024443467e-16  -1.4788112649865396e-18
+26   +2.1615727289109443e-16  +5.4263855109063649e-18
+27   -5.3646444287710137e-17  +2.7917544066230842e-18
+28   -1.6558506653082126e-16  -7.3269790306281123e-18
+29   -1.3461610397186863e-16  -1.5444716899846016e-18
+30   -1.4945369599410382e-16  -2.1678522611411442e-18

