-30   -1.0048591735577328e-15  +1.3874209932068991e-16
-29   -3.9179998701265483e-16  -2.5689950491279378e-16
-28   +3.6610276636618148e-16  +1.7680368655085796e-17
-27   +6.2556686576334796e-16  -1.0205546013804522e-16
-26   +2.0690325149004091e-16  -1.8250627352238583e-16
-25   -9.3524424558491138e-16  +3.0262705237000185e-17
-24   +2.9605944914744373e-16  -2.3854933413965506e-16
-23   +4.4384879623699940e-16  -1.5565933395793185e-16
-22   +1.5188327251828372e-16  -1.6304779185136251e-16
-21   +2.0074705053643416e-16  -2.1157888562169705e-16
-20   +3.4676892235025385e-16  +3.4676892235025375e-16
-19   -4.0475705678814824e-17  +1.2907820116170154e-16
-18   +8.3930006152625255e-17  -2.5047826388347117e-16
-17   -5.2587650057132207e-16  -9.3251555014685105e-17
-16   -8.5986364022351957e-16  -1.8711003426031773e-16
-15   -3.5190452539968477e-15  +5.1024595665329202e-16
-14   -1.5452375363245987e-14  -1.8900047674103700e-16
-13   -6.5181279896057999e-14  -3.5745676768751410e-17
-12   -2.8960619459265783e-13  -3.3577756534216842e-16
-11   -1.2898160058225669e-12  +2.4304697010421131e-16
-10   -5.8223040016486649e-12  +6.9440196468877440e-16
 -9   -2.6738191988656397e-11  -1.2287601599213396e-16
 -8   -1.2542371765863585e-10  -8.8408932729228766e-17
 -7   -6.0449074351803568e-10  -6.4967393204623207e-17
 -6   -3.0207532051931748e-09  -2.3621116031284883e-17
 -5   -1.5854459419411204e-08  -1.4937513584654694e-16
 -4   -8.9785909006164608e-08  +5.0228076596149712e-17
 -3   -5.6223395956764192e-07  +8.0600323597793353e-17
 -2   -4.6020305179020729e-06  +1.2518183813371453e-16
 -1   -2.8229149181493038e-06  -1.4048244365189518e-16
 +0   -1.0022386409482966e+02  +0.0000000000000000e+00
 +1   -2.8229149181493038e-06  +1.4048244365189518e-16
 +2   -4.6020305179020729e-06  -1.2518183813371453e-16
 +3   -5.6223395956764192e-07  -8.0600323597793353e-17
 +4   -8.9785909006164608e-08  -5.0228076596149712e-17
 +5   -1.5854459419411204e-08  +1.4937513584654694e-16
 +6   -3.0207532051931748e-09  +2.3621116031284883e-17
 +7   -6.0449074351803568e-10  +6.4967393204623207e-17
 +8   -1.2542371765863585e-10  +8.8408932729228766e-17
 +9   -2.6738191988656397e-11  +1.2287601599213396e-16
+10   -5.8223040016486649e-12  -6.9440196468877440e-16
+11   -1.2898160058225669e-12  -2.4304697010421131e-16
+12   -2.8960619459265783e-13  +3.3577756534216842e-16
+13   -6.5181279896057999e-14  +3.5745676768751410e-17
+14   -1.5452375363245987e-14  +1.8900047674103700e-16
+15   -3.5190452539968477e-15  -5.1024595665329202e-16
+16   -8.5986364022351957e-16  +1.8711003426031773e-16
+17   -5.2587650057132207e-16  +9.3251555014685105e-17
+18   +8.3930006152625255e-17  +2.5047826388347117e-16
+19   -4.0475705678814824e-17  -1.2907820116170154e-16
+20   +3.4676892235025385e-16  -3.4676892235025375e-16
+21   +2.0074705053643416e-16  +2.1157888562169705e-16
+22   +1.5188327251828372e-16  +1.6304779185136251e-16
+23   +4.4384879623699940e-16  +1.5565933395793185e-16
+24   +2.9605944914744373e-16  +2.3854933413965506e-16
+25   -9.3524424558491138e-16  -3.0262705237000185e-17
+26   +2.0690325149004091e-16  +1.8250627352238583e-16
+27   +6.2556686576334796e-16  +1.0205546013804522e-16
+28   +3.6610276636618148e-16  -1.7680368655085796e-17
+29   -3.9179998701265483e-16  +2.5689950491279378e-16
+30   -1.0048591735577328e-15  -1.3874209932068991e-16

