-30   +1.8562037408843258e-19  -4.4733504768729565e-19
-29   -1.8541700420022816e-19  +4.6402362873197722e-19
-28   +1.8575383125722041e-19  -4.8266890196145346e-19
-27   -1.8537910581021387e-19  +5.0201356756006915e-19
-26   +1.8576247500720409e-19  -5.2203123338100082e-19
-25   -1.8560915898514668e-19  +5.4789301774507548e-19
-24   +1.8582451799244407e-19  -5.6176978212284824e-19
-23   -1.8572758013128140e-19  +6.2967102872671211e-19
-22   +1.8579723687616757e-19  -4.8478234973433466e-19
-21   -1.8587963688776090e-19  +1.2339701130683897e-18
-20   +1.8599896483104149e-19  +1.7199313540346793e-18
-19   -1.8611461880996260e-19  +1.0828006829576551e-17
-18   +1.8609496130580589e-19  +4.1705816357274026e-17
-17   -1.8590468919934973e-19  +1.8032283211894259e-16
-16   +1.8619894244350036e-19  +7.6168543602506133e-16
-15   -1.8650881000808362e-19  +3.2595837288676309e-15
-14   +1.8643002976957213e-19  +1.4018572197086716e-14
-13   -1.8652958438857409e-19  +6.0786453467498738e-14
-12   +1.8678158769128194e-19  +2.6593385243657067e-13
-11   -1.8714086752179519e-19  +1.1758523747080762e-12
-10   +1.8757030093785144e-19  +5.2652402509617958e-12
 -9   -1.8806340801683074e-19  +2.3941219628306683e-11
 -8   +1.8871109652183796e-19  +1.1095310020306668e-10
 -7   -1.9007745697764315e-19  +5.2678511777399904e-10
 -6   +1.9198946988474621e-19  +2.5824044082297215e-09
 -5   -1.9410763632142190e-19  +1.3220219709697775e-08
 -4   +2.0048891611485109e-19  +7.2305375808698269e-08
 -3   -2.1101109466951895e-19  +4.3301084018417716e-07
 -2   +2.3922750379153096e-19  +3.2829588014236009e-06
 -1   -4.4078605219858549e-19  +1.1181826774792333e-06
 +0   +6.1309127048252984e-19  +0.0000000000000000e+00
 +1   -4.4078605219858549e-19  -1.1181826774792333e-06
 +2   +2.3922750379153096e-19  -3.2829588014236009e-06
 +3   -2.1101109466951895e-19  -4.3301084018417716e-07
 +4   +2.0048891611485109e-19  -7.2305375808698269e-08
 +5   -1.9410763632142190e-19  -1.3220219709697775e-08
 +6   +1.9198946988474621e-19  -2.5824044082297215e-09
 +7   -1.9007745697764315e-19  -5.2678511777399904e-10
 +8   +1.8871109652183796e-19  -1.1095310020306668e-10
 +9   -1.8806340801683074e-19  -2.3941219628306683e-11
+10   +1.8757030093785144e-19  -5.2652402509617958e-12
+11   -1.8714086752179519e-19  -1.1758523747080762e-12
+12   +1.8678158769128194e-19  -2.6593385243657067e-13
+13   -1.8652958438857409e-19  -6.0786453467498738e-14
+14   +1.8643002976957213e-19  -1.4018572197086716e-14
+15   -1.8650881000808362e-19  -3.2595837288676309e-15
+16   +1.8619894244350036e-19  -7.6168543602506133e-16
+17   -1.8590468919934973e-19  -1.8032283211894259e-16
+18   +1.8609496130580589e-19  -4.1705816357274026e-17
+19   -1.8611461880996260e-19  -1.0828006829576551e-17
+20   +1.8599896483104149e-19  -1.7199313540346793e-18
+21   -1.8587963688776090e-19  -1.2339701130683897e-18
+22   +1.8579723687616757e-19  +4.8478234973433466e-19
+23   -1.8572758013128140e-19  -6.2967102872671211e-19
+24   +1.8582451799244407e-19  +5.6176978212284824e-19
+25   -1.8560915898514668e-19  -5.4789301774507548e-19
+26   +1.8576247500720409e-19  +5.2203123338100082e-19
+27   -1.8537910581021387e-19  -5.0201356756006915e-19
+28   +1.8575383125722041e-19  +4.8266890196145346e-19
+29   -1.8541700420022816e-19  -4.6402362873197722e-19
+30   +1.8562037408843258e-19  +4.4733504768729565e-19

