-30   -2.7476600539924566e-33  -1.0572718191367577e-19
-29   +1.5435050313185157e-20  +4.3436763551341736e-21
-28   +7.8263261449389492e-20  +2.3129811968539651e-20
-27   +1.2230254266256243e-19  -5.9910977365921076e-21
-26   -7.1209207582718210e-21  +7.0517492176405283e-21
-25   -4.9339748351945627e-20  -3.3257067131786137e-20
-24   -1.8860950100711423e-20  +5.0553939158588169e-20
-23   -5.1470997918032833e-20  -5.1486984844837945e-20
-22   +4.6606329761597963e-20  -3.7646771423718649e-20
-21   +1.0794972910858280e-19  -2.5380421890351056e-20
-20   -5.7824115865893581e-20  -2.1580253831426441e-19
-19   -7.0541667559942685e-20  +5.9302188349070259e-21
-18   +6.1859390409607976e-20  +1.6016725945101183e-20
-17   +3.7335642230069136e-20  -9.6802492544536370e-21
-16   -1.1988548532396803e-19  +2.5459014824828581e-20
-15   -4.2330360751400426e-19  -4.7155170791394725e-20
-14   -1.4007407174645449e-18  +9.9354009870284925e-21
-13   -6.5226479791841816e-18  +3.6814855579779283e-20
-12   -2.8828261876229603e-17  -5.8880510261031203e-21
-11   -1.2839879819808078e-16  +1.2173032088351151e-20
-10   -5.7958220736429378e-16  +1.3946075480664140e-20
 -9   -2.6618303849736182e-15  -2.4974939429307242e-20
 -8   -1.2486261248493683e-14  +3.1130924745111161e-20
 -7   -6.0178858888716073e-14  +4.6022898536996617e-21
 -6   -3.0072581265165474e-13  +2.0726671860371381e-20
 -5   -1.5783641884365760e-12  +1.4326177060700858e-19
 -4   -8.9384955899777967e-12  -1.2344246259957341e-20
 -3   -5.5972480860231388e-11  -1.6864722041560695e-21
 -2   -4.5814947956619834e-10  +4.1325698695551385e-20
 -1   -2.8103179882445244e-10  -4.0158913912635882e-20
 +0   +9.9776635937108352e-03  +0.0000000000000000e+00
 +1   -2.8103179882445244e-10  +4.0158913912635882e-20
 +2   -4.5814947956619834e-10  -4.1325698695551385e-20
 +3   -5.5972480860231388e-11  +1.6864722041560695e-21
 +4   -8.9384955899777967e-12  +1.2344246259957341e-20
 +5   -1.5783641884365760e-12  -1.4326177060700858e-19
 +6   -3.0072581265165474e-13  -2.0726671860371381e-20
 +7   -6.0178858888716073e-14  -4.6022898536996617e-21
 +8   -1.2486261248493683e-14  -3.1130924745111161e-20
 +9   -2.6618303849736182e-15  +2.4974939429307242e-20
+10   -5.7958220736429378e-16  -1.3946075480664140e-20
+11   -1.2839879819808078e-16  -1.2173032088351151e-20
+12   -2.8828261876229603e-17  +5.8880510261031203e-21
+13   -6.5226479791841816e-18  -3.6814855579779283e-20
+14   -1.4007407174645449e-18  -9.9354009870284925e-21
+15   -4.2330360751400426e-19  +4.7155170791394725e-20
+16   -1.1988548532396803e-19  -2.5459014824828581e-20
+17   +3.7335642230069136e-20  +9.6802492544536370e-21
+18   +6.1859390409607976e-20  -1.6016725945101183e-20
+19   -7.0541667559942685e-20  -5.9302188349070259e-21
+20   -5.7824115865893581e-20  +2.1580253831426441e-19
+21   +1.0794972910858280e-19  +2.5380421890351056e-20
+22   +4.6606329761597963e-20  +3.7646771423718649e-20
+23   -5.1470997918032833e-20  +5.1486984844837945e-20
+24   -1.8860950100711423e-20  -5.0553939158588169e-20
+25   -4.9339748351945627e-20  +3.3257067131786137e-20
+26   -7.1209207582718210e-21  -7.0517492176405283e-21
+27   +1.2230254266256243e-19  +5.9910977365921076e-21
+28   +7.8263261449389492e-20  -2.3129811968539651e-20
+29   +1.5435050313185157e-20  -4.3436763551341736e-21
+30   -2.7476600539924566e-33  +1.0572718191367577e-19

