-30   +8.484065431277112e-16  +0.000000000000000e+00
-29   -9.219651409725895e-17  +0.000000000000000e+00
-28   +4.639377507535275e-16  +0.000000000000000e+00
-27   +1.033280803281888e-16  +0.000000000000000e+00
-26   +1.348187036329016e-15  +0.000000000000000e+00
-25   -1.258991961591732e-16  +0.000000000000000e+00
-24   +1.543597335910304e-16  +0.000000000000000e+00
-23   -3.625063135943076e-16  +0.000000000000000e+00
-22   -3.129353967758757e-15  +0.000000000000000e+00
-21   -2.775773557191652e-16  +0.000000000000000e+00
-20   +1.362087153185318e-15  +0.000000000000000e+00
-19   -1.295111002076792e-16  +0.000000000000000e+00
-18   +1.769200010105257e-15  +0.000000000000000e+00
-17   -3.289934645695575e-16  +0.000000000000000e+00
-16   -2.889810205842729e-15  +0.000000000000000e+00
-15   +4.088959868515747e-17  +0.000000000000000e+00
-14   +1.653236861157806e-15  +0.000000000000000e+00
-13   -2.987482588015745e-17  +0.000000000000000e+00
-12   +9.498233787171464e-16  +0.000000000000000e+00
-11   -6.912878442218449e-16  +0.000000000000000e+00
-10   +3.754455270620198e-15  +0.000000000000000e+00
 -9   -4.274643415597797e-15  +0.000000000000000e+00
 -8   +6.922716692659873e-13  +0.000000000000000e+00
 -7   -6.034377432000754e-13  +0.000000000000000e+00
 -6   +1.241862959305597e-10  +0.000000000000000e+00
 -5   -1.047106668704256e-10  +0.000000000000000e+00
 -4   +2.673415690401280e-08  +0.000000000000000e+00
 -3   -2.160562077495687e-08  +0.000000000000000e+00
 -2   +8.760428348527215e-06  +0.000000000000000e+00
 -1   -2.311627306949800e-08  +0.000000000000000e+00
 +0   +9.889164156593461e+01  +0.000000000000000e+00
 +1   -2.311627306949800e-08  +0.000000000000000e+00
 +2   +8.760428348527215e-06  +0.000000000000000e+00
 +3   -2.160562077495687e-08  +0.000000000000000e+00
 +4   +2.673415690401280e-08  +0.000000000000000e+00
 +5   -1.047106668704256e-10  +0.000000000000000e+00
 +6   +1.241862959305597e-10  +0.000000000000000e+00
 +7   -6.034377432000754e-13  +0.000000000000000e+00
 +8   +6.922716692659873e-13  +0.000000000000000e+00
 +9   -4.274643415597797e-15  +0.000000000000000e+00
+10   +3.754455270620198e-15  +0.000000000000000e+00
+11   -6.912878442218449e-16  +0.000000000000000e+00
+12   +9.498233787171464e-16  +0.000000000000000e+00
+13   -2.987482588015745e-17  +0.000000000000000e+00
+14   +1.653236861157806e-15  +0.000000000000000e+00
+15   +4.088959868515747e-17  +0.000000000000000e+00
+16   -2.889810205842729e-15  +0.000000000000000e+00
+17   -3.289934645695575e-16  +0.000000000000000e+00
+18   +1.769200010105257e-15  +0.000000000000000e+00
+19   -1.295111002076792e-16  +0.000000000000000e+00
+20   +1.362087153185318e-15  +0.000000000000000e+00
+21   -2.775773557191652e-16  +0.000000000000000e+00
+22   -3.129353967758757e-15  +0.000000000000000e+00
+23   -3.625063135943076e-16  +0.000000000000000e+00
+24   +1.543597335910304e-16  +0.000000000000000e+00
+25   -1.258991961591732e-16  +0.000000000000000e+00
+26   +1.348187036329016e-15  +0.000000000000000e+00
+27   +1.033280803281888e-16  +0.000000000000000e+00
+28   +4.639377507535275e-16  +0.000000000000000e+00
+29   -9.219651409725895e-17  +0.000000000000000e+00
+30   +8.484065431277112e-16  +0.000000000000000e+00

