+0 +0.000000000000000e+00
+1 -4.062612222735255e-11
+2 +7.575663768628417e-09
+3 -1.227929849914701e-11
+4 +1.123312522373765e-11
+5 -3.510132049555895e-14
+6 +3.446665014651487e-14
+7 -1.447408981107420e-16
+8 +1.419253388225266e-16
+9 -8.978176065541724e-19
+10 +7.079013074621429e-19
+11 -1.595717387400609e-19
+12 +7.432732970198080e-19
+13 +4.027892653306781e-19
+14 +8.561760463379242e-19
+15 -3.811346774363021e-19
+16 -7.747408881890379e-19
+17 +4.781047755841057e-19
+18 +9.620523729739053e-20
+19 +3.981938506380216e-19
+20 +7.404078318146939e-19
+21 +2.916368198020877e-19
+22 -1.270319562916060e-18
+23 +9.626470079488507e-20
+24 -3.538441133570340e-19
+25 +8.016112774874977e-19
+26 -4.950507163870266e-19
+27 -7.424733065921408e-20
+28 -2.432844438832340e-19
+29 +1.141099385398326e-18
+30 +2.194194501833130e-19
