-30   -0.000000000000000e+00  -2.168616098946318e-17
-29   -0.000000000000000e+00  -1.609150604580458e-17
-28   -0.000000000000000e+00  -2.954691980716107e-17
-27   -0.000000000000000e+00  -1.395413214200046e-17
-26   +0.000000000000000e+00  +2.505427994888501e-17
-25   +0.000000000000000e+00  +4.235590442983398e-17
-24   -0.000000000000000e+00  -1.149891861853548e-17
-23   -0.000000000000000e+00  -2.008208661345906e-17
-22   +0.000000000000000e+00  +3.496982963738924e-17
-21   +0.000000000000000e+00  +1.044704178478692e-18
-20   -0.000000000000000e+00  -2.177679382029858e-17
-19   +0.000000000000000e+00  +1.145016263459830e-17
-18   -0.000000000000000e+00  -7.519583407148282e-18
-17   +0.000000000000000e+00  +3.682626442838683e-17
-16   +0.000000000000000e+00  +3.833928919324212e-17
-15   +0.000000000000000e+00  +3.037060432433120e-17
-14   +0.000000000000000e+00  +6.532251539888561e-18
-13   +0.000000000000000e+00  +3.834088306363807e-17
-12   -0.000000000000000e+00  -3.099021058681952e-17
-11   -0.000000000000000e+00  -1.201670898230264e-17
-10   -0.000000000000000e+00  -2.775771298822339e-15
 -9   +0.000000000000000e+00  +2.918006132242613e-15
 -8   -0.000000000000000e+00  -4.599073726001308e-13
 -7   +0.000000000000000e+00  +4.534555381535089e-13
 -6   -0.000000000000000e+00  -8.293064817037604e-11
 -5   +0.000000000000000e+00  +7.927474613201785e-11
 -4   -0.000000000000000e+00  -1.786641581894098e-08
 -3   +0.000000000000000e+00  +1.651534013423342e-08
 -2   -0.000000000000000e+00  -5.877619619461029e-06
 -1   +0.000000000000000e+00  +8.683584990966556e-09
 +0   +0.000000000000000e+00  +0.000000000000000e+00
 +1   -0.000000000000000e+00  -8.683584990966556e-09
 +2   +0.000000000000000e+00  +5.877619619461029e-06
 +3   -0.000000000000000e+00  -1.651534013423342e-08
 +4   +0.000000000000000e+00  +1.786641581894098e-08
 +5   -0.000000000000000e+00  -7.927474613201785e-11
 +6   +0.000000000000000e+00  +8.293064817037604e-11
 +7   -0.000000000000000e+00  -4.534555381535089e-13
 +8   +0.000000000000000e+00  +4.599073726001308e-13
 +9   -0.000000000000000e+00  -2.918006132242613e-15
+10   +0.000000000000000e+00  +2.775771298822339e-15
+11   +0.000000000000000e+00  +1.201670898230264e-17
+12   +0.000000000000000e+00  +3.099021058681952e-17
+13   -0.000000000000000e+00  -3.834088306363807e-17
+14   -0.000000000000000e+00  -6.532251539888561e-18
+15   -0.000000000000000e+00  -3.037060432433120e-17
+16   -0.000000000000000e+00  -3.833928919324212e-17
+17   -0.000000000000000e+00  -3.682626442838683e-17
+18   +0.000000000000000e+00  +7.519583407148282e-18
+19   -0.000000000000000e+00  -1.145016263459830e-17
+20   +0.000000000000000e+00  +2.177679382029858e-17
+21   -0.000000000000000e+00  -1.044704178478692e-18
+22   -0.000000000000000e+00  -3.496982963738924e-17
+23   +0.000000000000000e+00  +2.008208661345906e-17
+24   +0.000000000000000e+00  +1.149891861853548e-17
+25   -0.000000000000000e+00  -4.235590442983398e-17
+26   -0.000000000000000e+00  -2.505427994888501e-17
+27   +0.000000000000000e+00  +1.395413214200046e-17
+28   +0.000000000000000e+00  +2.954691980716107e-17
+29   +0.000000000000000e+00  +1.609150604580458e-17
+30   +0.000000000000000e+00  +2.168616098946318e-17

