-30   -2.526870740605616e-18  +0.000000000000000e+00
-29   -1.801573889413801e-18  +0.000000000000000e+00
-28   -3.897787112570896e-18  +0.000000000000000e+00
-27   +4.826974415742582e-19  +0.000000000000000e+00
-26   -1.278252570616702e-18  +0.000000000000000e+00
-25   -4.735027443756613e-18  +0.000000000000000e+00
-24   +2.922148066705669e-18  +0.000000000000000e+00
-23   -1.287008850555741e-18  +0.000000000000000e+00
-22   -2.398684095949925e-18  +0.000000000000000e+00
-21   -2.190866122958007e-18  +0.000000000000000e+00
-20   +7.931334540062570e-19  +0.000000000000000e+00
-19   +6.945456971915743e-19  +0.000000000000000e+00
-18   +3.966849332923782e-19  +0.000000000000000e+00
-17   +5.121957327663467e-19  +0.000000000000000e+00
-16   -7.425434688484291e-18  +0.000000000000000e+00
-15   -4.021181341764735e-18  +0.000000000000000e+00
-14   +3.712346826783981e-18  +0.000000000000000e+00
-13   -1.859311001158074e-18  +0.000000000000000e+00
-12   +2.010309565799943e-18  +0.000000000000000e+00
-11   +3.481931605033154e-18  +0.000000000000000e+00
-10   -1.320246907024967e-17  +0.000000000000000e+00
 -9   +1.171986989341379e-18  +0.000000000000000e+00
 -8   +6.191544220020433e-18  +0.000000000000000e+00
 -7   +4.348724725338206e-18  +0.000000000000000e+00
 -6   -4.598471253847915e-16  +0.000000000000000e+00
 -5   +5.678509153747330e-16  +0.000000000000000e+00
 -4   -2.270675096790753e-13  +0.000000000000000e+00
 -3   +3.309367228127265e-13  +0.000000000000000e+00
 -2   -3.062540453316427e-10  +0.000000000000000e+00
 -1   +3.284701545473413e-12  +0.000000000000000e+00
 +0   +9.999999624371274e-01  +0.000000000000000e+00
 +1   +3.284701545473413e-12  +0.000000000000000e+00
 +2   -3.062540453316427e-10  +0.000000000000000e+00
 +3   +3.309367228127265e-13  +0.000000000000000e+00
 +4   -2.270675096790753e-13  +0.000000000000000e+00
 +5   +5.678509153747330e-16  +0.000000000000000e+00
 +6   -4.598471253847915e-16  +0.000000000000000e+00
 +7   +4.348724725338206e-18  +0.000000000000000e+00
 +8   +6.191544220020433e-18  +0.000000000000000e+00
 +9   +1.171986989341379e-18  +0.000000000000000e+00
+10   -1.320246907024967e-17  +0.000000000000000e+00
+11   +3.481931605033154e-18  +0.000000000000000e+00
+12   +2.010309565799943e-18  +0.000000000000000e+00
+13   -1.859311001158074e-18  +0.000000000000000e+00
+14   +3.712346826783981e-18  +0.000000000000000e+00
+15   -4.021181341764735e-18  +0.000000000000000e+00
+16   -7.425434688484291e-18  +0.000000000000000e+00
+17   +5.121957327663467e-19  +0.000000000000000e+00
+18   +3.966849332923782e-19  +0.000000000000000e+00
+19   +6.945456971915743e-19  +0.000000000000000e+00
+20   +7.931334540062570e-19  +0.000000000000000e+00
+21   -2.190866122958007e-18  +0.000000000000000e+00
+22   -2.398684095949925e-18  +0.000000000000000e+00
+23   -1.287008850555741e-18  +0.000000000000000e+00
+24   +2.922148066705669e-18  +0.000000000000000e+00
+25   -4.735027443756613e-18  +0.000000000000000e+00
+26   -1.278252570616702e-18  +0.000000000000000e+00
+27   +4.826974415742582e-19  +0.000000000000000e+00
+28   -3.897787112570896e-18  +0.000000000000000e+00
+29   -1.801573889413801e-18  +0.000000000000000e+00
+30   -2.526870740605616e-18  +0.000000000000000e+00

