+0 +9.889164156593461e+01
+1 -4.623254613899600e-08
+2 +1.752085669705443e-05
+3 -4.321124154991373e-08
+4 +5.346831380802560e-08
+5 -2.094213337408511e-10
+6 +2.483725918611194e-10
+7 -1.206875486400151e-12
+8 +1.384543338531975e-12
+9 -8.549286831195594e-15
+10 +7.508910541240397e-15
+11 -1.382575688443690e-15
+12 +1.899646757434293e-15
+13 -5.974965176031491e-17
+14 +3.306473722315612e-15
+15 +8.177919737031493e-17
+16 -5.779620411685459e-15
+17 -6.579869291391150e-16
+18 +3.538400020210514e-15
+19 -2.590222004153584e-16
+20 +2.724174306370635e-15
+21 -5.551547114383305e-16
+22 -6.258707935517514e-15
+23 -7.250126271886152e-16
+24 +3.087194671820608e-16
+25 -2.517983923183464e-16
+26 +2.696374072658031e-15
+27 +2.066561606563777e-16
+28 +9.278755015070551e-16
+29 -1.843930281945179e-16
+30 +1.696813086255422e-15
