+0 +0.000000000000000e+00
+1 +1.736716998193311e-08
+2 -1.175523923892206e-05
+3 +3.303068026846684e-08
+4 -3.573283163788196e-08
+5 +1.585494922640357e-10
+6 -1.658612963407521e-10
+7 +9.069110763070177e-13
+8 -9.198147452002617e-13
+9 +5.836012264485225e-15
+10 -5.551542597644679e-15
+11 -2.403341796460528e-17
+12 -6.198042117363904e-17
+13 +7.668176612727614e-17
+14 +1.306450307977712e-17
+15 +6.074120864866239e-17
+16 +7.667857838648423e-17
+17 +7.365252885677367e-17
+18 -1.503916681429656e-17
+19 +2.290032526919660e-17
+20 -4.355358764059715e-17
+21 +2.089408356957384e-18
+22 +6.993965927477848e-17
+23 -4.016417322691813e-17
+24 -2.299783723707096e-17
+25 +8.471180885966796e-17
+26 +5.010855989777003e-17
+27 -2.790826428400092e-17
+28 -5.909383961432213e-17
+29 -3.218301209160916e-17
+30 -4.337232197892636e-17
