-30   +4.549508814690912e-17  +0.000000000000000e+00
-29   +5.537236887671112e-17  +0.000000000000000e+00
-28   -1.926912339241133e-16  +0.000000000000000e+00
-27   -9.229898573328391e-17  +0.000000000000000e+00
-26   +3.343702242190859e-17  +0.000000000000000e+00
-25   -5.723424971438633e-17  +0.000000000000000e+00
-24   +5.784697964846728e-17  +0.000000000000000e+00
-23   -2.672606907835008e-17  +0.000000000000000e+00
-22   +5.878725274690702e-17  +0.000000000000000e+00
-21   +1.838711405955570e-18  +0.000000000000000e+00
-20   -1.226876056021078e-17  +0.000000000000000e+00
-19   +6.540556275744820e-17  +0.000000000000000e+00
-18   -2.656627237595605e-17  +0.000000000000000e+00
-17   -6.657700610845231e-17  +0.000000000000000e+00
-16   -9.528067119915544e-18  +0.000000000000000e+00
-15   +7.273060205088476e-17  +0.000000000000000e+00
-14   -1.853795407026219e-16  +0.000000000000000e+00
-13   +1.592625694089157e-17  +0.000000000000000e+00
-12   -9.001669046680064e-17  +0.000000000000000e+00
-11   -1.764860090685443e-15  +0.000000000000000e+00
-10   +3.357730064761370e-16  +0.000000000000000e+00
 -9   -2.736994262770236e-13  +0.000000000000000e+00
 -8   +2.806619145799260e-14  +0.000000000000000e+00
 -7   -4.687236609044028e-11  +0.000000000000000e+00
 -6   +1.881322431996336e-12  +0.000000000000000e+00
 -5   -9.173567654445722e-09  +0.000000000000000e+00
 -4   -2.373856348463003e-10  +0.000000000000000e+00
 -3   -2.364141301688825e-06  +0.000000000000000e+00
 -2   -2.623948256774218e-07  +0.000000000000000e+00
 -1   -1.545864385199623e-03  +0.000000000000000e+00
 +0   +1.000001399714768e+00  +0.000000000000000e+00
 +1   -1.545864385199623e-03  +0.000000000000000e+00
 +2   -2.623948256774218e-07  +0.000000000000000e+00
 +3   -2.364141301688825e-06  +0.000000000000000e+00
 +4   -2.373856348463003e-10  +0.000000000000000e+00
 +5   -9.173567654445722e-09  +0.000000000000000e+00
 +6   +1.881322431996336e-12  +0.000000000000000e+00
 +7   -4.687236609044028e-11  +0.000000000000000e+00
 +8   +2.806619145799260e-14  +0.000000000000000e+00
 +9   -2.736994262770236e-13  +0.000000000000000e+00
+10   +3.357730064761370e-16  +0.000000000000000e+00
+11   -1.764860090685443e-15  +0.000000000000000e+00
+12   -9.001669046680064e-17  +0.000000000000000e+00
+13   +1.592625694089157e-17  +0.000000000000000e+00
+14   -1.853795407026219e-16  +0.000000000000000e+00
+15   +7.273060205088476e-17  +0.000000000000000e+00
+16   -9.528067119915544e-18  +0.000000000000000e+00
+17   -6.657700610845231e-17  +0.000000000000000e+00
+18   -2.656627237595605e-17  +0.000000000000000e+00
+19   +6.540556275744820e-17  +0.000000000000000e+00
+20   -1.226876056021078e-17  +0.000000000000000e+00
+21   +1.838711405955570e-18  +0.000000000000000e+00
+22   +5.878725274690702e-17  +0.000000000000000e+00
+23   -2.672606907835008e-17  +0.000000000000000e+00
+24   +5.784697964846728e-17  +0.000000000000000e+00
+25   -5.723424971438633e-17  +0.000000000000000e+00
+26   +3.343702242190859e-17  +0.000000000000000e+00
+27   -9.229898573328391e-17  +0.000000000000000e+00
+28   -1.926912339241133e-16  +0.000000000000000e+00
+29   +5.537236887671112e-17  +0.000000000000000e+00
+30   +4.549508814690912e-17  +0.000000000000000e+00

