+0 -9.999969735887235e-01
+1 +3.095073258121231e-05
+2 +5.253573443864480e-09
+3 +4.733397438383159e-08
+4 +4.752849797806626e-12
+5 +1.836698212073024e-10
+6 -3.766761584849841e-14
+7 +9.384612065648908e-13
+8 -5.537630773398968e-16
+9 +5.480162315174072e-15
+10 -3.471412924335055e-18
+11 +3.604758065055480e-17
+12 +4.871202859422668e-18
+13 -1.732167309112030e-18
+14 -6.771775160098806e-19
+15 -2.148398609657770e-18
+16 +1.964807106461925e-18
+17 +7.233182372663463e-19
+18 +9.279308314578271e-19
+19 -2.330605131603162e-18
+20 -1.828144613402946e-18
+21 +1.727384363095525e-18
+22 -5.057689580434488e-18
+23 +1.841128790354678e-19
+24 -4.811702737914528e-18
+25 +1.003952545191103e-18
+26 -1.685423033063047e-18
+27 +8.619902964881066e-19
+28 +1.300116243540500e-18
+29 -1.209517421013636e-20
+30 -3.755464226394234e-18
