+0 +1.000001399714768e+00
+1 -3.091728770399246e-03
+2 -5.247896513548436e-07
+3 -4.728282603377649e-06
+4 -4.747712696926006e-10
+5 -1.834713530889144e-08
+6 +3.762644863992671e-12
+7 -9.374473218088056e-11
+8 +5.613238291598521e-14
+9 -5.473988525540472e-13
+10 +6.715460129522740e-16
+11 -3.529720181370886e-15
+12 -1.800333809336013e-16
+13 +3.185251388178313e-17
+14 -3.707590814052438e-16
+15 +1.454612041017695e-16
+16 -1.905613423983109e-17
+17 -1.331540122169046e-16
+18 -5.313254475191209e-17
+19 +1.308111255148964e-16
+20 -2.453752112042156e-17
+21 +3.677422811911141e-18
+22 +1.175745054938140e-16
+23 -5.345213815670016e-17
+24 +1.156939592969346e-16
+25 -1.144684994287727e-16
+26 +6.687404484381718e-17
+27 -1.845979714665678e-16
+28 -3.853824678482267e-16
+29 +1.107447377534222e-16
+30 +9.099017629381823e-17
