-30   +0.000000000000000e+00  +3.023165797692059e-21
-29   +0.000000000000000e+00  +1.520460882741452e-20
-28   -0.000000000000000e+00  -1.609238394681199e-21
-27   +0.000000000000000e+00  +1.960585392511307e-21
-26   +0.000000000000000e+00  +7.809584257588201e-21
-25   -0.000000000000000e+00  -4.401449662077539e-22
-24   -0.000000000000000e+00  -1.073918162898337e-21
-23   +0.000000000000000e+00  +4.370800415996838e-21
-22   +0.000000000000000e+00  +1.115976986940297e-21
-21   -0.000000000000000e+00  -1.444676061816437e-21
-20   -0.000000000000000e+00  -1.281201647189735e-21
-19   +0.000000000000000e+00  +1.069477838265370e-20
-18   -0.000000000000000e+00  -3.724262194974662e-21
-17   +0.000000000000000e+00  +3.981015826004918e-20
-16   +0.000000000000000e+00  +9.678927713216449e-21
-15   -0.000000000000000e+00  -9.484671160711087e-20
-14   +0.000000000000000e+00  +2.498621504747999e-20
-13   -0.000000000000000e+00  -1.146672176892836e-17
-12   +0.000000000000000e+00  +2.546348511175304e-18
-11   -0.000000000000000e+00  -1.726567998019943e-15
-10   +0.000000000000000e+00  +2.803207261353109e-16
 -9   -0.000000000000000e+00  -2.733991732880065e-13
 -8   +0.000000000000000e+00  +2.793330746398049e-14
 -7   -0.000000000000000e+00  -4.683399164001226e-11
 -6   +0.000000000000000e+00  +1.902256895592096e-12
 -5   -0.000000000000000e+00  -9.165936480583044e-09
 -4   -0.000000000000000e+00  -2.230109065662124e-10
 -3   -0.000000000000000e+00  -2.363658725081654e-06
 -2   -0.000000000000000e+00  -2.394176307738605e-07
 -1   -0.000000000000000e+00  -1.572987419078110e-03
 +0   +0.000000000000000e+00  +0.000000000000000e+00
 +1   +0.000000000000000e+00  +1.572987419078110e-03
 +2   +0.000000000000000e+00  +2.394176307738605e-07
 +3   +0.000000000000000e+00  +2.363658725081654e-06
 +4   +0.000000000000000e+00  +2.230109065662124e-10
 +5   +0.000000000000000e+00  +9.165936480583044e-09
 +6   -0.000000000000000e+00  -1.902256895592096e-12
 +7   +0.000000000000000e+00  +4.683399164001226e-11
 +8   -0.000000000000000e+00  -2.793330746398049e-14
 +9   +0.000000000000000e+00  +2.733991732880065e-13
+10   -0.000000000000000e+00  -2.803207261353109e-16
+11   +0.000000000000000e+00  +1.726567998019943e-15
+12   -0.000000000000000e+00  -2.546348511175304e-18
+13   +0.000000000000000e+00  +1.146672176892836e-17
+14   -0.000000000000000e+00  -2.498621504747999e-20
+15   +0.000000000000000e+00  +9.484671160711087e-20
+16   -0.000000000000000e+00  -9.678927713216449e-21
+17   -0.000000000000000e+00  -3.981015826004918e-20
+18   +0.000000000000000e+00  +3.724262194974662e-21
+19   -0.000000000000000e+00  -1.069477838265370e-20
+20   +0.000000000000000e+00  +1.281201647189735e-21
+21   +0.000000000000000e+00  +1.444676061816437e-21
+22   -0.000000000000000e+00  -1.115976986940297e-21
+23   -0.000000000000000e+00  -4.370800415996838e-21
+24   +0.000000000000000e+00  +1.073918162898337e-21
+25   +0.000000000000000e+00  +4.401449662077539e-22
+26   -0.000000000000000e+00  -7.809584257588201e-21
+27   -0.000000000000000e+00  -1.960585392511307e-21
+28   +0.000000000000000e+00  +1.609238394681199e-21
+29   -0.000000000000000e+00  -1.520460882741452e-20
+30   -0.000000000000000e+00  -3.023165797692059e-21

