+0 +0.000000000000000e+00
+1 -3.145974838156220e-03
+2 -4.788352615477209e-07
+3 -4.727317450163308e-06
+4 -4.460218131324248e-10
+5 -1.833187296116609e-08
+6 +3.804513791184192e-12
+7 -9.366798328002451e-11
+8 +5.586661492796099e-14
+9 -5.467983465760131e-13
+10 +5.606414522706218e-16
+11 -3.453135996039886e-15
+12 +5.092697022350608e-18
+13 -2.293344353785672e-17
+14 +4.997243009495998e-20
+15 -1.896934232142217e-19
+16 +1.935785542643290e-20
+17 +7.962031652009836e-20
+18 -7.448524389949323e-21
+19 +2.138955676530739e-20
+20 -2.562403294379469e-21
+21 -2.889352123632874e-21
+22 +2.231953973880594e-21
+23 +8.741600831993675e-21
+24 -2.147836325796674e-21
+25 -8.802899324155078e-22
+26 +1.561916851517640e-20
+27 +3.921170785022614e-21
+28 -3.218476789362399e-21
+29 +3.040921765482905e-20
+30 +6.046331595384118e-21
