-30   -4.827172953157713e-17  +0.000000000000000e+00
-29   -1.113357297215641e-16  +0.000000000000000e+00
-28   -7.411132639932909e-17  +0.000000000000000e+00
-27   -1.843973442476827e-16  +0.000000000000000e+00
-26   +1.882769665651999e-16  +0.000000000000000e+00
-25   +4.236508484616500e-17  +0.000000000000000e+00
-24   +1.794897851303166e-16  +0.000000000000000e+00
-23   -3.284211862743279e-17  +0.000000000000000e+00
-22   -1.637910629285436e-17  +0.000000000000000e+00
-21   +5.937382976117097e-17  +0.000000000000000e+00
-20   +1.073000634111374e-16  +0.000000000000000e+00
-19   +1.063114689894196e-16  +0.000000000000000e+00
-18   +1.020592171941657e-16  +0.000000000000000e+00
-17   +1.165165080994740e-17  +0.000000000000000e+00
-16   +9.437937281361535e-17  +0.000000000000000e+00
-15   +6.587512156802258e-18  +0.000000000000000e+00
-14   +1.045817957754880e-16  +0.000000000000000e+00
-13   +8.308800569355369e-16  +0.000000000000000e+00
-12   -6.068878927429823e-17  +0.000000000000000e+00
-11   +1.406044474896513e-13  +0.000000000000000e+00
-10   -2.284225984954679e-14  +0.000000000000000e+00
 -9   +2.224378552093291e-11  +0.000000000000000e+00
 -8   -2.268714471555142e-12  +0.000000000000000e+00
 -7   +3.810737874172658e-09  +0.000000000000000e+00
 -6   -1.529625841560714e-10  +0.000000000000000e+00
 -5   +7.458164280788814e-07  +0.000000000000000e+00
 -4   +1.929958983786991e-08  +0.000000000000000e+00
 -3   +1.922060755618390e-04  +0.000000000000000e+00
 -2   +2.133285336954928e-05  +0.000000000000000e+00
 -1   +1.256796819391304e-01  +0.000000000000000e+00
 +0   +9.998862023677990e-01  +0.000000000000000e+00
 +1   +1.256796819391304e-01  +0.000000000000000e+00
 +2   +2.133285336954928e-05  +0.000000000000000e+00
 +3   +1.922060755618390e-04  +0.000000000000000e+00
 +4   +1.929958983786991e-08  +0.000000000000000e+00
 +5   +7.458164280788814e-07  +0.000000000000000e+00
 +6   -1.529625841560714e-10  +0.000000000000000e+00
 +7   +3.810737874172658e-09  +0.000000000000000e+00
 +8   -2.268714471555142e-12  +0.000000000000000e+00
 +9   +2.224378552093291e-11  +0.000000000000000e+00
+10   -2.284225984954679e-14  +0.000000000000000e+00
+11   +1.406044474896513e-13  +0.000000000000000e+00
+12   -6.068878927429823e-17  +0.000000000000000e+00
+13   +8.308800569355369e-16  +0.000000000000000e+00
+14   +1.045817957754880e-16  +0.000000000000000e+00
+15   +6.587512156802258e-18  +0.000000000000000e+00
+16   +9.437937281361535e-17  +0.000000000000000e+00
+17   +1.165165080994740e-17  +0.000000000000000e+00
+18   +1.020592171941657e-16  +0.000000000000000e+00
+19   +1.063114689894196e-16  +0.000000000000000e+00
+20   +1.073000634111374e-16  +0.000000000000000e+00
+21   +5.937382976117097e-17  +0.000000000000000e+00
+22   -1.637910629285436e-17  +0.000000000000000e+00
+23   -3.284211862743279e-17  +0.000000000000000e+00
+24   +1.794897851303166e-16  +0.000000000000000e+00
+25   +4.236508484616500e-17  +0.000000000000000e+00
+26   +1.882769665651999e-16  +0.000000000000000e+00
+27   -1.843973442476827e-16  +0.000000000000000e+00
+28   -7.411132639932909e-17  +0.000000000000000e+00
+29   -1.113357297215641e-16  +0.000000000000000e+00
+30   -4.827172953157713e-17  +0.000000000000000e+00

