-30   -2.225730067380995e-20  +0.000000000000000e+00
-29   +5.952691537066384e-19  +0.000000000000000e+00
-28   +1.050662448644844e-18  +0.000000000000000e+00
-27   +3.620516767748667e-19  +0.000000000000000e+00
-26   -1.931030156565334e-18  +0.000000000000000e+00
-25   -7.536766150063134e-19  +0.000000000000000e+00
-24   -5.295426642122134e-19  +0.000000000000000e+00
-23   +2.952673549982388e-19  +0.000000000000000e+00
-22   -4.139195003311137e-19  +0.000000000000000e+00
-21   -1.046508222233949e-18  +0.000000000000000e+00
-20   -4.156470884153929e-18  +0.000000000000000e+00
-19   -1.134274866316480e-18  +0.000000000000000e+00
-18   -2.166535687838553e-19  +0.000000000000000e+00
-17   -9.063568012768191e-19  +0.000000000000000e+00
-16   +4.514299689867460e-19  +0.000000000000000e+00
-15   +8.913454409206472e-20  +0.000000000000000e+00
-14   -1.694047906390644e-18  +0.000000000000000e+00
-13   -9.271594362716166e-18  +0.000000000000000e+00
-12   +3.631512721757538e-18  +0.000000000000000e+00
-11   -1.406644943070179e-15  +0.000000000000000e+00
-10   +2.291985654465700e-16  +0.000000000000000e+00
 -9   -2.226787416445017e-13  +0.000000000000000e+00
 -8   +2.271128957116174e-14  +0.000000000000000e+00
 -7   -3.814860018162794e-11  +0.000000000000000e+00
 -6   +1.531279536040850e-12  +0.000000000000000e+00
 -5   -7.466232174885850e-09  +0.000000000000000e+00
 -4   -1.932046719039366e-10  +0.000000000000000e+00
 -3   -1.924139951135494e-06  +0.000000000000000e+00
 -2   -2.135593025354676e-07  +0.000000000000000e+00
 -1   -1.258156363466341e-03  +0.000000000000000e+00
 +0   -9.999958203691028e-01  +0.000000000000000e+00
 +1   -1.258156363466341e-03  +0.000000000000000e+00
 +2   -2.135593025354676e-07  +0.000000000000000e+00
 +3   -1.924139951135494e-06  +0.000000000000000e+00
 +4   -1.932046719039366e-10  +0.000000000000000e+00
 +5   -7.466232174885850e-09  +0.000000000000000e+00
 +6   +1.531279536040850e-12  +0.000000000000000e+00
 +7   -3.814860018162794e-11  +0.000000000000000e+00
 +8   +2.271128957116174e-14  +0.000000000000000e+00
 +9   -2.226787416445017e-13  +0.000000000000000e+00
+10   +2.291985654465700e-16  +0.000000000000000e+00
+11   -1.406644943070179e-15  +0.000000000000000e+00
+12   +3.631512721757538e-18  +0.000000000000000e+00
+13   -9.271594362716166e-18  +0.000000000000000e+00
+14   -1.694047906390644e-18  +0.000000000000000e+00
+15   +8.913454409206472e-20  +0.000000000000000e+00
+16   +4.514299689867460e-19  +0.000000000000000e+00
+17   -9.063568012768191e-19  +0.000000000000000e+00
+18   -2.166535687838553e-19  +0.000000000000000e+00
+19   -1.134274866316480e-18  +0.000000000000000e+00
+20   -4.156470884153929e-18  +0.000000000000000e+00
+21   -1.046508222233949e-18  +0.000000000000000e+00
+22   -4.139195003311137e-19  +0.000000000000000e+00
+23   +2.952673549982388e-19  +0.000000000000000e+00
+24   -5.295426642122134e-19  +0.000000000000000e+00
+25   -7.536766150063134e-19  +0.000000000000000e+00
+26   -1.931030156565334e-18  +0.000000000000000e+00
+27   +3.620516767748667e-19  +0.000000000000000e+00
+28   +1.050662448644844e-18  +0.000000000000000e+00
+29   +5.952691537066384e-19  +0.000000000000000e+00
+30   -2.225730067380995e-20  +0.000000000000000e+00

