+0 +9.998862023677990e-01
+1 +2.513593638782609e-01
+2 +4.266570673909855e-05
+3 +3.844121511236779e-04
+4 +3.859917967573982e-08
+5 +1.491632856157763e-06
+6 -3.059251683121429e-10
+7 +7.621475748345316e-09
+8 -4.537428943110284e-12
+9 +4.448757104186583e-11
+10 -4.568451969909357e-14
+11 +2.812088949793026e-13
+12 -1.213775785485965e-16
+13 +1.661760113871074e-15
+14 +2.091635915509760e-16
+15 +1.317502431360452e-17
+16 +1.887587456272307e-16
+17 +2.330330161989481e-17
+18 +2.041184343883314e-16
+19 +2.126229379788393e-16
+20 +2.146001268222749e-16
+21 +1.187476595223419e-16
+22 -3.275821258570872e-17
+23 -6.568423725486558e-17
+24 +3.589795702606333e-16
+25 +8.473016969232999e-17
+26 +3.765539331303998e-16
+27 -3.687946884953655e-16
+28 -1.482226527986582e-16
+29 -2.226714594431281e-16
+30 -9.654345906315425e-17
