-30   -0.000000000000000e+00  -4.956587613237452e-19
-29   -0.000000000000000e+00  -8.197821582828573e-19
-28   +0.000000000000000e+00  +3.897102092760541e-19
-27   -0.000000000000000e+00  -4.963629060706982e-19
-26   -0.000000000000000e+00  -9.894074848333380e-19
-25   +0.000000000000000e+00  +2.151745776196090e-19
-24   +0.000000000000000e+00  +4.329903259224380e-19
-23   -0.000000000000000e+00  -6.378922759149812e-19
-22   -0.000000000000000e+00  -5.192933521352109e-19
-21   +0.000000000000000e+00  +5.984949968444570e-19
-20   +0.000000000000000e+00  +4.077681333649360e-19
-19   -0.000000000000000e+00  -7.845491701219323e-19
-18   +0.000000000000000e+00  +1.001136365138801e-19
-17   -0.000000000000000e+00  -3.335602875280224e-18
-16   -0.000000000000000e+00  -9.950666451700757e-19
-15   +0.000000000000000e+00  +7.928984124648451e-18
-14   -0.000000000000000e+00  -1.751246005441305e-18
-13   +0.000000000000000e+00  +9.319143038302398e-16
-12   -0.000000000000000e+00  -2.070940375876757e-16
-11   +0.000000000000000e+00  +1.403709014759215e-13
-10   -0.000000000000000e+00  -2.279033799760346e-14
 -9   +0.000000000000000e+00  +2.222751301300970e-11
 -8   -0.000000000000000e+00  -2.270994175689553e-12
 -7   +0.000000000000000e+00  +3.807631012190121e-09
 -6   -0.000000000000000e+00  -1.546546022851095e-10
 -5   +0.000000000000000e+00  +7.451960162757520e-07
 -4   +0.000000000000000e+00  +1.813091761135257e-08
 -3   +0.000000000000000e+00  +1.921668418168107e-04
 -2   +0.000000000000000e+00  +1.946479392006400e-05
 -1   +0.000000000000000e+00  +1.278848005146656e-01
 +0   +0.000000000000000e+00  +0.000000000000000e+00
 +1   -0.000000000000000e+00  -1.278848005146656e-01
 +2   -0.000000000000000e+00  -1.946479392006400e-05
 +3   -0.000000000000000e+00  -1.921668418168107e-04
 +4   -0.000000000000000e+00  -1.813091761135257e-08
 +5   -0.000000000000000e+00  -7.451960162757520e-07
 +6   +0.000000000000000e+00  +1.546546022851095e-10
 +7   -0.000000000000000e+00  -3.807631012190121e-09
 +8   +0.000000000000000e+00  +2.270994175689553e-12
 +9   -0.000000000000000e+00  -2.222751301300970e-11
+10   +0.000000000000000e+00  +2.279033799760346e-14
+11   -0.000000000000000e+00  -1.403709014759215e-13
+12   +0.000000000000000e+00  +2.070940375876757e-16
+13   -0.000000000000000e+00  -9.319143038302398e-16
+14   +0.000000000000000e+00  +1.751246005441305e-18
+15   -0.000000000000000e+00  -7.928984124648451e-18
+16   +0.000000000000000e+00  +9.950666451700757e-19
+17   +0.000000000000000e+00  +3.335602875280224e-18
+18   -0.000000000000000e+00  -1.001136365138801e-19
+19   +0.000000000000000e+00  +7.845491701219323e-19
+20   -0.000000000000000e+00  -4.077681333649360e-19
+21   -0.000000000000000e+00  -5.984949968444570e-19
+22   +0.000000000000000e+00  +5.192933521352109e-19
+23   +0.000000000000000e+00  +6.378922759149812e-19
+24   -0.000000000000000e+00  -4.329903259224380e-19
+25   -0.000000000000000e+00  -2.151745776196090e-19
+26   +0.000000000000000e+00  +9.894074848333380e-19
+27   +0.000000000000000e+00  +4.963629060706982e-19
+28   -0.000000000000000e+00  -3.897102092760541e-19
+29   +0.000000000000000e+00  +8.197821582828573e-19
+30   +0.000000000000000e+00  +4.956587613237452e-19

