+0 +0.000000000000000e+00
+1 +2.557696010293311e-01
+2 +3.892958784012799e-05
+3 +3.843336836336214e-04
+4 +3.626183522270514e-08
+5 +1.490392032551504e-06
+6 -3.093092045702191e-10
+7 +7.615262024380242e-09
+8 -4.541988351379105e-12
+9 +4.445502602601939e-11
+10 -4.558067599520693e-14
+11 +2.807418029518430e-13
+12 -4.141880751753513e-16
+13 +1.863828607660480e-15
+14 -3.502492010882610e-18
+15 +1.585796824929690e-17
+16 -1.990133290340151e-18
+17 -6.671205750560447e-18
+18 +2.002272730277601e-19
+19 -1.569098340243865e-18
+20 +8.155362667298721e-19
+21 +1.196989993688914e-18
+22 -1.038586704270422e-18
+23 -1.275784551829962e-18
+24 +8.659806518448760e-19
+25 +4.303491552392179e-19
+26 -1.978814969666676e-18
+27 -9.927258121413964e-19
+28 +7.794204185521082e-19
+29 -1.639564316565715e-18
+30 -9.913175226474904e-19
