-30   +1.297349819792054e-13  +4.242806249086586e-13
-29   +1.265516302496618e-13  +4.401701824294305e-13
-28   +1.230246239903635e-13  +4.571211356652621e-13
-27   +1.190594489399405e-13  +4.751899860765103e-13
-26   +1.146523331418778e-13  +4.945850455385782e-13
-25   +1.096805047494737e-13  +5.153269482054663e-13
-24   +1.040814734648446e-13  +5.376647445945519e-13
-23   +9.774659892390091e-14  +5.618174802628778e-13
-22   +9.049902256547416e-14  +5.879303649033854e-13
-21   +8.220003506797284e-14  +6.162620753646043e-13
-20   +7.262472864637493e-14  +6.472031934063447e-13
-19   +6.144330608491810e-14  +6.810348008799861e-13
-18   +4.837548201702798e-14  +7.182253348434649e-13
-17   +3.289970848875106e-14  +7.591421906500802e-13
-16   +1.320072276056900e-14  +8.132367812536346e-13
-15   -9.151636312355638e-15  +8.536775214002700e-13
-14   -9.160715178582272e-14  +1.836135403347341e-12
-13   -1.958922266070744e-13  +8.809047119208515e-13
-12   +2.685436836279177e-12  +9.638264422366922e-11
-11   -1.247300766775235e-11  -4.214320528452679e-12
-10   +1.368909913876892e-09  +9.469915769303492e-09
 -9   -1.048026403941922e-09  -9.824321851352720e-11
 -8   +2.669607980686218e-07  +8.817527245245299e-07
 -7   -6.762170621573874e-08  +2.721146332648867e-08
 -6   +3.969258707646727e-05  +7.230205945059511e-05
 -5   -1.680027521702856e-06  +4.027733226907357e-06
 -4   +4.568402104085465e-03  +4.350700697370292e-03
 -3   +1.774327395254782e-04  +2.039033438467906e-04
 -2   +2.828859064583728e-01  +8.295094553592836e-02
 -1   -9.692857700376554e-06  -1.671013127233802e-04
 +0   +3.044387922205680e-03  +0.000000000000000e+00
 +1   -9.692857700376554e-06  +1.671013127233802e-04
 +2   +2.828859064583728e-01  -8.295094553592836e-02
 +3   +1.774327395254782e-04  -2.039033438467906e-04
 +4   +4.568402104085465e-03  -4.350700697370292e-03
 +5   -1.680027521702856e-06  -4.027733226907357e-06
 +6   +3.969258707646727e-05  -7.230205945059511e-05
 +7   -6.762170621573874e-08  -2.721146332648867e-08
 +8   +2.669607980686218e-07  -8.817527245245299e-07
 +9   -1.048026403941922e-09  +9.824321851352720e-11
+10   +1.368909913876892e-09  -9.469915769303492e-09
+11   -1.247300766775235e-11  +4.214320528452679e-12
+12   +2.685436836279177e-12  -9.638264422366922e-11
+13   -1.958922266070744e-13  -8.809047119208515e-13
+14   -9.160715178582272e-14  -1.836135403347341e-12
+15   -9.151636312355638e-15  -8.536775214002700e-13
+16   +1.320072276056900e-14  -8.132367812536346e-13
+17   +3.289970848875106e-14  -7.591421906500802e-13
+18   +4.837548201702798e-14  -7.182253348434649e-13
+19   +6.144330608491810e-14  -6.810348008799861e-13
+20   +7.262472864637493e-14  -6.472031934063447e-13
+21   +8.220003506797284e-14  -6.162620753646043e-13
+22   +9.049902256547416e-14  -5.879303649033854e-13
+23   +9.774659892390091e-14  -5.618174802628778e-13
+24   +1.040814734648446e-13  -5.376647445945519e-13
+25   +1.096805047494737e-13  -5.153269482054663e-13
+26   +1.146523331418778e-13  -4.945850455385782e-13
+27   +1.190594489399405e-13  -4.751899860765103e-13
+28   +1.230246239903635e-13  -4.571211356652621e-13
+29   +1.265516302496618e-13  -4.401701824294305e-13
+30   +1.297349819792054e-13  -4.242806249086586e-13

