-30   -6.448866989212415e-14  -2.384739355138135e-13
-29   -6.194135291823519e-14  -2.471175790626019e-13
-28   -5.916462443047021e-14  -2.562668744293961e-13
-27   -5.604251970149978e-14  -2.660216434566327e-13
-26   -5.252655519075312e-14  -2.764051090809607e-13
-25   -4.857196073477816e-14  -2.874632100237314e-13
-24   -4.409445888431192e-14  -2.992857937693907e-13
-23   -3.902081086508611e-14  -3.119319866193159e-13
-22   -3.317498108486723e-14  -3.254667604676441e-13
-21   -2.646814360791551e-14  -3.400296070994678e-13
-20   -1.864229675548806e-14  -3.556653571582536e-13
-19   -9.486083427963664e-15  -3.724104649190024e-13
-18   +1.324147636558684e-15  -3.935721049575695e-13
-17   +1.423814863018834e-14  -4.096022030470034e-13
-16   +2.976121483363881e-14  -7.448031793788803e-13
-15   +4.889103403350792e-14  -4.541587900442077e-13
-14   +6.599010657402284e-14  -3.079908368160631e-11
-13   +1.046331283721773e-13  -1.350316494172193e-12
-12   -5.116726853415900e-13  -2.785261183539288e-09
-11   +4.072365194699315e-13  -1.255249855544745e-10
-10   -6.303773920660576e-11  -2.366022897581154e-07
 -9   +1.984268020792171e-11  -1.290188909793460e-08
 -8   -5.914274699789048e-09  -1.742451665465120e-05
 -7   +1.650584329375730e-09  -8.803407434483458e-07
 -6   -5.285597004604915e-07  -9.091364233549161e-04
 -5   +1.212824231083163e-07  -1.414637447058586e-05
 -4   -4.638934558934398e-05  -7.869006666116812e-07
 -3   +5.008780993809780e-06  +4.094343595084038e-09
 -2   -5.200550185167099e-03  -9.859991490361916e-04
 -1   -2.036226031263312e-04  +1.313941351438020e-05
 +0   -1.000000589831338e+00  +0.000000000000000e+00
 +1   -2.036226031263312e-04  -1.313941351438020e-05
 +2   -5.200550185167099e-03  +9.859991490361916e-04
 +3   +5.008780993809780e-06  -4.094343595084038e-09
 +4   -4.638934558934398e-05  +7.869006666116812e-07
 +5   +1.212824231083163e-07  +1.414637447058586e-05
 +6   -5.285597004604915e-07  +9.091364233549161e-04
 +7   +1.650584329375730e-09  +8.803407434483458e-07
 +8   -5.914274699789048e-09  +1.742451665465120e-05
 +9   +1.984268020792171e-11  +1.290188909793460e-08
+10   -6.303773920660576e-11  +2.366022897581154e-07
+11   +4.072365194699315e-13  +1.255249855544745e-10
+12   -5.116726853415900e-13  +2.785261183539288e-09
+13   +1.046331283721773e-13  +1.350316494172193e-12
+14   +6.599010657402284e-14  +3.079908368160631e-11
+15   +4.889103403350792e-14  +4.541587900442077e-13
+16   +2.976121483363881e-14  +7.448031793788803e-13
+17   +1.423814863018834e-14  +4.096022030470034e-13
+18   +1.324147636558684e-15  +3.935721049575695e-13
+19   -9.486083427963664e-15  +3.724104649190024e-13
+20   -1.864229675548806e-14  +3.556653571582536e-13
+21   -2.646814360791551e-14  +3.400296070994678e-13
+22   -3.317498108486723e-14  +3.254667604676441e-13
+23   -3.902081086508611e-14  +3.119319866193159e-13
+24   -4.409445888431192e-14  +2.992857937693907e-13
+25   -4.857196073477816e-14  +2.874632100237314e-13
+26   -5.252655519075312e-14  +2.764051090809607e-13
+27   -5.604251970149978e-14  +2.660216434566327e-13
+28   -5.916462443047021e-14  +2.562668744293961e-13
+29   -6.194135291823519e-14  +2.471175790626019e-13
+30   -6.448866989212415e-14  +2.384739355138135e-13

