-30   +2.315895020487934e-13  +7.281468576334462e-13
-29   +2.266882052560241e-13  +7.556071338941396e-13
-28   +2.212280621326363e-13  +7.849066853767730e-13
-27   +2.151613842929203e-13  +8.162383464965465e-13
-26   +2.083290886368894e-13  +8.497724840321845e-13
-25   +2.006214946444272e-13  +8.858063918588865e-13
-24   +1.918880741830351e-13  +9.246188554504975e-13
-23   +1.819486330284915e-13  +9.665336251386810e-13
-22   +1.705906763707352e-13  +1.011961628257745e-12
-21   +1.574122783869694e-13  +1.061379594093806e-12
-20   +1.421414853733469e-13  +1.115385837561457e-12
-19   +1.242080185355618e-13  +1.174357071379547e-12
-18   +1.030294274723665e-13  +1.247225968049019e-12
-17   +7.766729836645483e-14  +1.312856163630852e-12
-16   +4.886880664146562e-14  +2.137624205037820e-12
-15   +9.936613318453587e-15  +1.656272204823511e-12
-14   +1.303548900640567e-13  +6.842081902437006e-11
-13   -5.123471111974740e-14  +1.635021474067062e-11
-12   +1.385739959943688e-11  +5.630266641769516e-09
-11   +3.233216229025302e-12  +1.110233604324883e-09
-10   +1.061425174770996e-09  +4.313097821037864e-07
 -9   +2.356543125317659e-10  +7.197779672432432e-08
 -8   +6.677213331338761e-08  +2.792891897631401e-05
 -7   +1.198316785671673e-08  +3.313544705268082e-06
 -6   +2.611295905243630e-06  +1.225297139935692e-03
 -5   +2.318626431624501e-07  +1.741250947304427e-05
 -4   -5.786858082486172e-05  -2.927299097080479e-06
 -3   +1.014333711164325e-05  -4.217783305760050e-06
 -2   -6.395988708140728e-03  +1.074396200790338e-03
 -1   -2.218057996773579e-04  -1.867589320165718e-05
 +0   -1.000003638416026e+00  +0.000000000000000e+00
 +1   -2.218057996773579e-04  +1.867589320165718e-05
 +2   -6.395988708140728e-03  -1.074396200790338e-03
 +3   +1.014333711164325e-05  +4.217783305760050e-06
 +4   -5.786858082486172e-05  +2.927299097080479e-06
 +5   +2.318626431624501e-07  -1.741250947304427e-05
 +6   +2.611295905243630e-06  -1.225297139935692e-03
 +7   +1.198316785671673e-08  -3.313544705268082e-06
 +8   +6.677213331338761e-08  -2.792891897631401e-05
 +9   +2.356543125317659e-10  -7.197779672432432e-08
+10   +1.061425174770996e-09  -4.313097821037864e-07
+11   +3.233216229025302e-12  -1.110233604324883e-09
+12   +1.385739959943688e-11  -5.630266641769516e-09
+13   -5.123471111974740e-14  -1.635021474067062e-11
+14   +1.303548900640567e-13  -6.842081902437006e-11
+15   +9.936613318453587e-15  -1.656272204823511e-12
+16   +4.886880664146562e-14  -2.137624205037820e-12
+17   +7.766729836645483e-14  -1.312856163630852e-12
+18   +1.030294274723665e-13  -1.247225968049019e-12
+19   +1.242080185355618e-13  -1.174357071379547e-12
+20   +1.421414853733469e-13  -1.115385837561457e-12
+21   +1.574122783869694e-13  -1.061379594093806e-12
+22   +1.705906763707352e-13  -1.011961628257745e-12
+23   +1.819486330284915e-13  -9.665336251386810e-13
+24   +1.918880741830351e-13  -9.246188554504975e-13
+25   +2.006214946444272e-13  -8.858063918588865e-13
+26   +2.083290886368894e-13  -8.497724840321845e-13
+27   +2.151613842929203e-13  -8.162383464965465e-13
+28   +2.212280621326363e-13  -7.849066853767730e-13
+29   +2.266882052560241e-13  -7.556071338941396e-13
+30   +2.315895020487934e-13  -7.281468576334462e-13

