-30   +2.241494983474592e-14  -2.196184884307666e-15
-29   +2.394629568057574e-14  -2.222229662331580e-15
-28   +2.567796145453306e-14  -2.324691301122124e-15
-27   +2.759472516845174e-14  -2.423001749403784e-15
-26   +2.965288089762156e-14  -2.508454929686101e-15
-25   +3.207890265596360e-14  -2.634092695449497e-15
-24   +3.475957510860431e-14  -2.726392412662911e-15
-23   +3.779385206580297e-14  -2.859306096339162e-15
-22   +4.123135100171209e-14  -2.978020320872364e-15
-21   +4.517057105680002e-14  -3.145615233210137e-15
-20   +4.970278867320521e-14  -3.266374246874793e-15
-19   +5.497438240106381e-14  -3.431589951438942e-15
-18   +6.115163498075976e-14  -3.623591296367765e-15
-17   +6.836075993143622e-14  -3.825320286382564e-15
-16   +7.693793053578755e-14  -4.001240643410471e-15
-15   +8.725581764566560e-14  -4.237060492753027e-15
-14   +9.869058619637719e-14  -3.679793993918765e-15
-13   +1.142868441684003e-13  -4.125827517858429e-15
-12   +1.370664808162595e-14  +8.506435953657706e-14
-11   +8.380736677312733e-14  +6.699497399606549e-14
-10   -1.288617488925819e-11  +1.096005119367215e-11
 -9   -4.874743124849636e-12  +6.810325824682231e-12
 -8   -1.370302374820136e-09  +1.447316620596481e-09
 -7   -3.057451791812149e-10  +4.766209776756294e-10
 -6   -1.160616301287258e-07  +2.070766319185061e-07
 -5   -3.464562525176933e-08  +2.281954094522660e-08
 -4   -2.692149221941280e-08  +2.634353757817148e-05
 -3   -3.600334392838156e-06  +3.966129687176394e-06
 -2   +1.573478352335279e-03  +1.106570048532217e-03
 -1   +1.399286851809423e-05  +1.903304200556883e-05
 +0   +2.992008302783582e-05  +0.000000000000000e+00
 +1   +1.399286851809423e-05  -1.903304200556883e-05
 +2   +1.573478352335279e-03  -1.106570048532217e-03
 +3   -3.600334392838156e-06  -3.966129687176394e-06
 +4   -2.692149221941280e-08  -2.634353757817148e-05
 +5   -3.464562525176933e-08  -2.281954094522660e-08
 +6   -1.160616301287258e-07  -2.070766319185061e-07
 +7   -3.057451791812149e-10  -4.766209776756294e-10
 +8   -1.370302374820136e-09  -1.447316620596481e-09
 +9   -4.874743124849636e-12  -6.810325824682231e-12
+10   -1.288617488925819e-11  -1.096005119367215e-11
+11   +8.380736677312733e-14  -6.699497399606549e-14
+12   +1.370664808162595e-14  -8.506435953657706e-14
+13   +1.142868441684003e-13  +4.125827517858429e-15
+14   +9.869058619637719e-14  +3.679793993918765e-15
+15   +8.725581764566560e-14  +4.237060492753027e-15
+16   +7.693793053578755e-14  +4.001240643410471e-15
+17   +6.836075993143622e-14  +3.825320286382564e-15
+18   +6.115163498075976e-14  +3.623591296367765e-15
+19   +5.497438240106381e-14  +3.431589951438942e-15
+20   +4.970278867320521e-14  +3.266374246874793e-15
+21   +4.517057105680002e-14  +3.145615233210137e-15
+22   +4.123135100171209e-14  +2.978020320872364e-15
+23   +3.779385206580297e-14  +2.859306096339162e-15
+24   +3.475957510860431e-14  +2.726392412662911e-15
+25   +3.207890265596360e-14  +2.634092695449497e-15
+26   +2.965288089762156e-14  +2.508454929686101e-15
+27   +2.759472516845174e-14  +2.423001749403784e-15
+28   +2.567796145453306e-14  +2.324691301122124e-15
+29   +2.394629568057574e-14  +2.222229662331580e-15
+30   +2.241494983474592e-14  +2.196184884307666e-15

