-30   +6.619517266317682e-14  +2.132926710337130e-13
-29   +6.461694832182057e-14  +2.211072448799052e-13
-28   +6.286382761739854e-14  +2.293531646791568e-13
-27   +6.089863970334957e-14  +2.381582969590645e-13
-26   +5.873511221724182e-14  +2.475542445346762e-13
-25   +5.631907202506610e-14  +2.575849906469666e-13
-24   +5.357389003304276e-14  +2.683262383969223e-13
-23   +5.051185069794072e-14  +2.798525307529675e-13
-22   +4.703226896228812e-14  +2.922641092203585e-13
-21   +4.303395501379450e-14  +3.056496552138305e-13
-20   +3.847914260001015e-14  +3.200649218808561e-13
-19   +3.325360334512952e-14  +3.357515529336404e-13
-18   +2.718322509529630e-14  +3.527221664639718e-13
-17   +2.005039105726145e-14  +3.711992884498183e-13
-16   +1.130749332133289e-14  +3.901289283390572e-13
-15   +4.692215009747550e-16  +4.166997553809665e-13
-14   -6.711660342511258e-14  +2.856733183245007e-13
-13   -1.181846251698313e-13  +7.853611264063580e-13
-12   -7.830475095941559e-12  -1.879698103843240e-11
-11   -4.905362993223871e-12  +2.756994286192585e-11
-10   -1.103164973994468e-09  -2.345609638350582e-09
 -9   -5.834779962562738e-11  +1.993752757493589e-09
 -8   -1.587347312839361e-07  -2.677629465320497e-07
 -7   +2.276678609649322e-08  +1.109514625720155e-07
 -6   -2.243304443713218e-05  -2.736083036550526e-05
 -5   +1.957324572696329e-06  +2.064695054705597e-06
 -4   -2.887544397872131e-03  -2.185621967587648e-03
 -3   -1.523398373038281e-04  -1.827791479725131e-04
 -2   -2.828945500914012e-01  -8.296901408556888e-02
 -1   -2.779332594916458e-06  +1.431133927351961e-04
 +0   -2.786575408853215e-03  +0.000000000000000e+00
 +1   -2.779332594916458e-06  -1.431133927351961e-04
 +2   -2.828945500914012e-01  +8.296901408556888e-02
 +3   -1.523398373038281e-04  +1.827791479725131e-04
 +4   -2.887544397872131e-03  +2.185621967587648e-03
 +5   +1.957324572696329e-06  -2.064695054705597e-06
 +6   -2.243304443713218e-05  +2.736083036550526e-05
 +7   +2.276678609649322e-08  -1.109514625720155e-07
 +8   -1.587347312839361e-07  +2.677629465320497e-07
 +9   -5.834779962562738e-11  -1.993752757493589e-09
+10   -1.103164973994468e-09  +2.345609638350582e-09
+11   -4.905362993223871e-12  -2.756994286192585e-11
+12   -7.830475095941559e-12  +1.879698103843240e-11
+13   -1.181846251698313e-13  -7.853611264063580e-13
+14   -6.711660342511258e-14  -2.856733183245007e-13
+15   +4.692215009747550e-16  -4.166997553809665e-13
+16   +1.130749332133289e-14  -3.901289283390572e-13
+17   +2.005039105726145e-14  -3.711992884498183e-13
+18   +2.718322509529630e-14  -3.527221664639718e-13
+19   +3.325360334512952e-14  -3.357515529336404e-13
+20   +3.847914260001015e-14  -3.200649218808561e-13
+21   +4.303395501379450e-14  -3.056496552138305e-13
+22   +4.703226896228812e-14  -2.922641092203585e-13
+23   +5.051185069794072e-14  -2.798525307529675e-13
+24   +5.357389003304276e-14  -2.683262383969223e-13
+25   +5.631907202506610e-14  -2.575849906469666e-13
+26   +5.873511221724182e-14  -2.475542445346762e-13
+27   +6.089863970334957e-14  -2.381582969590645e-13
+28   +6.286382761739854e-14  -2.293531646791568e-13
+29   +6.461694832182057e-14  -2.211072448799052e-13
+30   +6.619517266317682e-14  -2.132926710337130e-13

