-30   -3.958839741610878e-13  -1.337783912285505e-12
-29   -3.851129097161560e-13  -1.388582954155111e-12
-28   -3.731173879079079e-13  -1.442737036757681e-12
-27   -3.597553533327580e-13  -1.500678006259270e-12
-26   -3.448116216784407e-13  -1.562839416365786e-12
-25   -3.279971624032531e-13  -1.629663288406614e-12
-24   -3.089753500912477e-13  -1.701786891677693e-12
-23   -2.873866749254050e-13  -1.779823801210112e-12
-22   -2.627147393764161e-13  -1.864580689316314e-12
-21   -2.343230225473178e-13  -1.957028561977192e-12
-20   -2.015032592678445e-13  -2.058220044807361e-12
-19   -1.630514407560100e-13  -2.169557130464702e-12
-18   -1.258342008774916e-13  -2.292606542724028e-12
-17   -6.609629768515319e-14  -2.429375058543407e-12
-16   -7.468809582847901e-13  -2.582373572021250e-12
-15   -9.868987760110234e-14  -2.754478580510169e-12
-14   -6.666791455265455e-11  -2.952151659646492e-12
-13   -1.436538519425556e-11  -3.172090114545732e-12
-12   -5.628020483458035e-09  -3.701694740901907e-12
-11   -1.107635003012847e-09  -3.639624471998860e-12
-10   -4.313080603161795e-07  -3.467777829214828e-11
 -9   -7.197459729966058e-08  +4.135019518787279e-12
 -8   -2.792899415358529e-05  -3.443182678857985e-09
 -7   -3.313558790220680e-06  +7.832152933870774e-10
 -6   -1.225299805250467e-03  -3.835484221174173e-07
 -5   -1.741297589278358e-05  +6.700449533199105e-08
 -4   +3.075216828651379e-06  -4.210181443095973e-05
 -3   +4.198551707549296e-06  +4.305318248351372e-06
 -2   -1.058021227887710e-03  -4.320045179202135e-03
 -1   +2.031762791454088e-05  -8.726962467943250e-05
 +0   +2.569677080478445e-03  +0.000000000000000e+00
 +1   +2.031762791454088e-05  +8.726962467943250e-05
 +2   -1.058021227887710e-03  +4.320045179202135e-03
 +3   +4.198551707549296e-06  -4.305318248351372e-06
 +4   +3.075216828651379e-06  +4.210181443095973e-05
 +5   -1.741297589278358e-05  -6.700449533199105e-08
 +6   -1.225299805250467e-03  +3.835484221174173e-07
 +7   -3.313558790220680e-06  -7.832152933870774e-10
 +8   -2.792899415358529e-05  +3.443182678857985e-09
 +9   -7.197459729966058e-08  -4.135019518787279e-12
+10   -4.313080603161795e-07  +3.467777829214828e-11
+11   -1.107635003012847e-09  +3.639624471998860e-12
+12   -5.628020483458035e-09  +3.701694740901907e-12
+13   -1.436538519425556e-11  +3.172090114545732e-12
+14   -6.666791455265455e-11  +2.952151659646492e-12
+15   -9.868987760110234e-14  +2.754478580510169e-12
+16   -7.468809582847901e-13  +2.582373572021250e-12
+17   -6.609629768515319e-14  +2.429375058543407e-12
+18   -1.258342008774916e-13  +2.292606542724028e-12
+19   -1.630514407560100e-13  +2.169557130464702e-12
+20   -2.015032592678445e-13  +2.058220044807361e-12
+21   -2.343230225473178e-13  +1.957028561977192e-12
+22   -2.627147393764161e-13  +1.864580689316314e-12
+23   -2.873866749254050e-13  +1.779823801210112e-12
+24   -3.089753500912477e-13  +1.701786891677693e-12
+25   -3.279971624032531e-13  +1.629663288406614e-12
+26   -3.448116216784407e-13  +1.562839416365786e-12
+27   -3.597553533327580e-13  +1.500678006259270e-12
+28   -3.731173879079079e-13  +1.442737036757681e-12
+29   -3.851129097161560e-13  +1.388582954155111e-12
+30   -3.958839741610878e-13  +1.337783912285505e-12

