-30   +5.136072372334418e-13  +1.542496706511803e-12
-29   +5.051064593896778e-13  +1.600937594018792e-12
-28   +4.956822836336550e-13  +1.663254387843672e-12
-27   +4.852108719875057e-13  +1.729953525336284e-12
-26   +4.734817350470432e-13  +1.801425238492842e-12
-25   +4.603578921725923e-13  +1.878283867500940e-12
-24   +4.455629452116705e-13  +1.961173573284968e-12
-23   +4.288181408570884e-13  +2.050847980472549e-12
-22   +4.097776351640605e-13  +2.148251326478095e-12
-21   +3.879674857111352e-13  +2.254392376689803e-12
-20   +3.628618124054982e-13  +2.370517154176092e-12
-19   +3.337627166122072e-13  +2.498246386319293e-12
-18   +2.997329727684734e-13  +2.639338200313598e-12
-17   +2.597193557176046e-13  +2.796034702861923e-12
-16   +2.109107337607063e-13  +2.970745002721676e-12
-15   +1.583767117745948e-13  +3.166829021505944e-12
-14   -6.614312494430402e-14  +3.334719026444090e-12
-13   +3.220025907411105e-13  +3.551883652518893e-12
-12   -1.941426007646326e-11  -3.797822473647472e-12
-11   +2.679306578305867e-11  -6.249994854013336e-13
-10   -2.349340800499610e-09  -1.092304629123434e-09
 -9   +1.992215797163181e-09  -5.786958502334723e-11
 -8   -2.681635202511514e-07  -1.580353516370506e-07
 -7   +1.109851620196512e-07  +2.251946274663835e-08
 -6   -2.741733908033623e-05  -2.236220709989730e-05
 -5   +2.066545019253930e-06  +1.954588092508160e-06
 -4   -2.192873740591620e-03  -2.881874687517348e-03
 -3   -1.835030185963091e-04  -1.517962604087618e-04
 -2   -8.367052740412975e-02  -2.826685646012951e-01
 -1   +1.323360721747880e-04  -7.381394069381574e-07
 +0   +4.060676488007289e-03  +0.000000000000000e+00
 +1   +1.323360721747880e-04  +7.381394069381574e-07
 +2   -8.367052740412975e-02  +2.826685646012951e-01
 +3   -1.835030185963091e-04  +1.517962604087618e-04
 +4   -2.192873740591620e-03  +2.881874687517348e-03
 +5   +2.066545019253930e-06  -1.954588092508160e-06
 +6   -2.741733908033623e-05  +2.236220709989730e-05
 +7   +1.109851620196512e-07  -2.251946274663835e-08
 +8   -2.681635202511514e-07  +1.580353516370506e-07
 +9   +1.992215797163181e-09  +5.786958502334723e-11
+10   -2.349340800499610e-09  +1.092304629123434e-09
+11   +2.679306578305867e-11  +6.249994854013336e-13
+12   -1.941426007646326e-11  +3.797822473647472e-12
+13   +3.220025907411105e-13  -3.551883652518893e-12
+14   -6.614312494430402e-14  -3.334719026444090e-12
+15   +1.583767117745948e-13  -3.166829021505944e-12
+16   +2.109107337607063e-13  -2.970745002721676e-12
+17   +2.597193557176046e-13  -2.796034702861923e-12
+18   +2.997329727684734e-13  -2.639338200313598e-12
+19   +3.337627166122072e-13  -2.498246386319293e-12
+20   +3.628618124054982e-13  -2.370517154176092e-12
+21   +3.879674857111352e-13  -2.254392376689803e-12
+22   +4.097776351640605e-13  -2.148251326478095e-12
+23   +4.288181408570884e-13  -2.050847980472549e-12
+24   +4.455629452116705e-13  -1.961173573284968e-12
+25   +4.603578921725923e-13  -1.878283867500940e-12
+26   +4.734817350470432e-13  -1.801425238492842e-12
+27   +4.852108719875057e-13  -1.729953525336284e-12
+28   +4.956822836336550e-13  -1.663254387843672e-12
+29   +5.051064593896778e-13  -1.600937594018792e-12
+30   +5.136072372334418e-13  -1.542496706511803e-12

