-30   -7.372556924285710e-14  -1.166243072240539e-13
-29   -7.546166855032429e-14  -1.213996237881238e-13
-28   -7.742814794912716e-14  -1.265156761389923e-13
-27   -7.957716445509801e-14  -1.320496317975127e-13
-26   -8.197723590847217e-14  -1.380426663510911e-13
-25   -8.463871308341291e-14  -1.445836971609843e-13
-24   -8.764086910644982e-14  -1.516586278373360e-13
-23   -9.101671995947296e-14  -1.595133779300559e-13
-22   -9.484337120604021e-14  -1.681138781030633e-13
-21   -9.914531269272173e-14  -1.776545334485542e-13
-20   -1.040851920708451e-13  -1.883300292982183e-13
-19   -1.097422712773615e-13  -2.003717031349258e-13
-18   -1.163738640907494e-13  -2.139862521309036e-13
-17   -1.238495693175202e-13  -2.295493063708208e-13
-16   -1.414486352361056e-13  -2.487148646783676e-13
-15   -1.417888908422962e-13  -2.697756864267862e-13
-14   -1.080050694041450e-12  -3.521679894836137e-13
-13   -7.609477211680288e-14  -4.500582934518304e-13
-12   -9.553152418980705e-11  +2.193975468877506e-12
-11   +5.161956884701404e-12  -1.270965168786196e-11
-10   -9.472417190743054e-09  +1.344556645870157e-09
 -9   +1.017475058471591e-10  -1.049033274879978e-09
 -8   -8.824315866174801e-07  +2.647173462622245e-07
 -7   -2.707490271402806e-08  -6.778569999667772e-08
 -6   -7.240302089758650e-05  +3.950930656082274e-05
 -5   -4.028381866386378e-06  -1.697437640190250e-06
 -4   -4.362246520866592e-03  +4.557501522278699e-03
 -3   -2.048449526057113e-04  +1.765399476111336e-04
 -2   -8.363522189538235e-02  +2.826970704799751e-01
 -1   +1.445878551865276e-04  -4.277803094242298e-06
 +0   +4.886517793105371e-03  +0.000000000000000e+00
 +1   +1.445878551865276e-04  +4.277803094242298e-06
 +2   -8.363522189538235e-02  -2.826970704799751e-01
 +3   -2.048449526057113e-04  -1.765399476111336e-04
 +4   -4.362246520866592e-03  -4.557501522278699e-03
 +5   -4.028381866386378e-06  +1.697437640190250e-06
 +6   -7.240302089758650e-05  -3.950930656082274e-05
 +7   -2.707490271402806e-08  +6.778569999667772e-08
 +8   -8.824315866174801e-07  -2.647173462622245e-07
 +9   +1.017475058471591e-10  +1.049033274879978e-09
+10   -9.472417190743054e-09  -1.344556645870157e-09
+11   +5.161956884701404e-12  +1.270965168786196e-11
+12   -9.553152418980705e-11  -2.193975468877506e-12
+13   -7.609477211680288e-14  +4.500582934518304e-13
+14   -1.080050694041450e-12  +3.521679894836137e-13
+15   -1.417888908422962e-13  +2.697756864267862e-13
+16   -1.414486352361056e-13  +2.487148646783676e-13
+17   -1.238495693175202e-13  +2.295493063708208e-13
+18   -1.163738640907494e-13  +2.139862521309036e-13
+19   -1.097422712773615e-13  +2.003717031349258e-13
+20   -1.040851920708451e-13  +1.883300292982183e-13
+21   -9.914531269272173e-14  +1.776545334485542e-13
+22   -9.484337120604021e-14  +1.681138781030633e-13
+23   -9.101671995947296e-14  +1.595133779300559e-13
+24   -8.764086910644982e-14  +1.516586278373360e-13
+25   -8.463871308341291e-14  +1.445836971609843e-13
+26   -8.197723590847217e-14  +1.380426663510911e-13
+27   -7.957716445509801e-14  +1.320496317975127e-13
+28   -7.742814794912716e-14  +1.265156761389923e-13
+29   -7.546166855032429e-14  +1.213996237881238e-13
+30   -7.372556924285710e-14  +1.166243072240539e-13

