-30   +7.232096921067011e-14  +1.984226021313412e-13
-29   +7.172049746479836e-14  +2.064538637241724e-13
-28   +7.103354205068167e-14  +2.150618955212409e-13
-27   +7.024170874979035e-14  +2.243485250811511e-13
-26   +6.935029056941645e-14  +2.343986190327588e-13
-25   +6.829457629409609e-14  +2.452972904764786e-13
-24   +6.705810316387740e-14  +2.572132296877621e-13
-23   +6.561807564952564e-14  +2.702361949603418e-13
-22   +6.388138172129083e-14  +2.845807296206043e-13
-21   +6.180778333463640e-14  +3.004979893275498e-13
-20   +5.930897946206859e-14  +3.181864731971268e-13
-19   +5.614548428871101e-14  +3.380620454217637e-13
-18   +5.539943722575177e-14  +3.605425922281614e-13
-17   +4.722437355374377e-14  +3.861836921807435e-13
-16   +3.554148791936811e-13  +4.157652926177364e-13
-15   +3.461048384749873e-14  +4.502886117920039e-13
-14   +3.034554662831616e-11  +4.894833485175822e-13
-13   +8.582102253400434e-13  +5.407572647529872e-13
-12   +2.784725080942431e-09  +4.118837175228237e-13
-11   +1.249379242504540e-10  +7.354987819949499e-13
-10   +2.366016503143245e-07  -2.103809672673606e-11
 -9   +1.290116905561542e-08  +6.608751700589030e-12
 -8   +1.742451654004958e-05  -2.518671833796186e-09
 -7   +8.803394621619379e-07  +5.118062503775265e-10
 -6   +9.091364905620511e-04  -2.896945862741536e-07
 -5   +1.414633989798631e-05  +4.113150630530902e-08
 -4   +7.937663799087421e-07  -3.292569970707052e-05
 -3   -6.659318743406064e-09  +2.536245308645514e-06
 -2   +9.867777364500091e-04  -3.590284988500172e-03
 -1   -1.331551877617031e-05  -7.145448277920726e-05
 +0   +1.307853921657143e-04  +0.000000000000000e+00
 +1   -1.331551877617031e-05  +7.145448277920726e-05
 +2   +9.867777364500091e-04  +3.590284988500172e-03
 +3   -6.659318743406064e-09  -2.536245308645514e-06
 +4   +7.937663799087421e-07  +3.292569970707052e-05
 +5   +1.414633989798631e-05  -4.113150630530902e-08
 +6   +9.091364905620511e-04  +2.896945862741536e-07
 +7   +8.803394621619379e-07  -5.118062503775265e-10
 +8   +1.742451654004958e-05  +2.518671833796186e-09
 +9   +1.290116905561542e-08  -6.608751700589030e-12
+10   +2.366016503143245e-07  +2.103809672673606e-11
+11   +1.249379242504540e-10  -7.354987819949499e-13
+12   +2.784725080942431e-09  -4.118837175228237e-13
+13   +8.582102253400434e-13  -5.407572647529872e-13
+14   +3.034554662831616e-11  -4.894833485175822e-13
+15   +3.461048384749873e-14  -4.502886117920039e-13
+16   +3.554148791936811e-13  -4.157652926177364e-13
+17   +4.722437355374377e-14  -3.861836921807435e-13
+18   +5.539943722575177e-14  -3.605425922281614e-13
+19   +5.614548428871101e-14  -3.380620454217637e-13
+20   +5.930897946206859e-14  -3.181864731971268e-13
+21   +6.180778333463640e-14  -3.004979893275498e-13
+22   +6.388138172129083e-14  -2.845807296206043e-13
+23   +6.561807564952564e-14  -2.702361949603418e-13
+24   +6.705810316387740e-14  -2.572132296877621e-13
+25   +6.829457629409609e-14  -2.452972904764786e-13
+26   +6.935029056941645e-14  -2.343986190327588e-13
+27   +7.024170874979035e-14  -2.243485250811511e-13
+28   +7.103354205068167e-14  -2.150618955212409e-13
+29   +7.172049746479836e-14  -2.064538637241724e-13
+30   +7.232096921067011e-14  -1.984226021313412e-13

