-30   -3.281826159647296e-13  -8.487734968193260e-13
-29   -3.265051849911393e-13  -8.808615978752522e-13
-28   -3.246520305216919e-13  -9.150489686698829e-13
-27   -3.225515967111783e-13  -9.516105327744653e-13
-26   -3.201676513748492e-13  -9.907959339269419e-13
-25   -3.175707631328491e-13  -1.032893546787122e-12
-24   -3.146347115519295e-13  -1.078320241128411e-12
-23   -3.112994894718156e-13  -1.127385755583575e-12
-22   -3.075023778122611e-13  -1.180653000839198e-12
-21   -3.031597865077203e-13  -1.238649498327223e-12
-20   -2.981786877072359e-13  -1.302070688316450e-12
-19   -2.924168623617557e-13  -1.371709050597020e-12
-18   -2.856598442872923e-13  -1.448556781799229e-12
-17   -2.776595061320346e-13  -1.533767048000620e-12
-16   -2.682488436246648e-13  -1.628828753589547e-12
-15   -2.568435891392012e-13  -1.735428877883499e-12
-14   -2.427107591831425e-13  -1.856711860426000e-12
-13   -2.244815197803025e-13  -1.992625831012253e-12
-12   -1.838065737449855e-13  -2.255683110257478e-12
-11   -7.996710063018727e-15  -2.302700982012211e-12
-10   -9.557326042740544e-13  -1.556931467482191e-11
 -9   +1.663376177496603e-11  -9.058653234774622e-15
 -8   -5.398111564753726e-10  -1.604378387071624e-09
 -7   +1.575842517757853e-09  +2.288272072036827e-10
 -6   -1.268523596460730e-07  -1.958537546978176e-07
 -5   +1.388417642207651e-07  +1.524457513863273e-08
 -4   -2.503077877743809e-05  -2.374959740638530e-05
 -3   +1.127678786865552e-05  +7.671633906776340e-07
 -2   -5.096565316624585e-03  -2.860524804716518e-03
 -1   -2.193113613485597e-04  -5.563934733516158e-05
 +0   +4.185793698128424e-07  +0.000000000000000e+00
 +1   -2.193113613485597e-04  +5.563934733516158e-05
 +2   -5.096565316624585e-03  +2.860524804716518e-03
 +3   +1.127678786865552e-05  -7.671633906776340e-07
 +4   -2.503077877743809e-05  +2.374959740638530e-05
 +5   +1.388417642207651e-07  -1.524457513863273e-08
 +6   -1.268523596460730e-07  +1.958537546978176e-07
 +7   +1.575842517757853e-09  -2.288272072036827e-10
 +8   -5.398111564753726e-10  +1.604378387071624e-09
 +9   +1.663376177496603e-11  +9.058653234774622e-15
+10   -9.557326042740544e-13  +1.556931467482191e-11
+11   -7.996710063018727e-15  +2.302700982012211e-12
+12   -1.838065737449855e-13  +2.255683110257478e-12
+13   -2.244815197803025e-13  +1.992625831012253e-12
+14   -2.427107591831425e-13  +1.856711860426000e-12
+15   -2.568435891392012e-13  +1.735428877883499e-12
+16   -2.682488436246648e-13  +1.628828753589547e-12
+17   -2.776595061320346e-13  +1.533767048000620e-12
+18   -2.856598442872923e-13  +1.448556781799229e-12
+19   -2.924168623617557e-13  +1.371709050597020e-12
+20   -2.981786877072359e-13  +1.302070688316450e-12
+21   -3.031597865077203e-13  +1.238649498327223e-12
+22   -3.075023778122611e-13  +1.180653000839198e-12
+23   -3.112994894718156e-13  +1.127385755583575e-12
+24   -3.146347115519295e-13  +1.078320241128411e-12
+25   -3.175707631328491e-13  +1.032893546787122e-12
+26   -3.201676513748492e-13  +9.907959339269419e-13
+27   -3.225515967111783e-13  +9.516105327744653e-13
+28   -3.246520305216919e-13  +9.150489686698829e-13
+29   -3.265051849911393e-13  +8.808615978752522e-13
+30   -3.281826159647296e-13  +8.487734968193260e-13

