-30   -1.218721200037053e-13  -4.012624732605477e-13
-29   -1.188617693444364e-13  -4.165339624747226e-13
-28   -1.155475883060254e-13  -4.328749470448270e-13
-27   -1.118025720479675e-13  -4.503282531468623e-13
-26   -1.076228072595324e-13  -4.690534770937392e-13
-25   -1.029395982684539e-13  -4.892010171655730e-13
-24   -9.765264118362820e-14  -5.109694043082312e-13
-23   -9.161445745156719e-14  -5.345364834169651e-13
-22   -8.468491284388463e-14  -5.601410864065148e-13
-21   -7.679120379867836e-14  -5.880951697872302e-13
-20   -6.759879481368257e-14  -6.187438089850922e-13
-19   -5.688754850141320e-14  -6.524372987310427e-13
-18   -4.420126739283898e-14  -6.897361008795249e-13
-17   -2.926630082698851e-14  -7.312569468710403e-13
-16   -1.004853820263512e-14  -7.781517262618373e-13
-15   +7.224080513564200e-15  -8.314055957139980e-13
-14   +1.892314811235655e-13  -9.462227478516320e-13
-13   -2.507036451213549e-13  -1.052232015844574e-12
-12   +1.942171227089706e-11  -8.774849396591351e-12
-11   -2.686554332492640e-11  -6.036975450793445e-12
-10   +2.349166731910650e-09  -1.098230075879157e-09
 -9   -1.992521544915765e-09  -6.440975259032800e-11
 -8   +2.681630401298879e-07  -1.580426398712807e-07
 -7   -1.109858799765620e-07  +2.251124672192979e-08
 -6   +2.741733801580704e-05  -2.236221648790148e-05
 -5   -2.066546605166558e-06  +1.954577172936211e-06
 -4   +2.192873737584237e-03  -2.881874699900677e-03
 -3   +1.835030139224719e-04  -1.517962759944920e-04
 -2   +8.367052737508672e-02  -2.826685645637300e-01
 -1   -1.323360914550670e-04  -7.381491163513486e-07
 +0   -4.060676550992336e-03  +0.000000000000000e+00
 +1   -1.323360914550670e-04  +7.381491163513486e-07
 +2   +8.367052737508672e-02  +2.826685645637300e-01
 +3   +1.835030139224719e-04  +1.517962759944920e-04
 +4   +2.192873737584237e-03  +2.881874699900677e-03
 +5   -2.066546605166558e-06  -1.954577172936211e-06
 +6   +2.741733801580704e-05  +2.236221648790148e-05
 +7   -1.109858799765620e-07  -2.251124672192979e-08
 +8   +2.681630401298879e-07  +1.580426398712807e-07
 +9   -1.992521544915765e-09  +6.440975259032800e-11
+10   +2.349166731910650e-09  +1.098230075879157e-09
+11   -2.686554332492640e-11  +6.036975450793445e-12
+12   +1.942171227089706e-11  +8.774849396591351e-12
+13   -2.507036451213549e-13  +1.052232015844574e-12
+14   +1.892314811235655e-13  +9.462227478516320e-13
+15   +7.224080513564200e-15  +8.314055957139980e-13
+16   -1.004853820263512e-14  +7.781517262618373e-13
+17   -2.926630082698851e-14  +7.312569468710403e-13
+18   -4.420126739283898e-14  +6.897361008795249e-13
+19   -5.688754850141320e-14  +6.524372987310427e-13
+20   -6.759879481368257e-14  +6.187438089850922e-13
+21   -7.679120379867836e-14  +5.880951697872302e-13
+22   -8.468491284388463e-14  +5.601410864065148e-13
+23   -9.161445745156719e-14  +5.345364834169651e-13
+24   -9.765264118362820e-14  +5.109694043082312e-13
+25   -1.029395982684539e-13  +4.892010171655730e-13
+26   -1.076228072595324e-13  +4.690534770937392e-13
+27   -1.118025720479675e-13  +4.503282531468623e-13
+28   -1.155475883060254e-13  +4.328749470448270e-13
+29   -1.188617693444364e-13  +4.165339624747226e-13
+30   -1.218721200037053e-13  +4.012624732605477e-13

