-30   +7.232146847437623e-14  +1.984226833578271e-13
-29   +7.172342353105913e-14  +2.064489016872378e-13
-28   +7.103225260153260e-14  +2.150615828443390e-13
-27   +7.023922731240339e-14  +2.243480554748359e-13
-26   +6.934801137504940e-14  +2.343947776841342e-13
-25   +6.829465255452840e-14  +2.452974218650368e-13
-24   +6.706052253341286e-14  +2.572156234156519e-13
-23   +6.561630479358989e-14  +2.702361483591184e-13
-22   +6.388023538478289e-14  +2.845785392431698e-13
-21   +6.180850772432485e-14  +3.004954526858488e-13
-20   +5.930797340332081e-14  +3.181842039010556e-13
-19   +5.614531416311600e-14  +3.380619872959991e-13
-18   +5.539427430166562e-14  +3.605373476353869e-13
-17   +4.722105919118461e-14  +3.861819247635239e-13
-16   +3.554154962635734e-13  +4.157954326015902e-13
-15   +3.460666539415114e-14  +4.502769582696130e-13
-14   +3.034554766345346e-11  +4.927272049723516e-13
-13   +8.582053359164762e-13  +5.395280471399802e-13
-12   +2.784725080109837e-09  +7.884319476173528e-13
-11   +1.249379272425956e-10  +6.147199554407260e-13
-10   +2.366016503160474e-07  +2.257981728672872e-11
 -9   +1.290116905666733e-08  -4.816928048903257e-12
 -8   +1.742451654005020e-05  +2.520793837691609e-09
 -7   +8.803394621602725e-07  -5.092588166258946e-10
 -6   +9.091364905620558e-04  +2.896976076078134e-07
 -5   +1.414633989798393e-05  -4.112823289758752e-08
 -4   +7.937663799105221e-07  +3.292570240603254e-05
 -3   -6.659318743018320e-09  -2.536243847195115e-06
 -2   +9.867777364500135e-04  +3.590284989074932e-03
 -1   -1.331551877616674e-05  +7.145448298361373e-05
 +0   +1.307853921657178e-04  +0.000000000000000e+00
 +1   -1.331551877616674e-05  -7.145448298361373e-05
 +2   +9.867777364500135e-04  -3.590284989074932e-03
 +3   -6.659318743018320e-09  +2.536243847195115e-06
 +4   +7.937663799105221e-07  -3.292570240603254e-05
 +5   +1.414633989798393e-05  +4.112823289758752e-08
 +6   +9.091364905620558e-04  -2.896976076078134e-07
 +7   +8.803394621602725e-07  +5.092588166258946e-10
 +8   +1.742451654005020e-05  -2.520793837691609e-09
 +9   +1.290116905666733e-08  +4.816928048903257e-12
+10   +2.366016503160474e-07  -2.257981728672872e-11
+11   +1.249379272425956e-10  -6.147199554407260e-13
+12   +2.784725080109837e-09  -7.884319476173528e-13
+13   +8.582053359164762e-13  -5.395280471399802e-13
+14   +3.034554766345346e-11  -4.927272049723516e-13
+15   +3.460666539415114e-14  -4.502769582696130e-13
+16   +3.554154962635734e-13  -4.157954326015902e-13
+17   +4.722105919118461e-14  -3.861819247635239e-13
+18   +5.539427430166562e-14  -3.605373476353869e-13
+19   +5.614531416311600e-14  -3.380619872959991e-13
+20   +5.930797340332081e-14  -3.181842039010556e-13
+21   +6.180850772432485e-14  -3.004954526858488e-13
+22   +6.388023538478289e-14  -2.845785392431698e-13
+23   +6.561630479358989e-14  -2.702361483591184e-13
+24   +6.706052253341286e-14  -2.572156234156519e-13
+25   +6.829465255452840e-14  -2.452974218650368e-13
+26   +6.934801137504940e-14  -2.343947776841342e-13
+27   +7.023922731240339e-14  -2.243480554748359e-13
+28   +7.103225260153260e-14  -2.150615828443390e-13
+29   +7.172342353105913e-14  -2.064489016872378e-13
+30   +7.232146847437623e-14  -1.984226833578271e-13

