-30   +5.077892469128429e-13  +1.537636007080637e-12
-29   +4.990382604645931e-13  +1.595880821072042e-12
-28   +4.893721577377034e-13  +1.658027108045274e-12
-27   +4.785835554556942e-13  +1.724438027461202e-12
-26   +4.665437006686906e-13  +1.795699677840164e-12
-25   +4.530826276490409e-13  +1.872270341648084e-12
-24   +4.379165387895586e-13  +1.954884237932273e-12
-23   +4.207313053281845e-13  +2.044265965397284e-12
-22   +4.011960066301025e-13  +2.141267714639179e-12
-21   +3.788930505530716e-13  +2.246994679798905e-12
-20   +3.531951315953084e-13  +2.362766345436776e-12
-19   +3.233970173002798e-13  +2.489937735323946e-12
-18   +2.887029937273374e-13  +2.630439274295897e-12
-17   +2.477478515287224e-13  +2.786516653027844e-12
-16   +2.079757958629861e-13  +2.959655047511909e-12
-15   +1.396998646822948e-13  +3.155716948485815e-12
-14   +9.950780020733457e-13  +3.320360177305908e-12
-13   -1.101737305719178e-13  +3.506186049468532e-12
-12   +9.521977429557216e-11  +6.479566601387149e-12
-11   -5.631365382199222e-12  -8.037225434131858e-12
-10   +9.471746452688466e-09  +1.349690212708343e-09
 -9   -1.026798127366757e-10  -1.043340732247873e-09
 -8   +8.824303077701192e-07  +2.647237304259358e-07
 -7   +2.707315493334384e-08  -6.777843960438558e-08
 -6   +7.240301851558177e-05  +3.950931496795016e-05
 -5   +4.028378547436919e-06  -1.697427733927655e-06
 -4   +4.362246517071356e-03  +4.557501534980898e-03
 -3   +2.048449456811250e-04  +1.765399613745095e-04
 -2   +8.363522190349761e-02  +2.826970705486197e-01
 -1   -1.445878718785724e-04  -4.277789875216275e-06
 +0   -4.886517854685152e-03  +0.000000000000000e+00
 +1   -1.445878718785724e-04  +4.277789875216275e-06
 +2   +8.363522190349761e-02  -2.826970705486197e-01
 +3   +2.048449456811250e-04  -1.765399613745095e-04
 +4   +4.362246517071356e-03  -4.557501534980898e-03
 +5   +4.028378547436919e-06  +1.697427733927655e-06
 +6   +7.240301851558177e-05  -3.950931496795016e-05
 +7   +2.707315493334384e-08  +6.777843960438558e-08
 +8   +8.824303077701192e-07  -2.647237304259358e-07
 +9   -1.026798127366757e-10  +1.043340732247873e-09
+10   +9.471746452688466e-09  -1.349690212708343e-09
+11   -5.631365382199222e-12  +8.037225434131858e-12
+12   +9.521977429557216e-11  -6.479566601387149e-12
+13   -1.101737305719178e-13  -3.506186049468532e-12
+14   +9.950780020733457e-13  -3.320360177305908e-12
+15   +1.396998646822948e-13  -3.155716948485815e-12
+16   +2.079757958629861e-13  -2.959655047511909e-12
+17   +2.477478515287224e-13  -2.786516653027844e-12
+18   +2.887029937273374e-13  -2.630439274295897e-12
+19   +3.233970173002798e-13  -2.489937735323946e-12
+20   +3.531951315953084e-13  -2.362766345436776e-12
+21   +3.788930505530716e-13  -2.246994679798905e-12
+22   +4.011960066301025e-13  -2.141267714639179e-12
+23   +4.207313053281845e-13  -2.044265965397284e-12
+24   +4.379165387895586e-13  -1.954884237932273e-12
+25   +4.530826276490409e-13  -1.872270341648084e-12
+26   +4.665437006686906e-13  -1.795699677840164e-12
+27   +4.785835554556942e-13  -1.724438027461202e-12
+28   +4.893721577377034e-13  -1.658027108045274e-12
+29   +4.990382604645931e-13  -1.595880821072042e-12
+30   +5.077892469128429e-13  -1.537636007080637e-12

