-30   +1.884339957325013e-14  +5.289448128836099e-13
-29   +4.960084301341922e-15  +5.471894392012733e-13
-28   -1.039688950514902e-14  +5.664804772800848e-13
-27   -2.745241993553334e-14  +5.868241732049614e-13
-26   -4.647800542882640e-14  +6.082885578563346e-13
-25   -6.777347789036236e-14  +6.310053378144317e-13
-24   -9.168081406913934e-14  +6.549994846142272e-13
-23   -1.186928894250633e-13  +6.803929359085138e-13
-22   -1.493418361338820e-13  +7.072411659671398e-13
-21   -1.842597910330267e-13  +7.355577779347630e-13
-20   -2.243766898527038e-13  +7.654220024078598e-13
-19   -2.705032756655345e-13  +7.967012984994102e-13
-18   -3.321106968547200e-13  +8.293266536530331e-13
-17   -3.888187013425440e-13  +8.629607986423960e-13
-16   -1.208075640735386e-12  +8.970313716906539e-13
-15   -7.262115906872591e-13  +9.305327459781498e-13
-14   -6.749757001516709e-11  +9.641285098848824e-13
-13   -1.544379493984444e-11  +9.866908867963189e-13
-12   -5.629409476551460e-09  +1.274105848111180e-12
-11   -1.109417996040278e-09  +9.079613674493156e-13
-10   -4.313103521031708e-07  +3.155382620081117e-11
 -9   -7.197755887064605e-08  -7.780263556905215e-12
 -8   -2.792899801388818e-05  +3.438827530193164e-09
 -7   -3.313563875708557e-06  -7.885454749661066e-10
 -6   -1.225299811997963e-03  +3.835418626401964e-07
 -5   -1.741298483185992e-05  -6.701233390967578e-08
 -4   +3.075206510313248e-06  +4.210180664240440e-05
 -3   +4.198539844313549e-06  -4.305325418583954e-06
 -2   -1.058021172812441e-03  +4.320045172012812e-03
 -1   +2.031762918526395e-05  +8.726961305003166e-05
 +0   +2.569677085721476e-03  +0.000000000000000e+00
 +1   +2.031762918526395e-05  -8.726961305003166e-05
 +2   -1.058021172812441e-03  -4.320045172012812e-03
 +3   +4.198539844313549e-06  +4.305325418583954e-06
 +4   +3.075206510313248e-06  -4.210180664240440e-05
 +5   -1.741298483185992e-05  +6.701233390967578e-08
 +6   -1.225299811997963e-03  -3.835418626401964e-07
 +7   -3.313563875708557e-06  +7.885454749661066e-10
 +8   -2.792899801388818e-05  -3.438827530193164e-09
 +9   -7.197755887064605e-08  +7.780263556905215e-12
+10   -4.313103521031708e-07  -3.155382620081117e-11
+11   -1.109417996040278e-09  -9.079613674493156e-13
+12   -5.629409476551460e-09  -1.274105848111180e-12
+13   -1.544379493984444e-11  -9.866908867963189e-13
+14   -6.749757001516709e-11  -9.641285098848824e-13
+15   -7.262115906872591e-13  -9.305327459781498e-13
+16   -1.208075640735386e-12  -8.970313716906539e-13
+17   -3.888187013425440e-13  -8.629607986423960e-13
+18   -3.321106968547200e-13  -8.293266536530331e-13
+19   -2.705032756655345e-13  -7.967012984994102e-13
+20   -2.243766898527038e-13  -7.654220024078598e-13
+21   -1.842597910330267e-13  -7.355577779347630e-13
+22   -1.493418361338820e-13  -7.072411659671398e-13
+23   -1.186928894250633e-13  -6.803929359085138e-13
+24   -9.168081406913934e-14  -6.549994846142272e-13
+25   -6.777347789036236e-14  -6.310053378144317e-13
+26   -4.647800542882640e-14  -6.082885578563346e-13
+27   -2.745241993553334e-14  -5.868241732049614e-13
+28   -1.039688950514902e-14  -5.664804772800848e-13
+29   +4.960084301341922e-15  -5.471894392012733e-13
+30   +1.884339957325013e-14  -5.289448128836099e-13

