-30   -3.507069284537153e-13  -9.275497546084662e-13
-29   -3.483412833579020e-13  -9.626155563108960e-13
-28   -3.457299769437941e-13  -9.999849805761701e-13
-27   -3.427793454007151e-13  -1.039955676863338e-12
-26   -3.394821639405047e-13  -1.082781349947886e-12
-25   -3.358331114643922e-13  -1.128809209357238e-12
-24   -3.317227723270729e-13  -1.178455243243334e-12
-23   -3.270398793970343e-13  -1.232117602748671e-12
-22   -3.217116300917051e-13  -1.290353637486170e-12
-21   -3.156460750415741e-13  -1.353777819546925e-12
-20   -3.086551266309371e-13  -1.423118087997889e-12
-19   -3.005724214697742e-13  -1.499290010388129e-12
-18   -2.911023921976965e-13  -1.583335521782232e-12
-17   -2.798979957164168e-13  -1.676548783413859e-12
-16   -2.666912034996080e-13  -1.780515134436932e-12
-15   -2.507284626804198e-13  -1.897186738301108e-12
-14   -2.310560831774242e-13  -2.028152100106342e-12
-13   -2.060089216954635e-13  -2.179357723525432e-12
-12   -1.568042665258984e-13  -2.245679775634649e-12
-11   +2.984910026544534e-14  -2.580150528934136e-12
-10   -9.038227663087715e-13  +1.024074520146385e-11
 -9   +1.670432765205233e-11  -5.845864719003898e-12
 -8   -5.397151750738489e-10  +1.597895842012812e-09
 -7   +1.575974313924992e-09  -2.360647468191725e-10
 -6   -1.268521753911794e-07  +1.958456062307103e-07
 -5   +1.388420285176920e-07  -1.525381095646313e-08
 -4   -2.503077838234138e-05  +2.374958694169323e-05
 -3   +1.127678847364611e-05  -7.671749962854789e-07
 -2   -5.096565315693333e-03  +2.860524792934828e-03
 -1   -2.193113599569447e-04  +5.563933865992934e-05
 +0   +4.185810077014416e-07  +0.000000000000000e+00
 +1   -2.193113599569447e-04  -5.563933865992934e-05
 +2   -5.096565315693333e-03  -2.860524792934828e-03
 +3   +1.127678847364611e-05  +7.671749962854789e-07
 +4   -2.503077838234138e-05  -2.374958694169323e-05
 +5   +1.388420285176920e-07  +1.525381095646313e-08
 +6   -1.268521753911794e-07  -1.958456062307103e-07
 +7   +1.575974313924992e-09  +2.360647468191725e-10
 +8   -5.397151750738489e-10  -1.597895842012812e-09
 +9   +1.670432765205233e-11  +5.845864719003898e-12
+10   -9.038227663087715e-13  -1.024074520146385e-11
+11   +2.984910026544534e-14  +2.580150528934136e-12
+12   -1.568042665258984e-13  +2.245679775634649e-12
+13   -2.060089216954635e-13  +2.179357723525432e-12
+14   -2.310560831774242e-13  +2.028152100106342e-12
+15   -2.507284626804198e-13  +1.897186738301108e-12
+16   -2.666912034996080e-13  +1.780515134436932e-12
+17   -2.798979957164168e-13  +1.676548783413859e-12
+18   -2.911023921976965e-13  +1.583335521782232e-12
+19   -3.005724214697742e-13  +1.499290010388129e-12
+20   -3.086551266309371e-13  +1.423118087997889e-12
+21   -3.156460750415741e-13  +1.353777819546925e-12
+22   -3.217116300917051e-13  +1.290353637486170e-12
+23   -3.270398793970343e-13  +1.232117602748671e-12
+24   -3.317227723270729e-13  +1.178455243243334e-12
+25   -3.358331114643922e-13  +1.128809209357238e-12
+26   -3.394821639405047e-13  +1.082781349947886e-12
+27   -3.427793454007151e-13  +1.039955676863338e-12
+28   -3.457299769437941e-13  +9.999849805761701e-13
+29   -3.483412833579020e-13  +9.626155563108960e-13
+30   -3.507069284537153e-13  +9.275497546084662e-13

