-30   -6.384982749779942e-13  -2.130192327654488e-12
-29   -6.219195434681678e-13  -2.210311829516806e-12
-28   -6.035201258061390e-13  -2.295696463523798e-12
-27   -5.831008407010193e-13  -2.386968656609625e-12
-26   -5.602686910336484e-13  -2.484672813730778e-12
-25   -5.347195888623987e-13  -2.589612090253513e-12
-24   -5.059669235757244e-13  -2.702670554154125e-12
-23   -4.734095189482882e-13  -2.824762190131371e-12
-22   -4.364403629116276e-13  -2.957128219282510e-12
-21   -3.941723026404977e-13  -3.101116693597595e-12
-20   -3.455498916732906e-13  -3.258293732220878e-12
-19   -2.893166904233322e-13  -3.430645324401366e-12
-18   -2.236734481919346e-13  -3.620466043190605e-12
-17   -1.465606974612493e-13  -3.830390734536902e-12
-16   -5.471956564028142e-14  -4.065192164276155e-12
-15   +5.571916952994967e-14  -4.321756807415912e-12
-14   +2.440562519601564e-13  -4.770544873397535e-12
-13   +4.433115749588690e-13  -4.629662689998334e-12
-12   +8.340080702791202e-12  -2.461931586187953e-11
-11   +5.648407923741419e-12  +2.128216802333970e-11
-10   +1.104208789734274e-09  -2.352431931469217e-09
 -9   +5.978749657563601e-11  +1.986314086657461e-09
 -8   +1.587367048910200e-07  -2.677710963907782e-07
 -7   -2.276407170737778e-08  +1.109424964618786e-07
 -6   +2.243304820914218e-05  -2.736084024844168e-05
 -5   -1.957319206490572e-06  +2.064684161518723e-06
 -4   +2.887544405150235e-03  -2.185621979128518e-03
 -3   +1.523398495265681e-04  -1.827791609774458e-04
 -2   +2.828945500538994e-01  -8.296901408642461e-02
 -1   +2.779356886460983e-06  +1.431133826636333e-04
 +0   +2.786575321355090e-03  +0.000000000000000e+00
 +1   +2.779356886460983e-06  -1.431133826636333e-04
 +2   +2.828945500538994e-01  +8.296901408642461e-02
 +3   +1.523398495265681e-04  +1.827791609774458e-04
 +4   +2.887544405150235e-03  +2.185621979128518e-03
 +5   -1.957319206490572e-06  -2.064684161518723e-06
 +6   +2.243304820914218e-05  +2.736084024844168e-05
 +7   -2.276407170737778e-08  -1.109424964618786e-07
 +8   +1.587367048910200e-07  +2.677710963907782e-07
 +9   +5.978749657563601e-11  -1.986314086657461e-09
+10   +1.104208789734274e-09  +2.352431931469217e-09
+11   +5.648407923741419e-12  -2.128216802333970e-11
+12   +8.340080702791202e-12  +2.461931586187953e-11
+13   +4.433115749588690e-13  +4.629662689998334e-12
+14   +2.440562519601564e-13  +4.770544873397535e-12
+15   +5.571916952994967e-14  +4.321756807415912e-12
+16   -5.471956564028142e-14  +4.065192164276155e-12
+17   -1.465606974612493e-13  +3.830390734536902e-12
+18   -2.236734481919346e-13  +3.620466043190605e-12
+19   -2.893166904233322e-13  +3.430645324401366e-12
+20   -3.455498916732906e-13  +3.258293732220878e-12
+21   -3.941723026404977e-13  +3.101116693597595e-12
+22   -4.364403629116276e-13  +2.957128219282510e-12
+23   -4.734095189482882e-13  +2.824762190131371e-12
+24   -5.059669235757244e-13  +2.702670554154125e-12
+25   -5.347195888623987e-13  +2.589612090253513e-12
+26   -5.602686910336484e-13  +2.484672813730778e-12
+27   -5.831008407010193e-13  +2.386968656609625e-12
+28   -6.035201258061390e-13  +2.295696463523798e-12
+29   -6.219195434681678e-13  +2.210311829516806e-12
+30   -6.384982749779942e-13  +2.130192327654488e-12

