-30   -8.275984429266010e-13  -2.511946756943544e-12
-29   -8.130810273194506e-13  -2.606730898546290e-12
-28   -7.970040268372937e-13  -2.707813425540222e-12
-27   -7.791570461891941e-13  -2.815871655598058e-12
-26   -7.592188956841535e-13  -2.931642466158009e-12
-25   -7.369039763864335e-13  -3.056049968337815e-12
-24   -7.117382574205415e-13  -3.190081958097746e-12
-23   -6.833329795920714e-13  -3.334997235074107e-12
-22   -6.510661032610438e-13  -3.492233549768844e-12
-21   -6.141781816055950e-13  -3.663364057032040e-12
-20   -5.717763767580982e-13  -3.850453629300708e-12
-19   -5.226831173109513e-13  -4.055802648828278e-12
-18   -4.654923705017845e-13  -4.282176396198442e-12
-17   -3.983366672322345e-13  -4.533246425875426e-12
-16   -3.174976386501216e-13  -4.804158774338898e-12
-15   -2.222590750066388e-13  -5.127804615977711e-12
-14   -5.196019356578933e-14  -4.555542927729783e-12
-13   +1.593507242761219e-13  -5.976126545946746e-12
-12   -2.590012269661820e-12  +8.899378338374845e-11
-11   +1.273349219161607e-11  -1.221533919417717e-11
-10   -1.368440116779942e-09  +9.461204825625096e-09
 -9   +1.048765914919669e-09  -1.077830248025386e-10
 -8   -2.669597053688920e-07  +8.817422131545604e-07
 -7   +6.762326842932954e-08  +2.719981585657730e-08
 -6   -3.969258487247234e-05  +7.230204648196139e-05
 -5   +1.680030581066577e-06  +4.027718848223801e-06
 -4   -4.568402098862203e-03  +4.350700680841424e-03
 -3   -1.774327333640792e-04  +2.039033273440871e-04
 -2   -2.828859063918708e-01  +8.295094550721431e-02
 -1   +9.692881403075039e-06  -1.671013247852743e-04
 +0   -3.044388010104598e-03  +0.000000000000000e+00
 +1   +9.692881403075039e-06  +1.671013247852743e-04
 +2   -2.828859063918708e-01  -8.295094550721431e-02
 +3   -1.774327333640792e-04  -2.039033273440871e-04
 +4   -4.568402098862203e-03  -4.350700680841424e-03
 +5   +1.680030581066577e-06  -4.027718848223801e-06
 +6   -3.969258487247234e-05  -7.230204648196139e-05
 +7   +6.762326842932954e-08  -2.719981585657730e-08
 +8   -2.669597053688920e-07  -8.817422131545604e-07
 +9   +1.048765914919669e-09  +1.077830248025386e-10
+10   -1.368440116779942e-09  -9.461204825625096e-09
+11   +1.273349219161607e-11  +1.221533919417717e-11
+12   -2.590012269661820e-12  -8.899378338374845e-11
+13   +1.593507242761219e-13  +5.976126545946746e-12
+14   -5.196019356578933e-14  +4.555542927729783e-12
+15   -2.222590750066388e-13  +5.127804615977711e-12
+16   -3.174976386501216e-13  +4.804158774338898e-12
+17   -3.983366672322345e-13  +4.533246425875426e-12
+18   -4.654923705017845e-13  +4.282176396198442e-12
+19   -5.226831173109513e-13  +4.055802648828278e-12
+20   -5.717763767580982e-13  +3.850453629300708e-12
+21   -6.141781816055950e-13  +3.663364057032040e-12
+22   -6.510661032610438e-13  +3.492233549768844e-12
+23   -6.833329795920714e-13  +3.334997235074107e-12
+24   -7.117382574205415e-13  +3.190081958097746e-12
+25   -7.369039763864335e-13  +3.056049968337815e-12
+26   -7.592188956841535e-13  +2.931642466158009e-12
+27   -7.791570461891941e-13  +2.815871655598058e-12
+28   -7.970040268372937e-13  +2.707813425540222e-12
+29   -8.130810273194506e-13  +2.606730898546290e-12
+30   -8.275984429266010e-13  +2.511946756943544e-12

