-30   -1.647775520462759e-14  +7.713665812100362e-14
-29   -1.990748567768454e-14  +7.967392931767629e-14
-28   -2.369587080382598e-14  +8.234756758813691e-14
-27   -2.794619246818456e-14  +8.515224450051978e-14
-26   -3.269157993944937e-14  +8.805709688649905e-14
-25   -3.802611830600047e-14  +9.112595241841566e-14
-24   -4.408189414732559e-14  +9.430926369772731e-14
-23   -5.097404717656639e-14  +9.761787513065839e-14
-22   -5.882844165621510e-14  +1.010430228760623e-13
-21   -6.787153285527862e-14  +1.045439148126819e-13
-20   -7.837209028498600e-14  +1.081276717765447e-13
-19   -9.060564801479451e-14  +1.116069036744769e-13
-18   -1.050165764378166e-13  +1.181573535419158e-13
-17   -1.221904186405985e-13  +1.180131815078098e-13
-16   -1.428570422258890e-13  +4.350939417627436e-13
-15   -1.679032738973908e-13  +1.241751776947628e-13
-14   -2.054503668239007e-13  +3.044614934213713e-11
-13   -2.354186051486591e-13  +9.712858937357833e-13
-12   -9.395641558461219e-13  +2.784852197804361e-09
-11   -1.352119400032719e-13  +1.250813479694057e-10
-10   -6.373290394076651e-11  +2.366018056486337e-07
 -9   +1.894035093217822e-11  +1.290135698820226e-08
 -8   -5.915459872262052e-09  +1.742451606550885e-05
 -7   +1.649026024677969e-09  +8.803400854868987e-07
 -6   -5.285616751701794e-07  +9.091364226138987e-04
 -5   +1.212802590751820e-07  +1.414637363108460e-05
 -4   -4.638934711197812e-05  +7.868997156677580e-07
 -3   +5.008780776666105e-06  -4.095396086304085e-09
 -2   -5.200550184434606e-03  +9.859991479714480e-04
 -1   -2.036226019846314e-04  -1.313941428967038e-05
 +0   -1.000000589829799e+00  +0.000000000000000e+00
 +1   -2.036226019846314e-04  +1.313941428967038e-05
 +2   -5.200550184434606e-03  -9.859991479714480e-04
 +3   +5.008780776666105e-06  +4.095396086304085e-09
 +4   -4.638934711197812e-05  -7.868997156677580e-07
 +5   +1.212802590751820e-07  -1.414637363108460e-05
 +6   -5.285616751701794e-07  -9.091364226138987e-04
 +7   +1.649026024677969e-09  -8.803400854868987e-07
 +8   -5.915459872262052e-09  -1.742451606550885e-05
 +9   +1.894035093217822e-11  -1.290135698820226e-08
+10   -6.373290394076651e-11  -2.366018056486337e-07
+11   -1.352119400032719e-13  -1.250813479694057e-10
+12   -9.395641558461219e-13  -2.784852197804361e-09
+13   -2.354186051486591e-13  -9.712858937357833e-13
+14   -2.054503668239007e-13  -3.044614934213713e-11
+15   -1.679032738973908e-13  -1.241751776947628e-13
+16   -1.428570422258890e-13  -4.350939417627436e-13
+17   -1.221904186405985e-13  -1.180131815078098e-13
+18   -1.050165764378166e-13  -1.181573535419158e-13
+19   -9.060564801479451e-14  -1.116069036744769e-13
+20   -7.837209028498600e-14  -1.081276717765447e-13
+21   -6.787153285527862e-14  -1.045439148126819e-13
+22   -5.882844165621510e-14  -1.010430228760623e-13
+23   -5.097404717656639e-14  -9.761787513065839e-14
+24   -4.408189414732559e-14  -9.430926369772731e-14
+25   -3.802611830600047e-14  -9.112595241841566e-14
+26   -3.269157993944937e-14  -8.805709688649905e-14
+27   -2.794619246818456e-14  -8.515224450051978e-14
+28   -2.369587080382598e-14  -8.234756758813691e-14
+29   -1.990748567768454e-14  -7.967392931767629e-14
+30   -1.647775520462759e-14  -7.713665812100362e-14

