-30   -3.144334662130923e-13  -8.994626820432818e-13
-29   -3.103039837008099e-13  -9.334376929170883e-13
-28   -3.057031066753067e-13  -9.696604662879436e-13
-27   -3.005277750053338e-13  -1.008398321736532e-12
-26   -2.947237163442944e-13  -1.049888286820414e-12
-25   -2.882079300430274e-13  -1.094451531210791e-12
-24   -2.808004032465061e-13  -1.142481260084307e-12
-23   -2.723281630745600e-13  -1.194406307208455e-12
-22   -2.625588438486550e-13  -1.250654382378662e-12
-21   -2.513557515793678e-13  -1.311875502108150e-12
-20   -2.383266313339085e-13  -1.378767599106522e-12
-19   -2.228773043649865e-13  -1.451953666822421e-12
-18   -2.045742612007780e-13  -1.540510549168817e-12
-17   -1.826462015746320e-13  -1.623557071728428e-12
-16   -1.541768839865097e-13  -2.467816944718075e-12
-15   -1.227208382977840e-13  -2.008349372475256e-12
-14   +8.553529790961735e-14  -6.879763948677576e-11
-13   +1.556122839743835e-14  -1.675537120883474e-11
-12   +1.406906069545624e-11  -5.630704353380689e-09
-11   +3.637246611553309e-12  -1.110709171104665e-09
-10   +1.062091675269629e-09  -4.313103020808229e-07
 -9   +2.366886841123700e-10  -7.197836964220422e-08
 -8   +6.677369283611364e-08  -2.792891960156317e-05
 -7   +1.198547389979817e-08  -3.313545417855486e-06
 -6   +2.611299146633666e-06  -1.225297140253695e-03
 -5   +2.318667696963480e-07  -1.741251031650075e-05
 -4   -5.786857729953903e-05  +2.927298403695305e-06
 -3   +1.014333904884461e-05  +4.217782296618635e-06
 -2   -6.395988705508779e-03  -1.074396201389952e-03
 -1   -2.218058004218339e-04  +1.867589248556012e-05
 +0   -1.000003638038741e+00  +0.000000000000000e+00
 +1   -2.218058004218339e-04  -1.867589248556012e-05
 +2   -6.395988705508779e-03  +1.074396201389952e-03
 +3   +1.014333904884461e-05  -4.217782296618635e-06
 +4   -5.786857729953903e-05  -2.927298403695305e-06
 +5   +2.318667696963480e-07  +1.741251031650075e-05
 +6   +2.611299146633666e-06  +1.225297140253695e-03
 +7   +1.198547389979817e-08  +3.313545417855486e-06
 +8   +6.677369283611364e-08  +2.792891960156317e-05
 +9   +2.366886841123700e-10  +7.197836964220422e-08
+10   +1.062091675269629e-09  +4.313103020808229e-07
+11   +3.637246611553309e-12  +1.110709171104665e-09
+12   +1.406906069545624e-11  +5.630704353380689e-09
+13   +1.556122839743835e-14  +1.675537120883474e-11
+14   +8.553529790961735e-14  +6.879763948677576e-11
+15   -1.227208382977840e-13  +2.008349372475256e-12
+16   -1.541768839865097e-13  +2.467816944718075e-12
+17   -1.826462015746320e-13  +1.623557071728428e-12
+18   -2.045742612007780e-13  +1.540510549168817e-12
+19   -2.228773043649865e-13  +1.451953666822421e-12
+20   -2.383266313339085e-13  +1.378767599106522e-12
+21   -2.513557515793678e-13  +1.311875502108150e-12
+22   -2.625588438486550e-13  +1.250654382378662e-12
+23   -2.723281630745600e-13  +1.194406307208455e-12
+24   -2.808004032465061e-13  +1.142481260084307e-12
+25   -2.882079300430274e-13  +1.094451531210791e-12
+26   -2.947237163442944e-13  +1.049888286820414e-12
+27   -3.005277750053338e-13  +1.008398321736532e-12
+28   -3.057031066753067e-13  +9.696604662879436e-13
+29   -3.103039837008099e-13  +9.334376929170883e-13
+30   -3.144334662130923e-13  +8.994626820432818e-13

