-30   +7.718288455640249e-15  +1.521686997604916e-14
-29   +7.772094667264795e-15  +1.581632809270923e-14
-28   +7.860385346426582e-15  +1.640479422564695e-14
-27   +7.986148794771517e-15  +1.707422544361863e-14
-26   +8.100741861624972e-15  +1.778758803506381e-14
-25   +8.266659701996871e-15  +1.853345277788963e-14
-24   +8.419753456005116e-15  +1.935596255185936e-14
-23   +8.579807845562793e-15  +2.024681321578079e-14
-22   +8.808581201411265e-15  +2.115152302593076e-14
-21   +9.024966225194068e-15  +2.221370405480082e-14
-20   +9.279888839578982e-15  +2.332818503932491e-14
-19   +9.604671935186845e-15  +2.461842016954392e-14
-18   +9.928002958823893e-15  +2.595285886055775e-14
-17   +1.040735923446058e-14  +2.748948489152812e-14
-16   +1.083873358458021e-14  +2.918605695522603e-14
-15   +1.141797461353516e-14  +3.110273181043180e-14
-14   +1.111043653724934e-14  +3.253024434358075e-14
-13   +1.218855181604363e-14  +3.509759497769717e-14
-12   -1.065410796346204e-13  -5.166079564191354e-14
-11   -5.944320259038613e-14  -3.059001733947270e-14
-10   -1.305921769723852e-11  -1.092029712174675e-11
 -9   -5.087143757293399e-12  -6.766444631815616e-12
 -8   -1.370568250644706e-09  -1.447267898404934e-09
 -7   -3.060859738384538e-10  -4.765662702944975e-10
 -6   -1.160620799128586e-07  -2.070765699603252e-07
 -5   -3.464623989092065e-08  -2.281947060199033e-08
 -4   -2.692236851639084e-08  -2.634353749709723e-05
 -3   -3.600335696593233e-06  -3.966129602052146e-06
 -2   +1.573478350336879e-03  -1.106570048453724e-03
 -1   +1.399286558762750e-05  -1.903304195367295e-05
 +0   +2.992007955978431e-05  +0.000000000000000e+00
 +1   +1.399286558762750e-05  +1.903304195367295e-05
 +2   +1.573478350336879e-03  +1.106570048453724e-03
 +3   -3.600335696593233e-06  +3.966129602052146e-06
 +4   -2.692236851639084e-08  +2.634353749709723e-05
 +5   -3.464623989092065e-08  +2.281947060199033e-08
 +6   -1.160620799128586e-07  +2.070765699603252e-07
 +7   -3.060859738384538e-10  +4.765662702944975e-10
 +8   -1.370568250644706e-09  +1.447267898404934e-09
 +9   -5.087143757293399e-12  +6.766444631815616e-12
+10   -1.305921769723852e-11  +1.092029712174675e-11
+11   -5.944320259038613e-14  +3.059001733947270e-14
+12   -1.065410796346204e-13  +5.166079564191354e-14
+13   +1.218855181604363e-14  -3.509759497769717e-14
+14   +1.111043653724934e-14  -3.253024434358075e-14
+15   +1.141797461353516e-14  -3.110273181043180e-14
+16   +1.083873358458021e-14  -2.918605695522603e-14
+17   +1.040735923446058e-14  -2.748948489152812e-14
+18   +9.928002958823893e-15  -2.595285886055775e-14
+19   +9.604671935186845e-15  -2.461842016954392e-14
+20   +9.279888839578982e-15  -2.332818503932491e-14
+21   +9.024966225194068e-15  -2.221370405480082e-14
+22   +8.808581201411265e-15  -2.115152302593076e-14
+23   +8.579807845562793e-15  -2.024681321578079e-14
+24   +8.419753456005116e-15  -1.935596255185936e-14
+25   +8.266659701996871e-15  -1.853345277788963e-14
+26   +8.100741861624972e-15  -1.778758803506381e-14
+27   +7.986148794771517e-15  -1.707422544361863e-14
+28   +7.860385346426582e-15  -1.640479422564695e-14
+29   +7.772094667264795e-15  -1.581632809270923e-14
+30   +7.718288455640249e-15  -1.521686997604916e-14

