-30   +0.000000000000000e+00  +1.889814783278880e-16
-29   -0.000000000000000e+00  -1.962128791422216e-16
-28   +0.000000000000000e+00  +2.036731309336231e-16
-27   -0.000000000000000e+00  -2.118383927943633e-16
-26   +0.000000000000000e+00  +2.204217512184963e-16
-25   -0.000000000000000e+00  -2.298407857874288e-16
-24   +0.000000000000000e+00  +2.395443808696449e-16
-23   -0.000000000000000e+00  -2.512921730744827e-16
-22   +0.000000000000000e+00  +2.638303261431422e-16
-21   -0.000000000000000e+00  -2.752871964918481e-16
-20   +0.000000000000000e+00  +2.888509196964198e-16
-19   -0.000000000000000e+00  -3.049891447650112e-16
-18   +0.000000000000000e+00  +3.232159497714186e-16
-17   -0.000000000000000e+00  -3.421635857571056e-16
-16   +0.000000000000000e+00  +3.641079370642697e-16
-15   -0.000000000000000e+00  -3.877492927721968e-16
-14   +0.000000000000000e+00  +4.110436831961420e-16
-13   -0.000000000000000e+00  -7.412370745610180e-16
-12   +0.000000000000000e+00  +5.572470382289413e-16
-11   -0.000000000000000e+00  -3.557295713240963e-14
-10   +0.000000000000000e+00  +7.524578613384704e-15
 -9   -0.000000000000000e+00  -4.130007988230378e-12
 -8   +0.000000000000000e+00  +5.156670884551776e-13
 -7   -0.000000000000000e+00  -4.853872614819434e-10
 -6   +0.000000000000000e+00  +2.090559015767050e-11
 -5   -0.000000000000000e+00  -5.643769485999945e-08
 -4   -0.000000000000000e+00  -3.379413040038266e-09
 -3   -0.000000000000000e+00  -6.165784904753738e-06
 -2   -0.000000000000000e+00  -1.732705486666434e-06
 -1   +0.000000000000000e+00  +2.883697047917301e-06
 +0   +0.000000000000000e+00  +0.000000000000000e+00
 +1   -0.000000000000000e+00  -2.883697047917301e-06
 +2   +0.000000000000000e+00  +1.732705486666434e-06
 +3   +0.000000000000000e+00  +6.165784904753738e-06
 +4   +0.000000000000000e+00  +3.379413040038266e-09
 +5   +0.000000000000000e+00  +5.643769485999945e-08
 +6   -0.000000000000000e+00  -2.090559015767050e-11
 +7   +0.000000000000000e+00  +4.853872614819434e-10
 +8   -0.000000000000000e+00  -5.156670884551776e-13
 +9   +0.000000000000000e+00  +4.130007988230378e-12
+10   -0.000000000000000e+00  -7.524578613384704e-15
+11   +0.000000000000000e+00  +3.557295713240963e-14
+12   -0.000000000000000e+00  -5.572470382289413e-16
+13   +0.000000000000000e+00  +7.412370745610180e-16
+14   -0.000000000000000e+00  -4.110436831961420e-16
+15   +0.000000000000000e+00  +3.877492927721968e-16
+16   -0.000000000000000e+00  -3.641079370642697e-16
+17   +0.000000000000000e+00  +3.421635857571056e-16
+18   -0.000000000000000e+00  -3.232159497714186e-16
+19   +0.000000000000000e+00  +3.049891447650112e-16
+20   -0.000000000000000e+00  -2.888509196964198e-16
+21   +0.000000000000000e+00  +2.752871964918481e-16
+22   -0.000000000000000e+00  -2.638303261431422e-16
+23   +0.000000000000000e+00  +2.512921730744827e-16
+24   -0.000000000000000e+00  -2.395443808696449e-16
+25   +0.000000000000000e+00  +2.298407857874288e-16
+26   -0.000000000000000e+00  -2.204217512184963e-16
+27   +0.000000000000000e+00  +2.118383927943633e-16
+28   -0.000000000000000e+00  -2.036731309336231e-16
+29   +0.000000000000000e+00  +1.962128791422216e-16
+30   -0.000000000000000e+00  -1.889814783278880e-16

