-30   +2.304220506223830e-16  +0.000000000000000e+00
-29   -2.322598861927402e-16  +0.000000000000000e+00
-28   +2.346058083136097e-16  +0.000000000000000e+00
-27   -2.365389682889513e-16  +0.000000000000000e+00
-26   +2.391292976679536e-16  +0.000000000000000e+00
-25   -2.418091879797464e-16  +0.000000000000000e+00
-24   +2.451665090938277e-16  +0.000000000000000e+00
-23   -2.485271175774235e-16  +0.000000000000000e+00
-22   +2.523429999064359e-16  +0.000000000000000e+00
-21   -2.577944320069529e-16  +0.000000000000000e+00
-20   +2.620620415147374e-16  +0.000000000000000e+00
-19   -2.693253832896229e-16  +0.000000000000000e+00
-18   +2.755118513302614e-16  +0.000000000000000e+00
-17   -2.834875659302197e-16  +0.000000000000000e+00
-16   +2.929361721109989e-16  +0.000000000000000e+00
-15   -3.028570083603519e-16  +0.000000000000000e+00
-14   +3.195959296320531e-16  +0.000000000000000e+00
-13   -1.367714326702760e-16  +0.000000000000000e+00
-12   +3.182902268153444e-16  +0.000000000000000e+00
-11   +2.262781263719633e-14  +0.000000000000000e+00
-10   -3.564485097535570e-15  +0.000000000000000e+00
 -9   +2.626144112012638e-12  +0.000000000000000e+00
 -8   -3.426255715650009e-13  +0.000000000000000e+00
 -7   +2.964330982831544e-10  +0.000000000000000e+00
 -6   -2.561241542110877e-11  +0.000000000000000e+00
 -5   +3.263553758407136e-08  +0.000000000000000e+00
 -4   -9.216723553273448e-10  +0.000000000000000e+00
 -3   +3.301918070173937e-06  +0.000000000000000e+00
 -2   +5.854696044820606e-07  +0.000000000000000e+00
 -1   +4.299678281793817e-07  +0.000000000000000e+00
 +0   -1.259869056127298e-08  +0.000000000000000e+00
 +1   +4.299678281793817e-07  +0.000000000000000e+00
 +2   +5.854696044820606e-07  +0.000000000000000e+00
 +3   +3.301918070173937e-06  +0.000000000000000e+00
 +4   -9.216723553273448e-10  +0.000000000000000e+00
 +5   +3.263553758407136e-08  +0.000000000000000e+00
 +6   -2.561241542110877e-11  +0.000000000000000e+00
 +7   +2.964330982831544e-10  +0.000000000000000e+00
 +8   -3.426255715650009e-13  +0.000000000000000e+00
 +9   +2.626144112012638e-12  +0.000000000000000e+00
+10   -3.564485097535570e-15  +0.000000000000000e+00
+11   +2.262781263719633e-14  +0.000000000000000e+00
+12   +3.182902268153444e-16  +0.000000000000000e+00
+13   -1.367714326702760e-16  +0.000000000000000e+00
+14   +3.195959296320531e-16  +0.000000000000000e+00
+15   -3.028570083603519e-16  +0.000000000000000e+00
+16   +2.929361721109989e-16  +0.000000000000000e+00
+17   -2.834875659302197e-16  +0.000000000000000e+00
+18   +2.755118513302614e-16  +0.000000000000000e+00
+19   -2.693253832896229e-16  +0.000000000000000e+00
+20   +2.620620415147374e-16  +0.000000000000000e+00
+21   -2.577944320069529e-16  +0.000000000000000e+00
+22   +2.523429999064359e-16  +0.000000000000000e+00
+23   -2.485271175774235e-16  +0.000000000000000e+00
+24   +2.451665090938277e-16  +0.000000000000000e+00
+25   -2.418091879797464e-16  +0.000000000000000e+00
+26   +2.391292976679536e-16  +0.000000000000000e+00
+27   -2.365389682889513e-16  +0.000000000000000e+00
+28   +2.346058083136097e-16  +0.000000000000000e+00
+29   -2.322598861927402e-16  +0.000000000000000e+00
+30   +2.304220506223830e-16  +0.000000000000000e+00

