-30   -0.000000000000000e+00  -8.557116734917939e-16
-29   +0.000000000000000e+00  +8.887394929546474e-16
-28   -0.000000000000000e+00  -9.329984346218714e-16
-27   +0.000000000000000e+00  +9.616028197894997e-16
-26   -0.000000000000000e+00  -1.003664176922015e-15
-25   +0.000000000000000e+00  +1.045327308517036e-15
-24   -0.000000000000000e+00  -1.094488614012183e-15
-23   +0.000000000000000e+00  +1.143533813906204e-15
-22   -0.000000000000000e+00  -1.191248027016415e-15
-21   +0.000000000000000e+00  +1.267255939215670e-15
-20   -0.000000000000000e+00  -1.309430755051456e-15
-19   +0.000000000000000e+00  +1.401047495563913e-15
-18   -0.000000000000000e+00  -1.462099955988540e-15
-17   +0.000000000000000e+00  +1.542226734979837e-15
-16   -0.000000000000000e+00  -1.631365915308488e-15
-15   +0.000000000000000e+00  +1.734141917461453e-15
-14   -0.000000000000000e+00  -1.865788404188757e-15
-13   +0.000000000000000e+00  +2.090416647422860e-15
-12   -0.000000000000000e+00  -2.249280416318426e-15
-11   +0.000000000000000e+00  +1.312162310713156e-14
-10   -0.000000000000000e+00  -7.772524142591184e-15
 -9   +0.000000000000000e+00  +1.222452818088602e-12
 -8   -0.000000000000000e+00  -1.479422484827565e-13
 -7   +0.000000000000000e+00  +1.245332093814453e-10
 -6   +0.000000000000000e+00  +6.600716919608372e-11
 -5   +0.000000000000000e+00  +7.159309680553594e-09
 -4   +0.000000000000000e+00  +2.537964183090535e-08
 -3   -0.000000000000000e+00  -2.994059346220395e-06
 -2   +0.000000000000000e+00  +6.501920474493544e-07
 -1   -0.000000000000000e+00  -3.210954707274276e-06
 +0   +0.000000000000000e+00  +0.000000000000000e+00
 +1   +0.000000000000000e+00  +3.210954707274276e-06
 +2   -0.000000000000000e+00  -6.501920474493544e-07
 +3   +0.000000000000000e+00  +2.994059346220395e-06
 +4   -0.000000000000000e+00  -2.537964183090535e-08
 +5   -0.000000000000000e+00  -7.159309680553594e-09
 +6   -0.000000000000000e+00  -6.600716919608372e-11
 +7   -0.000000000000000e+00  -1.245332093814453e-10
 +8   +0.000000000000000e+00  +1.479422484827565e-13
 +9   -0.000000000000000e+00  -1.222452818088602e-12
+10   +0.000000000000000e+00  +7.772524142591184e-15
+11   -0.000000000000000e+00  -1.312162310713156e-14
+12   +0.000000000000000e+00  +2.249280416318426e-15
+13   -0.000000000000000e+00  -2.090416647422860e-15
+14   +0.000000000000000e+00  +1.865788404188757e-15
+15   -0.000000000000000e+00  -1.734141917461453e-15
+16   +0.000000000000000e+00  +1.631365915308488e-15
+17   -0.000000000000000e+00  -1.542226734979837e-15
+18   +0.000000000000000e+00  +1.462099955988540e-15
+19   -0.000000000000000e+00  -1.401047495563913e-15
+20   +0.000000000000000e+00  +1.309430755051456e-15
+21   -0.000000000000000e+00  -1.267255939215670e-15
+22   +0.000000000000000e+00  +1.191248027016415e-15
+23   -0.000000000000000e+00  -1.143533813906204e-15
+24   +0.000000000000000e+00  +1.094488614012183e-15
+25   -0.000000000000000e+00  -1.045327308517036e-15
+26   +0.000000000000000e+00  +1.003664176922015e-15
+27   -0.000000000000000e+00  -9.616028197894997e-16
+28   +0.000000000000000e+00  +9.329984346218714e-16
+29   -0.000000000000000e+00  -8.887394929546474e-16
+30   +0.000000000000000e+00  +8.557116734917939e-16

