-30   -8.022586262617548e-17  +0.000000000000000e+00
-29   +7.842026128625123e-17  +0.000000000000000e+00
-28   -8.303162138173267e-17  +0.000000000000000e+00
-27   +8.285014390653600e-17  +0.000000000000000e+00
-26   -8.639404366492597e-17  +0.000000000000000e+00
-25   +8.797837405684951e-17  +0.000000000000000e+00
-24   -9.666726551859005e-17  +0.000000000000000e+00
-23   +7.994985887283830e-17  +0.000000000000000e+00
-22   -6.777522647473390e-17  +0.000000000000000e+00
-21   +9.708045048396800e-17  +0.000000000000000e+00
-20   -1.102994864329032e-16  +0.000000000000000e+00
-19   +9.917959524277294e-17  +0.000000000000000e+00
-18   -8.351515346006746e-17  +0.000000000000000e+00
-17   +8.753159277987870e-17  +0.000000000000000e+00
-16   -7.980545458723213e-17  +0.000000000000000e+00
-15   +1.210333149214406e-16  +0.000000000000000e+00
-14   -1.474067937001537e-16  +0.000000000000000e+00
-13   +2.816367956335858e-17  +0.000000000000000e+00
-12   -4.008617427208771e-17  +0.000000000000000e+00
-11   -1.244016218461887e-14  +0.000000000000000e+00
-10   +1.081531767670203e-14  +0.000000000000000e+00
 -9   -1.896719722677897e-12  +0.000000000000000e+00
 -8   +1.324926207921593e-12  +0.000000000000000e+00
 -7   -3.080803647112540e-10  +0.000000000000000e+00
 -6   +1.767427238664748e-10  +0.000000000000000e+00
 -5   -5.708899236714336e-08  +0.000000000000000e+00
 -4   +2.812586015532990e-08  +0.000000000000000e+00
 -3   -1.382278983618173e-05  +0.000000000000000e+00
 -2   -2.613336969406700e-06  +0.000000000000000e+00
 -1   +3.183467336737538e-06  +0.000000000000000e+00
 +0   +1.217394669180441e-08  +0.000000000000000e+00
 +1   +3.183467336737538e-06  +0.000000000000000e+00
 +2   -2.613336969406700e-06  +0.000000000000000e+00
 +3   -1.382278983618173e-05  +0.000000000000000e+00
 +4   +2.812586015532990e-08  +0.000000000000000e+00
 +5   -5.708899236714336e-08  +0.000000000000000e+00
 +6   +1.767427238664748e-10  +0.000000000000000e+00
 +7   -3.080803647112540e-10  +0.000000000000000e+00
 +8   +1.324926207921593e-12  +0.000000000000000e+00
 +9   -1.896719722677897e-12  +0.000000000000000e+00
+10   +1.081531767670203e-14  +0.000000000000000e+00
+11   -1.244016218461887e-14  +0.000000000000000e+00
+12   -4.008617427208771e-17  +0.000000000000000e+00
+13   +2.816367956335858e-17  +0.000000000000000e+00
+14   -1.474067937001537e-16  +0.000000000000000e+00
+15   +1.210333149214406e-16  +0.000000000000000e+00
+16   -7.980545458723213e-17  +0.000000000000000e+00
+17   +8.753159277987870e-17  +0.000000000000000e+00
+18   -8.351515346006746e-17  +0.000000000000000e+00
+19   +9.917959524277294e-17  +0.000000000000000e+00
+20   -1.102994864329032e-16  +0.000000000000000e+00
+21   +9.708045048396800e-17  +0.000000000000000e+00
+22   -6.777522647473390e-17  +0.000000000000000e+00
+23   +7.994985887283830e-17  +0.000000000000000e+00
+24   -9.666726551859005e-17  +0.000000000000000e+00
+25   +8.797837405684951e-17  +0.000000000000000e+00
+26   -8.639404366492597e-17  +0.000000000000000e+00
+27   +8.285014390653600e-17  +0.000000000000000e+00
+28   -8.303162138173267e-17  +0.000000000000000e+00
+29   +7.842026128625123e-17  +0.000000000000000e+00
+30   -8.022586262617548e-17  +0.000000000000000e+00

