-30   -2.608620573717135e-13  +7.894951110832112e-13
-29   +2.563383005638973e-13  -8.192883191479048e-13
-28   -2.513410441665268e-13  +8.510732873679708e-13
-27   +2.457616273473211e-13  -8.850471618268623e-13
-26   -2.395525659386896e-13  +9.214392952373832e-13
-25   +2.325781847667433e-13  -9.605553623010720e-13
-24   -2.247289184318102e-13  +1.002695544070925e-12
-23   +2.158431844053584e-13  -1.048268196738814e-12
-22   -2.057592328791473e-13  +1.097703591141074e-12
-21   +1.942044451894703e-13  -1.151526197577803e-12
-20   -1.809295683668025e-13  +1.210339889180905e-12
-19   +1.655378546142118e-13  -1.274935098142867e-12
-18   -1.475671167522998e-13  +1.346159477621932e-12
-17   +1.264182448591084e-13  -1.425105691039517e-12
-16   -1.006928353461342e-13  +1.512411310077810e-12
-15   +7.114608562660899e-14  -1.611641879849945e-12
-14   +3.949416175453302e-14  +1.648656424787807e-12
-13   -1.651135381932860e-14  -1.843214593362178e-12
-12   +8.572647540097125e-12  -6.533883684068993e-12
-11   -5.877513825266429e-13  -1.710964777475428e-12
-10   +9.693374193569245e-10  -9.692319031135119e-10
 -9   -2.228731161270541e-11  +1.929400548009154e-11
 -8   +1.091825403180715e-07  -1.094585119999717e-07
 -7   +5.278687337317868e-10  -5.458696190078368e-10
 -6   +1.203024343530755e-05  -1.206100489247614e-05
 -5   +3.430352469533078e-07  -3.452943597227103e-07
 -4   +1.253118883415187e-03  -1.256319015501599e-03
 -3   +5.835216497329763e-05  -5.863597312342258e-05
 -2   +1.024766172931470e-01  -1.027355976704925e-01
 -1   -3.783865310071211e-05  +3.391921199211807e-05
 +0   -7.459954936791425e-04  +0.000000000000000e+00
 +1   -3.783865310071211e-05  -3.391921199211807e-05
 +2   +1.024766172931470e-01  +1.027355976704925e-01
 +3   +5.835216497329763e-05  +5.863597312342258e-05
 +4   +1.253118883415187e-03  +1.256319015501599e-03
 +5   +3.430352469533078e-07  +3.452943597227103e-07
 +6   +1.203024343530755e-05  +1.206100489247614e-05
 +7   +5.278687337317868e-10  +5.458696190078368e-10
 +8   +1.091825403180715e-07  +1.094585119999717e-07
 +9   -2.228731161270541e-11  -1.929400548009154e-11
+10   +9.693374193569245e-10  +9.692319031135119e-10
+11   -5.877513825266429e-13  +1.710964777475428e-12
+12   +8.572647540097125e-12  +6.533883684068993e-12
+13   -1.651135381932860e-14  +1.843214593362178e-12
+14   +3.949416175453302e-14  -1.648656424787807e-12
+15   +7.114608562660899e-14  +1.611641879849945e-12
+16   -1.006928353461342e-13  -1.512411310077810e-12
+17   +1.264182448591084e-13  +1.425105691039517e-12
+18   -1.475671167522998e-13  -1.346159477621932e-12
+19   +1.655378546142118e-13  +1.274935098142867e-12
+20   -1.809295683668025e-13  -1.210339889180905e-12
+21   +1.942044451894703e-13  +1.151526197577803e-12
+22   -2.057592328791473e-13  -1.097703591141074e-12
+23   +2.158431844053584e-13  +1.048268196738814e-12
+24   -2.247289184318102e-13  -1.002695544070925e-12
+25   +2.325781847667433e-13  +9.605553623010720e-13
+26   -2.395525659386896e-13  -9.214392952373832e-13
+27   +2.457616273473211e-13  +8.850471618268623e-13
+28   -2.513410441665268e-13  -8.510732873679708e-13
+29   +2.563383005638973e-13  +8.192883191479048e-13
+30   -2.608620573717135e-13  -7.894951110832112e-13

