-30   +1.682457291983425e-13  -4.249338350574196e-13
-29   -1.678176159803755e-13  +4.421901380487148e-13
-28   +1.673243795072005e-13  -4.607059100115853e-13
-27   -1.667111573537096e-13  +4.806889776214881e-13
-26   +1.659610311374829e-13  -5.022913545056961e-13
-25   -1.650440719732661e-13  +5.257455934992730e-13
-24   +1.638950360866048e-13  -5.513030992240036e-13
-23   -1.624587693192728e-13  +5.792909741406577e-13
-22   +1.606521493700532e-13  -6.100612078897883e-13
-21   -1.583651050526219e-13  +6.440772939390188e-13
-20   +1.554396090617573e-13  -6.818946339921632e-13
-19   -1.516372948625564e-13  +7.241981989264061e-13
-18   +1.466938897037305e-13  -7.718251220661941e-13
-17   -1.401390298622030e-13  +8.258743285411069e-13
-16   +1.313516458246442e-13  -8.877046471193842e-13
-15   -1.194139243833561e-13  +9.590843163256906e-13
-14   +1.029974443914445e-13  -1.042276157148593e-12
-13   -7.953350503732535e-14  +1.140280620634596e-12
-12   +5.672415532161594e-14  -1.257015054713107e-12
-11   +1.440224416800313e-14  +1.395155700873573e-12
-10   +8.515619775128644e-13  -1.382571734106816e-12
 -9   +1.576852946623618e-12  +1.301485282262588e-12
 -8   +5.460986652521795e-11  +6.311936105120683e-11
 -7   +1.601772887954425e-10  -8.414041450345189e-11
 -6   -2.990198334106158e-09  +1.939847786258020e-08
 -5   +1.511902847463425e-08  -1.490072993409696e-08
 -4   -1.542438159337871e-06  +6.047258539912868e-06
 -3   +2.958924112807211e-07  -1.877249312351079e-06
 -2   +3.829921897891027e-04  +1.922523319663305e-03
 -1   +1.716943982374091e-05  +1.868175498296497e-04
 +0   +4.419115662275879e-01  +0.000000000000000e+00
 +1   +1.716943982374091e-05  -1.868175498296497e-04
 +2   +3.829921897891027e-04  -1.922523319663305e-03
 +3   +2.958924112807211e-07  +1.877249312351079e-06
 +4   -1.542438159337871e-06  -6.047258539912868e-06
 +5   +1.511902847463425e-08  +1.490072993409696e-08
 +6   -2.990198334106158e-09  -1.939847786258020e-08
 +7   +1.601772887954425e-10  +8.414041450345189e-11
 +8   +5.460986652521795e-11  -6.311936105120683e-11
 +9   +1.576852946623618e-12  -1.301485282262588e-12
+10   +8.515619775128644e-13  +1.382571734106816e-12
+11   +1.440224416800313e-14  -1.395155700873573e-12
+12   +5.672415532161594e-14  +1.257015054713107e-12
+13   -7.953350503732535e-14  -1.140280620634596e-12
+14   +1.029974443914445e-13  +1.042276157148593e-12
+15   -1.194139243833561e-13  -9.590843163256906e-13
+16   +1.313516458246442e-13  +8.877046471193842e-13
+17   -1.401390298622030e-13  -8.258743285411069e-13
+18   +1.466938897037305e-13  +7.718251220661941e-13
+19   -1.516372948625564e-13  -7.241981989264061e-13
+20   +1.554396090617573e-13  +6.818946339921632e-13
+21   -1.583651050526219e-13  -6.440772939390188e-13
+22   +1.606521493700532e-13  +6.100612078897883e-13
+23   -1.624587693192728e-13  -5.792909741406577e-13
+24   +1.638950360866048e-13  +5.513030992240036e-13
+25   -1.650440719732661e-13  -5.257455934992730e-13
+26   +1.659610311374829e-13  +5.022913545056961e-13
+27   -1.667111573537096e-13  -4.806889776214881e-13
+28   +1.673243795072005e-13  +4.607059100115853e-13
+29   -1.678176159803755e-13  -4.421901380487148e-13
+30   +1.682457291983425e-13  +4.249338350574196e-13

