-30   +6.658094812251478e-13  -2.037447918211326e-12
-29   -6.536449505638055e-13  +2.114407591418962e-12
-28   +6.402031773302574e-13  -2.196461042421883e-12
-27   -6.252122651504312e-13  +2.284189503803782e-12
-26   +6.084994301563625e-13  -2.378184665447609e-12
-25   -5.897358684114562e-13  +2.479210734761297e-12
-24   +5.686522284771129e-13  -2.588084413791482e-12
-23   -5.447495185320374e-13  +2.705838437376790e-12
-22   +5.175757560711515e-13  -2.833553043851324e-12
-21   -4.864742395164680e-13  +2.972658696875776e-12
-20   +4.506927844502300e-13  -3.124697156846904e-12
-19   -4.092033955231560e-13  +3.291664234998072e-12
-18   +3.607739067242981e-13  -3.475813373134902e-12
-17   -3.037316104977958e-13  +3.679998871349541e-12
-16   +2.366303197551684e-13  -3.906972401047827e-12
-15   -1.547217581146693e-13  +4.162895097516620e-12
-14   +1.300795383085950e-13  -4.376894035886555e-12
-13   +5.925693182760874e-14  +4.772855823469000e-12
-12   +8.289401059024320e-12  +3.373225399617696e-12
-11   -4.117188605451336e-14  +5.138913770758173e-12
-10   +9.684503609392845e-10  +9.654916743848873e-10
 -9   -2.094999519985051e-11  -1.518539825639902e-11
 -8   +1.091805921090490e-07  +1.094539646597133e-07
 -7   +5.306711584766318e-10  +5.509434885203431e-10
 -6   +1.203023939464103e-05  +1.206099918376566e-05
 -5   +3.430411457199676e-07  +3.453008136854599e-07
 -4   +1.253118874422279e-03  +1.256319008010864e-03
 -3   +5.835217841960019e-05  +5.863598102765834e-05
 -2   +1.024766172571332e-01  +1.027355976453504e-01
 -1   -3.783862037356912e-05  -3.391920527256735e-05
 +0   -7.459955030329005e-04  +0.000000000000000e+00
 +1   -3.783862037356912e-05  +3.391920527256735e-05
 +2   +1.024766172571332e-01  -1.027355976453504e-01
 +3   +5.835217841960019e-05  -5.863598102765834e-05
 +4   +1.253118874422279e-03  -1.256319008010864e-03
 +5   +3.430411457199676e-07  -3.453008136854599e-07
 +6   +1.203023939464103e-05  -1.206099918376566e-05
 +7   +5.306711584766318e-10  -5.509434885203431e-10
 +8   +1.091805921090490e-07  -1.094539646597133e-07
 +9   -2.094999519985051e-11  +1.518539825639902e-11
+10   +9.684503609392845e-10  -9.654916743848873e-10
+11   -4.117188605451336e-14  -5.138913770758173e-12
+12   +8.289401059024320e-12  -3.373225399617696e-12
+13   +5.925693182760874e-14  -4.772855823469000e-12
+14   +1.300795383085950e-13  +4.376894035886555e-12
+15   -1.547217581146693e-13  -4.162895097516620e-12
+16   +2.366303197551684e-13  +3.906972401047827e-12
+17   -3.037316104977958e-13  -3.679998871349541e-12
+18   +3.607739067242981e-13  +3.475813373134902e-12
+19   -4.092033955231560e-13  -3.291664234998072e-12
+20   +4.506927844502300e-13  +3.124697156846904e-12
+21   -4.864742395164680e-13  -2.972658696875776e-12
+22   +5.175757560711515e-13  +2.833553043851324e-12
+23   -5.447495185320374e-13  -2.705838437376790e-12
+24   +5.686522284771129e-13  +2.588084413791482e-12
+25   -5.897358684114562e-13  -2.479210734761297e-12
+26   +6.084994301563625e-13  +2.378184665447609e-12
+27   -6.252122651504312e-13  -2.284189503803782e-12
+28   +6.402031773302574e-13  +2.196461042421883e-12
+29   -6.536449505638055e-13  -2.114407591418962e-12
+30   +6.658094812251478e-13  +2.037447918211326e-12

