-30   -1.854587362820258e-13  +3.090546467172113e-13
-29   +1.889570879263736e-13  -3.203511036021582e-13
-28   -1.928289297962329e-13  +3.323232665368244e-13
-27   +1.971240096653263e-13  -3.450808278686682e-13
-26   -2.019040214915748e-13  +3.586689893781218e-13
-25   +2.072428103471803e-13  -3.732097400378534e-13
-24   -2.132381130540516e-13  +3.887634291579593e-13
-23   +2.199832974219352e-13  -4.054762056487774e-13
-22   -2.276152329865518e-13  +4.234677991572393e-13
-21   +2.362991791249841e-13  -4.428815793731796e-13
-20   -2.462217131690078e-13  +4.638801622972460e-13
-19   +2.576469255861406e-13  -4.866683115764516e-13
-18   -2.708615875399472e-13  +5.114403059276610e-13
-17   +2.862479607914440e-13  -5.384627459232964e-13
-16   -3.043171081573092e-13  +5.680186461759485e-13
-15   +3.256926340457393e-13  -6.004025373653056e-13
-14   -3.512755670510084e-13  +6.359319947537517e-13
-13   +3.817840083843977e-13  -6.749988988953495e-13
-12   -4.297650507507943e-13  +7.178733100834836e-13
-11   +4.537658870903085e-13  -7.672447810090143e-13
-10   -1.451139245077657e-12  +1.001815695150129e-12
 -9   -7.900447317451041e-13  -1.346717433809534e-12
 -8   -5.567273443844727e-11  +6.607898784091857e-11
 -7   -1.586928054194439e-10  -8.745591621594443e-11
 -6   +2.988050937061224e-09  +1.940215730549559e-08
 -5   -1.511583560337441e-08  -1.490464355956183e-08
 -4   +1.542433441802386e-06  +6.047262164678664e-06
 -3   -2.958861337520031e-07  -1.877251359237502e-06
 -2   -3.829921957367335e-04  +1.922523318983772e-03
 -1   -1.716943628141324e-05  +1.868175515650247e-04
 +0   -4.419115662297288e-01  +0.000000000000000e+00
 +1   -1.716943628141324e-05  -1.868175515650247e-04
 +2   -3.829921957367335e-04  -1.922523318983772e-03
 +3   -2.958861337520031e-07  +1.877251359237502e-06
 +4   +1.542433441802386e-06  -6.047262164678664e-06
 +5   -1.511583560337441e-08  +1.490464355956183e-08
 +6   +2.988050937061224e-09  -1.940215730549559e-08
 +7   -1.586928054194439e-10  +8.745591621594443e-11
 +8   -5.567273443844727e-11  -6.607898784091857e-11
 +9   -7.900447317451041e-13  +1.346717433809534e-12
+10   -1.451139245077657e-12  -1.001815695150129e-12
+11   +4.537658870903085e-13  +7.672447810090143e-13
+12   -4.297650507507943e-13  -7.178733100834836e-13
+13   +3.817840083843977e-13  +6.749988988953495e-13
+14   -3.512755670510084e-13  -6.359319947537517e-13
+15   +3.256926340457393e-13  +6.004025373653056e-13
+16   -3.043171081573092e-13  -5.680186461759485e-13
+17   +2.862479607914440e-13  +5.384627459232964e-13
+18   -2.708615875399472e-13  -5.114403059276610e-13
+19   +2.576469255861406e-13  +4.866683115764516e-13
+20   -2.462217131690078e-13  -4.638801622972460e-13
+21   +2.362991791249841e-13  +4.428815793731796e-13
+22   -2.276152329865518e-13  -4.234677991572393e-13
+23   +2.199832974219352e-13  +4.054762056487774e-13
+24   -2.132381130540516e-13  -3.887634291579593e-13
+25   +2.072428103471803e-13  +3.732097400378534e-13
+26   -2.019040214915748e-13  -3.586689893781218e-13
+27   +1.971240096653263e-13  +3.450808278686682e-13
+28   -1.928289297962329e-13  -3.323232665368244e-13
+29   +1.889570879263736e-13  +3.203511036021582e-13
+30   -1.854587362820258e-13  -3.090546467172113e-13

