-30   -2.356402991736518e-13  +6.630112054176688e-13
-29   +2.329545645288547e-13  -6.881761213786806e-13
-28   -2.300561220618948e-13  +7.150127676224724e-13
-27   +2.267544798357848e-13  -7.437440895718866e-13
-26   -2.231415258577013e-13  +7.745257760169805e-13
-25   +2.190273884100962e-13  -8.076582649627109e-13
-24   -2.144905778418660e-13  +8.433633364001777e-13
-23   +2.092633647591095e-13  -8.820836217098818e-13
-22   -2.033842170308091e-13  +9.240571386712750e-13
-21   +1.965968553021990e-13  -9.698978512968903e-13
-20   -1.888531755046677e-13  +1.019994065012064e-12
-19   +1.798317935156489e-13  -1.075201423344771e-12
-18   -1.693372714403803e-13  +1.136169395350394e-12
-17   +1.569731586232631e-13  -1.203925399083679e-12
-16   -1.433425995860542e-13  +1.278714752372751e-12
-15   +1.252010062841275e-13  -1.364678093669949e-12
-14   -2.149839763568163e-13  +1.350699700094137e-12
-13   +1.121845662802457e-13  -1.537867986496296e-12
-12   -1.318233891857523e-11  -1.140343010989468e-11
-11   +3.153967628538934e-12  +1.293942713240654e-12
-10   -1.552357318521963e-09  -1.546417664226206e-09
 -9   +2.581547247191063e-10  +2.555640672365878e-10
 -8   -1.838076946902400e-07  -1.833362678933685e-07
 -7   +1.670115629882161e-08  +1.667833192621226e-08
 -6   -2.180292332273111e-05  -2.174727742314221e-05
 -5   +2.947311678070328e-07  +2.966140412383696e-07
 -4   -2.584451580516971e-03  -2.577857472643277e-03
 -3   -1.548474126631500e-04  -1.541455190382145e-04
 -2   -2.997308743342265e-01  -2.989667909767096e-01
 -1   +1.198028938932199e-04  +1.420260698285969e-04
 +0   +5.275303757300472e-03  +0.000000000000000e+00
 +1   +1.198028938932199e-04  -1.420260698285969e-04
 +2   -2.997308743342265e-01  +2.989667909767096e-01
 +3   -1.548474126631500e-04  +1.541455190382145e-04
 +4   -2.584451580516971e-03  +2.577857472643277e-03
 +5   +2.947311678070328e-07  -2.966140412383696e-07
 +6   -2.180292332273111e-05  +2.174727742314221e-05
 +7   +1.670115629882161e-08  -1.667833192621226e-08
 +8   -1.838076946902400e-07  +1.833362678933685e-07
 +9   +2.581547247191063e-10  -2.555640672365878e-10
+10   -1.552357318521963e-09  +1.546417664226206e-09
+11   +3.153967628538934e-12  -1.293942713240654e-12
+12   -1.318233891857523e-11  +1.140343010989468e-11
+13   +1.121845662802457e-13  +1.537867986496296e-12
+14   -2.149839763568163e-13  -1.350699700094137e-12
+15   +1.252010062841275e-13  +1.364678093669949e-12
+16   -1.433425995860542e-13  -1.278714752372751e-12
+17   +1.569731586232631e-13  +1.203925399083679e-12
+18   -1.693372714403803e-13  -1.136169395350394e-12
+19   +1.798317935156489e-13  +1.075201423344771e-12
+20   -1.888531755046677e-13  -1.019994065012064e-12
+21   +1.965968553021990e-13  +9.698978512968903e-13
+22   -2.033842170308091e-13  -9.240571386712750e-13
+23   +2.092633647591095e-13  +8.820836217098818e-13
+24   -2.144905778418660e-13  -8.433633364001777e-13
+25   +2.190273884100962e-13  +8.076582649627109e-13
+26   -2.231415258577013e-13  -7.745257760169805e-13
+27   +2.267544798357848e-13  +7.437440895718866e-13
+28   -2.300561220618948e-13  -7.150127676224724e-13
+29   +2.329545645288547e-13  +6.881761213786806e-13
+30   -2.356402991736518e-13  -6.630112054176688e-13

