-30   -1.013142900681089e-12  +2.372492089747048e-12
-29   +1.015679653583095e-12  -2.465007801596520e-12
-28   -1.018463407037386e-12  +2.564028025283301e-12
-27   +1.021520542796888e-12  -2.670306627999983e-12
-26   -1.024891022577345e-12  +2.784733744673598e-12
-25   +1.028615116984979e-12  -2.908327624745521e-12
-24   -1.032727472929247e-12  +3.042300776593431e-12
-23   +1.037299762838177e-12  -3.188098733267054e-12
-22   -1.042375040620711e-12  +3.347452761647523e-12
-21   +1.048010137508991e-12  -3.522427597170970e-12
-20   -1.054279787020535e-12  +3.715552990000402e-12
-19   +1.061258776941439e-12  -3.929951989333288e-12
-18   -1.068986460091641e-12  +4.169501518191116e-12
-17   +1.077498870930747e-12  -4.439098023243889e-12
-16   -1.086767214407330e-12  +4.745020665978739e-12
-15   +1.096638472234274e-12  -5.095444016368844e-12
-14   -1.106719707348589e-12  +5.500939490365725e-12
-13   +1.116160510675860e-12  -5.976954699940080e-12
-12   -1.122805704833534e-12  +6.509081079772397e-12
-11   +1.128234774174185e-12  -7.219018740979613e-12
-10   -1.040121206132447e-12  +3.746102994704063e-12
 -9   +1.681806083960761e-12  -8.155767153075559e-12
 -8   +9.893015268280431e-12  -5.553547218530360e-10
 -7   +8.212213791489037e-11  +6.877486090497445e-11
 -6   -2.437139423815910e-10  -7.836515481558352e-08
 -5   +1.014000360278917e-08  +3.326263847992185e-09
 -4   -1.258000698735801e-06  -1.188425617465275e-05
 -3   +8.144387112575606e-07  -6.201484801592164e-07
 -2   -9.284405281779901e-04  -1.838789674492611e-03
 -1   -3.423285037356512e-05  -1.227233713292190e-04
 +0   -2.780719833405992e-01  +0.000000000000000e+00
 +1   -3.423285037356512e-05  +1.227233713292190e-04
 +2   -9.284405281779901e-04  +1.838789674492611e-03
 +3   +8.144387112575606e-07  +6.201484801592164e-07
 +4   -1.258000698735801e-06  +1.188425617465275e-05
 +5   +1.014000360278917e-08  -3.326263847992185e-09
 +6   -2.437139423815910e-10  +7.836515481558352e-08
 +7   +8.212213791489037e-11  -6.877486090497445e-11
 +8   +9.893015268280431e-12  +5.553547218530360e-10
 +9   +1.681806083960761e-12  +8.155767153075559e-12
+10   -1.040121206132447e-12  -3.746102994704063e-12
+11   +1.128234774174185e-12  +7.219018740979613e-12
+12   -1.122805704833534e-12  -6.509081079772397e-12
+13   +1.116160510675860e-12  +5.976954699940080e-12
+14   -1.106719707348589e-12  -5.500939490365725e-12
+15   +1.096638472234274e-12  +5.095444016368844e-12
+16   -1.086767214407330e-12  -4.745020665978739e-12
+17   +1.077498870930747e-12  +4.439098023243889e-12
+18   -1.068986460091641e-12  -4.169501518191116e-12
+19   +1.061258776941439e-12  +3.929951989333288e-12
+20   -1.054279787020535e-12  -3.715552990000402e-12
+21   +1.048010137508991e-12  +3.522427597170970e-12
+22   -1.042375040620711e-12  -3.347452761647523e-12
+23   +1.037299762838177e-12  +3.188098733267054e-12
+24   -1.032727472929247e-12  -3.042300776593431e-12
+25   +1.028615116984979e-12  +2.908327624745521e-12
+26   -1.024891022577345e-12  -2.784733744673598e-12
+27   +1.021520542796888e-12  +2.670306627999983e-12
+28   -1.018463407037386e-12  -2.564028025283301e-12
+29   +1.015679653583095e-12  +2.465007801596520e-12
+30   -1.013142900681089e-12  -2.372492089747048e-12

