-30   +4.225503074066121e-13  -1.260983331346600e-12
-29   -4.157443365699793e-13  +1.308601214393941e-12
-28   +4.081416276492720e-13  -1.359343900897644e-12
-27   -3.997711416246318e-13  +1.413579881297587e-12
-26   +3.903432783353738e-13  -1.471737403120656e-12
-25   -3.798441478564252e-13  +1.534187043613223e-12
-24   +3.679883565786099e-13  -1.601541918914923e-12
-23   -3.546083247824117e-13  +1.674312983038591e-12
-22   +3.393722348702222e-13  -1.753296087662484e-12
-21   -3.219608024725619e-13  +1.839240552320958e-12
-20   +3.018556981068728e-13  -1.933258375186810e-12
-19   -2.786493976958878e-13  +2.036353271104633e-12
-18   +2.515512581426543e-13  -2.150107483026830e-12
-17   -2.197085497650127e-13  +2.276153883348082e-12
-16   +1.828104851183972e-13  -2.417686151553918e-12
-15   -1.369017480599813e-13  +2.574597111948557e-12
-14   +1.929601389811871e-13  -2.863172134396574e-12
-13   -4.880570195857826e-14  +2.988811311197884e-12
-12   +1.306721563564203e-11  -1.628948532572143e-11
-11   -2.973602941651883e-12  +6.596617414520953e-12
-10   +1.552092616172528e-09  -1.552208464650153e-09
 -9   -2.577790616374817e-10  +2.619328548995162e-10
 -8   +1.838071690792990e-07  -1.833433291719353e-07
 -7   -1.670042333739336e-08  +1.668623261700140e-08
 -6   +2.180292229030357e-05  -2.174728634728607e-05
 -5   -2.947297096103534e-07  +2.966242298896860e-07
 -4   +2.584451577990937e-03  -2.577857483985956e-03
 -3   +1.548474154534924e-04  -1.541455054158720e-04
 -2   +2.997308742785426e-01  -2.989667909476578e-01
 -1   -1.198028830937302e-04  +1.420260778218201e-04
 +0   -5.275303805673964e-03  +0.000000000000000e+00
 +1   -1.198028830937302e-04  -1.420260778218201e-04
 +2   +2.997308742785426e-01  +2.989667909476578e-01
 +3   +1.548474154534924e-04  +1.541455054158720e-04
 +4   +2.584451577990937e-03  +2.577857483985956e-03
 +5   -2.947297096103534e-07  -2.966242298896860e-07
 +6   +2.180292229030357e-05  +2.174728634728607e-05
 +7   -1.670042333739336e-08  -1.668623261700140e-08
 +8   +1.838071690792990e-07  +1.833433291719353e-07
 +9   -2.577790616374817e-10  -2.619328548995162e-10
+10   +1.552092616172528e-09  +1.552208464650153e-09
+11   -2.973602941651883e-12  -6.596617414520953e-12
+12   +1.306721563564203e-11  +1.628948532572143e-11
+13   -4.880570195857826e-14  -2.988811311197884e-12
+14   +1.929601389811871e-13  +2.863172134396574e-12
+15   -1.369017480599813e-13  -2.574597111948557e-12
+16   +1.828104851183972e-13  +2.417686151553918e-12
+17   -2.197085497650127e-13  -2.276153883348082e-12
+18   +2.515512581426543e-13  +2.150107483026830e-12
+19   -2.786493976958878e-13  -2.036353271104633e-12
+20   +3.018556981068728e-13  +1.933258375186810e-12
+21   -3.219608024725619e-13  -1.839240552320958e-12
+22   +3.393722348702222e-13  +1.753296087662484e-12
+23   -3.546083247824117e-13  -1.674312983038591e-12
+24   +3.679883565786099e-13  +1.601541918914923e-12
+25   -3.798441478564252e-13  -1.534187043613223e-12
+26   +3.903432783353738e-13  +1.471737403120656e-12
+27   -3.997711416246318e-13  -1.413579881297587e-12
+28   +4.081416276492720e-13  +1.359343900897644e-12
+29   -4.157443365699793e-13  -1.308601214393941e-12
+30   +4.225503074066121e-13  +1.260983331346600e-12

