-30   +1.176277658412818e-13  -1.962293540976309e-13
-29   -1.198451936103235e-13  +2.033942752796112e-13
-28   +1.222962549085929e-13  -2.110032664292592e-13
-27   -1.250107467743616e-13  +2.190904805250245e-13
-26   +1.280364525945021e-13  -2.277237638332979e-13
-25   -1.314141671569528e-13  +2.369462135750617e-13
-24   +1.352059122539398e-13  -2.468308309581511e-13
-23   -1.394715858102028e-13  +2.574410693164921e-13
-22   +1.442965391208737e-13  -2.688605659745901e-13
-21   -1.497913805872618e-13  +2.811840804702177e-13
-20   +1.560766713399740e-13  -2.945173551377386e-13
-19   -1.632928306970599e-13  +3.089804706998593e-13
-18   +1.716460867441269e-13  -3.247081301182609e-13
-17   -1.813810551408398e-13  +3.418644077131580e-13
-16   +1.928025364492575e-13  -3.606210285749743e-13
-15   -2.063071234808798e-13  +3.811769085167548e-13
-14   +2.224202435179321e-13  -4.034536957017094e-13
-13   -2.417803090161028e-13  +4.284095806798808e-13
-12   +2.655889144693914e-13  -4.213631645630412e-13
-11   -2.896016701232557e-13  +4.749236626316419e-13
-10   +3.996896182119822e-13  +3.814596063406274e-12
 -9   +2.427635422825170e-13  -4.476378902528807e-13
 -8   +1.127226501379058e-11  +5.653309302512776e-10
 -7   +8.095037002318230e-11  -8.062185313241704e-11
 -6   -2.431221976272906e-10  +7.837963744174428e-08
 -5   +1.014094666435561e-08  -3.344512055090297e-09
 -4   -1.258005561859798e-06  +1.188427947036806e-05
 -3   +8.144525324167685e-07  +6.201205227856720e-07
 -2   -9.284405560124447e-04  +1.838789700232882e-03
 -1   -3.423281166994699e-05  +1.227233569540742e-04
 +0   -2.780719833823080e-01  +0.000000000000000e+00
 +1   -3.423281166994699e-05  -1.227233569540742e-04
 +2   -9.284405560124447e-04  -1.838789700232882e-03
 +3   +8.144525324167685e-07  -6.201205227856720e-07
 +4   -1.258005561859798e-06  -1.188427947036806e-05
 +5   +1.014094666435561e-08  +3.344512055090297e-09
 +6   -2.431221976272906e-10  -7.837963744174428e-08
 +7   +8.095037002318230e-11  +8.062185313241704e-11
 +8   +1.127226501379058e-11  -5.653309302512776e-10
 +9   +2.427635422825170e-13  +4.476378902528807e-13
+10   +3.996896182119822e-13  -3.814596063406274e-12
+11   -2.896016701232557e-13  -4.749236626316419e-13
+12   +2.655889144693914e-13  +4.213631645630412e-13
+13   -2.417803090161028e-13  -4.284095806798808e-13
+14   +2.224202435179321e-13  +4.034536957017094e-13
+15   -2.063071234808798e-13  -3.811769085167548e-13
+16   +1.928025364492575e-13  +3.606210285749743e-13
+17   -1.813810551408398e-13  -3.418644077131580e-13
+18   +1.716460867441269e-13  +3.247081301182609e-13
+19   -1.632928306970599e-13  -3.089804706998593e-13
+20   +1.560766713399740e-13  +2.945173551377386e-13
+21   -1.497913805872618e-13  -2.811840804702177e-13
+22   +1.442965391208737e-13  +2.688605659745901e-13
+23   -1.394715858102028e-13  -2.574410693164921e-13
+24   +1.352059122539398e-13  +2.468308309581511e-13
+25   -1.314141671569528e-13  -2.369462135750617e-13
+26   +1.280364525945021e-13  +2.277237638332979e-13
+27   -1.250107467743616e-13  -2.190904805250245e-13
+28   +1.222962549085929e-13  +2.110032664292592e-13
+29   -1.198451936103235e-13  -2.033942752796112e-13
+30   +1.176277658412818e-13  +1.962293540976309e-13

