-30   -3.575723671224350e-16  +6.291570027630673e-16
-29   +3.499864127665678e-16  -6.388926871932078e-16
-28   -3.971316222666656e-16  +6.701964255278294e-16
-27   +3.752851604627723e-16  -7.222263857169711e-16
-26   -4.019201134098458e-16  +7.271226367954748e-16
-25   +3.963597712028152e-16  -7.886330311822719e-16
-24   -4.138036040602917e-16  +7.959228665789976e-16
-23   +4.117586567547922e-16  -8.485328138128168e-16
-22   -4.426386834514854e-16  +8.910227768937266e-16
-21   +4.357103428836948e-16  -9.293566359430390e-16
-20   -4.984915898876781e-16  +9.493806789863746e-16
-19   +5.176419920628376e-16  -1.055923059913829e-15
-18   -5.582431768326998e-16  +1.116864374849383e-15
-17   +5.471226065240181e-16  -1.221681990708778e-15
-16   -1.704835387484822e-16  +8.052709905957917e-16
-15   +4.538393623748618e-16  -1.204831186344458e-15
-14   +5.312275037275119e-14  -5.230876821755308e-14
-13   -1.745955059385797e-14  +1.657665473910398e-14
-12   +6.680042681132995e-12  -6.680267441927148e-12
-11   -1.698445456608001e-12  +1.697982728720472e-12
-10   +8.383574541645312e-10  -8.384819579359798e-10
 -9   -1.428585264417456e-10  +1.429128616203618e-10
 -8   +1.066543607815463e-07  -1.066703573869108e-07
 -7   -9.214239198690384e-09  +9.220026615876773e-09
 -6   +1.384393564822702e-05  -1.384602013510111e-05
 -5   -5.978169077867894e-08  +6.037920794947810e-08
 -4   +1.856197416274318e-03  -1.856478791189434e-03
 -3   +1.228329969581392e-04  -1.227688606382113e-04
 -2   +2.644554566019739e-01  -2.644961096909463e-01
 -1   -1.020045940573257e-04  +1.140567745397633e-04
 +0   -3.793824116507089e-03  +0.000000000000000e+00
 +1   -1.020045940573257e-04  -1.140567745397633e-04
 +2   +2.644554566019739e-01  +2.644961096909463e-01
 +3   +1.228329969581392e-04  +1.227688606382113e-04
 +4   +1.856197416274318e-03  +1.856478791189434e-03
 +5   -5.978169077867894e-08  -6.037920794947810e-08
 +6   +1.384393564822702e-05  +1.384602013510111e-05
 +7   -9.214239198690384e-09  -9.220026615876773e-09
 +8   +1.066543607815463e-07  +1.066703573869108e-07
 +9   -1.428585264417456e-10  -1.429128616203618e-10
+10   +8.383574541645312e-10  +8.384819579359798e-10
+11   -1.698445456608001e-12  -1.697982728720472e-12
+12   +6.680042681132995e-12  +6.680267441927148e-12
+13   -1.745955059385797e-14  -1.657665473910398e-14
+14   +5.312275037275119e-14  +5.230876821755308e-14
+15   +4.538393623748618e-16  +1.204831186344458e-15
+16   -1.704835387484822e-16  -8.052709905957917e-16
+17   +5.471226065240181e-16  +1.221681990708778e-15
+18   -5.582431768326998e-16  -1.116864374849383e-15
+19   +5.176419920628376e-16  +1.055923059913829e-15
+20   -4.984915898876781e-16  -9.493806789863746e-16
+21   +4.357103428836948e-16  +9.293566359430390e-16
+22   -4.426386834514854e-16  -8.910227768937266e-16
+23   +4.117586567547922e-16  +8.485328138128168e-16
+24   -4.138036040602917e-16  -7.959228665789976e-16
+25   +3.963597712028152e-16  +7.886330311822719e-16
+26   -4.019201134098458e-16  -7.271226367954748e-16
+27   +3.752851604627723e-16  +7.222263857169711e-16
+28   -3.971316222666656e-16  -6.701964255278294e-16
+29   +3.499864127665678e-16  +6.388926871932078e-16
+30   -3.575723671224350e-16  -6.291570027630673e-16

