-30   +2.399485867126682e-16  -7.995248376387448e-16
-29   -1.974579918953616e-16  +8.226410820387062e-16
-28   +2.226197472031233e-16  -8.555465816196429e-16
-27   -1.795153282335430e-16  +9.048978760480620e-16
-26   +1.875884572381879e-16  -9.235747793221563e-16
-25   -1.449841570490286e-16  +9.767597161851799e-16
-24   +1.869670304408882e-16  -9.947883118485354e-16
-23   -1.429209521995764e-16  +1.079105398718526e-15
-22   +1.269500070033513e-16  -1.103828838440599e-15
-21   -1.017126142215174e-16  +1.194237611551305e-15
-20   +1.060321090839259e-16  -1.218706100316935e-15
-19   -5.117491126687649e-17  +1.330435228840204e-15
-18   +2.128872634672016e-17  -1.401246869797061e-15
-17   +4.463243231181576e-17  +1.474241153899235e-15
-16   +3.958757188035674e-16  -1.082757700412065e-15
-15   -8.036864162030530e-17  +1.504701431842918e-15
-14   +5.363098177045460e-14  +5.198971874830862e-14
-13   -1.789201536808019e-14  -1.619467006281984e-14
-12   +6.680614292248805e-12  +6.679812111697817e-12
-11   -1.698866702405935e-12  -1.697559723118343e-12
-10   +8.383578996445459e-10  +8.384814617548503e-10
 -9   -1.428588962159546e-10  -1.429123454495941e-10
 -8   +1.066543611654731e-07  +1.066703568816937e-07
 -7   -9.214239419890894e-09  -9.220026066713156e-09
 -6   +1.384393564840339e-05  +1.384602013452411e-05
 -5   -5.978169058921901e-08  -6.037920744508808e-08
 -4   +1.856197416273788e-03  +1.856478791189020e-03
 -3   +1.228329969596239e-04  +1.227688606383853e-04
 -2   +2.644554566019710e-01  +2.644961096909403e-01
 -1   -1.020045940558671e-04  -1.140567745407868e-04
 +0   -3.793824116508695e-03  +0.000000000000000e+00
 +1   -1.020045940558671e-04  +1.140567745407868e-04
 +2   +2.644554566019710e-01  -2.644961096909403e-01
 +3   +1.228329969596239e-04  -1.227688606383853e-04
 +4   +1.856197416273788e-03  -1.856478791189020e-03
 +5   -5.978169058921901e-08  +6.037920744508808e-08
 +6   +1.384393564840339e-05  -1.384602013452411e-05
 +7   -9.214239419890894e-09  +9.220026066713156e-09
 +8   +1.066543611654731e-07  -1.066703568816937e-07
 +9   -1.428588962159546e-10  +1.429123454495941e-10
+10   +8.383578996445459e-10  -8.384814617548503e-10
+11   -1.698866702405935e-12  +1.697559723118343e-12
+12   +6.680614292248805e-12  -6.679812111697817e-12
+13   -1.789201536808019e-14  +1.619467006281984e-14
+14   +5.363098177045460e-14  -5.198971874830862e-14
+15   -8.036864162030530e-17  -1.504701431842918e-15
+16   +3.958757188035674e-16  +1.082757700412065e-15
+17   +4.463243231181576e-17  -1.474241153899235e-15
+18   +2.128872634672016e-17  +1.401246869797061e-15
+19   -5.117491126687649e-17  -1.330435228840204e-15
+20   +1.060321090839259e-16  +1.218706100316935e-15
+21   -1.017126142215174e-16  -1.194237611551305e-15
+22   +1.269500070033513e-16  +1.103828838440599e-15
+23   -1.429209521995764e-16  -1.079105398718526e-15
+24   +1.869670304408882e-16  +9.947883118485354e-16
+25   -1.449841570490286e-16  -9.767597161851799e-16
+26   +1.875884572381879e-16  +9.235747793221563e-16
+27   -1.795153282335430e-16  -9.048978760480620e-16
+28   +2.226197472031233e-16  +8.555465816196429e-16
+29   -1.974579918953616e-16  -8.226410820387062e-16
+30   +2.399485867126682e-16  +7.995248376387448e-16

