-30   +7.680355147266758e-13  -2.320840209241908e-12
-29   -7.548433164887633e-13  +2.408544153765401e-12
-28   +7.402520777623005e-13  -2.502062953143221e-12
-27   -7.240008781388070e-13  +2.602054810356714e-12
-26   +7.058768961042684e-13  -2.709202458457193e-12
-25   -6.855386775816330e-13  +2.824366655702456e-12
-24   +6.626715523587382e-13  -2.948496655653842e-12
-23   -6.367532369962758e-13  +3.082753557147148e-12
-22   +6.073081069941629e-13  -3.228402129436005e-12
-21   -5.736011935050815e-13  +3.387049896673728e-12
-20   +5.348314532471868e-13  -3.560482918636118e-12
-19   -4.898908040673539e-13  +3.750983637717603e-12
-18   +4.374345412640811e-13  -3.961137023097739e-12
-17   -3.756871332432824e-13  +4.194214060731120e-12
-16   +3.026480060985390e-13  -4.453857867202330e-12
-15   -2.149680636970800e-13  +4.745260753742029e-12
-14   +1.408310221707693e-13  -5.042262015614503e-12
-13   -3.626429142906887e-14  +5.390720188171445e-12
-12   +3.758414472083405e-12  -1.945216737957698e-12
-11   -5.364882820501592e-12  +6.336690247890740e-13
-10   +4.655460062857809e-10  +4.580596008831802e-10
 -9   -5.092912461789072e-10  -5.014187565866634e-10
 -8   +5.436735115167919e-08  +5.422200188100240e-08
 -7   -3.791885340335644e-08  -3.782210433180076e-08
 -6   +6.148729918985005e-06  +6.133104012060304e-06
 -5   -1.579931253862241e-06  -1.576689837167399e-06
 -4   +6.542141952678207e-04  +6.525591273348320e-04
 -3   +5.745391277551834e-05  +5.725736162012180e-05
 -2   +1.080408395864016e-01  +1.077579928951098e-01
 -1   -4.963566214680616e-05  -6.481447470124493e-05
 +0   -2.516000793117814e-03  +0.000000000000000e+00
 +1   -4.963566214680616e-05  +6.481447470124493e-05
 +2   +1.080408395864016e-01  -1.077579928951098e-01
 +3   +5.745391277551834e-05  -5.725736162012180e-05
 +4   +6.542141952678207e-04  -6.525591273348320e-04
 +5   -1.579931253862241e-06  +1.576689837167399e-06
 +6   +6.148729918985005e-06  -6.133104012060304e-06
 +7   -3.791885340335644e-08  +3.782210433180076e-08
 +8   +5.436735115167919e-08  -5.422200188100240e-08
 +9   -5.092912461789072e-10  +5.014187565866634e-10
+10   +4.655460062857809e-10  -4.580596008831802e-10
+11   -5.364882820501592e-12  -6.336690247890740e-13
+12   +3.758414472083405e-12  +1.945216737957698e-12
+13   -3.626429142906887e-14  -5.390720188171445e-12
+14   +1.408310221707693e-13  +5.042262015614503e-12
+15   -2.149680636970800e-13  -4.745260753742029e-12
+16   +3.026480060985390e-13  +4.453857867202330e-12
+17   -3.756871332432824e-13  -4.194214060731120e-12
+18   +4.374345412640811e-13  +3.961137023097739e-12
+19   -4.898908040673539e-13  -3.750983637717603e-12
+20   +5.348314532471868e-13  +3.560482918636118e-12
+21   -5.736011935050815e-13  -3.387049896673728e-12
+22   +6.073081069941629e-13  +3.228402129436005e-12
+23   -6.367532369962758e-13  -3.082753557147148e-12
+24   +6.626715523587382e-13  +2.948496655653842e-12
+25   -6.855386775816330e-13  -2.824366655702456e-12
+26   +7.058768961042684e-13  +2.709202458457193e-12
+27   -7.240008781388070e-13  -2.602054810356714e-12
+28   +7.402520777623005e-13  +2.502062953143221e-12
+29   -7.548433164887633e-13  -2.408544153765401e-12
+30   +7.680355147266758e-13  +2.320840209241908e-12

