-30   +9.611191055271265e-13  -3.236574964732055e-12
-29   -9.350913214625659e-13  +3.356845858994449e-12
-28   +9.063278047776195e-13  -3.484831198736573e-12
-27   -8.744181415196318e-13  +3.621350699453576e-12
-26   +8.388837991356212e-13  -3.767351361484530e-12
-25   -7.991559191906939e-13  +3.923836129074834e-12
-24   +7.546263348279557e-13  -4.092040561625558e-12
-23   -7.044123846569940e-13  +4.273333180070768e-12
-22   +6.475649340571279e-13  -4.469340892010291e-12
-21   -5.828662399288965e-13  +4.681961069157886e-12
-20   +5.088503255218171e-13  -4.913319934514500e-12
-19   -4.236046504323134e-13  +5.166112268503061e-12
-18   +3.248866042688764e-13  -5.443326440184909e-12
-17   -2.097156263070150e-13  +5.748682636947855e-12
-16   +7.427997945030073e-14  -6.086524830494354e-12
-15   +8.626314677794886e-14  +6.462209370560627e-12
-14   -2.785070181677727e-13  -6.882166581481079e-12
-13   +5.107156389809813e-13  +7.354133925044681e-12
-12   -8.158776305411900e-13  -7.889778993763998e-12
-11   +1.161354954835682e-12  +8.472786086040348e-12
-10   -5.315008539393374e-12  -9.400524920571788e-12
 -9   +4.307705140549836e-12  +6.970140330749373e-12
 -8   -7.012236967219001e-10  +8.013333001247494e-13
 -7   +3.010860744356186e-10  -4.275683957754154e-10
 -6   -1.405490383409346e-07  +2.799336781283049e-08
 -5   +2.812959585251619e-08  -7.753243767419710e-08
 -4   -2.767693973376187e-05  +1.842921879867830e-05
 -3   -5.538239358404771e-06  -1.091463864929137e-05
 -2   -9.172047454381647e-04  +8.209570979154269e-03
 -1   -3.003534316032990e-05  +5.695472910609805e-04
 +0   +1.231744506255900e+00  +0.000000000000000e+00
 +1   -3.003534316032990e-05  -5.695472910609805e-04
 +2   -9.172047454381647e-04  -8.209570979154269e-03
 +3   -5.538239358404771e-06  +1.091463864929137e-05
 +4   -2.767693973376187e-05  -1.842921879867830e-05
 +5   +2.812959585251619e-08  +7.753243767419710e-08
 +6   -1.405490383409346e-07  -2.799336781283049e-08
 +7   +3.010860744356186e-10  +4.275683957754154e-10
 +8   -7.012236967219001e-10  -8.013333001247494e-13
 +9   +4.307705140549836e-12  -6.970140330749373e-12
+10   -5.315008539393374e-12  +9.400524920571788e-12
+11   +1.161354954835682e-12  -8.472786086040348e-12
+12   -8.158776305411900e-13  +7.889778993763998e-12
+13   +5.107156389809813e-13  -7.354133925044681e-12
+14   -2.785070181677727e-13  +6.882166581481079e-12
+15   +8.626314677794886e-14  -6.462209370560627e-12
+16   +7.427997945030073e-14  +6.086524830494354e-12
+17   -2.097156263070150e-13  -5.748682636947855e-12
+18   +3.248866042688764e-13  +5.443326440184909e-12
+19   -4.236046504323134e-13  -5.166112268503061e-12
+20   +5.088503255218171e-13  +4.913319934514500e-12
+21   -5.828662399288965e-13  -4.681961069157886e-12
+22   +6.475649340571279e-13  +4.469340892010291e-12
+23   -7.044123846569940e-13  -4.273333180070768e-12
+24   +7.546263348279557e-13  +4.092040561625558e-12
+25   -7.991559191906939e-13  -3.923836129074834e-12
+26   +8.388837991356212e-13  +3.767351361484530e-12
+27   -8.744181415196318e-13  -3.621350699453576e-12
+28   +9.063278047776195e-13  +3.484831198736573e-12
+29   -9.350913214625659e-13  -3.356845858994449e-12
+30   +9.611191055271265e-13  +3.236574964732055e-12

