-30   -1.912245853300995e-12  +5.794188278749430e-12
-29   +1.878987254308666e-12  -6.013127751832159e-12
-28   -1.842117734691885e-12  +6.246586667528712e-12
-27   +1.801125648361506e-12  -6.496138541193404e-12
-26   -1.755343633363174e-12  +6.763626752337225e-12
-25   +1.704035902155398e-12  -7.051069104091489e-12
-24   -1.646242120700949e-12  +7.360930073732090e-12
-23   +1.580848856604468e-12  -7.695966741191223e-12
-22   -1.506465793500340e-12  +8.059503342020562e-12
-21   +1.421385214035133e-12  -8.455402299595170e-12
-20   -1.323427716865116e-12  +8.888284613153244e-12
-19   +1.209927478935119e-12  -9.363590733407798e-12
-18   -1.077424584550581e-12  +9.888005797169916e-12
-17   +9.214640029215949e-13  -1.046953688430929e-11
-16   -7.364139741367816e-13  +1.111831703886903e-11
-15   +5.143639390595003e-13  -1.184621846049945e-11
-14   -2.770623602863713e-13  +1.270063427830784e-11
-13   -2.815370862330876e-14  -1.366249700582261e-11
-12   -3.443527040864679e-12  +1.861131460180607e-11
-11   +4.732251203658705e-12  -2.166290804894398e-11
-10   -4.645022206110641e-10  +4.823897340409390e-10
 -9   +5.077035963651617e-10  -5.281495381785756e-10
 -8   -5.436502502285966e-08  +5.425159539618615e-08
 -7   +3.791549389863605e-08  -3.785514164647664e-08
 -6   -6.148725060567718e-06  +6.133141208081879e-06
 -5   +1.579924138342734e-06  -1.576732013269960e-06
 -4   -6.542141845000631e-04  +6.525591751084333e-04
 -3   -5.745392911789739e-05  +5.725730823560084e-05
 -2   -1.080408395423049e-01  +1.077579929344785e-01
 -1   +4.963562194712775e-05  -6.481451369022822e-05
 +0   +2.516001004941515e-03  +0.000000000000000e+00
 +1   +4.963562194712775e-05  +6.481451369022822e-05
 +2   -1.080408395423049e-01  -1.077579929344785e-01
 +3   -5.745392911789739e-05  -5.725730823560084e-05
 +4   -6.542141845000631e-04  -6.525591751084333e-04
 +5   +1.579924138342734e-06  +1.576732013269960e-06
 +6   -6.148725060567718e-06  -6.133141208081879e-06
 +7   +3.791549389863605e-08  +3.785514164647664e-08
 +8   -5.436502502285966e-08  -5.425159539618615e-08
 +9   +5.077035963651617e-10  +5.281495381785756e-10
+10   -4.645022206110641e-10  -4.823897340409390e-10
+11   +4.732251203658705e-12  +2.166290804894398e-11
+12   -3.443527040864679e-12  -1.861131460180607e-11
+13   -2.815370862330876e-14  +1.366249700582261e-11
+14   -2.770623602863713e-13  -1.270063427830784e-11
+15   +5.143639390595003e-13  +1.184621846049945e-11
+16   -7.364139741367816e-13  -1.111831703886903e-11
+17   +9.214640029215949e-13  +1.046953688430929e-11
+18   -1.077424584550581e-12  -9.888005797169916e-12
+19   +1.209927478935119e-12  +9.363590733407798e-12
+20   -1.323427716865116e-12  -8.888284613153244e-12
+21   +1.421385214035133e-12  +8.455402299595170e-12
+22   -1.506465793500340e-12  -8.059503342020562e-12
+23   +1.580848856604468e-12  +7.695966741191223e-12
+24   -1.646242120700949e-12  -7.360930073732090e-12
+25   +1.704035902155398e-12  +7.051069104091489e-12
+26   -1.755343633363174e-12  -6.763626752337225e-12
+27   +1.801125648361506e-12  +6.496138541193404e-12
+28   -1.842117734691885e-12  -6.246586667528712e-12
+29   +1.878987254308666e-12  +6.013127751832159e-12
+30   -1.912245853300995e-12  -5.794188278749430e-12

