-30   -5.185719657911967e-13  +8.665143012607740e-13
-29   +5.282931990047224e-13  -8.981362078958890e-13
-28   -5.390656879733420e-13  +9.317291379237762e-13
-27   +5.509884727093280e-13  -9.674809827216397e-13
-26   -5.642561076887853e-13  +1.005594922901620e-12
-25   +5.790974783385486e-13  -1.046356016674326e-12
-24   -5.957138416464445e-13  +1.090010837831032e-12
-23   +6.144814377558521e-13  -1.136903717486762e-12
-22   -6.356834383938796e-13  +1.187368450166851e-12
-21   +6.598042366334639e-13  -1.241787536115252e-12
-20   -6.873827788087373e-13  +1.300718427959519e-12
-19   +7.190978974616494e-13  -1.364679566297169e-12
-18   -7.557786780131218e-13  +1.434223663902596e-12
-17   +7.985010767329523e-13  -1.510055530887273e-12
-16   -8.486789060534249e-13  +1.593036382580549e-12
-15   +9.079778761107931e-13  -1.683942745188397e-12
-14   -9.788553768499679e-13  +1.783779442859434e-12
-13   +1.064004336000523e-12  -1.893286028473193e-12
-12   -1.188722891323659e-12  +2.015296825065042e-12
-11   +1.309679484036877e-12  -2.121814551484413e-12
-10   -5.179336614757351e-12  +2.494805930560329e-12
 -9   +3.805252052109086e-12  +5.898806358913942e-13
 -8   -7.002350999727087e-10  -9.145313156118821e-12
 -7   +2.994290901214627e-10  +4.368701177122025e-10
 -6   -1.405464118787321e-07  -2.800386406002983e-08
 -5   +2.812544868015887e-08  +7.754443569620141e-08
 -4   -2.767693296891811e-05  -1.842923255682930e-05
 -3   -5.538250777799481e-06  +1.091465365564762e-05
 -2   -9.172047274720829e-04  -8.209570992341580e-03
 -1   -3.003536625628573e-05  -5.695472837094454e-04
 +0   +1.231744506280557e+00  +0.000000000000000e+00
 +1   -3.003536625628573e-05  +5.695472837094454e-04
 +2   -9.172047274720829e-04  +8.209570992341580e-03
 +3   -5.538250777799481e-06  -1.091465365564762e-05
 +4   -2.767693296891811e-05  +1.842923255682930e-05
 +5   +2.812544868015887e-08  -7.754443569620141e-08
 +6   -1.405464118787321e-07  +2.800386406002983e-08
 +7   +2.994290901214627e-10  -4.368701177122025e-10
 +8   -7.002350999727087e-10  +9.145313156118821e-12
 +9   +3.805252052109086e-12  -5.898806358913942e-13
+10   -5.179336614757351e-12  -2.494805930560329e-12
+11   +1.309679484036877e-12  +2.121814551484413e-12
+12   -1.188722891323659e-12  -2.015296825065042e-12
+13   +1.064004336000523e-12  +1.893286028473193e-12
+14   -9.788553768499679e-13  -1.783779442859434e-12
+15   +9.079778761107931e-13  +1.683942745188397e-12
+16   -8.486789060534249e-13  -1.593036382580549e-12
+17   +7.985010767329523e-13  +1.510055530887273e-12
+18   -7.557786780131218e-13  -1.434223663902596e-12
+19   +7.190978974616494e-13  +1.364679566297169e-12
+20   -6.873827788087373e-13  -1.300718427959519e-12
+21   +6.598042366334639e-13  +1.241787536115252e-12
+22   -6.356834383938796e-13  -1.187368450166851e-12
+23   +6.144814377558521e-13  +1.136903717486762e-12
+24   -5.957138416464445e-13  -1.090010837831032e-12
+25   +5.790974783385486e-13  +1.046356016674326e-12
+26   -5.642561076887853e-13  -1.005594922901620e-12
+27   +5.509884727093280e-13  +9.674809827216397e-13
+28   -5.390656879733420e-13  -9.317291379237762e-13
+29   +5.282931990047224e-13  +8.981362078958890e-13
+30   -5.185719657911967e-13  -8.665143012607740e-13

