-30   +6.546350266263186e-14  -1.784045676013429e-13
-29   -6.484803119185998e-14  +1.850236063890626e-13
-28   +6.423654228957828e-14  -1.921286286375908e-13
-27   -6.343661697403507e-14  +1.996980775059077e-13
-26   +6.262947155219383e-14  -2.077271339936366e-13
-25   -6.167660324548952e-14  +2.164066192124560e-13
-24   +6.064175585433867e-14  -2.256796669100807e-13
-23   -5.944077038553830e-14  +2.357198556596004e-13
-22   +5.812293219969768e-14  -2.465635081307535e-13
-21   -5.658927411145931e-14  +2.583312388719444e-13
-20   +5.493800068364756e-14  -2.710532410054813e-13
-19   -5.296053131109920e-14  +2.850993765015556e-13
-18   +5.071412663096902e-14  -3.004281235891373e-13
-17   -4.800039375526667e-14  +3.173059832412576e-13
-16   +4.476469016938330e-14  -3.356217965229681e-13
-15   -4.080030993069552e-14  +3.560392758870978e-13
-14   +1.042384621053918e-14  -3.528416535193286e-13
-13   +2.087416418516619e-14  +3.522283856870987e-13
-12   -3.615533834660184e-12  +3.217222761400906e-12
-11   +5.446331058792447e-12  -5.012590806944648e-12
-10   -5.149756136552506e-10  +5.158091934258991e-10
 -9   +5.419427096747942e-10  -5.427171253067818e-10
 -8   -7.599601709333321e-08  +7.619112898604122e-08
 -7   +4.900364937874388e-08  -4.911743585475762e-08
 -6   -1.195889519057214e-05  +1.198973214810335e-05
 -5   +3.312118049243216e-06  -3.318761798670631e-06
 -4   -2.097940245463940e-03  +2.103361400887036e-03
 -3   -1.741983546054409e-04  +1.750125265914132e-04
 -2   -4.539390097967269e-01  +4.551150408099314e-01
 -1   +2.138524833717323e-04  -1.997697881827806e-04
 +0   +3.813392986487600e-03  +0.000000000000000e+00
 +1   +2.138524833717323e-04  +1.997697881827806e-04
 +2   -4.539390097967269e-01  -4.551150408099314e-01
 +3   -1.741983546054409e-04  -1.750125265914132e-04
 +4   -2.097940245463940e-03  -2.103361400887036e-03
 +5   +3.312118049243216e-06  +3.318761798670631e-06
 +6   -1.195889519057214e-05  -1.198973214810335e-05
 +7   +4.900364937874388e-08  +4.911743585475762e-08
 +8   -7.599601709333321e-08  -7.619112898604122e-08
 +9   +5.419427096747942e-10  +5.427171253067818e-10
+10   -5.149756136552506e-10  -5.158091934258991e-10
+11   +5.446331058792447e-12  +5.012590806944648e-12
+12   -3.615533834660184e-12  -3.217222761400906e-12
+13   +2.087416418516619e-14  -3.522283856870987e-13
+14   +1.042384621053918e-14  +3.528416535193286e-13
+15   -4.080030993069552e-14  -3.560392758870978e-13
+16   +4.476469016938330e-14  +3.356217965229681e-13
+17   -4.800039375526667e-14  -3.173059832412576e-13
+18   +5.071412663096902e-14  +3.004281235891373e-13
+19   -5.296053131109920e-14  -2.850993765015556e-13
+20   +5.493800068364756e-14  +2.710532410054813e-13
+21   -5.658927411145931e-14  -2.583312388719444e-13
+22   +5.812293219969768e-14  +2.465635081307535e-13
+23   -5.944077038553830e-14  -2.357198556596004e-13
+24   +6.064175585433867e-14  +2.256796669100807e-13
+25   -6.167660324548952e-14  -2.164066192124560e-13
+26   +6.262947155219383e-14  +2.077271339936366e-13
+27   -6.343661697403507e-14  -1.996980775059077e-13
+28   +6.423654228957828e-14  +1.921286286375908e-13
+29   -6.484803119185998e-14  -1.850236063890626e-13
+30   +6.546350266263186e-14  +1.784045676013429e-13

