-30   -1.684955316195065e-12  +5.633486568189581e-12
-29   +1.640782131602277e-12  -5.846708709454891e-12
-28   -1.591757327772467e-12  +6.074111975044337e-12
-27   +1.537145716862805e-12  -6.317240190969548e-12
-26   -1.476059135549460e-12  +6.577856307765416e-12
-25   +1.407438855855799e-12  -6.857987399089298e-12
-24   -1.329988001308969e-12  +7.159984590689465e-12
-23   +1.242134544537369e-12  -7.486604553004284e-12
-22   -1.141926031987744e-12  +7.841033745195158e-12
-21   +1.026924187360615e-12  -8.227073306770138e-12
-20   -8.940740369546820e-13  +8.649186179412813e-12
-19   +7.394866847268022e-13  -9.112722840204633e-12
-18   -5.581283157077518e-13  +9.624077691514222e-12
-17   +3.434658769030983e-13  -1.019099411722082e-11
-16   -8.681167405807301e-14  +1.082287339416021e-11
-15   -2.235027897639837e-13  -1.153121153060564e-11
-14   +6.036006458715766e-13  +1.233017177525074e-11
-13   -1.075575911626741e-12  -1.323695335300720e-11
-12   +1.681162689070734e-12  +1.428088587912672e-11
-11   -2.418575920388180e-12  -1.546873009565225e-11
-10   +4.975496722592670e-12  +1.784391490037467e-11
 -9   -2.274107924603223e-12  -1.930887106060716e-11
 -8   +2.822388733242622e-10  +1.290087286131536e-10
 -7   +2.603358256248927e-10  -1.816639016202672e-10
 -6   +5.217086802463954e-08  +4.019405882269733e-09
 -5   +1.819589935919013e-08  -2.645530437155908e-08
 -4   +9.494453722910704e-06  -4.258541815746634e-06
 -3   -8.221826610944320e-07  -9.947056302965006e-07
 -2   +2.928478412923575e-04  -2.180427496498130e-03
 -1   -8.459471972568178e-07  -8.488855115820064e-05
 +0   -1.593049542061153e-01  +0.000000000000000e+00
 +1   -8.459471972568178e-07  +8.488855115820064e-05
 +2   +2.928478412923575e-04  +2.180427496498130e-03
 +3   -8.221826610944320e-07  +9.947056302965006e-07
 +4   +9.494453722910704e-06  +4.258541815746634e-06
 +5   +1.819589935919013e-08  +2.645530437155908e-08
 +6   +5.217086802463954e-08  -4.019405882269733e-09
 +7   +2.603358256248927e-10  +1.816639016202672e-10
 +8   +2.822388733242622e-10  -1.290087286131536e-10
 +9   -2.274107924603223e-12  +1.930887106060716e-11
+10   +4.975496722592670e-12  -1.784391490037467e-11
+11   -2.418575920388180e-12  +1.546873009565225e-11
+12   +1.681162689070734e-12  -1.428088587912672e-11
+13   -1.075575911626741e-12  +1.323695335300720e-11
+14   +6.036006458715766e-13  -1.233017177525074e-11
+15   -2.235027897639837e-13  +1.153121153060564e-11
+16   -8.681167405807301e-14  -1.082287339416021e-11
+17   +3.434658769030983e-13  +1.019099411722082e-11
+18   -5.581283157077518e-13  -9.624077691514222e-12
+19   +7.394866847268022e-13  +9.112722840204633e-12
+20   -8.940740369546820e-13  -8.649186179412813e-12
+21   +1.026924187360615e-12  +8.227073306770138e-12
+22   -1.141926031987744e-12  -7.841033745195158e-12
+23   +1.242134544537369e-12  +7.486604553004284e-12
+24   -1.329988001308969e-12  -7.159984590689465e-12
+25   +1.407438855855799e-12  +6.857987399089298e-12
+26   -1.476059135549460e-12  -6.577856307765416e-12
+27   +1.537145716862805e-12  +6.317240190969548e-12
+28   -1.591757327772467e-12  -6.074111975044337e-12
+29   +1.640782131602277e-12  +5.846708709454891e-12
+30   -1.684955316195065e-12  -5.633486568189581e-12

