-30   -1.395993011907092e-13  +5.084660706036136e-13
-29   +1.346744209400832e-13  -5.274637186902940e-13
-28   -1.293254234903635e-13  +5.477099171651957e-13
-27   +1.232665674079066e-13  -5.693669569496668e-13
-26   -1.166047571670331e-13  +5.924627569551178e-13
-25   +1.090245415577054e-13  -6.172945882849363e-13
-24   -1.006573600144495e-13  +6.439550109920153e-13
-23   +9.101739169822044e-14  -6.728486627889402e-13
-22   -8.011648372347606e-14  +7.039629707097834e-13
-21   +6.762622750933819e-14  -7.378924253025348e-13
-20   -5.330471862904157e-14  +7.747082390023688e-13
-19   +3.659702960116517e-14  -8.151461708131551e-13
-18   -1.710768234699067e-14  +8.594399918795223e-13
-17   -5.852224320739381e-15  -9.082752426638755e-13
-16   +3.280401088257782e-14  +9.621367862172167e-13
-15   -6.528125212755047e-14  -1.022146896609939e-12
-14   +7.898687416895901e-14  +1.063345538666079e-12
-13   -1.018797417100891e-13  -1.112752465865829e-12
-12   -3.425726216280094e-12  -2.400010389687335e-12
-11   +5.171278210616023e-12  +4.131150537354892e-12
-10   -5.145911263562494e-10  -5.148542908503605e-10
 -9   +5.414142339061874e-10  +5.416786661750107e-10
 -8   -7.599529524934068e-08  -7.618999619785085e-08
 -7   +4.900266072756308e-08  +4.911619983243171e-08
 -6   -1.195889382348941e-05  -1.198973080707149e-05
 -5   +3.312116142804653e-06  +3.318760389845785e-06
 -4   -2.097940242488171e-03  -2.103361399196181e-03
 -3   -1.741983580037315e-04  -1.750125271077050e-04
 -2   -4.539390097251127e-01  -4.551150407330293e-01
 -1   +2.138524691552294e-04  +1.997697845620378e-04
 +0   +3.813392991157098e-03  +0.000000000000000e+00
 +1   +2.138524691552294e-04  -1.997697845620378e-04
 +2   -4.539390097251127e-01  +4.551150407330293e-01
 +3   -1.741983580037315e-04  +1.750125271077050e-04
 +4   -2.097940242488171e-03  +2.103361399196181e-03
 +5   +3.312116142804653e-06  -3.318760389845785e-06
 +6   -1.195889382348941e-05  +1.198973080707149e-05
 +7   +4.900266072756308e-08  -4.911619983243171e-08
 +8   -7.599529524934068e-08  +7.618999619785085e-08
 +9   +5.414142339061874e-10  -5.416786661750107e-10
+10   -5.145911263562494e-10  +5.148542908503605e-10
+11   +5.171278210616023e-12  -4.131150537354892e-12
+12   -3.425726216280094e-12  +2.400010389687335e-12
+13   -1.018797417100891e-13  +1.112752465865829e-12
+14   +7.898687416895901e-14  -1.063345538666079e-12
+15   -6.528125212755047e-14  +1.022146896609939e-12
+16   +3.280401088257782e-14  -9.621367862172167e-13
+17   -5.852224320739381e-15  +9.082752426638755e-13
+18   -1.710768234699067e-14  -8.594399918795223e-13
+19   +3.659702960116517e-14  +8.151461708131551e-13
+20   -5.330471862904157e-14  -7.747082390023688e-13
+21   +6.762622750933819e-14  +7.378924253025348e-13
+22   -8.011648372347606e-14  -7.039629707097834e-13
+23   +9.101739169822044e-14  +6.728486627889402e-13
+24   -1.006573600144495e-13  -6.439550109920153e-13
+25   +1.090245415577054e-13  +6.172945882849363e-13
+26   -1.166047571670331e-13  -5.924627569551178e-13
+27   +1.232665674079066e-13  +5.693669569496668e-13
+28   -1.293254234903635e-13  -5.477099171651957e-13
+29   +1.346744209400832e-13  +5.274637186902940e-13
+30   -1.395993011907092e-13  -5.084660706036136e-13

