-30   +6.754006757702866e-14  -1.123648543213516e-13
-29   -6.882266350756622e-14  +1.164659615396560e-13
-28   +7.023650003487775e-14  -1.208213191337899e-13
-27   -7.180637357807157e-14  +1.254553794064300e-13
-26   +7.354955644265981e-14  -1.303950160722346e-13
-25   -7.550391076699494e-14  +1.356777496957366e-13
-24   +7.769358408950655e-14  -1.413309751368024e-13
-23   -8.015943387266597e-14  +1.474005129327444e-13
-22   +8.294644281797694e-14  -1.539380726825086e-13
-21   -8.611780765875692e-14  +1.609872792693892e-13
-20   +8.974272360244464e-14  -1.686137886492826e-13
-19   -9.391880164278807e-14  +1.768893721250185e-13
-18   +9.874642120969390e-14  -1.858903000363784e-13
-17   -1.043698193689009e-13  +1.957053677367737e-13
-16   +1.109717968489550e-13  -2.064245760256959e-13
-15   -1.187667753615317e-13  +2.181660665210122e-13
-14   +1.280271026231266e-13  -2.310036388958269e-13
-13   -1.394719878979130e-13  +2.451798049656783e-13
-12   +1.441221181041770e-13  -2.527059024666972e-13
-11   -1.917659611636521e-13  +2.724233559908547e-13
-10   -1.332746699897321e-12  +7.098015411444947e-13
 -9   -2.761222926061109e-12  -5.670005663242189e-13
 -8   -2.752699193480107e-10  +1.084273797068363e-10
 -7   -2.700761661064603e-10  -1.590453468039695e-10
 -6   -5.215703464555232e-08  +3.994750455594887e-09
 -5   -1.821585845463794e-08  -2.642929375450890e-08
 -4   -9.494425059731496e-06  -4.258566581099262e-06
 -3   +8.221447055800764e-07  -9.946884692815914e-07
 -2   -2.928478023182173e-04  -2.180427499950261e-03
 -1   +8.459169055659714e-07  -8.488855513604215e-05
 +0   +1.593049542309681e-01  +0.000000000000000e+00
 +1   +8.459169055659714e-07  +8.488855513604215e-05
 +2   -2.928478023182173e-04  +2.180427499950261e-03
 +3   +8.221447055800764e-07  +9.946884692815914e-07
 +4   -9.494425059731496e-06  +4.258566581099262e-06
 +5   -1.821585845463794e-08  +2.642929375450890e-08
 +6   -5.215703464555232e-08  -3.994750455594887e-09
 +7   -2.700761661064603e-10  +1.590453468039695e-10
 +8   -2.752699193480107e-10  -1.084273797068363e-10
 +9   -2.761222926061109e-12  +5.670005663242189e-13
+10   -1.332746699897321e-12  -7.098015411444947e-13
+11   -1.917659611636521e-13  -2.724233559908547e-13
+12   +1.441221181041770e-13  +2.527059024666972e-13
+13   -1.394719878979130e-13  -2.451798049656783e-13
+14   +1.280271026231266e-13  +2.310036388958269e-13
+15   -1.187667753615317e-13  -2.181660665210122e-13
+16   +1.109717968489550e-13  +2.064245760256959e-13
+17   -1.043698193689009e-13  -1.957053677367737e-13
+18   +9.874642120969390e-14  +1.858903000363784e-13
+19   -9.391880164278807e-14  -1.768893721250185e-13
+20   +8.974272360244464e-14  +1.686137886492826e-13
+21   -8.611780765875692e-14  -1.609872792693892e-13
+22   +8.294644281797694e-14  +1.539380726825086e-13
+23   -8.015943387266597e-14  -1.474005129327444e-13
+24   +7.769358408950655e-14  +1.413309751368024e-13
+25   -7.550391076699494e-14  -1.356777496957366e-13
+26   +7.354955644265981e-14  +1.303950160722346e-13
+27   -7.180637357807157e-14  -1.254553794064300e-13
+28   +7.023650003487775e-14  +1.208213191337899e-13
+29   -6.882266350756622e-14  -1.164659615396560e-13
+30   +6.754006757702866e-14  +1.123648543213516e-13

