-30   -8.865508836641875e-16  +2.368738437363301e-15
-29   +8.173219751356670e-16  -2.457648271933081e-15
-28   -8.660899569521155e-16  +2.555222716362932e-15
-27   +7.964581696734561e-16  -2.683524686999776e-15
-26   -8.037909269069578e-16  +2.756222998533875e-15
-25   +7.341701387612091e-16  -2.885497748981320e-15
-24   -8.194767491787499e-16  +2.980573164079108e-15
-23   +7.522510656761633e-16  -3.200890431246424e-15
-22   -7.400600767880550e-16  +3.289908820349683e-15
-21   +6.832682791383766e-16  -3.528822441118964e-15
-20   -7.007070369272817e-16  +3.635667395100756e-15
-19   +6.267396684989080e-16  -3.924541607947282e-15
-18   -5.882625921411568e-16  +4.130512882164017e-15
-17   +4.759363997893693e-16  -4.381243637867793e-15
-16   -6.558665262215646e-16  +4.464885038264030e-15
-15   +6.612153554338038e-16  -4.766011632208032e-15
-14   -1.666541679291833e-14  -1.090052401554608e-14
-13   +2.547332123627569e-14  +1.941653505858612e-14
-12   -2.272733104075300e-12  -2.265976064703141e-12
-11   +2.634803625498935e-12  +2.627485545709707e-12
-10   -3.287806204299181e-10  -3.287318430492118e-10
 -9   +2.584960413683116e-10  +2.584420775899149e-10
 -8   -5.004741456416858e-08  -5.004119914658547e-08
 -7   +2.201028326119708e-08  +2.200579062042978e-08
 -6   -8.270000504853614e-06  -8.268995536263641e-06
 -5   +1.092841212945413e-06  +1.092467218714848e-06
 -4   -1.598503397932002e-03  -1.598315592820285e-03
 -3   -1.637751551202642e-04  -1.637939014902967e-04
 -2   -4.726362326374253e-01  -4.725852642650146e-01
 -1   +1.997712235385383e-04  +1.883978690099061e-04
 +0   +3.051643025245708e-03  +0.000000000000000e+00
 +1   +1.997712235385383e-04  -1.883978690099061e-04
 +2   -4.726362326374253e-01  +4.725852642650146e-01
 +3   -1.637751551202642e-04  +1.637939014902967e-04
 +4   -1.598503397932002e-03  +1.598315592820285e-03
 +5   +1.092841212945413e-06  -1.092467218714848e-06
 +6   -8.270000504853614e-06  +8.268995536263641e-06
 +7   +2.201028326119708e-08  -2.200579062042978e-08
 +8   -5.004741456416858e-08  +5.004119914658547e-08
 +9   +2.584960413683116e-10  -2.584420775899149e-10
+10   -3.287806204299181e-10  +3.287318430492118e-10
+11   +2.634803625498935e-12  -2.627485545709707e-12
+12   -2.272733104075300e-12  +2.265976064703141e-12
+13   +2.547332123627569e-14  -1.941653505858612e-14
+14   -1.666541679291833e-14  +1.090052401554608e-14
+15   +6.612153554338038e-16  +4.766011632208032e-15
+16   -6.558665262215646e-16  -4.464885038264030e-15
+17   +4.759363997893693e-16  +4.381243637867793e-15
+18   -5.882625921411568e-16  -4.130512882164017e-15
+19   +6.267396684989080e-16  +3.924541607947282e-15
+20   -7.007070369272817e-16  -3.635667395100756e-15
+21   +6.832682791383766e-16  +3.528822441118964e-15
+22   -7.400600767880550e-16  -3.289908820349683e-15
+23   +7.522510656761633e-16  +3.200890431246424e-15
+24   -8.194767491787499e-16  -2.980573164079108e-15
+25   +7.341701387612091e-16  +2.885497748981320e-15
+26   -8.037909269069578e-16  -2.756222998533875e-15
+27   +7.964581696734561e-16  +2.683524686999776e-15
+28   -8.660899569521155e-16  -2.555222716362932e-15
+29   +8.173219751356670e-16  +2.457648271933081e-15
+30   -8.865508836641875e-16  -2.368738437363301e-15

