-30   -1.163695838192866e-15  +2.685107784157421e-15
-29   +1.149797904294391e-15  -2.762993862515680e-15
-28   -1.229747311308131e-15  +2.896923271944329e-15
-27   +1.165872076346502e-15  -3.061559597130138e-15
-26   -1.210615577452677e-15  +3.126476923439632e-15
-25   +1.195547931594649e-15  -3.301556658627472e-15
-24   -1.206213945551924e-15  +3.412251990108239e-15
-23   +1.170745213214179e-15  -3.606151196572368e-15
-22   -1.222890883006670e-15  +3.811177269029054e-15
-21   +1.185573877904194e-15  -3.983271959075356e-15
-20   -1.284479680865709e-15  +4.123716515843114e-15
-19   +1.288888557472829e-15  -4.442768585352045e-15
-18   -1.310466152945603e-15  +4.715671145961707e-15
-17   +1.259867242759654e-15  -5.055699233302236e-15
-16   -1.204319483898342e-15  +5.166730464068881e-15
-15   +1.094030016095399e-15  -5.550914507121589e-15
-14   +1.497852266907634e-14  -1.009288488925168e-14
-13   -2.395308461111446e-14  +1.858703833129036e-14
-12   +2.271060192796355e-12  -2.265141979165258e-12
-11   -2.633379136261508e-12  +2.626424242061801e-12
-10   +3.287792262400753e-10  -3.287307389002581e-10
 -9   -2.584948869259514e-10  +2.584407474467936e-10
 -8   +5.004741349018227e-08  -5.004119752390109e-08
 -7   -2.201028266006395e-08  +2.200578872519131e-08
 -6   +8.270000504503622e-06  -8.268995533849597e-06
 -5   -1.092841213475913e-06  +1.092467215551597e-06
 -4   +1.598503397933363e-03  -1.598315592816100e-03
 -3   +1.637751551178831e-04  -1.637939014958335e-04
 -2   +4.726362326374170e-01  -4.725852642650076e-01
 -1   -1.997712235422389e-04  +1.883978690081375e-04
 +0   -3.051643025242981e-03  +0.000000000000000e+00
 +1   -1.997712235422389e-04  -1.883978690081375e-04
 +2   +4.726362326374170e-01  +4.725852642650076e-01
 +3   +1.637751551178831e-04  +1.637939014958335e-04
 +4   +1.598503397933363e-03  +1.598315592816100e-03
 +5   -1.092841213475913e-06  -1.092467215551597e-06
 +6   +8.270000504503622e-06  +8.268995533849597e-06
 +7   -2.201028266006395e-08  -2.200578872519131e-08
 +8   +5.004741349018227e-08  +5.004119752390109e-08
 +9   -2.584948869259514e-10  -2.584407474467936e-10
+10   +3.287792262400753e-10  +3.287307389002581e-10
+11   -2.633379136261508e-12  -2.626424242061801e-12
+12   +2.271060192796355e-12  +2.265141979165258e-12
+13   -2.395308461111446e-14  -1.858703833129036e-14
+14   +1.497852266907634e-14  +1.009288488925168e-14
+15   +1.094030016095399e-15  +5.550914507121589e-15
+16   -1.204319483898342e-15  -5.166730464068881e-15
+17   +1.259867242759654e-15  +5.055699233302236e-15
+18   -1.310466152945603e-15  -4.715671145961707e-15
+19   +1.288888557472829e-15  +4.442768585352045e-15
+20   -1.284479680865709e-15  -4.123716515843114e-15
+21   +1.185573877904194e-15  +3.983271959075356e-15
+22   -1.222890883006670e-15  -3.811177269029054e-15
+23   +1.170745213214179e-15  +3.606151196572368e-15
+24   -1.206213945551924e-15  -3.412251990108239e-15
+25   +1.195547931594649e-15  +3.301556658627472e-15
+26   -1.210615577452677e-15  -3.126476923439632e-15
+27   +1.165872076346502e-15  +3.061559597130138e-15
+28   -1.229747311308131e-15  -2.896923271944329e-15
+29   +1.149797904294391e-15  +2.762993862515680e-15
+30   -1.163695838192866e-15  -2.685107784157421e-15

