-30   -1.911284130342402e-12  +5.791992303747219e-12
-29   +1.878023737752993e-12  -6.010846171487889e-12
-28   -1.841143595404439e-12  +6.244211070945551e-12
-27   +1.800166592935009e-12  -6.493669862250129e-12
-26   -1.754373114634376e-12  +6.761056931873554e-12
-25   +1.703052213242349e-12  -7.048380295494537e-12
-24   -1.645260741272703e-12  +7.358134005318824e-12
-23   +1.579872184195794e-12  -7.693042879248617e-12
-22   -1.505472931232048e-12  +8.056456487342476e-12
-21   +1.420392391229273e-12  -8.452189731674563e-12
-20   -1.322413343217962e-12  +8.884911146378436e-12
-19   +1.208904967773252e-12  -9.360043099823657e-12
-18   -1.076395476488284e-12  +9.884252192117258e-12
-17   +9.204195635542223e-13  -1.046555167992945e-11
-16   -7.353627250771268e-13  +1.111409864266587e-11
-15   +5.132865394715998e-13  -1.184171483134099e-11
-14   -2.759601988485464e-13  +1.269582277726633e-11
-13   -2.929349618023728e-14  -1.365733282883131e-11
-12   -3.442366520195951e-12  +1.860573915314508e-11
-11   +4.731050963876292e-12  -2.165685724150608e-11
-10   -4.645009594338397e-10  +4.823831308543165e-10
 -9   +5.077022524612695e-10  -5.281422839818831e-10
 -8   -5.436502358182935e-08  +5.425158736662621e-08
 -7   +3.791549231577179e-08  -3.785513267972255e-08
 -6   -6.148725058727219e-06  +6.133141198002815e-06
 -5   +1.579924136209320e-06  -1.576732001813891e-06
 -4   -6.542141844965097e-04  +6.525591750960747e-04
 -3   -5.745392912109451e-05  +5.725730824966239e-05
 -2   -1.080408395422686e-01  +1.077579929347460e-01
 -1   +4.963562194154623e-05  -6.481451365994057e-05
 +0   +2.516000962604840e-03  +0.000000000000000e+00
 +1   +4.963562194154623e-05  +6.481451365994057e-05
 +2   -1.080408395422686e-01  -1.077579929347460e-01
 +3   -5.745392912109451e-05  -5.725730824966239e-05
 +4   -6.542141844965097e-04  -6.525591750960747e-04
 +5   +1.579924136209320e-06  +1.576732001813891e-06
 +6   -6.148725058727219e-06  -6.133141198002815e-06
 +7   +3.791549231577179e-08  +3.785513267972255e-08
 +8   -5.436502358182935e-08  -5.425158736662621e-08
 +9   +5.077022524612695e-10  +5.281422839818831e-10
+10   -4.645009594338397e-10  -4.823831308543165e-10
+11   +4.731050963876292e-12  +2.165685724150608e-11
+12   -3.442366520195951e-12  -1.860573915314508e-11
+13   -2.929349618023728e-14  +1.365733282883131e-11
+14   -2.759601988485464e-13  -1.269582277726633e-11
+15   +5.132865394715998e-13  +1.184171483134099e-11
+16   -7.353627250771268e-13  -1.111409864266587e-11
+17   +9.204195635542223e-13  +1.046555167992945e-11
+18   -1.076395476488284e-12  -9.884252192117258e-12
+19   +1.208904967773252e-12  +9.360043099823657e-12
+20   -1.322413343217962e-12  -8.884911146378436e-12
+21   +1.420392391229273e-12  +8.452189731674563e-12
+22   -1.505472931232048e-12  -8.056456487342476e-12
+23   +1.579872184195794e-12  +7.693042879248617e-12
+24   -1.645260741272703e-12  -7.358134005318824e-12
+25   +1.703052213242349e-12  +7.048380295494537e-12
+26   -1.754373114634376e-12  -6.761056931873554e-12
+27   +1.800166592935009e-12  +6.493669862250129e-12
+28   -1.841143595404439e-12  -6.244211070945551e-12
+29   +1.878023737752993e-12  +6.010846171487889e-12
+30   -1.911284130342402e-12  -5.791992303747219e-12

