-30   -1.396605058948159e-13  +5.085178022802773e-13
-29   +1.347204243871532e-13  -5.275233198532190e-13
-28   -1.293866657778807e-13  +5.477673182505430e-13
-27   +1.233302592873803e-13  -5.694189026031667e-13
-26   -1.166607324335530e-13  +5.925250335163199e-13
-25   +1.090673278561930e-13  -6.173596038763637e-13
-24   -1.007272363605729e-13  +6.440251426242882e-13
-23   +9.107343918031676e-14  -6.729064485771774e-13
-22   -8.019402911886141e-14  +7.040485773136337e-13
-21   +6.769251419511996e-14  -7.379536209987796e-13
-20   -5.337949106029516e-14  +7.748056594669064e-13
-19   +3.668081218322916e-14  -8.152104304325235e-13
-18   -1.722417319109666e-14  +8.595189545928689e-13
-17   -5.757058757542577e-15  -9.083788908736035e-13
-16   +3.270264784055074e-14  +9.622281458593279e-13
-15   -6.516843516971696e-14  -1.022254041790891e-12
-14   +7.886424891843311e-14  +1.063441142709618e-12
-13   -1.017324503766396e-13  -1.112905335328155e-12
-12   -3.425900727683082e-12  -2.399876303097444e-12
-11   +5.171458740775075e-12  +4.131037530102654e-12
-10   -5.145913540457021e-10  -5.148541449548044e-10
 -9   +5.414144861022643e-10  +5.416785027924381e-10
 -8   -7.599529556058199e-08  -7.618999602492087e-08
 -7   +4.900266112661722e-08  +4.911619964526691e-08
 -6   -1.195889382400369e-05  -1.198973080683513e-05
 -5   +3.312116143453849e-06  +3.318760389587741e-06
 -4   -2.097940242488838e-03  -2.103361399195722e-03
 -3   -1.741983580023448e-04  -1.750125271076926e-04
 -2   -4.539390097251050e-01  -4.551150407329540e-01
 -1   +2.138524691588444e-04  +1.997697845646272e-04
 +0   +3.813392985676566e-03  +0.000000000000000e+00
 +1   +2.138524691588444e-04  -1.997697845646272e-04
 +2   -4.539390097251050e-01  +4.551150407329540e-01
 +3   -1.741983580023448e-04  +1.750125271076926e-04
 +4   -2.097940242488838e-03  +2.103361399195722e-03
 +5   +3.312116143453849e-06  -3.318760389587741e-06
 +6   -1.195889382400369e-05  +1.198973080683513e-05
 +7   +4.900266112661722e-08  -4.911619964526691e-08
 +8   -7.599529556058199e-08  +7.618999602492087e-08
 +9   +5.414144861022643e-10  -5.416785027924381e-10
+10   -5.145913540457021e-10  +5.148541449548044e-10
+11   +5.171458740775075e-12  -4.131037530102654e-12
+12   -3.425900727683082e-12  +2.399876303097444e-12
+13   -1.017324503766396e-13  +1.112905335328155e-12
+14   +7.886424891843311e-14  -1.063441142709618e-12
+15   -6.516843516971696e-14  +1.022254041790891e-12
+16   +3.270264784055074e-14  -9.622281458593279e-13
+17   -5.757058757542577e-15  +9.083788908736035e-13
+18   -1.722417319109666e-14  -8.595189545928689e-13
+19   +3.668081218322916e-14  +8.152104304325235e-13
+20   -5.337949106029516e-14  -7.748056594669064e-13
+21   +6.769251419511996e-14  +7.379536209987796e-13
+22   -8.019402911886141e-14  -7.040485773136337e-13
+23   +9.107343918031676e-14  +6.729064485771774e-13
+24   -1.007272363605729e-13  -6.440251426242882e-13
+25   +1.090673278561930e-13  +6.173596038763637e-13
+26   -1.166607324335530e-13  -5.925250335163199e-13
+27   +1.233302592873803e-13  +5.694189026031667e-13
+28   -1.293866657778807e-13  -5.477673182505430e-13
+29   +1.347204243871532e-13  +5.275233198532190e-13
+30   -1.396605058948159e-13  -5.085178022802773e-13

