-30   -6.659538586686733e-13  +2.037624080261772e-12
-29   +6.537933416839407e-13  -2.114582791525229e-12
-28   -6.403414314929899e-13  +2.196655138576513e-12
-27   +6.253680595088458e-13  -2.284383327715061e-12
-26   -6.086588681687531e-13  +2.378387946143611e-12
-25   +5.899059643796047e-13  -2.479422712616705e-12
-24   -5.688328341734190e-13  +2.588306981639140e-12
-23   +5.449319095595904e-13  -2.706067015010081e-12
-22   -5.177624349548894e-13  +2.833793258255126e-12
-21   +4.866885598696050e-13  -2.972909909794911e-12
-20   -4.509226783620880e-13  +3.124969076450142e-12
-19   +4.094440800683531e-13  -3.291942377773230e-12
-18   -3.610245509878961e-13  +3.476102959442344e-12
-17   +3.040077013066459e-13  -3.680315314726813e-12
-16   -2.369369960545301e-13  +3.907309197434004e-12
-15   +1.550455617934277e-13  -4.163251571205200e-12
-14   -1.304492448873231e-13  +4.377279962297421e-12
-13   -5.884352931440067e-14  -4.773272261822158e-12
-12   -8.289871926119396e-12  -3.372780074456192e-12
-11   +4.171650606054337e-14  -5.139382112067365e-12
-10   -9.684509868035381e-10  -9.654911529219610e-10
 -9   +2.095075084814158e-11  +1.518482931536138e-11
 -8   -1.091805930293730e-07  -1.094539640259833e-07
 -7   -5.306700070895571e-10  -5.509441987901195e-10
 -6   -1.203023939615167e-05  -1.206099918295459e-05
 -5   -3.430411437337951e-07  -3.453008145880368e-07
 -4   -1.253118874425045e-03  -1.256319008009637e-03
 -3   -5.835217841547598e-05  -5.863598102880370e-05
 -2   -1.024766172571527e-01  -1.027355976452832e-01
 -1   +3.783862038224312e-05  +3.391920527810880e-05
 +0   +7.459954878299505e-04  +0.000000000000000e+00
 +1   +3.783862038224312e-05  -3.391920527810880e-05
 +2   -1.024766172571527e-01  +1.027355976452832e-01
 +3   -5.835217841547598e-05  +5.863598102880370e-05
 +4   -1.253118874425045e-03  +1.256319008009637e-03
 +5   -3.430411437337951e-07  +3.453008145880368e-07
 +6   -1.203023939615167e-05  +1.206099918295459e-05
 +7   -5.306700070895571e-10  +5.509441987901195e-10
 +8   -1.091805930293730e-07  +1.094539640259833e-07
 +9   +2.095075084814158e-11  -1.518482931536138e-11
+10   -9.684509868035381e-10  +9.654911529219610e-10
+11   +4.171650606054337e-14  +5.139382112067365e-12
+12   -8.289871926119396e-12  +3.372780074456192e-12
+13   -5.884352931440067e-14  +4.773272261822158e-12
+14   -1.304492448873231e-13  -4.377279962297421e-12
+15   +1.550455617934277e-13  +4.163251571205200e-12
+16   -2.369369960545301e-13  -3.907309197434004e-12
+17   +3.040077013066459e-13  +3.680315314726813e-12
+18   -3.610245509878961e-13  -3.476102959442344e-12
+19   +4.094440800683531e-13  +3.291942377773230e-12
+20   -4.509226783620880e-13  -3.124969076450142e-12
+21   +4.866885598696050e-13  +2.972909909794911e-12
+22   -5.177624349548894e-13  -2.833793258255126e-12
+23   +5.449319095595904e-13  +2.706067015010081e-12
+24   -5.688328341734190e-13  -2.588306981639140e-12
+25   +5.899059643796047e-13  +2.479422712616705e-12
+26   -6.086588681687531e-13  -2.378387946143611e-12
+27   +6.253680595088458e-13  +2.284383327715061e-12
+28   -6.403414314929899e-13  -2.196655138576513e-12
+29   +6.537933416839407e-13  +2.114582791525229e-12
+30   -6.659538586686733e-13  -2.037624080261772e-12

