-30   -4.223317263337619e-13  +1.260479293465866e-12
-29   +4.155226244087806e-13  -1.308073250055890e-12
-28   -4.079067660178262e-13  +1.358793769641803e-12
-27   +3.995538771176937e-13  -1.413007047110848e-12
-26   -3.901241087374896e-13  +1.471151044151574e-12
-25   +3.796199878653029e-13  -1.533566940233909e-12
-24   -3.677657005595823e-13  +1.600902532112677e-12
-23   +3.544011533555669e-13  -1.673632413592263e-12
-22   -3.391478047575833e-13  +1.752578970975831e-12
-21   +3.217269330188295e-13  -1.838495548271318e-12
-20   -3.016276969527054e-13  +1.932474727559941e-12
-19   +2.784179272899032e-13  -2.035519230998572e-12
-18   -2.513086109982427e-13  +2.149246653353809e-12
-17   +2.194723531918201e-13  -2.275239105727008e-12
-16   -1.825785330243222e-13  +2.416712696331245e-12
-15   +1.366489634035419e-13  -2.573558037751494e-12
-14   -1.927006386981474e-13  +2.862055293805303e-12
-13   +4.854130560034096e-14  -2.987621729132559e-12
-12   -1.306692514967231e-11  +1.628821046424846e-11
-11   +2.973343173719315e-12  -6.595218949341614e-12
-10   -1.552092324394038e-09  +1.552206932352119e-09
 -9   +2.577787572326103e-10  -2.619311913445177e-10
 -8   -1.838071687728724e-07  +1.833433273153684e-07
 -7   +1.670042298391988e-08  -1.668623051795933e-08
 -6   -2.180292228987596e-05  +2.174728634495547e-05
 -5   +2.947297091471196e-07  -2.966242272146247e-07
 -4   -2.584451577990385e-03  +2.577857483983344e-03
 -3   -1.548474154540872e-04  +1.541455054192609e-04
 -2   -2.997308742785734e-01  +2.989667909477177e-01
 -1   +1.198028830909290e-04  -1.420260778153428e-04
 +0   +5.275303796116358e-03  +0.000000000000000e+00
 +1   +1.198028830909290e-04  +1.420260778153428e-04
 +2   -2.997308742785734e-01  -2.989667909477177e-01
 +3   -1.548474154540872e-04  -1.541455054192609e-04
 +4   -2.584451577990385e-03  -2.577857483983344e-03
 +5   +2.947297091471196e-07  +2.966242272146247e-07
 +6   -2.180292228987596e-05  -2.174728634495547e-05
 +7   +1.670042298391988e-08  +1.668623051795933e-08
 +8   -1.838071687728724e-07  -1.833433273153684e-07
 +9   +2.577787572326103e-10  +2.619311913445177e-10
+10   -1.552092324394038e-09  -1.552206932352119e-09
+11   +2.973343173719315e-12  +6.595218949341614e-12
+12   -1.306692514967231e-11  -1.628821046424846e-11
+13   +4.854130560034096e-14  +2.987621729132559e-12
+14   -1.927006386981474e-13  -2.862055293805303e-12
+15   +1.366489634035419e-13  +2.573558037751494e-12
+16   -1.825785330243222e-13  -2.416712696331245e-12
+17   +2.194723531918201e-13  +2.275239105727008e-12
+18   -2.513086109982427e-13  -2.149246653353809e-12
+19   +2.784179272899032e-13  +2.035519230998572e-12
+20   -3.016276969527054e-13  -1.932474727559941e-12
+21   +3.217269330188295e-13  +1.838495548271318e-12
+22   -3.391478047575833e-13  -1.752578970975831e-12
+23   +3.544011533555669e-13  +1.673632413592263e-12
+24   -3.677657005595823e-13  -1.600902532112677e-12
+25   +3.796199878653029e-13  +1.533566940233909e-12
+26   -3.901241087374896e-13  -1.471151044151574e-12
+27   +3.995538771176937e-13  +1.413007047110848e-12
+28   -4.079067660178262e-13  -1.358793769641803e-12
+29   +4.155226244087806e-13  +1.308073250055890e-12
+30   -4.223317263337619e-13  -1.260479293465866e-12

