-30   -5.179829126409570e-13  +8.650028573070630e-13
-29   +5.277033327174044e-13  -8.965796183558464e-13
-28   -5.384624397701074e-13  +9.300648880232848e-13
-27   +5.504133176596925e-13  -9.657926290797551e-13
-26   -5.637003875128041e-13  +1.003828611565964e-12
-25   +5.785187740118879e-13  -1.044532901691738e-12
-24   -5.951661491760566e-13  +1.088069916314546e-12
-23   +6.139155026983270e-13  -1.134874239258781e-12
-22   -6.351174839142302e-13  +1.185235636106163e-12
-21   +6.592529703135427e-13  -1.239582362673811e-12
-20   -6.868641433277334e-13  +1.298410938818806e-12
-19   +7.185376175576765e-13  -1.362209695353205e-12
-18   -7.552752146803643e-13  +1.431572446193349e-12
-17   +7.980103996055045e-13  -1.507265276649937e-12
-16   -8.481825644573136e-13  +1.590059285914922e-12
-15   +9.075484510904982e-13  -1.680775110860340e-12
-14   -9.783997353745974e-13  +1.780371083476298e-12
-13   +1.063594720775940e-12  -1.889638044850100e-12
-12   -1.188348129675290e-12  +2.011312023915263e-12
-11   +1.309350569731301e-12  -2.117442009889806e-12
-10   -5.179038258300593e-12  +2.489952359136927e-12
 -9   +3.805089080652198e-12  +5.952232187046170e-13
 -8   -7.002351054732590e-10  -9.151399494611408e-12
 -7   +2.994292618292159e-10  +4.368770781776262e-10
 -6   -1.405464122276940e-07  -2.800387226943363e-08
 -5   +2.812544952329757e-08  +7.754444584194969e-08
 -4   -2.767693297049185e-05  -1.842923256999453e-05
 -3   -5.538250775252602e-06  +1.091465367404655e-05
 -2   -9.172047274745211e-04  -8.209570992371054e-03
 -1   -3.003536625504626e-05  -5.695472836488263e-04
 +0   +1.231744506280556e+00  +0.000000000000000e+00
 +1   -3.003536625504626e-05  +5.695472836488263e-04
 +2   -9.172047274745211e-04  +8.209570992371054e-03
 +3   -5.538250775252602e-06  -1.091465367404655e-05
 +4   -2.767693297049185e-05  +1.842923256999453e-05
 +5   +2.812544952329757e-08  -7.754444584194969e-08
 +6   -1.405464122276940e-07  +2.800387226943363e-08
 +7   +2.994292618292159e-10  -4.368770781776262e-10
 +8   -7.002351054732590e-10  +9.151399494611408e-12
 +9   +3.805089080652198e-12  -5.952232187046170e-13
+10   -5.179038258300593e-12  -2.489952359136927e-12
+11   +1.309350569731301e-12  +2.117442009889806e-12
+12   -1.188348129675290e-12  -2.011312023915263e-12
+13   +1.063594720775940e-12  +1.889638044850100e-12
+14   -9.783997353745974e-13  -1.780371083476298e-12
+15   +9.075484510904982e-13  +1.680775110860340e-12
+16   -8.481825644573136e-13  -1.590059285914922e-12
+17   +7.980103996055045e-13  +1.507265276649937e-12
+18   -7.552752146803643e-13  -1.431572446193349e-12
+19   +7.185376175576765e-13  +1.362209695353205e-12
+20   -6.868641433277334e-13  -1.298410938818806e-12
+21   +6.592529703135427e-13  +1.239582362673811e-12
+22   -6.351174839142302e-13  -1.185235636106163e-12
+23   +6.139155026983270e-13  +1.134874239258781e-12
+24   -5.951661491760566e-13  -1.088069916314546e-12
+25   +5.785187740118879e-13  +1.044532901691738e-12
+26   -5.637003875128041e-13  -1.003828611565964e-12
+27   +5.504133176596925e-13  +9.657926290797551e-13
+28   -5.384624397701074e-13  -9.300648880232848e-13
+29   +5.277033327174044e-13  +8.965796183558464e-13
+30   -5.179829126409570e-13  -8.650028573070630e-13

