-30   +6.767240436598443e-14  -1.129516359262524e-13
-29   -6.895491992289407e-14  +1.170824475872953e-13
-28   +7.035836893060463e-14  -1.214561429279020e-13
-27   -7.191855104274537e-14  +1.261187646050256e-13
-26   +7.366133842784598e-14  -1.310852545581148e-13
-25   -7.560010379698550e-14  +1.363949188393682e-13
-24   +7.778272154025748e-14  -1.420874823372602e-13
-23   -8.023593996474418e-14  +1.481973324440538e-13
-22   +8.301770391918174e-14  -1.547848484329419e-13
-21   -8.616681677832463e-14  +1.618790947580828e-13
-20   +8.975926666484900e-14  -1.695499378356623e-13
-19   -9.392061923619953e-14  +1.778780575830548e-13
-18   +9.872690365172699e-14  -1.869487511911098e-13
-17   -1.043137502153703e-13  +1.968345157739429e-13
-16   +1.108926171046471e-13  -2.076484425661500e-13
-15   -1.186631138504508e-13  +2.194922457971207e-13
-14   +1.278551897395210e-13  -2.324423785982531e-13
-13   -1.392584972007026e-13  +2.467657751487693e-13
-12   +1.438397405353373e-13  -2.544456230088022e-13
-11   -1.913999550517116e-13  +2.744046214182640e-13
-10   -1.333218500552318e-12  +7.075417129351964e-13
 -9   -2.760620871167482e-12  -5.643940559804821e-13
 -8   -2.752706389105511e-10  +1.084242439852967e-10
 -7   -2.700752775123149e-10  -1.590415434456668e-10
 -6   -5.215703562016105e-08  +3.994745608564939e-09
 -5   -1.821585759363375e-08  -2.642928728164671e-08
 -4   -9.494425059763699e-06  -4.258566590008687e-06
 -3   +8.221447028824569e-07  -9.946884574326508e-07
 -2   -2.928478023100937e-04  -2.180427499963780e-03
 -1   +8.459168928059027e-07  -8.488855512262291e-05
 +0   +1.593049542309823e-01  +0.000000000000000e+00
 +1   +8.459168928059027e-07  +8.488855512262291e-05
 +2   -2.928478023100937e-04  +2.180427499963780e-03
 +3   +8.221447028824569e-07  +9.946884574326508e-07
 +4   -9.494425059763699e-06  +4.258566590008687e-06
 +5   -1.821585759363375e-08  +2.642928728164671e-08
 +6   -5.215703562016105e-08  -3.994745608564939e-09
 +7   -2.700752775123149e-10  +1.590415434456668e-10
 +8   -2.752706389105511e-10  -1.084242439852967e-10
 +9   -2.760620871167482e-12  +5.643940559804821e-13
+10   -1.333218500552318e-12  -7.075417129351964e-13
+11   -1.913999550517116e-13  -2.744046214182640e-13
+12   +1.438397405353373e-13  +2.544456230088022e-13
+13   -1.392584972007026e-13  -2.467657751487693e-13
+14   +1.278551897395210e-13  +2.324423785982531e-13
+15   -1.186631138504508e-13  -2.194922457971207e-13
+16   +1.108926171046471e-13  +2.076484425661500e-13
+17   -1.043137502153703e-13  -1.968345157739429e-13
+18   +9.872690365172699e-14  +1.869487511911098e-13
+19   -9.392061923619953e-14  -1.778780575830548e-13
+20   +8.975926666484900e-14  +1.695499378356623e-13
+21   -8.616681677832463e-14  -1.618790947580828e-13
+22   +8.301770391918174e-14  +1.547848484329419e-13
+23   -8.023593996474418e-14  -1.481973324440538e-13
+24   +7.778272154025748e-14  +1.420874823372602e-13
+25   -7.560010379698550e-14  -1.363949188393682e-13
+26   +7.366133842784598e-14  +1.310852545581148e-13
+27   -7.191855104274537e-14  -1.261187646050256e-13
+28   +7.035836893060463e-14  +1.214561429279020e-13
+29   -6.895491992289407e-14  -1.170824475872953e-13
+30   +6.767240436598443e-14  +1.129516359262524e-13

