-30   +1.857301604457279e-13  -3.098282374639555e-13
-29   -1.892483273495633e-13  +3.211385958031556e-13
-28   +1.931175283586991e-13  -3.331534759772532e-13
-27   -1.974093740368257e-13  +3.459357346525826e-13
-26   +2.021858528994206e-13  -3.595575506854907e-13
-25   -2.075249600737890e-13  +3.741365883497915e-13
-24   +2.135131925490824e-13  -3.897380013309901e-13
-23   -2.202597870429432e-13  +4.064971998956519e-13
-22   +2.278959604864941e-13  -4.245458228080114e-13
-21   -2.365677644891563e-13  +4.440076036352891e-13
-20   +2.464911415285465e-13  -4.650790416983739e-13
-19   -2.579156860700146e-13  +4.879238772962914e-13
-18   +2.711134279823147e-13  -5.127767242233427e-13
-17   -2.864924576469034e-13  +5.398793414752533e-13
-16   +3.045689248353714e-13  -5.695384205423838e-13
-15   -3.259193929853649e-13  +6.020139906447433e-13
-14   +3.515032012115286e-13  -6.376803588917649e-13
-13   -3.819956777647652e-13  +6.768836418294987e-13
-12   +4.299570609986477e-13  -7.199187713518841e-13
-11   -4.539398784138432e-13  +7.695114043662299e-13
-10   +1.451300021341887e-12  -1.004343211818705e-12
 -9   +7.899272015992942e-13  +1.349516581514509e-12
 -8   +5.567281333142182e-11  -6.608219689903810e-11
 -7   +1.586927573226055e-10  +8.745962686411312e-11
 -6   -2.988050889382024e-09  -1.940216172098510e-08
 -5   +1.511583554041315e-08  +1.490464904254716e-08
 -4   -1.542433441569744e-06  -6.047262171729273e-06
 -3   +2.958861329537220e-07  +1.877251368572341e-06
 -2   +3.829921957388688e-04  -1.922523318996793e-03
 -1   +1.716943627803289e-05  -1.868175515420159e-04
 +0   +4.419115662297327e-01  +0.000000000000000e+00
 +1   +1.716943627803289e-05  +1.868175515420159e-04
 +2   +3.829921957388688e-04  +1.922523318996793e-03
 +3   +2.958861329537220e-07  -1.877251368572341e-06
 +4   -1.542433441569744e-06  +6.047262171729273e-06
 +5   +1.511583554041315e-08  -1.490464904254716e-08
 +6   -2.988050889382024e-09  +1.940216172098510e-08
 +7   +1.586927573226055e-10  -8.745962686411312e-11
 +8   +5.567281333142182e-11  +6.608219689903810e-11
 +9   +7.899272015992942e-13  -1.349516581514509e-12
+10   +1.451300021341887e-12  +1.004343211818705e-12
+11   -4.539398784138432e-13  -7.695114043662299e-13
+12   +4.299570609986477e-13  +7.199187713518841e-13
+13   -3.819956777647652e-13  -6.768836418294987e-13
+14   +3.515032012115286e-13  +6.376803588917649e-13
+15   -3.259193929853649e-13  -6.020139906447433e-13
+16   +3.045689248353714e-13  +5.695384205423838e-13
+17   -2.864924576469034e-13  -5.398793414752533e-13
+18   +2.711134279823147e-13  +5.127767242233427e-13
+19   -2.579156860700146e-13  -4.879238772962914e-13
+20   +2.464911415285465e-13  +4.650790416983739e-13
+21   -2.365677644891563e-13  -4.440076036352891e-13
+22   +2.278959604864941e-13  +4.245458228080114e-13
+23   -2.202597870429432e-13  -4.064971998956519e-13
+24   +2.135131925490824e-13  +3.897380013309901e-13
+25   -2.075249600737890e-13  -3.741365883497915e-13
+26   +2.021858528994206e-13  +3.595575506854907e-13
+27   -1.974093740368257e-13  -3.459357346525826e-13
+28   +1.931175283586991e-13  +3.331534759772532e-13
+29   -1.892483273495633e-13  -3.211385958031556e-13
+30   +1.857301604457279e-13  +3.098282374639555e-13

