-30   -1.180138041111471e-13  +1.969049840835813e-13
-29   +1.202376278024292e-13  -2.040897772141210e-13
-28   -1.227073433085467e-13  +2.117173904596770e-13
-27   +1.254294845644517e-13  -2.198434195399207e-13
-26   -1.284645507351163e-13  +2.285020028949299e-13
-25   +1.318491659922795e-13  -2.377691080909046e-13
-24   -1.356492698556535e-13  +2.476834087210044e-13
-23   +1.399463849820782e-13  -2.583318435309833e-13
-22   -1.447780516042892e-13  +2.697926547225356e-13
-21   +1.502909995063899e-13  -2.821587969076436e-13
-20   -1.565871698861085e-13  +2.955371826325939e-13
-19   +1.638410141415784e-13  -3.100670431697272e-13
-18   -1.722379805460888e-13  +3.258475449798526e-13
-17   +1.820026232905660e-13  -3.430718949575019e-13
-16   -1.934682736829214e-13  +3.619141178537076e-13
-15   +2.070334009466782e-13  -3.825462822756456e-13
-14   -2.232031108372663e-13  +4.049155237625610e-13
-13   +2.426530692608745e-13  -4.299760896667595e-13
-12   -2.665535411734122e-13  +4.230557895056180e-13
-11   +2.907034260401492e-13  -4.767428139728877e-13
-10   -4.009653526809127e-13  -3.812606288381461e-12
 -9   -2.412549201703244e-13  +4.454728406526111e-13
 -8   -1.127413363817470e-11  -5.653285802081752e-10
 -7   -8.094803241316641e-11  +8.061928053698196e-11
 -6   +2.431191562396348e-10  -7.837963470986012e-08
 -5   -1.014094247391799e-08  +3.344509350206380e-09
 -4   +1.258005555930679e-06  -1.188427946827060e-05
 -3   -8.144525243626525e-07  -6.201205227153501e-07
 -2   +9.284405560033409e-04  -1.838789700237711e-03
 -1   +3.423281167786634e-05  -1.227233569405953e-04
 +0   +2.780719833823010e-01  +0.000000000000000e+00
 +1   +3.423281167786634e-05  +1.227233569405953e-04
 +2   +9.284405560033409e-04  +1.838789700237711e-03
 +3   -8.144525243626525e-07  +6.201205227153501e-07
 +4   +1.258005555930679e-06  +1.188427946827060e-05
 +5   -1.014094247391799e-08  -3.344509350206380e-09
 +6   +2.431191562396348e-10  +7.837963470986012e-08
 +7   -8.094803241316641e-11  -8.061928053698196e-11
 +8   -1.127413363817470e-11  +5.653285802081752e-10
 +9   -2.412549201703244e-13  -4.454728406526111e-13
+10   -4.009653526809127e-13  +3.812606288381461e-12
+11   +2.907034260401492e-13  +4.767428139728877e-13
+12   -2.665535411734122e-13  -4.230557895056180e-13
+13   +2.426530692608745e-13  +4.299760896667595e-13
+14   -2.232031108372663e-13  -4.049155237625610e-13
+15   +2.070334009466782e-13  +3.825462822756456e-13
+16   -1.934682736829214e-13  -3.619141178537076e-13
+17   +1.820026232905660e-13  +3.430718949575019e-13
+18   -1.722379805460888e-13  -3.258475449798526e-13
+19   +1.638410141415784e-13  +3.100670431697272e-13
+20   -1.565871698861085e-13  -2.955371826325939e-13
+21   +1.502909995063899e-13  +2.821587969076436e-13
+22   -1.447780516042892e-13  -2.697926547225356e-13
+23   +1.399463849820782e-13  +2.583318435309833e-13
+24   -1.356492698556535e-13  -2.476834087210044e-13
+25   +1.318491659922795e-13  +2.377691080909046e-13
+26   -1.284645507351163e-13  -2.285020028949299e-13
+27   +1.254294845644517e-13  +2.198434195399207e-13
+28   -1.227073433085467e-13  -2.117173904596770e-13
+29   +1.202376278024292e-13  +2.040897772141210e-13
+30   -1.180138041111471e-13  -1.969049840835813e-13

