-30   -1.147124560520823e-15  +2.687979852925476e-15
-29   +1.156544012685005e-15  -2.767159099023356e-15
-28   -1.221219843373543e-15  +2.894478243699992e-15
-27   +1.167811703593181e-15  -3.057047688730584e-15
-26   -1.208814688889201e-15  +3.133291330796355e-15
-25   +1.189348628762904e-15  -3.294885615512728e-15
-24   -1.209122109612480e-15  +3.403976241135636e-15
-23   +1.175506454627100e-15  -3.604201372151751e-15
-22   -1.223530775163394e-15  +3.793363839460042e-15
-21   +1.188622217975831e-15  -3.994639919742992e-15
-20   -1.275162807455613e-15  +4.113006897724103e-15
-19   +1.291263029764353e-15  -4.434876702320610e-15
-18   -1.337045114516160e-15  +4.713301221355616e-15
-17   +1.261941130020401e-15  -5.050047641913633e-15
-16   -1.201224052330590e-15  +5.168899253574965e-15
-15   +1.092668406254706e-15  -5.545355961488729e-15
-14   +1.497999281024987e-14  -1.010521962231738e-14
-13   -2.396152726881130e-14  +1.860899078296588e-14
-12   +2.271069636265389e-12  -2.265152728968378e-12
-11   -2.633382321112043e-12  +2.626426871399277e-12
-10   +3.287792096619731e-10  -3.287307364048499e-10
 -9   -2.584949185229389e-10  +2.584407393533043e-10
 -8   +5.004741344650128e-08  -5.004119750754174e-08
 -7   -2.201028263384552e-08  +2.200578873094296e-08
 -6   +8.270000504477447e-06  -8.268995533903543e-06
 -5   -1.092841213423057e-06  +1.092467215569301e-06
 -4   +1.598503397933350e-03  -1.598315592816185e-03
 -3   +1.637751551178707e-04  -1.637939014957181e-04
 -2   +4.726362326374170e-01  -4.725852642650076e-01
 -1   -1.997712235423492e-04  +1.883978690081984e-04
 +0   -3.051643025242897e-03  +0.000000000000000e+00
 +1   -1.997712235423492e-04  -1.883978690081984e-04
 +2   +4.726362326374170e-01  +4.725852642650076e-01
 +3   +1.637751551178707e-04  +1.637939014957181e-04
 +4   +1.598503397933350e-03  +1.598315592816185e-03
 +5   -1.092841213423057e-06  -1.092467215569301e-06
 +6   +8.270000504477447e-06  +8.268995533903543e-06
 +7   -2.201028263384552e-08  -2.200578873094296e-08
 +8   +5.004741344650128e-08  +5.004119750754174e-08
 +9   -2.584949185229389e-10  -2.584407393533043e-10
+10   +3.287792096619731e-10  +3.287307364048499e-10
+11   -2.633382321112043e-12  -2.626426871399277e-12
+12   +2.271069636265389e-12  +2.265152728968378e-12
+13   -2.396152726881130e-14  -1.860899078296588e-14
+14   +1.497999281024987e-14  +1.010521962231738e-14
+15   +1.092668406254706e-15  +5.545355961488729e-15
+16   -1.201224052330590e-15  -5.168899253574965e-15
+17   +1.261941130020401e-15  +5.050047641913633e-15
+18   -1.337045114516160e-15  -4.713301221355616e-15
+19   +1.291263029764353e-15  +4.434876702320610e-15
+20   -1.275162807455613e-15  -4.113006897724103e-15
+21   +1.188622217975831e-15  +3.994639919742992e-15
+22   -1.223530775163394e-15  -3.793363839460042e-15
+23   +1.175506454627100e-15  +3.604201372151751e-15
+24   -1.209122109612480e-15  -3.403976241135636e-15
+25   +1.189348628762904e-15  +3.294885615512728e-15
+26   -1.208814688889201e-15  -3.133291330796355e-15
+27   +1.167811703593181e-15  +3.057047688730584e-15
+28   -1.221219843373543e-15  -2.894478243699992e-15
+29   +1.156544012685005e-15  +2.767159099023356e-15
+30   -1.147124560520823e-15  -2.687979852925476e-15

