-30   -2.405541837486799e-16  +8.016741049546337e-16
-29   +1.997839856846731e-16  -8.210336956879049e-16
-28   -2.233796717492581e-16  +8.559990904713183e-16
-27   +1.856976404742755e-16  -9.058528945855157e-16
-26   -1.927301729947619e-16  +9.325816212768086e-16
-25   +1.471212355443845e-16  -9.702352743940799e-16
-24   -1.971542284097937e-16  +1.001287357429059e-15
-23   +1.478007929768615e-16  -1.086695935468103e-15
-22   -1.456457727309891e-16  +1.109923753987059e-15
-21   +1.010769054016735e-16  -1.201095667092293e-15
-20   -1.076161939283274e-16  +1.223850778008335e-15
-19   +5.068831881562025e-17  -1.334695584232992e-15
-18   -1.230707183865588e-17  +1.399784186961407e-15
-17   -5.103354198299041e-17  -1.468935715394816e-15
-16   -4.001736757710436e-16  +1.090059299127216e-15
-15   +8.231692516180304e-17  -1.505253546660947e-15
-14   -5.363685302005278e-14  -5.198670900576541e-14
-13   +1.790458393403495e-14  +1.619204200174567e-14
-12   -6.680601930632994e-12  -6.679818556922951e-12
-11   +1.698871366388342e-12  +1.697551584470821e-12
-10   -8.383578985471680e-10  -8.384814457535960e-10
 -9   +1.428589067316086e-10  +1.429123356869844e-10
 -8   -1.066543611739957e-07  -1.066703568612019e-07
 -7   +9.214239427540230e-09  +9.220026050817609e-09
 -6   -1.384393564841383e-05  -1.384602013451243e-05
 -5   +5.978169060970076e-08  +6.037920741233790e-08
 -4   -1.856197416273788e-03  -1.856478791189022e-03
 -3   -1.228329969595879e-04  -1.227688606383726e-04
 -2   -2.644554566019710e-01  -2.644961096909403e-01
 -1   +1.020045940558533e-04  +1.140567745408195e-04
 +0   +3.793824116508688e-03  +0.000000000000000e+00
 +1   +1.020045940558533e-04  -1.140567745408195e-04
 +2   -2.644554566019710e-01  +2.644961096909403e-01
 +3   -1.228329969595879e-04  +1.227688606383726e-04
 +4   -1.856197416273788e-03  +1.856478791189022e-03
 +5   +5.978169060970076e-08  -6.037920741233790e-08
 +6   -1.384393564841383e-05  +1.384602013451243e-05
 +7   +9.214239427540230e-09  -9.220026050817609e-09
 +8   -1.066543611739957e-07  +1.066703568612019e-07
 +9   +1.428589067316086e-10  -1.429123356869844e-10
+10   -8.383578985471680e-10  +8.384814457535960e-10
+11   +1.698871366388342e-12  -1.697551584470821e-12
+12   -6.680601930632994e-12  +6.679818556922951e-12
+13   +1.790458393403495e-14  -1.619204200174567e-14
+14   -5.363685302005278e-14  +5.198670900576541e-14
+15   +8.231692516180304e-17  +1.505253546660947e-15
+16   -4.001736757710436e-16  -1.090059299127216e-15
+17   -5.103354198299041e-17  +1.468935715394816e-15
+18   -1.230707183865588e-17  -1.399784186961407e-15
+19   +5.068831881562025e-17  +1.334695584232992e-15
+20   -1.076161939283274e-16  -1.223850778008335e-15
+21   +1.010769054016735e-16  +1.201095667092293e-15
+22   -1.456457727309891e-16  -1.109923753987059e-15
+23   +1.478007929768615e-16  +1.086695935468103e-15
+24   -1.971542284097937e-16  -1.001287357429059e-15
+25   +1.471212355443845e-16  +9.702352743940799e-16
+26   -1.927301729947619e-16  -9.325816212768086e-16
+27   +1.856976404742755e-16  +9.058528945855157e-16
+28   -2.233796717492581e-16  -8.559990904713183e-16
+29   +1.997839856846731e-16  +8.210336956879049e-16
+30   -2.405541837486799e-16  -8.016741049546337e-16

