-30   -7.683111856736927e-13  +2.321175758696126e-12
-29   +7.551236866728011e-13  -2.408890072724739e-12
-28   -7.405487558904624e-13  +2.502424385732605e-12
-27   +7.243055097776092e-13  -2.602422758845394e-12
-26   -7.061829785416336e-13  +2.709593001156370e-12
-25   +6.858677593607582e-13  -2.824775887137623e-12
-24   -6.630024799427688e-13  +2.948920388242476e-12
-23   +6.371189318216933e-13  -3.083198952183448e-12
-22   -6.076878092628435e-13  +3.228864421112525e-12
-21   +5.739988076770337e-13  -3.387532797669436e-12
-20   -5.352534433773987e-13  +3.561009933880429e-12
-19   +4.903436975067831e-13  -3.751521906169649e-12
-18   -4.379259848708680e-13  +3.961712883113240e-12
-17   +3.762213318682424e-13  -4.194823000365845e-12
-16   -3.032352478686520e-13  +4.454508479281676e-12
-15   +2.156062277187323e-13  -4.745951631175817e-12
-14   -1.415438489313726e-13  +5.042986360038764e-12
-13   +3.705101319142343e-14  -5.391506486357814e-12
-12   -3.759314392224919e-12  +1.946074418830766e-12
-11   +5.365911131645836e-12  -6.345811824782893e-13
-10   -4.655472317828940e-10  -4.580585834720814e-10
 -9   +5.092926999109529e-10  +5.014176511474321e-10
 -8   -5.436735293171912e-08  -5.422200067334128e-08
 -7   +3.791885561039111e-08  +3.782210298461709e-08
 -6   -6.148729921852200e-06  -6.133104010542625e-06
 -5   +1.579931257707116e-06  +1.576689835432652e-06
 -4   -6.542141952759237e-04  -6.525591273346871e-04
 -3   -5.745391276824074e-05  -5.725736162117446e-05
 -2   -1.080408395865048e-01  -1.077579928959250e-01
 -1   +4.963566216100831e-05  +6.481447464298649e-05
 +0   +2.516000915727601e-03  +0.000000000000000e+00
 +1   +4.963566216100831e-05  -6.481447464298649e-05
 +2   -1.080408395865048e-01  +1.077579928959250e-01
 +3   -5.745391276824074e-05  +5.725736162117446e-05
 +4   -6.542141952759237e-04  +6.525591273346871e-04
 +5   +1.579931257707116e-06  -1.576689835432652e-06
 +6   -6.148729921852200e-06  +6.133104010542625e-06
 +7   +3.791885561039111e-08  -3.782210298461709e-08
 +8   -5.436735293171912e-08  +5.422200067334128e-08
 +9   +5.092926999109529e-10  -5.014176511474321e-10
+10   -4.655472317828940e-10  +4.580585834720814e-10
+11   +5.365911131645836e-12  +6.345811824782893e-13
+12   -3.759314392224919e-12  -1.946074418830766e-12
+13   +3.705101319142343e-14  +5.391506486357814e-12
+14   -1.415438489313726e-13  -5.042986360038764e-12
+15   +2.156062277187323e-13  +4.745951631175817e-12
+16   -3.032352478686520e-13  -4.454508479281676e-12
+17   +3.762213318682424e-13  +4.194823000365845e-12
+18   -4.379259848708680e-13  -3.961712883113240e-12
+19   +4.903436975067831e-13  +3.751521906169649e-12
+20   -5.352534433773987e-13  -3.561009933880429e-12
+21   +5.739988076770337e-13  +3.387532797669436e-12
+22   -6.076878092628435e-13  -3.228864421112525e-12
+23   +6.371189318216933e-13  +3.083198952183448e-12
+24   -6.630024799427688e-13  -2.948920388242476e-12
+25   +6.858677593607582e-13  +2.824775887137623e-12
+26   -7.061829785416336e-13  -2.709593001156370e-12
+27   +7.243055097776092e-13  +2.602422758845394e-12
+28   -7.405487558904624e-13  -2.502424385732605e-12
+29   +7.551236866728011e-13  +2.408890072724739e-12
+30   -7.683111856736927e-13  -2.321175758696126e-12

