-30   -6.538674681442493e-14  +1.782249969540794e-13
-29   +6.477654114231428e-14  -1.848325191049242e-13
-28   -6.416571453110750e-14  +1.919175046225373e-13
-27   +6.334106981733605e-14  -1.995158112317328e-13
-26   -6.254878141926114e-14  +2.075176701296901e-13
-25   +6.159330507992603e-14  -2.161954445262317e-13
-24   -6.055588770988635e-14  +2.254296867138549e-13
-23   +5.935404000581365e-14  -2.354803489145110e-13
-22   -5.804031103416527e-14  +2.463305816546832e-13
-21   +5.650611561849001e-14  -2.580709043145691e-13
-20   -5.484307580283876e-14  +2.707759076493454e-13
-19   +5.288285478353996e-14  -2.848272483041357e-13
-18   -5.061701911704372e-14  +3.001109615647535e-13
-17   +4.789077023838755e-14  -3.169622359766360e-13
-16   -4.467042900775863e-14  +3.352752418798896e-13
-15   +4.071461521165208e-14  -3.556778807925341e-13
-14   -1.032577899483175e-14  +3.524499972735141e-13
-13   -2.095626288875532e-14  -3.518294154715898e-13
-12   +3.615641455982068e-12  -3.217679152293963e-12
-11   -5.446448473717493e-12  +5.013080890480492e-12
-10   +5.149757150154441e-10  -5.158097093828833e-10
 -9   -5.419428333900263e-10  +5.427177504991033e-10
 -8   +7.599601723979959e-08  -7.619112964300116e-08
 -7   -4.900364953767709e-08  +4.911743653603860e-08
 -6   +1.195889519071122e-05  -1.198973214893039e-05
 -5   -3.312118049464607e-06  +3.318761799542559e-06
 -4   +2.097940245463239e-03  -2.103361400888471e-03
 -3   +1.741983546049629e-04  -1.750125265904152e-04
 -2   +4.539390097966982e-01  -4.551150408101498e-01
 -1   -2.138524833720130e-04  +1.997697881755381e-04
 +0   -3.813392970626973e-03  +0.000000000000000e+00
 +1   -2.138524833720130e-04  -1.997697881755381e-04
 +2   +4.539390097966982e-01  +4.551150408101498e-01
 +3   +1.741983546049629e-04  +1.750125265904152e-04
 +4   +2.097940245463239e-03  +2.103361400888471e-03
 +5   -3.312118049464607e-06  -3.318761799542559e-06
 +6   +1.195889519071122e-05  +1.198973214893039e-05
 +7   -4.900364953767709e-08  -4.911743653603860e-08
 +8   +7.599601723979959e-08  +7.619112964300116e-08
 +9   -5.419428333900263e-10  -5.427177504991033e-10
+10   +5.149757150154441e-10  +5.158097093828833e-10
+11   -5.446448473717493e-12  -5.013080890480492e-12
+12   +3.615641455982068e-12  +3.217679152293963e-12
+13   -2.095626288875532e-14  +3.518294154715898e-13
+14   -1.032577899483175e-14  -3.524499972735141e-13
+15   +4.071461521165208e-14  +3.556778807925341e-13
+16   -4.467042900775863e-14  -3.352752418798896e-13
+17   +4.789077023838755e-14  +3.169622359766360e-13
+18   -5.061701911704372e-14  -3.001109615647535e-13
+19   +5.288285478353996e-14  +2.848272483041357e-13
+20   -5.484307580283876e-14  -2.707759076493454e-13
+21   +5.650611561849001e-14  +2.580709043145691e-13
+22   -5.804031103416527e-14  -2.463305816546832e-13
+23   +5.935404000581365e-14  +2.354803489145110e-13
+24   -6.055588770988635e-14  -2.254296867138549e-13
+25   +6.159330507992603e-14  +2.161954445262317e-13
+26   -6.254878141926114e-14  -2.075176701296901e-13
+27   +6.334106981733605e-14  +1.995158112317328e-13
+28   -6.416571453110750e-14  -1.919175046225373e-13
+29   +6.477654114231428e-14  +1.848325191049242e-13
+30   -6.538674681442493e-14  -1.782249969540794e-13

