-30   -2.606232499756847e-13  +7.889652710105449e-13
-29   +2.561033115702500e-13  -8.187363695950854e-13
-28   -2.511107856862145e-13  +8.504935987493424e-13
-27   +2.455239653108166e-13  -8.844513287278947e-13
-26   -2.393125842726500e-13  +9.208142787030907e-13
-25   +2.323365080245668e-13  -9.599079971568687e-13
-24   -2.244917052057456e-13  +1.002011839120943e-12
-23   +2.156036828459460e-13  -1.047562857236103e-12
-22   -2.055180644725514e-13  +1.096957768825967e-12
-21   +1.939556201754173e-13  -1.150748508667559e-12
-20   -1.806786525085789e-13  +1.209520323261066e-12
-19   +1.652876218968821e-13  -1.274078543888390e-12
-18   -1.473201210635002e-13  +1.345243164140802e-12
-17   +1.261670002892659e-13  -1.424136342826994e-12
-16   -1.004304676774104e-13  +1.511383440444572e-12
-15   +7.088731985353484e-14  -1.610550110446891e-12
-14   +3.976354574953268e-14  +1.647483485285493e-12
-13   -1.678580752935228e-14  -1.841967495749098e-12
-12   +8.572941749453401e-12  -6.535243855107096e-12
-11   -5.880519919901783e-13  -1.709505720343069e-12
-10   +9.693377169521375e-10  -9.692334990351092e-10
 -9   -2.228764080865340e-11  +1.929575956660961e-11
 -8   +1.091825406906263e-07  -1.094585139509744e-07
 -7   +5.278683362441850e-10  -5.458674451869787e-10
 -6   +1.203024343575197e-05  -1.206100489492044e-05
 -5   +3.430352464347346e-07  -3.452943569565987e-07
 -4   +1.253118883415682e-03  -1.256319015505325e-03
 -3   +5.835216497242787e-05  -5.863597311977540e-05
 -2   +1.024766172931863e-01  -1.027355976706874e-01
 -1   -3.783865310057288e-05  +3.391921197618006e-05
 +0   -7.459954496814315e-04  +0.000000000000000e+00
 +1   -3.783865310057288e-05  -3.391921197618006e-05
 +2   +1.024766172931863e-01  +1.027355976706874e-01
 +3   +5.835216497242787e-05  +5.863597311977540e-05
 +4   +1.253118883415682e-03  +1.256319015505325e-03
 +5   +3.430352464347346e-07  +3.452943569565987e-07
 +6   +1.203024343575197e-05  +1.206100489492044e-05
 +7   +5.278683362441850e-10  +5.458674451869787e-10
 +8   +1.091825406906263e-07  +1.094585139509744e-07
 +9   -2.228764080865340e-11  -1.929575956660961e-11
+10   +9.693377169521375e-10  +9.692334990351092e-10
+11   -5.880519919901783e-13  +1.709505720343069e-12
+12   +8.572941749453401e-12  +6.535243855107096e-12
+13   -1.678580752935228e-14  +1.841967495749098e-12
+14   +3.976354574953268e-14  -1.647483485285493e-12
+15   +7.088731985353484e-14  +1.610550110446891e-12
+16   -1.004304676774104e-13  -1.511383440444572e-12
+17   +1.261670002892659e-13  +1.424136342826994e-12
+18   -1.473201210635002e-13  -1.345243164140802e-12
+19   +1.652876218968821e-13  +1.274078543888390e-12
+20   -1.806786525085789e-13  -1.209520323261066e-12
+21   +1.939556201754173e-13  +1.150748508667559e-12
+22   -2.055180644725514e-13  -1.096957768825967e-12
+23   +2.156036828459460e-13  +1.047562857236103e-12
+24   -2.244917052057456e-13  -1.002011839120943e-12
+25   +2.323365080245668e-13  +9.599079971568687e-13
+26   -2.393125842726500e-13  -9.208142787030907e-13
+27   +2.455239653108166e-13  +8.844513287278947e-13
+28   -2.511107856862145e-13  -8.504935987493424e-13
+29   +2.561033115702500e-13  +8.187363695950854e-13
+30   -2.606232499756847e-13  -7.889652710105449e-13

