-30   -2.357057640173732e-13  +6.630765202169372e-13
-29   +2.330133576946979e-13  -6.882502063723906e-13
-28   -2.301185731131515e-13  +7.150859623437950e-13
-27   +2.268267536531384e-13  -7.438147521039994e-13
-26   -2.232073741942482e-13  +7.746065548888643e-13
-25   +2.190919061226198e-13  -8.077485378527782e-13
-24   -2.145647733562910e-13  +8.434529694041648e-13
-23   +2.093423203601219e-13  -8.821680289797543e-13
-22   -2.034660876579564e-13  +9.241619995898005e-13
-21   +1.966836338342878e-13  -9.699862206049087e-13
-20   -1.889514549186724e-13  +1.020113676886199e-12
-19   +1.799304574719794e-13  -1.075311268480538e-12
-18   -1.694433320878907e-13  +1.136280171421253e-12
-17   +1.570968686330736e-13  -1.204053733774894e-12
-16   -1.434719143190981e-13  +1.278847678235064e-12
-15   +1.253364476100502e-13  -1.364820763363848e-12
-14   -2.151371943085006e-13  +1.350837263393204e-12
-13   +1.123597233649397e-13  -1.538050689049461e-12
-12   -1.318255616426614e-11  -1.140326503399635e-11
-11   +3.154187265945792e-12  +1.293769293852166e-12
-10   -1.552357583153931e-09  -1.546417458210679e-09
 -9   +2.581550376338616e-10  +2.555638327695393e-10
 -8   -1.838076951023650e-07  -1.833362676481093e-07
 -7   +1.670115678015505e-08  +1.667833166384423e-08
 -6   -2.180292332336492e-05  -2.174727742283925e-05
 -5   +2.947311686319284e-07  +2.966140408858652e-07
 -4   -2.584451580518049e-03  -2.577857472644050e-03
 -3   -1.548474126614838e-04  -1.541455190385343e-04
 -2   -2.997308743341368e-01  -2.989667909768922e-01
 -1   +1.198028939007556e-04  +1.420260698160145e-04
 +0   +5.275303784980127e-03  +0.000000000000000e+00
 +1   +1.198028939007556e-04  -1.420260698160145e-04
 +2   -2.997308743341368e-01  +2.989667909768922e-01
 +3   -1.548474126614838e-04  +1.541455190385343e-04
 +4   -2.584451580518049e-03  +2.577857472644050e-03
 +5   +2.947311686319284e-07  -2.966140408858652e-07
 +6   -2.180292332336492e-05  +2.174727742283925e-05
 +7   +1.670115678015505e-08  -1.667833166384423e-08
 +8   -1.838076951023650e-07  +1.833362676481093e-07
 +9   +2.581550376338616e-10  -2.555638327695393e-10
+10   -1.552357583153931e-09  +1.546417458210679e-09
+11   +3.154187265945792e-12  -1.293769293852166e-12
+12   -1.318255616426614e-11  +1.140326503399635e-11
+13   +1.123597233649397e-13  +1.538050689049461e-12
+14   -2.151371943085006e-13  -1.350837263393204e-12
+15   +1.253364476100502e-13  +1.364820763363848e-12
+16   -1.434719143190981e-13  -1.278847678235064e-12
+17   +1.570968686330736e-13  +1.204053733774894e-12
+18   -1.694433320878907e-13  -1.136280171421253e-12
+19   +1.799304574719794e-13  +1.075311268480538e-12
+20   -1.889514549186724e-13  -1.020113676886199e-12
+21   +1.966836338342878e-13  +9.699862206049087e-13
+22   -2.034660876579564e-13  -9.241619995898005e-13
+23   +2.093423203601219e-13  +8.821680289797543e-13
+24   -2.145647733562910e-13  -8.434529694041648e-13
+25   +2.190919061226198e-13  +8.077485378527782e-13
+26   -2.232073741942482e-13  -7.746065548888643e-13
+27   +2.268267536531384e-13  +7.438147521039994e-13
+28   -2.301185731131515e-13  -7.150859623437950e-13
+29   +2.330133576946979e-13  +6.882502063723906e-13
+30   -2.357057640173732e-13  -6.630765202169372e-13

