-30   -9.619607071805397e-13  +3.238563631831233e-12
-29   +9.359339320631729e-13  -3.358873986917533e-12
-28   -9.071700088640179e-13  +3.486978445285682e-12
-27   +8.752585997391989e-13  -3.623542640449952e-12
-26   -8.397188294327272e-13  +3.769644335070842e-12
-25   +8.000161869510322e-13  -3.926234136555322e-12
-24   -7.554537420033789e-13  +4.094556212160428e-12
-23   +7.052676665353521e-13  -4.275967759861947e-12
-22   -6.484098470999220e-13  +4.472094632212338e-12
-21   +5.837146804568278e-13  -4.684829991377678e-12
-20   -5.097108812166131e-13  +4.916351032767133e-12
-19   +4.244776638289471e-13  -5.169306900620167e-12
-18   -3.257312882927763e-13  +5.446746666644030e-12
-17   +2.105773042574100e-13  -5.752308349744736e-12
-16   -7.517724300809631e-14  +6.090372896684154e-12
-15   -8.541437891721035e-14  -6.466292893311205e-12
-14   +2.776076753777123e-13  +6.886585001362726e-12
-13   -5.098413679701534e-13  -7.358872767702259e-12
-12   +8.149601766098133e-13  +7.894952986271740e-12
-11   -1.160440586144888e-12  -8.478451509164976e-12
-10   +5.314065928894986e-12  +9.406780288102665e-12
 -9   -4.306758726686126e-12  -6.977061763778343e-12
 -8   +7.012227677772077e-10  -7.934839442674012e-13
 -7   -3.010850916492678e-10  +4.275594076797035e-10
 -6   +1.405490380447980e-07  -2.799335767039899e-08
 -5   -2.812959501994712e-08  +7.753242491467319e-08
 -4   +2.767693982044942e-05  -1.842921882499342e-05
 -3   +5.538239366754919e-06  +1.091463862415589e-05
 -2   +9.172047599091956e-04  -8.209570986146367e-03
 -1   +3.003534315254356e-05  -5.695472911182712e-04
 +0   -1.231744506256236e+00  +0.000000000000000e+00
 +1   +3.003534315254356e-05  +5.695472911182712e-04
 +2   +9.172047599091956e-04  +8.209570986146367e-03
 +3   +5.538239366754919e-06  -1.091463862415589e-05
 +4   +2.767693982044942e-05  +1.842921882499342e-05
 +5   -2.812959501994712e-08  -7.753242491467319e-08
 +6   +1.405490380447980e-07  +2.799335767039899e-08
 +7   -3.010850916492678e-10  -4.275594076797035e-10
 +8   +7.012227677772077e-10  +7.934839442674012e-13
 +9   -4.306758726686126e-12  +6.977061763778343e-12
+10   +5.314065928894986e-12  -9.406780288102665e-12
+11   -1.160440586144888e-12  +8.478451509164976e-12
+12   +8.149601766098133e-13  -7.894952986271740e-12
+13   -5.098413679701534e-13  +7.358872767702259e-12
+14   +2.776076753777123e-13  -6.886585001362726e-12
+15   -8.541437891721035e-14  +6.466292893311205e-12
+16   -7.517724300809631e-14  -6.090372896684154e-12
+17   +2.105773042574100e-13  +5.752308349744736e-12
+18   -3.257312882927763e-13  -5.446746666644030e-12
+19   +4.244776638289471e-13  +5.169306900620167e-12
+20   -5.097108812166131e-13  -4.916351032767133e-12
+21   +5.837146804568278e-13  +4.684829991377678e-12
+22   -6.484098470999220e-13  -4.472094632212338e-12
+23   +7.052676665353521e-13  +4.275967759861947e-12
+24   -7.554537420033789e-13  -4.094556212160428e-12
+25   +8.000161869510322e-13  +3.926234136555322e-12
+26   -8.397188294327272e-13  -3.769644335070842e-12
+27   +8.752585997391989e-13  +3.623542640449952e-12
+28   -9.071700088640179e-13  -3.486978445285682e-12
+29   +9.359339320631729e-13  +3.358873986917533e-12
+30   -9.619607071805397e-13  -3.238563631831233e-12

