-30   +1.685391001700220e-12  -5.634799539551874e-12
-29   -1.641211234221311e-12  +5.848053614639700e-12
-28   +1.592180002224075e-12  -6.075522358710402e-12
-27   -1.537558100988879e-12  +6.318706864634416e-12
-26   +1.476458591063187e-12  -6.579376334632149e-12
-25   -1.407828853209812e-12  +6.859575405565712e-12
-24   +1.330363307003670e-12  -7.161648943210639e-12
-23   -1.242499987930027e-12  +7.488338925121093e-12
-22   +1.142269916332173e-12  -7.842852754388750e-12
-21   -1.027249674106963e-12  +8.228967705273199e-12
-20   +8.943889856676322e-13  -8.651198756109958e-12
-19   -7.397682232617947e-13  +9.114855095785311e-12
-18   +5.583773857026508e-13  -9.626316041957500e-12
-17   -3.436810871547980e-13  +1.019337330510670e-11
-16   +8.699402823826905e-14  -1.082540100286644e-11
-15   +2.233798306856436e-13  +1.153389902444478e-11
-14   -6.035337193929122e-13  -1.233305223632436e-11
-13   +1.075600010154660e-12  +1.324003775204877e-11
-12   -1.681291385989878e-12  -1.428424392476306e-11
-11   +2.418824051304939e-12  +1.547237378985392e-11
-10   -4.975887778060636e-12  -1.784791222461935e-11
 -9   +2.274722862708450e-12  +1.931327181702080e-11
 -8   -2.822398174638311e-10  -1.290135697880248e-10
 -7   -2.603344223886435e-10  +1.816693604870694e-10
 -6   -5.217086935180570e-08  -4.019410377720585e-09
 -5   -1.819589638458360e-08  +2.645531072722588e-08
 -4   -9.494453590981725e-06  +4.258542090140098e-06
 -3   +8.221826791655729e-07  +9.947056606509645e-07
 -2   -2.928478117123820e-04  +2.180427557448443e-03
 -1   +8.459471904379851e-07  +8.488855113944183e-05
 +0   +1.593049542058605e-01  +0.000000000000000e+00
 +1   +8.459471904379851e-07  -8.488855113944183e-05
 +2   -2.928478117123820e-04  -2.180427557448443e-03
 +3   +8.221826791655729e-07  -9.947056606509645e-07
 +4   -9.494453590981725e-06  -4.258542090140098e-06
 +5   -1.819589638458360e-08  -2.645531072722588e-08
 +6   -5.217086935180570e-08  +4.019410377720585e-09
 +7   -2.603344223886435e-10  -1.816693604870694e-10
 +8   -2.822398174638311e-10  +1.290135697880248e-10
 +9   +2.274722862708450e-12  -1.931327181702080e-11
+10   -4.975887778060636e-12  +1.784791222461935e-11
+11   +2.418824051304939e-12  -1.547237378985392e-11
+12   -1.681291385989878e-12  +1.428424392476306e-11
+13   +1.075600010154660e-12  -1.324003775204877e-11
+14   -6.035337193929122e-13  +1.233305223632436e-11
+15   +2.233798306856436e-13  -1.153389902444478e-11
+16   +8.699402823826905e-14  +1.082540100286644e-11
+17   -3.436810871547980e-13  -1.019337330510670e-11
+18   +5.583773857026508e-13  +9.626316041957500e-12
+19   -7.397682232617947e-13  -9.114855095785311e-12
+20   +8.943889856676322e-13  +8.651198756109958e-12
+21   -1.027249674106963e-12  -8.228967705273199e-12
+22   +1.142269916332173e-12  +7.842852754388750e-12
+23   -1.242499987930027e-12  -7.488338925121093e-12
+24   +1.330363307003670e-12  +7.161648943210639e-12
+25   -1.407828853209812e-12  -6.859575405565712e-12
+26   +1.476458591063187e-12  +6.579376334632149e-12
+27   -1.537558100988879e-12  -6.318706864634416e-12
+28   +1.592180002224075e-12  +6.075522358710402e-12
+29   -1.641211234221311e-12  -5.848053614639700e-12
+30   +1.685391001700220e-12  +5.634799539551874e-12

