-30   +1.685890003850511e-13  -4.258830477068240e-13
-29   -1.681794154270528e-13  +4.431492927053474e-13
-28   +1.676853182696581e-13  -4.617172205180345e-13
-27   -1.670702671977606e-13  +4.817324501139244e-13
-26   +1.663130393485804e-13  -5.033780721729488e-13
-25   -1.653974711177507e-13  +5.268815944152932e-13
-24   +1.642382564007643e-13  -5.524902505762081e-13
-23   -1.628086639842183e-13  +5.805318762643864e-13
-22   +1.609937156075749e-13  -6.113639217248427e-13
-21   -1.587039505624938e-13  +6.454250990778318e-13
-20   +1.557672577047332e-13  -6.833384171740138e-13
-19   -1.519710006149121e-13  +7.257069596563351e-13
-18   +1.470088635295463e-13  -7.734310230177563e-13
-17   -1.404522000742844e-13  +8.275790449205190e-13
-16   +1.316614070627387e-13  -8.895155371168017e-13
-15   -1.197027937411154e-13  +9.610108164162588e-13
-14   +1.032801424171397e-13  -1.044347283382893e-12
-13   -7.978565004319975e-14  +1.142496943192683e-12
-12   +5.695922889436944e-14  -1.259434814898408e-12
-11   +1.419348597791617e-14  +1.397796964323951e-12
-10   +8.517394040229882e-13  -1.385482440116866e-12
 -9   +1.576731050825721e-12  +1.304687016501163e-12
 -8   +5.460990905858574e-11  +6.311577865620596e-11
 -7   +1.601773572655770e-10  -8.413633618381437e-11
 -6   -2.990197740984554e-09  +1.939847478347722e-08
 -5   +1.511902895322996e-08  -1.490072435417166e-08
 -4   -1.542438078488452e-06  +6.047258701510244e-06
 -3   +2.958924163228186e-07  -1.877249296298490e-06
 -2   +3.829921964670047e-04  +1.922523333411996e-03
 -1   +1.716943982257641e-05  +1.868175498468879e-04
 +0   +4.419115662275385e-01  +0.000000000000000e+00
 +1   +1.716943982257641e-05  -1.868175498468879e-04
 +2   +3.829921964670047e-04  -1.922523333411996e-03
 +3   +2.958924163228186e-07  +1.877249296298490e-06
 +4   -1.542438078488452e-06  -6.047258701510244e-06
 +5   +1.511902895322996e-08  +1.490072435417166e-08
 +6   -2.990197740984554e-09  -1.939847478347722e-08
 +7   +1.601773572655770e-10  +8.413633618381437e-11
 +8   +5.460990905858574e-11  -6.311577865620596e-11
 +9   +1.576731050825721e-12  -1.304687016501163e-12
+10   +8.517394040229882e-13  +1.385482440116866e-12
+11   +1.419348597791617e-14  -1.397796964323951e-12
+12   +5.695922889436944e-14  +1.259434814898408e-12
+13   -7.978565004319975e-14  -1.142496943192683e-12
+14   +1.032801424171397e-13  +1.044347283382893e-12
+15   -1.197027937411154e-13  -9.610108164162588e-13
+16   +1.316614070627387e-13  +8.895155371168017e-13
+17   -1.404522000742844e-13  -8.275790449205190e-13
+18   +1.470088635295463e-13  +7.734310230177563e-13
+19   -1.519710006149121e-13  -7.257069596563351e-13
+20   +1.557672577047332e-13  +6.833384171740138e-13
+21   -1.587039505624938e-13  -6.454250990778318e-13
+22   +1.609937156075749e-13  +6.113639217248427e-13
+23   -1.628086639842183e-13  -5.805318762643864e-13
+24   +1.642382564007643e-13  +5.524902505762081e-13
+25   -1.653974711177507e-13  -5.268815944152932e-13
+26   +1.663130393485804e-13  +5.033780721729488e-13
+27   -1.670702671977606e-13  -4.817324501139244e-13
+28   +1.676853182696581e-13  +4.617172205180345e-13
+29   -1.681794154270528e-13  -4.431492927053474e-13
+30   +1.685890003850511e-13  +4.258830477068240e-13

