-30   -1.013432363632554e-12  +2.373067049165576e-12
-29   +1.015965245162304e-12  -2.465606301285389e-12
-28   -1.018744798602466e-12  +2.564656135031993e-12
-27   +1.021807541090990e-12  -2.670959221853795e-12
-26   -1.025183736536420e-12  +2.785409272390222e-12
-25   +1.028910652898335e-12  -2.909032411028164e-12
-24   -1.033028892284265e-12  +3.043042605558027e-12
-23   +1.037599680282135e-12  -3.188881927945119e-12
-22   -1.042680189232212e-12  +3.348272666464159e-12
-21   +1.048327694522504e-12  -3.523282226943396e-12
-20   -1.054613809941892e-12  +3.716461697939324e-12
-19   +1.061592348630540e-12  -3.930907727073594e-12
-18   -1.069320965749605e-12  +4.170531741696503e-12
-17   +1.077852842855604e-12  -4.440186070254795e-12
-16   -1.087139071908559e-12  +4.746171652411461e-12
-15   +1.097015256663560e-12  -5.096684049351925e-12
-14   -1.107122989158785e-12  +5.502282407198620e-12
-13   +1.116580300078652e-12  -5.978418275775659e-12
-12   -1.123263649590732e-12  +6.510690691075805e-12
-11   +1.128726341538659e-12  -7.220808967221396e-12
-10   -1.040663645245230e-12  +3.748089971081560e-12
 -9   +1.682387023550027e-12  -8.158019245845044e-12
 -8   +9.892411141471671e-12  -5.553521204953537e-10
 -7   +8.212284364339499e-11  +6.877175624916418e-11
 -6   -2.437117780322674e-10  -7.836515243824419e-08
 -5   +1.014000425179337e-08  +3.326259044974842e-09
 -4   -1.258000352941893e-06  -1.188425633629740e-05
 -3   +8.144387312046744e-07  -6.201484986386534e-07
 -2   -9.284404880302225e-04  -1.838789693968567e-03
 -1   -3.423285039456021e-05  -1.227233713359601e-04
 +0   -2.780719833413004e-01  +0.000000000000000e+00
 +1   -3.423285039456021e-05  +1.227233713359601e-04
 +2   -9.284404880302225e-04  +1.838789693968567e-03
 +3   +8.144387312046744e-07  +6.201484986386534e-07
 +4   -1.258000352941893e-06  +1.188425633629740e-05
 +5   +1.014000425179337e-08  -3.326259044974842e-09
 +6   -2.437117780322674e-10  +7.836515243824419e-08
 +7   +8.212284364339499e-11  -6.877175624916418e-11
 +8   +9.892411141471671e-12  +5.553521204953537e-10
 +9   +1.682387023550027e-12  +8.158019245845044e-12
+10   -1.040663645245230e-12  -3.748089971081560e-12
+11   +1.128726341538659e-12  +7.220808967221396e-12
+12   -1.123263649590732e-12  -6.510690691075805e-12
+13   +1.116580300078652e-12  +5.978418275775659e-12
+14   -1.107122989158785e-12  -5.502282407198620e-12
+15   +1.097015256663560e-12  +5.096684049351925e-12
+16   -1.087139071908559e-12  -4.746171652411461e-12
+17   +1.077852842855604e-12  +4.440186070254795e-12
+18   -1.069320965749605e-12  -4.170531741696503e-12
+19   +1.061592348630540e-12  +3.930907727073594e-12
+20   -1.054613809941892e-12  -3.716461697939324e-12
+21   +1.048327694522504e-12  +3.523282226943396e-12
+22   -1.042680189232212e-12  -3.348272666464159e-12
+23   +1.037599680282135e-12  +3.188881927945119e-12
+24   -1.033028892284265e-12  -3.043042605558027e-12
+25   +1.028910652898335e-12  +2.909032411028164e-12
+26   -1.025183736536420e-12  -2.785409272390222e-12
+27   +1.021807541090990e-12  +2.670959221853795e-12
+28   -1.018744798602466e-12  -2.564656135031993e-12
+29   +1.015965245162304e-12  +2.465606301285389e-12
+30   -1.013432363632554e-12  -2.373067049165576e-12

