-30   +8.932308242975998e-16  -2.369618428319650e-15
-29   -8.021137240649302e-16  +2.459735747538736e-15
-28   +8.489923479921514e-16  -2.525921347158877e-15
-27   -7.915088692459824e-16  +2.675436204086080e-15
-26   +8.222154202605107e-16  -2.769343852659146e-15
-25   -7.365835967719436e-16  +2.878777149461579e-15
-24   +8.266643102751710e-16  -2.978808122738989e-15
-23   -7.509755456941823e-16  +3.195437792659140e-15
-22   +7.556894399558176e-16  -3.296390415145338e-15
-21   -6.790124398020894e-16  +3.537651429268899e-15
-20   +7.137513409831753e-16  -3.643458414954018e-15
-19   -6.316385502231273e-16  +3.925905880413589e-15
-18   +6.017776439571030e-16  -4.151413117783300e-15
-17   -4.823655367215282e-16  +4.389702794462681e-15
-16   +6.565368037628743e-16  -4.472350029176501e-15
-15   -6.637461587328186e-16  +4.767924019978285e-15
-14   +1.665969247742522e-14  +1.089925606554901e-14
-13   -2.549111320546933e-14  -1.941633053489704e-14
-12   +2.272748060315131e-12  +2.265986748706058e-12
-11   -2.634818223369237e-12  -2.627489085024442e-12
-10   +3.287806171435328e-10  +3.287318194926091e-10
 -9   -2.584960504538425e-10  -2.584420739091183e-10
 -8   +5.004741459259061e-08  +5.004119910912421e-08
 -7   -2.201028327779596e-08  -2.200579059110958e-08
 -6   +8.270000504871231e-06  +8.268995536239430e-06
 -5   -1.092841212980414e-06  -1.092467218662650e-06
 -4   +1.598503397932007e-03  +1.598315592820297e-03
 -3   +1.637751551201947e-04  +1.637939014902908e-04
 -2   +4.726362326374253e-01  +4.725852642650145e-01
 -1   -1.997712235385091e-04  -1.883978690099697e-04
 +0   -3.051643025245710e-03  +0.000000000000000e+00
 +1   -1.997712235385091e-04  +1.883978690099697e-04
 +2   +4.726362326374253e-01  -4.725852642650145e-01
 +3   +1.637751551201947e-04  -1.637939014902908e-04
 +4   +1.598503397932007e-03  -1.598315592820297e-03
 +5   -1.092841212980414e-06  +1.092467218662650e-06
 +6   +8.270000504871231e-06  -8.268995536239430e-06
 +7   -2.201028327779596e-08  +2.200579059110958e-08
 +8   +5.004741459259061e-08  -5.004119910912421e-08
 +9   -2.584960504538425e-10  +2.584420739091183e-10
+10   +3.287806171435328e-10  -3.287318194926091e-10
+11   -2.634818223369237e-12  +2.627489085024442e-12
+12   +2.272748060315131e-12  -2.265986748706058e-12
+13   -2.549111320546933e-14  +1.941633053489704e-14
+14   +1.665969247742522e-14  -1.089925606554901e-14
+15   -6.637461587328186e-16  -4.767924019978285e-15
+16   +6.565368037628743e-16  +4.472350029176501e-15
+17   -4.823655367215282e-16  -4.389702794462681e-15
+18   +6.017776439571030e-16  +4.151413117783300e-15
+19   -6.316385502231273e-16  -3.925905880413589e-15
+20   +7.137513409831753e-16  +3.643458414954018e-15
+21   -6.790124398020894e-16  -3.537651429268899e-15
+22   +7.556894399558176e-16  +3.296390415145338e-15
+23   -7.509755456941823e-16  -3.195437792659140e-15
+24   +8.266643102751710e-16  +2.978808122738989e-15
+25   -7.365835967719436e-16  -2.878777149461579e-15
+26   +8.222154202605107e-16  +2.769343852659146e-15
+27   -7.915088692459824e-16  -2.675436204086080e-15
+28   +8.489923479921514e-16  +2.525921347158877e-15
+29   -8.021137240649302e-16  -2.459735747538736e-15
+30   +8.932308242975998e-16  +2.369618428319650e-15

