-30   -3.536382725559239e-16  +6.275037024081876e-16
-29   +3.502491342111579e-16  -6.354999115980741e-16
-28   -3.983375463142019e-16  +6.655072108901755e-16
-27   +3.700589747501925e-16  -7.241055707379812e-16
-26   -4.053744381014119e-16  +7.303420288441490e-16
-25   +4.019445083175335e-16  -7.858963000862609e-16
-24   -4.126364124884649e-16  +7.948240241045207e-16
-23   +4.159483657065089e-16  -8.503020803975550e-16
-22   -4.406231141288744e-16  +8.879190723116984e-16
-21   +4.366807424485507e-16  -9.342121387033287e-16
-20   -4.928223435687533e-16  +9.476604860569575e-16
-19   +5.168070241915044e-16  -1.048372145417231e-15
-18   -5.481713075502371e-16  +1.118748203175820e-15
-17   +5.471196572652452e-16  -1.213235231357322e-15
-16   -1.678483192217833e-16  +8.027527371153834e-16
-15   +4.493341085036915e-16  -1.199564367636203e-15
-14   +5.312204625874319e-14  -5.230679544984944e-14
-13   -1.747148126477430e-14  +1.658128227659278e-14
-12   +6.680057013704604e-12  -6.680272396315210e-12
-11   -1.698450771397091e-12  +1.697983997079192e-12
-10   +8.383574475476331e-10  -8.384819581643924e-10
 -9   -1.428585424121887e-10  +1.429128529580100e-10
 -8   +1.066543607614385e-07  -1.066703573641855e-07
 -7   -9.214239187282888e-09  +9.220026622719476e-09
 -6   +1.384393564821162e-05  -1.384602013512533e-05
 -5   -5.978169074745373e-08  +6.037920795653290e-08
 -4   +1.856197416274310e-03  -1.856478791189478e-03
 -3   +1.228329969581292e-04  -1.227688606381533e-04
 -2   +2.644554566019739e-01  -2.644961096909463e-01
 -1   -1.020045940573869e-04  +1.140567745398044e-04
 +0   -3.793824116507042e-03  +0.000000000000000e+00
 +1   -1.020045940573869e-04  -1.140567745398044e-04
 +2   +2.644554566019739e-01  +2.644961096909463e-01
 +3   +1.228329969581292e-04  +1.227688606381533e-04
 +4   +1.856197416274310e-03  +1.856478791189478e-03
 +5   -5.978169074745373e-08  -6.037920795653290e-08
 +6   +1.384393564821162e-05  +1.384602013512533e-05
 +7   -9.214239187282888e-09  -9.220026622719476e-09
 +8   +1.066543607614385e-07  +1.066703573641855e-07
 +9   -1.428585424121887e-10  -1.429128529580100e-10
+10   +8.383574475476331e-10  +8.384819581643924e-10
+11   -1.698450771397091e-12  -1.697983997079192e-12
+12   +6.680057013704604e-12  +6.680272396315210e-12
+13   -1.747148126477430e-14  -1.658128227659278e-14
+14   +5.312204625874319e-14  +5.230679544984944e-14
+15   +4.493341085036915e-16  +1.199564367636203e-15
+16   -1.678483192217833e-16  -8.027527371153834e-16
+17   +5.471196572652452e-16  +1.213235231357322e-15
+18   -5.481713075502371e-16  -1.118748203175820e-15
+19   +5.168070241915044e-16  +1.048372145417231e-15
+20   -4.928223435687533e-16  -9.476604860569575e-16
+21   +4.366807424485507e-16  +9.342121387033287e-16
+22   -4.406231141288744e-16  -8.879190723116984e-16
+23   +4.159483657065089e-16  +8.503020803975550e-16
+24   -4.126364124884649e-16  -7.948240241045207e-16
+25   +4.019445083175335e-16  +7.858963000862609e-16
+26   -4.053744381014119e-16  -7.303420288441490e-16
+27   +3.700589747501925e-16  +7.241055707379812e-16
+28   -3.983375463142019e-16  -6.655072108901755e-16
+29   +3.502491342111579e-16  +6.354999115980741e-16
+30   -3.536382725559239e-16  -6.275037024081876e-16

