-30   -1.776356839400249e-16  +3.451122128662945e-16
-29   +2.168214514174019e-16  -5.196530940643770e-16
-28   -2.296949254024711e-16  +5.175106194031329e-16
-27   +2.296160527829566e-16  -5.612587430723694e-16
-26   -2.492435469959846e-16  +5.486877881343605e-16
-25   +1.876104152848619e-16  -5.525536321328413e-16
-24   -2.612679671190855e-16  +5.848106044453052e-16
-23   +2.438596550319701e-16  -6.409248743122581e-16
-22   -2.686816951645333e-16  +6.947049286810279e-16
-21   +2.541829018346742e-16  -7.113855361808091e-16
-20   -3.394055885271568e-16  +6.195992824076387e-16
-19   +2.709572165601052e-16  -7.913547242276533e-16
-18   -2.399006235191983e-16  +8.117618072969176e-16
-17   +3.240168249853741e-16  -9.282400762104430e-16
-16   -3.001053033698038e-16  +9.310006008526210e-16
-15   +2.828808542405141e-16  -9.470250918669403e-16
-14   -3.043669841505973e-16  +1.104907819805141e-15
-13   +1.254324269622060e-16  -1.151388773360261e-15
-12   -3.217606909549384e-16  +1.237239034308677e-15
-11   -2.262807116835669e-14  -1.351369186349030e-15
-10   +3.704975503866575e-15  +1.552483415349664e-15
 -9   -2.626130439284976e-12  -1.625065044862663e-15
 -8   +3.426328803935598e-13  +1.802643244363045e-15
 -7   -2.964330902087737e-10  -1.982799080183160e-15
 -6   +2.561242451787929e-11  +2.231674255576666e-15
 -5   -3.263553763272233e-08  -2.459258431931244e-15
 -4   +9.216723471231679e-10  +2.865831474273958e-15
 -3   -3.301918070165239e-06  -3.213172386741046e-15
 -2   -5.854696044759497e-07  +3.301245933801698e-15
 -1   -4.299678281513885e-07  -2.432671890651951e-15
 +0   -6.958313301198863e+00  +0.000000000000000e+00
 +1   -4.299678281513885e-07  +2.432671890651951e-15
 +2   -5.854696044759497e-07  -3.301245933801698e-15
 +3   -3.301918070165239e-06  +3.213172386741046e-15
 +4   +9.216723471231679e-10  -2.865831474273958e-15
 +5   -3.263553763272233e-08  +2.459258431931244e-15
 +6   +2.561242451787929e-11  -2.231674255576666e-15
 +7   -2.964330902087737e-10  +1.982799080183160e-15
 +8   +3.426328803935598e-13  -1.802643244363045e-15
 +9   -2.626130439284976e-12  +1.625065044862663e-15
+10   +3.704975503866575e-15  -1.552483415349664e-15
+11   -2.262807116835669e-14  +1.351369186349030e-15
+12   -3.217606909549384e-16  -1.237239034308677e-15
+13   +1.254324269622060e-16  +1.151388773360261e-15
+14   -3.043669841505973e-16  -1.104907819805141e-15
+15   +2.828808542405141e-16  +9.470250918669403e-16
+16   -3.001053033698038e-16  -9.310006008526210e-16
+17   +3.240168249853741e-16  +9.282400762104430e-16
+18   -2.399006235191983e-16  -8.117618072969176e-16
+19   +2.709572165601052e-16  +7.913547242276533e-16
+20   -3.394055885271568e-16  -6.195992824076387e-16
+21   +2.541829018346742e-16  +7.113855361808091e-16
+22   -2.686816951645333e-16  -6.947049286810279e-16
+23   +2.438596550319701e-16  +6.409248743122581e-16
+24   -2.612679671190855e-16  -5.848106044453052e-16
+25   +1.876104152848619e-16  +5.525536321328413e-16
+26   -2.492435469959846e-16  -5.486877881343605e-16
+27   +2.296160527829566e-16  +5.612587430723694e-16
+28   -2.296949254024711e-16  -5.175106194031329e-16
+29   +2.168214514174019e-16  +5.196530940643770e-16
+30   -1.776356839400249e-16  -3.451122128662945e-16

