-30   +1.055275656392595e-16  -1.889814783278880e-16
-29   -1.072150011422942e-16  +1.962128791422216e-16
-28   +1.091649438976368e-16  -2.036731309336231e-16
-27   -1.111411689463630e-16  +2.118383927943633e-16
-26   +1.138971433047619e-16  -2.204217512184963e-16
-25   -1.167011880290008e-16  +2.298407857874288e-16
-24   +1.196560736894371e-16  -2.395443808696449e-16
-23   -1.228021060505353e-16  +2.512921730744827e-16
-22   +1.270328198831333e-16  -2.638303261431422e-16
-21   -1.319342630939630e-16  +2.752871964918481e-16
-20   +1.371520217776768e-16  -2.888509196964198e-16
-19   -1.424162685092069e-16  +3.049891447650112e-16
-18   +1.495079937135744e-16  -3.232159497714186e-16
-17   -1.579973342509401e-16  +3.421635857571056e-16
-16   +1.676666641781891e-16  -3.641079370642697e-16
-15   -1.788608965786374e-16  +3.877492927721968e-16
-14   +1.934430549785029e-16  -4.110436831961420e-16
-13   -2.130420090408446e-16  +7.412370745610180e-16
-12   +2.336982441799300e-16  -5.572470382289413e-16
-11   -2.614108261465138e-16  +3.557295713240963e-14
-10   +2.980404257582271e-16  -7.524578613384704e-15
 -9   -3.408338782308651e-16  +4.130007988230378e-12
 -8   +4.079343354697371e-16  -5.156670884551776e-13
 -7   -5.028147895245386e-16  +4.853872614819434e-10
 -6   +6.260397824555310e-16  -2.090559015767050e-11
 -5   -8.245974362467025e-16  +5.643769485999945e-08
 -4   +1.124331388402043e-15  +3.379413040038266e-09
 -3   -1.653584689778267e-15  +6.165784904753738e-06
 -2   +2.603478650447093e-15  +1.732705486666434e-06
 -1   -3.781409043717436e-15  -2.883697047917301e-06
 +0   +4.365239564339497e-15  +0.000000000000000e+00
 +1   -3.781409043717436e-15  +2.883697047917301e-06
 +2   +2.603478650447093e-15  -1.732705486666434e-06
 +3   -1.653584689778267e-15  -6.165784904753738e-06
 +4   +1.124331388402043e-15  -3.379413040038266e-09
 +5   -8.245974362467025e-16  -5.643769485999945e-08
 +6   +6.260397824555310e-16  +2.090559015767050e-11
 +7   -5.028147895245386e-16  -4.853872614819434e-10
 +8   +4.079343354697371e-16  +5.156670884551776e-13
 +9   -3.408338782308651e-16  -4.130007988230378e-12
+10   +2.980404257582271e-16  +7.524578613384704e-15
+11   -2.614108261465138e-16  -3.557295713240963e-14
+12   +2.336982441799300e-16  +5.572470382289413e-16
+13   -2.130420090408446e-16  -7.412370745610180e-16
+14   +1.934430549785029e-16  +4.110436831961420e-16
+15   -1.788608965786374e-16  -3.877492927721968e-16
+16   +1.676666641781891e-16  +3.641079370642697e-16
+17   -1.579973342509401e-16  -3.421635857571056e-16
+18   +1.495079937135744e-16  +3.232159497714186e-16
+19   -1.424162685092069e-16  -3.049891447650112e-16
+20   +1.371520217776768e-16  +2.888509196964198e-16
+21   -1.319342630939630e-16  -2.752871964918481e-16
+22   +1.270328198831333e-16  +2.638303261431422e-16
+23   -1.228021060505353e-16  -2.512921730744827e-16
+24   +1.196560736894371e-16  +2.395443808696449e-16
+25   -1.167011880290008e-16  -2.298407857874288e-16
+26   +1.138971433047619e-16  +2.204217512184963e-16
+27   -1.111411689463630e-16  -2.118383927943633e-16
+28   +1.091649438976368e-16  +2.036731309336231e-16
+29   -1.072150011422942e-16  -1.962128791422216e-16
+30   +1.055275656392595e-16  +1.889814783278880e-16

