-30   -4.625929269271481e-18  +1.247639156269036e-17
-29   +4.330551430872951e-18  -1.103912063351990e-17
-28   -5.695780956512826e-18  +1.043032864528774e-17
-27   +3.773313607466755e-18  -1.107190953483445e-17
-26   -4.696514613255975e-18  +1.207356865256942e-17
-25   +3.269143789645486e-18  -1.214068513088329e-17
-24   -4.729918571357735e-18  +1.189764543469799e-17
-23   +3.709610765602687e-18  -1.335549410176114e-17
-22   -5.304982905645341e-18  +1.562858326574534e-17
-21   +5.448497164983220e-18  -1.422632093256932e-17
-20   -7.830867079910757e-18  +1.726420306514116e-17
-19   +5.596872928411845e-18  -1.716731038392263e-17
-18   -5.678547768630908e-18  +1.686358183047495e-17
-17   +4.781879041503969e-18  -1.923811674982477e-17
-16   -6.348706293726684e-18  +2.018203521205128e-17
-15   +6.270385048217124e-18  -2.435490713679535e-17
-14   -5.818394025819692e-18  +2.323082866482679e-17
-13   +3.033634879845010e-18  -2.420559998130419e-17
-12   -7.230530773732050e-18  +2.536504477247921e-17
-11   -4.673733536930307e-16  -2.744704168940353e-17
-10   +9.602141010266493e-17  +2.629109025358616e-17
 -9   -5.423600231031899e-14  -3.218407436968881e-17
 -8   +8.746496156848651e-15  +3.700964686261821e-17
 -7   -6.121910427489680e-12  -4.096355888303362e-17
 -6   +6.173856854801286e-13  +4.553283951551492e-17
 -5   -6.739924135388474e-10  -5.194439024735572e-17
 -4   +1.899737794583755e-11  +5.864814589274392e-17
 -3   -6.819592438796920e-08  -6.596778467134153e-17
 -2   -1.209187776605907e-08  +6.765436088656646e-17
 -1   -8.880311458923864e-09  -5.023182308579995e-17
 +0   +1.437129885811783e-01  +0.000000000000000e+00
 +1   -8.880311458923864e-09  +5.023182308579995e-17
 +2   -1.209187776605907e-08  -6.765436088656646e-17
 +3   -6.819592438796920e-08  +6.596778467134153e-17
 +4   +1.899737794583755e-11  -5.864814589274392e-17
 +5   -6.739924135388474e-10  +5.194439024735572e-17
 +6   +6.173856854801286e-13  -4.553283951551492e-17
 +7   -6.121910427489680e-12  +4.096355888303362e-17
 +8   +8.746496156848651e-15  -3.700964686261821e-17
 +9   -5.423600231031899e-14  +3.218407436968881e-17
+10   +9.602141010266493e-17  -2.629109025358616e-17
+11   -4.673733536930307e-16  +2.744704168940353e-17
+12   -7.230530773732050e-18  -2.536504477247921e-17
+13   +3.033634879845010e-18  +2.420559998130419e-17
+14   -5.818394025819692e-18  -2.323082866482679e-17
+15   +6.270385048217124e-18  +2.435490713679535e-17
+16   -6.348706293726684e-18  -2.018203521205128e-17
+17   +4.781879041503969e-18  +1.923811674982477e-17
+18   -5.678547768630908e-18  -1.686358183047495e-17
+19   +5.596872928411845e-18  +1.716731038392263e-17
+20   -7.830867079910757e-18  -1.726420306514116e-17
+21   +5.448497164983220e-18  +1.422632093256932e-17
+22   -5.304982905645341e-18  -1.562858326574534e-17
+23   +3.709610765602687e-18  +1.335549410176114e-17
+24   -4.729918571357735e-18  -1.189764543469799e-17
+25   +3.269143789645486e-18  +1.214068513088329e-17
+26   -4.696514613255975e-18  -1.207356865256942e-17
+27   +3.773313607466755e-18  +1.107190953483445e-17
+28   -5.695780956512826e-18  -1.043032864528774e-17
+29   +4.330551430872951e-18  +1.103912063351990e-17
+30   -4.625929269271481e-18  -1.247639156269036e-17

