-30   -2.198767596231427e-16  +4.698216586358274e-16
-29   +2.310662893554505e-16  -5.061745128645162e-16
-28   -2.377268481096643e-16  +5.367181059851442e-16
-27   +2.437666242890486e-16  -5.450131483192967e-16
-26   -2.401423601522227e-16  +5.700709607665960e-16
-25   +2.251026949471271e-16  -5.827843283343704e-16
-24   -2.441523785303432e-16  +6.230875462981160e-16
-23   +2.476694515688337e-16  -6.465204307646321e-16
-22   -2.576965683269271e-16  +6.785927588681020e-16
-21   +2.603472945972605e-16  -7.132417857517310e-16
-20   -2.605038586527025e-16  +7.808377841491581e-16
-19   +2.642441692591632e-16  -7.915369548312538e-16
-18   -2.778930930789727e-16  +8.362732257425291e-16
-17   +2.840641748120916e-16  -8.744041509604092e-16
-16   -2.958236754114255e-16  +9.346385796264820e-16
-15   +2.906123754624618e-16  -9.904246814903071e-16
-14   -3.193180621760695e-16  +1.066534128502477e-15
-13   +1.344662799451877e-16  -1.146472549593491e-15
-12   -3.232174092975524e-16  +1.237799223874568e-15
-11   -2.262822449929018e-14  -1.343708583970447e-15
-10   +3.555367268534460e-15  +1.457222495057990e-15
 -9   -2.626146092664312e-12  -1.602277741861928e-15
 -8   +3.426271208360470e-13  +1.770047901690780e-15
 -7   -2.964331006280192e-10  -1.987132052801019e-15
 -6   +2.561241445853717e-11  +2.232699392537321e-15
 -5   -3.263553757843068e-08  -2.539312467144243e-15
 -4   +9.216723536136680e-10  +2.866662889571354e-15
 -3   -3.301918070176498e-06  -3.188377158298295e-15
 -2   -5.854696044846872e-07  +3.301831937332675e-15
 -1   -4.299678281904118e-07  -2.432916441001979e-15
 +0   -9.999999874013085e-01  +0.000000000000000e+00
 +1   -4.299678281904118e-07  +2.432916441001979e-15
 +2   -5.854696044846872e-07  -3.301831937332675e-15
 +3   -3.301918070176498e-06  +3.188377158298295e-15
 +4   +9.216723536136680e-10  -2.866662889571354e-15
 +5   -3.263553757843068e-08  +2.539312467144243e-15
 +6   +2.561241445853717e-11  -2.232699392537321e-15
 +7   -2.964331006280192e-10  +1.987132052801019e-15
 +8   +3.426271208360470e-13  -1.770047901690780e-15
 +9   -2.626146092664312e-12  +1.602277741861928e-15
+10   +3.555367268534460e-15  -1.457222495057990e-15
+11   -2.262822449929018e-14  +1.343708583970447e-15
+12   -3.232174092975524e-16  -1.237799223874568e-15
+13   +1.344662799451877e-16  +1.146472549593491e-15
+14   -3.193180621760695e-16  -1.066534128502477e-15
+15   +2.906123754624618e-16  +9.904246814903071e-16
+16   -2.958236754114255e-16  -9.346385796264820e-16
+17   +2.840641748120916e-16  +8.744041509604092e-16
+18   -2.778930930789727e-16  -8.362732257425291e-16
+19   +2.642441692591632e-16  +7.915369548312538e-16
+20   -2.605038586527025e-16  -7.808377841491581e-16
+21   +2.603472945972605e-16  +7.132417857517310e-16
+22   -2.576965683269271e-16  -6.785927588681020e-16
+23   +2.476694515688337e-16  +6.465204307646321e-16
+24   -2.441523785303432e-16  -6.230875462981160e-16
+25   +2.251026949471271e-16  +5.827843283343704e-16
+26   -2.401423601522227e-16  -5.700709607665960e-16
+27   +2.437666242890486e-16  +5.450131483192967e-16
+28   -2.377268481096643e-16  -5.367181059851442e-16
+29   +2.310662893554505e-16  +5.061745128645162e-16
+30   -2.198767596231427e-16  -4.698216586358274e-16

