-30   -2.534464540987066e-16  +4.855225832226653e-16
-29   +2.272428099901637e-16  -5.070666400826364e-16
-28   -2.424896407797392e-16  +5.366194705857348e-16
-27   +2.456251650993727e-16  -5.499193974826992e-16
-26   -2.394242566020842e-16  +5.700309286870639e-16
-25   +2.396360833747962e-16  -5.901413929595587e-16
-24   -2.336556859630494e-16  +6.197359840351338e-16
-23   +2.637719650802012e-16  -6.486902291427167e-16
-22   -2.572380284612625e-16  +6.763454046367167e-16
-21   +2.477090614899702e-16  -7.114424385748965e-16
-20   -2.422658429984227e-16  +7.532150592449323e-16
-19   +2.634799359718508e-16  -7.884336113411161e-16
-18   -2.750855746153009e-16  +8.349834086493756e-16
-17   +2.692289780322867e-16  -8.724879166195384e-16
-16   -3.056799977356058e-16  +9.352639653240325e-16
-15   +3.112200967728276e-16  -9.966916570311921e-16
-14   -3.199196786156270e-16  +1.065588106239364e-15
-13   +1.355583181094642e-16  -1.155022951715091e-15
-12   -2.273591846410284e-16  +1.234108295306152e-15
-11   -2.263503086230924e-14  -1.343801978992693e-15
-10   +1.116546966796228e-14  +1.466724250525496e-15
 -9   -2.625341940049252e-12  -1.603174836487144e-15
 -8   +9.047822649587676e-13  +1.775275565705978e-15
 -7   -2.962822191692404e-10  -1.989443009163446e-15
 -6   +5.539532692889227e-11  +2.230602120869314e-15
 -5   -3.262099991017518e-08  -2.530918663017727e-15
 -4   +9.087652068691013e-10  +2.866465392403298e-15
 -3   -3.301922697009665e-06  -3.187781211720800e-15
 -2   -5.854447961897437e-07  +3.300218833005121e-15
 -1   -4.299691833101167e-07  -2.429889228644899e-15
 +0   +1.000000012572216e+00  +0.000000000000000e+00
 +1   -4.299691833101167e-07  +2.429889228644899e-15
 +2   -5.854447961897437e-07  -3.300218833005121e-15
 +3   -3.301922697009665e-06  +3.187781211720800e-15
 +4   +9.087652068691013e-10  -2.866465392403298e-15
 +5   -3.262099991017518e-08  +2.530918663017727e-15
 +6   +5.539532692889227e-11  -2.230602120869314e-15
 +7   -2.962822191692404e-10  +1.989443009163446e-15
 +8   +9.047822649587676e-13  -1.775275565705978e-15
 +9   -2.625341940049252e-12  +1.603174836487144e-15
+10   +1.116546966796228e-14  -1.466724250525496e-15
+11   -2.263503086230924e-14  +1.343801978992693e-15
+12   -2.273591846410284e-16  -1.234108295306152e-15
+13   +1.355583181094642e-16  +1.155022951715091e-15
+14   -3.199196786156270e-16  -1.065588106239364e-15
+15   +3.112200967728276e-16  +9.966916570311921e-16
+16   -3.056799977356058e-16  -9.352639653240325e-16
+17   +2.692289780322867e-16  +8.724879166195384e-16
+18   -2.750855746153009e-16  -8.349834086493756e-16
+19   +2.634799359718508e-16  +7.884336113411161e-16
+20   -2.422658429984227e-16  -7.532150592449323e-16
+21   +2.477090614899702e-16  +7.114424385748965e-16
+22   -2.572380284612625e-16  -6.763454046367167e-16
+23   +2.637719650802012e-16  +6.486902291427167e-16
+24   -2.336556859630494e-16  -6.197359840351338e-16
+25   +2.396360833747962e-16  +5.901413929595587e-16
+26   -2.394242566020842e-16  -5.700309286870639e-16
+27   +2.456251650993727e-16  +5.499193974826992e-16
+28   -2.424896407797392e-16  -5.366194705857348e-16
+29   +2.272428099901637e-16  +5.070666400826364e-16
+30   -2.534464540987066e-16  -4.855225832226653e-16

