-30   -3.978222483018167e-14  -5.488130927296078e-15
-29   -1.202027652323520e-14  -4.448821012296503e-14
-28   +3.274466977588041e-15  -3.711286276108982e-16
-27   +1.118696066135017e-14  +8.431621373958018e-15
-26   -2.317774020338682e-14  +1.500301245437282e-15
-25   +1.176404634624743e-14  +1.678424223257531e-15
-24   +2.853328810510711e-14  +3.113660290853917e-14
-23   -2.327845170677524e-14  -1.525243999314407e-14
-22   +2.938261735465920e-14  -3.299207717143420e-14
-21   +1.187033909321017e-13  -5.585641287388207e-14
-20   +6.741653544191154e-15  -1.059345702274233e-14
-19   +5.489422446334599e-14  -5.113000867367271e-14
-18   -4.245706659314171e-14  -3.383466454700357e-15
-17   +5.967538969135715e-14  -1.738065151384538e-14
-16   -6.424784163119021e-14  +4.749155676521462e-14
-15   -4.226436797187229e-12  -1.896378806939828e-14
-14   +1.180663812862317e-12  -3.222318002828944e-14
-13   -4.839589876690598e-10  -9.016098002638451e-16
-12   +1.055816084103941e-10  +1.944967081358348e-14
-11   -5.622286253755676e-08  +5.636139771485834e-14
-10   +9.039881793916706e-09  +4.099532777082629e-15
 -9   -6.525647015661080e-06  -8.705860904524128e-14
 -8   +6.789293645522363e-07  -1.330181089083780e-14
 -7   -7.563889371534945e-04  +9.174670585082328e-15
 -6   +3.647784987132019e-05  +2.886717420774897e-14
 -5   -8.747881161793840e-02  +7.441732415477039e-15
 -4   -4.691678606359990e-04  +2.564850482744230e-14
 -3   -1.007821640331304e+01  +9.127229366757333e-16
 -2   -5.174533449185641e-01  -4.289651303243918e-15
 -1   -1.157592617460526e+03  +7.512248539386083e-14
 +0   -6.509704281244908e+00  +0.000000000000000e+00
 +1   -1.157592617460526e+03  -7.512248539386083e-14
 +2   -5.174533449185641e-01  +4.289651303243918e-15
 +3   -1.007821640331304e+01  -9.127229366757333e-16
 +4   -4.691678606359990e-04  -2.564850482744230e-14
 +5   -8.747881161793840e-02  -7.441732415477039e-15
 +6   +3.647784987132019e-05  -2.886717420774897e-14
 +7   -7.563889371534945e-04  -9.174670585082328e-15
 +8   +6.789293645522363e-07  +1.330181089083780e-14
 +9   -6.525647015661080e-06  +8.705860904524128e-14
+10   +9.039881793916706e-09  -4.099532777082629e-15
+11   -5.622286253755676e-08  -5.636139771485834e-14
+12   +1.055816084103941e-10  -1.944967081358348e-14
+13   -4.839589876690598e-10  +9.016098002638451e-16
+14   +1.180663812862317e-12  +3.222318002828944e-14
+15   -4.226436797187229e-12  +1.896378806939828e-14
+16   -6.424784163119021e-14  -4.749155676521462e-14
+17   +5.967538969135715e-14  +1.738065151384538e-14
+18   -4.245706659314171e-14  +3.383466454700357e-15
+19   +5.489422446334599e-14  +5.113000867367271e-14
+20   +6.741653544191154e-15  +1.059345702274233e-14
+21   +1.187033909321017e-13  +5.585641287388207e-14
+22   +2.938261735465920e-14  +3.299207717143420e-14
+23   -2.327845170677524e-14  +1.525243999314407e-14
+24   +2.853328810510711e-14  -3.113660290853917e-14
+25   +1.176404634624743e-14  -1.678424223257531e-15
+26   -2.317774020338682e-14  -1.500301245437282e-15
+27   +1.118696066135017e-14  -8.431621373958018e-15
+28   +3.274466977588041e-15  +3.711286276108982e-16
+29   -1.202027652323520e-14  +4.448821012296503e-14
+30   -3.978222483018167e-14  +5.488130927296078e-15

