-30   +1.175351729109417e-14  -1.575127928950055e-14
-29   +2.196290382059792e-14  +2.521501879121314e-14
-28   +9.635114538490745e-15  -2.535177784569648e-14
-27   +1.926860454799822e-14  -1.802617990046765e-14
-26   +1.449609463806415e-14  +4.121809419523085e-15
-25   +2.040825618312186e-14  -1.396598806725323e-14
-24   +2.180164162726933e-15  -5.053891678712193e-15
-23   +7.808486442297953e-15  +6.111805470018692e-16
-22   +1.015469215999363e-14  +3.679227121250149e-15
-21   -1.318254404792331e-14  -4.841977952502629e-14
-20   -1.179217769766581e-14  -3.699577322678802e-14
-19   +4.367768683422028e-14  +4.829357728285593e-14
-18   -1.964070088197093e-14  +1.028562277233939e-14
-17   +1.420084463417258e-14  -5.416566976661090e-14
-16   +2.032039960173577e-14  +5.621306810674277e-14
-15   -4.597313625970466e-14  +4.128957729899640e-12
-14   +6.603773333553388e-14  -1.140907904395374e-12
-13   -7.622091478835639e-14  +4.840026795150444e-10
-12   +3.229437332176304e-14  -1.055725196514089e-10
-11   -9.855882441708411e-15  +5.623057835559691e-08
-10   +5.305957439915529e-14  -9.042518781142835e-09
 -9   -3.415650811658072e-15  +6.526838060692858e-06
 -8   +2.119442641167911e-14  -6.792539984090595e-07
 -7   -4.428775182566572e-14  +7.565861855909205e-04
 -6   +4.129756390797171e-14  -3.652005196148521e-05
 -5   -7.449596495234800e-15  +8.751524616337723e-02
 -4   -4.952197920791542e-14  +4.635263804638108e-04
 -3   +4.404874594084651e-14  +1.008652639220141e+01
 -2   -1.372052533808626e-16  +5.166706650069975e-01
 -1   +1.169335926298012e-13  +1.161107611792875e+03
 +0   -1.122065403554492e-14  +0.000000000000000e+00
 +1   +1.169335926298012e-13  -1.161107611792875e+03
 +2   -1.372052533808626e-16  -5.166706650069975e-01
 +3   +4.404874594084651e-14  -1.008652639220141e+01
 +4   -4.952197920791542e-14  -4.635263804638108e-04
 +5   -7.449596495234800e-15  -8.751524616337723e-02
 +6   +4.129756390797171e-14  +3.652005196148521e-05
 +7   -4.428775182566572e-14  -7.565861855909205e-04
 +8   +2.119442641167911e-14  +6.792539984090595e-07
 +9   -3.415650811658072e-15  -6.526838060692858e-06
+10   +5.305957439915529e-14  +9.042518781142835e-09
+11   -9.855882441708411e-15  -5.623057835559691e-08
+12   +3.229437332176304e-14  +1.055725196514089e-10
+13   -7.622091478835639e-14  -4.840026795150444e-10
+14   +6.603773333553388e-14  +1.140907904395374e-12
+15   -4.597313625970466e-14  -4.128957729899640e-12
+16   +2.032039960173577e-14  -5.621306810674277e-14
+17   +1.420084463417258e-14  +5.416566976661090e-14
+18   -1.964070088197093e-14  -1.028562277233939e-14
+19   +4.367768683422028e-14  -4.829357728285593e-14
+20   -1.179217769766581e-14  +3.699577322678802e-14
+21   -1.318254404792331e-14  +4.841977952502629e-14
+22   +1.015469215999363e-14  -3.679227121250149e-15
+23   +7.808486442297953e-15  -6.111805470018692e-16
+24   +2.180164162726933e-15  +5.053891678712193e-15
+25   +2.040825618312186e-14  +1.396598806725323e-14
+26   +1.449609463806415e-14  -4.121809419523085e-15
+27   +1.926860454799822e-14  +1.802617990046765e-14
+28   +9.635114538490745e-15  +2.535177784569648e-14
+29   +2.196290382059792e-14  -2.521501879121314e-14
+30   +1.175351729109417e-14  +1.575127928950055e-14

