-30   -8.724985297235640e-21  +3.614007241603980e-21
-29   -1.927658297011464e-21  +1.457367417127100e-21
-28   -2.291644502147987e-21  +1.815224899602203e-22
-27   -4.362330283178492e-22  +2.169388557556243e-21
-26   +6.451119906770265e-21  +2.160464157927086e-21
-25   -5.291620973818904e-21  -1.035651861761090e-21
-24   +1.623973785215684e-21  -2.467570334947825e-22
-23   +4.080943311805480e-21  +4.285715553564709e-22
-22   +7.800927933509068e-21  +7.013774382723314e-22
-21   -1.409067209704540e-21  -2.442619040239401e-21
-20   +0.000000000000000e+00  +0.000000000000000e+00
-19   +3.387036628291875e-22  -9.003160855229353e-22
-18   +5.298237987356713e-21  +2.020272164000608e-21
-17   -2.497886767839419e-21  -9.026197165827729e-22
-16   +8.360769519845478e-21  +1.584382854738183e-21
-15   -4.467768591945597e-21  -5.292593105840318e-22
-14   -3.124097473750892e-20  +1.052128331002545e-21
-13   +2.091403610381371e-20  +1.295660014480578e-21
-12   -4.186189087796077e-18  +3.423950290144622e-21
-11   +2.986282574812203e-18  +1.977508836652467e-21
-10   -6.464410572330259e-16  -3.614007241578905e-21
 -9   +4.290900036479569e-16  +3.982156279419178e-21
 -8   -1.065843392270037e-13  -1.032131872534727e-21
 -7   +6.577052700587551e-14  +2.502353507053828e-21
 -6   -1.949615699196057e-11  +1.250924991671866e-21
 -5   +1.120104969219334e-11  +4.649658586579097e-21
 -4   -4.321917785633840e-09  -1.633709282479315e-21
 -3   +2.262575137946280e-09  +4.750842916480602e-22
 -2   -1.546969507812219e-06  +5.082197683525802e-22
 -1   -6.939369740028110e-07  +1.234374055425798e-21
 +0   +4.312776021153408e-04  +0.000000000000000e+00
 +1   -6.939369740028110e-07  -1.234374055425798e-21
 +2   -1.546969507812219e-06  -5.082197683525802e-22
 +3   +2.262575137946280e-09  -4.750842916480602e-22
 +4   -4.321917785633840e-09  +1.633709282479315e-21
 +5   +1.120104969219334e-11  -4.649658586579097e-21
 +6   -1.949615699196057e-11  -1.250924991671866e-21
 +7   +6.577052700587551e-14  -2.502353507053828e-21
 +8   -1.065843392270037e-13  +1.032131872534727e-21
 +9   +4.290900036479569e-16  -3.982156279419178e-21
+10   -6.464410572330259e-16  +3.614007241578905e-21
+11   +2.986282574812203e-18  -1.977508836652467e-21
+12   -4.186189087796077e-18  -3.423950290144622e-21
+13   +2.091403610381371e-20  -1.295660014480578e-21
+14   -3.124097473750892e-20  -1.052128331002545e-21
+15   -4.467768591945597e-21  +5.292593105840318e-22
+16   +8.360769519845478e-21  -1.584382854738183e-21
+17   -2.497886767839419e-21  +9.026197165827729e-22
+18   +5.298237987356713e-21  -2.020272164000608e-21
+19   +3.387036628291875e-22  +9.003160855229353e-22
+20   +0.000000000000000e+00  -0.000000000000000e+00
+21   -1.409067209704540e-21  +2.442619040239401e-21
+22   +7.800927933509068e-21  -7.013774382723314e-22
+23   +4.080943311805480e-21  -4.285715553564709e-22
+24   +1.623973785215684e-21  +2.467570334947825e-22
+25   -5.291620973818904e-21  +1.035651861761090e-21
+26   +6.451119906770265e-21  -2.160464157927086e-21
+27   -4.362330283178492e-22  -2.169388557556243e-21
+28   -2.291644502147987e-21  -1.815224899602203e-22
+29   -1.927658297011464e-21  -1.457367417127100e-21
+30   -8.724985297235640e-21  -3.614007241603980e-21

