-30   -4.345684836912920e-14  -4.400306785803506e-16
-29   -7.459189018710738e-15  +2.646033066600170e-15
-28   -6.164724572075301e-15  -1.376332398142090e-15
-27   +2.968411804147003e-16  +3.211204533635778e-14
-26   -3.909898668880000e-14  -2.840950544898005e-15
-25   +7.674680810794257e-16  +2.052152132964852e-15
-24   -8.800766007641303e-15  +1.789125057769961e-14
-23   -2.946300037116035e-14  -1.083117463202728e-14
-22   +1.304332300998094e-14  -4.285277624109910e-14
-21   +4.180989786451338e-14  +9.386000956110804e-15
-20   +5.840721456196335e-15  -1.446348628860070e-14
-19   +1.528357987439989e-14  +3.769446219500668e-14
-18   -3.953155993512397e-14  -2.565881324451296e-15
-17   +6.219671300342955e-14  -1.799648629567464e-14
-16   -5.838732928734719e-14  +6.758876303531619e-14
-15   -4.219467799664590e-12  -1.690798880099113e-14
-14   +1.175146875958352e-12  -2.750660281541940e-14
-13   -4.839496021643704e-10  -3.669538149746870e-15
-12   +1.055781411081354e-10  +1.671305963513283e-14
-11   -5.622288013839540e-08  +4.986915113088797e-14
-10   +9.039874980519928e-09  -5.483377022028954e-15
 -9   -6.525644421826816e-06  -8.992296819985881e-14
 -8   +6.789290241557848e-07  -3.438456718949028e-15
 -7   -7.563886407293272e-04  +2.040021798643240e-14
 -6   +3.647782427317878e-05  +3.891859373201738e-14
 -5   -8.747877898240126e-02  +1.095327532378102e-14
 -4   -4.691687823065596e-04  +8.190457377631728e-15
 -3   -1.007821310139496e+01  +2.470110161097742e-14
 -2   -5.174527594489563e-01  +5.085256953861675e-15
 -1   -1.157592617030559e+03  +3.817426313433561e-14
 +0   -6.509704293843608e+00  +0.000000000000000e+00
 +1   -1.157592617030559e+03  -3.817426313433561e-14
 +2   -5.174527594489563e-01  -5.085256953861675e-15
 +3   -1.007821310139496e+01  -2.470110161097742e-14
 +4   -4.691687823065596e-04  -8.190457377631728e-15
 +5   -8.747877898240126e-02  -1.095327532378102e-14
 +6   +3.647782427317878e-05  -3.891859373201738e-14
 +7   -7.563886407293272e-04  -2.040021798643240e-14
 +8   +6.789290241557848e-07  +3.438456718949028e-15
 +9   -6.525644421826816e-06  +8.992296819985881e-14
+10   +9.039874980519928e-09  +5.483377022028954e-15
+11   -5.622288013839540e-08  -4.986915113088797e-14
+12   +1.055781411081354e-10  -1.671305963513283e-14
+13   -4.839496021643704e-10  +3.669538149746870e-15
+14   +1.175146875958352e-12  +2.750660281541940e-14
+15   -4.219467799664590e-12  +1.690798880099113e-14
+16   -5.838732928734719e-14  -6.758876303531619e-14
+17   +6.219671300342955e-14  +1.799648629567464e-14
+18   -3.953155993512397e-14  +2.565881324451296e-15
+19   +1.528357987439989e-14  -3.769446219500668e-14
+20   +5.840721456196335e-15  +1.446348628860070e-14
+21   +4.180989786451338e-14  -9.386000956110804e-15
+22   +1.304332300998094e-14  +4.285277624109910e-14
+23   -2.946300037116035e-14  +1.083117463202728e-14
+24   -8.800766007641303e-15  -1.789125057769961e-14
+25   +7.674680810794257e-16  -2.052152132964852e-15
+26   -3.909898668880000e-14  +2.840950544898005e-15
+27   +2.968411804147003e-16  -3.211204533635778e-14
+28   -6.164724572075301e-15  +1.376332398142090e-15
+29   -7.459189018710738e-15  -2.646033066600170e-15
+30   -4.345684836912920e-14  +4.400306785803506e-16

