-30   +9.024840088678316e-15  -1.940035541221934e-14
-29   +6.291526507427480e-14  +2.065268455913886e-14
-28   +1.272907113158169e-14  -3.834995278699390e-14
-27   +1.649401306960829e-14  -1.688104605488757e-14
-26   +1.387053971755913e-14  -8.271987039414546e-16
-25   +1.235245350224308e-14  -1.130270134944919e-14
-24   +2.855910734815818e-14  +9.923928355499869e-15
-23   +1.368077532072260e-14  +1.705523528337101e-16
-22   +6.493612535697833e-15  +1.755222645318251e-14
-21   +4.279425110929933e-15  +2.563189321557296e-14
-20   -9.541139201416407e-15  -4.041985200320532e-14
-19   -1.000320911713826e-14  -1.444540887848786e-16
-18   -2.120127744941466e-14  +9.186448311075276e-15
-17   +1.376187379095561e-14  -4.520681896977211e-14
-16   +2.235361807501320e-14  +3.057346743782848e-14
-15   -4.731104325697299e-14  +4.110429583921485e-12
-14   +7.366191181649198e-14  -1.130825419837400e-12
-13   -7.580058904580009e-14  +4.840098256928307e-10
-12   +2.959133821792700e-14  -1.055745550975353e-10
-11   -2.195461580959129e-14  +5.623055374630873e-08
-10   +4.979835738979402e-14  -9.042511196225011e-09
 -9   -9.997683593898195e-15  +6.526833905011248e-06
 -8   +3.721256808726975e-14  -6.792534658506690e-07
 -7   -4.431447108470482e-14  +7.565857001839250e-04
 -6   +3.657391911090134e-14  -3.652003105992106e-05
 -5   -8.450184996178222e-15  +8.751518972567715e-02
 -4   -1.668209894253884e-14  +4.635230010491466e-04
 -3   +4.355284632318061e-14  +1.008652022641651e+01
 -2   -7.507235765184194e-15  +5.166689323015198e-01
 -1   +1.103018604293736e-13  +1.161107614676572e+03
 +0   -7.963999829977790e-15  +0.000000000000000e+00
 +1   +1.103018604293736e-13  -1.161107614676572e+03
 +2   -7.507235765184194e-15  -5.166689323015198e-01
 +3   +4.355284632318061e-14  -1.008652022641651e+01
 +4   -1.668209894253884e-14  -4.635230010491466e-04
 +5   -8.450184996178222e-15  -8.751518972567715e-02
 +6   +3.657391911090134e-14  +3.652003105992106e-05
 +7   -4.431447108470482e-14  -7.565857001839250e-04
 +8   +3.721256808726975e-14  +6.792534658506690e-07
 +9   -9.997683593898195e-15  -6.526833905011248e-06
+10   +4.979835738979402e-14  +9.042511196225011e-09
+11   -2.195461580959129e-14  -5.623055374630873e-08
+12   +2.959133821792700e-14  +1.055745550975353e-10
+13   -7.580058904580009e-14  -4.840098256928307e-10
+14   +7.366191181649198e-14  +1.130825419837400e-12
+15   -4.731104325697299e-14  -4.110429583921485e-12
+16   +2.235361807501320e-14  -3.057346743782848e-14
+17   +1.376187379095561e-14  +4.520681896977211e-14
+18   -2.120127744941466e-14  -9.186448311075276e-15
+19   -1.000320911713826e-14  +1.444540887848786e-16
+20   -9.541139201416407e-15  +4.041985200320532e-14
+21   +4.279425110929933e-15  -2.563189321557296e-14
+22   +6.493612535697833e-15  -1.755222645318251e-14
+23   +1.368077532072260e-14  -1.705523528337101e-16
+24   +2.855910734815818e-14  -9.923928355499869e-15
+25   +1.235245350224308e-14  +1.130270134944919e-14
+26   +1.387053971755913e-14  +8.271987039414546e-16
+27   +1.649401306960829e-14  +1.688104605488757e-14
+28   +1.272907113158169e-14  +3.834995278699390e-14
+29   +6.291526507427480e-14  -2.065268455913886e-14
+30   +9.024840088678316e-15  +1.940035541221934e-14

