-30   +1.058518213803052e-21  +7.666467083405449e-21
-29   -6.703624613039444e-21  -4.385799403126523e-22
-28   -3.979938021267360e-21  -7.851546987178661e-22
-27   -3.959786962268440e-21  +1.307078901503772e-21
-26   -2.017900472707786e-21  +4.294072831867987e-21
-25   -3.953383666348401e-21  -3.349490583967881e-21
-24   -3.229798479695871e-21  +1.261147999660567e-21
-23   +2.956366768892701e-21  +1.384866227224853e-21
-22   +3.315380622504913e-21  +1.101821751017709e-21
-21   -8.856894346529549e-22  -2.750401741969264e-21
-20   +0.000000000000000e+00  +0.000000000000000e+00
-19   +5.225591792112875e-21  +1.072116759958050e-22
-18   +3.760507106848813e-21  -9.107668835590038e-22
-17   -5.973208685560349e-21  -1.397519217086010e-21
-16   +6.515962960745679e-21  +1.481809606073662e-21
-15   -6.748157762865931e-21  +4.891751683731428e-21
-14   -3.000244170420559e-20  -3.916158308978317e-21
-13   +2.511230752203395e-20  +7.889610680904716e-23
-12   -4.188396244082565e-18  -2.004031463420703e-21
-11   +2.986590832023835e-18  +7.011410598384699e-22
-10   -6.465052460359717e-16  +1.620115124542847e-21
 -9   +4.291752988008698e-16  -1.494759645059216e-21
 -8   -1.065948773625483e-13  -1.047275215868616e-21
 -7   +6.578073944487800e-14  +3.959169417632168e-22
 -6   -1.949783398035815e-11  +3.738716889717126e-22
 -5   +1.120205703318981e-11  +3.152867459493247e-21
 -4   -4.322186789824399e-09  -1.029178118138477e-21
 -3   +2.262463407361124e-09  -2.066524644825915e-21
 -2   -1.546968312824566e-06  +1.261726161014218e-21
 -1   -6.939367617408397e-07  -1.172611236355172e-21
 +0   +4.312776016458313e-04  +0.000000000000000e+00
 +1   -6.939367617408397e-07  +1.172611236355172e-21
 +2   -1.546968312824566e-06  -1.261726161014218e-21
 +3   +2.262463407361124e-09  +2.066524644825915e-21
 +4   -4.322186789824399e-09  +1.029178118138477e-21
 +5   +1.120205703318981e-11  -3.152867459493247e-21
 +6   -1.949783398035815e-11  -3.738716889717126e-22
 +7   +6.578073944487800e-14  -3.959169417632168e-22
 +8   -1.065948773625483e-13  +1.047275215868616e-21
 +9   +4.291752988008698e-16  +1.494759645059216e-21
+10   -6.465052460359717e-16  -1.620115124542847e-21
+11   +2.986590832023835e-18  -7.011410598384699e-22
+12   -4.188396244082565e-18  +2.004031463420703e-21
+13   +2.511230752203395e-20  -7.889610680904716e-23
+14   -3.000244170420559e-20  +3.916158308978317e-21
+15   -6.748157762865931e-21  -4.891751683731428e-21
+16   +6.515962960745679e-21  -1.481809606073662e-21
+17   -5.973208685560349e-21  +1.397519217086010e-21
+18   +3.760507106848813e-21  +9.107668835590038e-22
+19   +5.225591792112875e-21  -1.072116759958050e-22
+20   +0.000000000000000e+00  -0.000000000000000e+00
+21   -8.856894346529549e-22  +2.750401741969264e-21
+22   +3.315380622504913e-21  -1.101821751017709e-21
+23   +2.956366768892701e-21  -1.384866227224853e-21
+24   -3.229798479695871e-21  -1.261147999660567e-21
+25   -3.953383666348401e-21  +3.349490583967881e-21
+26   -2.017900472707786e-21  -4.294072831867987e-21
+27   -3.959786962268440e-21  -1.307078901503772e-21
+28   -3.979938021267360e-21  +7.851546987178661e-22
+29   -6.703624613039444e-21  +4.385799403126523e-22
+30   +1.058518213803052e-21  -7.666467083405449e-21

