-30   +1.6123006841176062e-17  +3.6228193891117267e-17
-29   +1.4897264845781978e-17  +3.7997174725136521e-17
-28   +1.4266983750567721e-17  +3.8024134667073304e-17
-27   +1.3427939415659442e-17  +4.5590604444588940e-17
-26   +1.8094784716135115e-17  +2.5251987699221149e-17
-25   +5.6104393215768485e-18  +1.0608363421364840e-16
-24   +4.8113297901698344e-17  -1.7693674711399677e-16
-23   -1.0379356515413956e-16  +8.6270288461246594e-16
-22   +4.4080982414663265e-16  -2.8987670022830531e-15
-21   -1.4952410952575913e-15  +1.0710006183637447e-14
-20   +5.3635732872059855e-15  -3.8334759242477920e-14
-19   -1.8832780025569643e-14  +1.3791316846296651e-13
-18   +6.6029900514515873e-14  -4.9316886299342430e-13
-17   -2.2962611099615140e-13  +1.7578286236819150e-12
-16   +7.9254108505400319e-13  -6.2365817397936966e-12
-15   -2.7099260889706671e-12  +2.2019021430942658e-11
-14   +9.1649125237583165e-12  -7.7307575694897467e-11
-13   -3.0585413960251106e-11  +2.6971259673017416e-10
-12   +1.0040428931455454e-10  -9.3418157143429265e-10
-11   -3.2277426689487525e-10  +3.2086071765502581e-09
-10   +1.0093852826022087e-09  -1.0912661375159049e-08
 -9   -3.0380720161764386e-09  +3.6683252815368122e-08
 -8   +8.6373182840413107e-09  -1.2158140113940368e-07
 -7   -2.2325706779183431e-08  +3.9598418666053066e-07
 -6   +4.7404747762251410e-08  -1.2614849673908179e-06
 -5   -4.8971219411246311e-08  +3.9022730107042766e-06
 -4   -2.6497716085504355e-07  -1.1604002528643020e-05
 -3   +2.4632404992809096e-06  +3.2238082850255226e-05
 -2   -1.4552512064255849e-05  -8.3269190783357095e-05
 -1   +6.2020233744947100e-06  +5.1220512658006225e-06
 +0   +4.1943007201475029e-02  +0.0000000000000000e+00
 +1   +6.2020233744947100e-06  -5.1220512658006225e-06
 +2   -1.4552512064255849e-05  +8.3269190783357095e-05
 +3   +2.4632404992809096e-06  -3.2238082850255226e-05
 +4   -2.6497716085504355e-07  +1.1604002528643020e-05
 +5   -4.8971219411246311e-08  -3.9022730107042766e-06
 +6   +4.7404747762251410e-08  +1.2614849673908179e-06
 +7   -2.2325706779183431e-08  -3.9598418666053066e-07
 +8   +8.6373182840413107e-09  +1.2158140113940368e-07
 +9   -3.0380720161764386e-09  -3.6683252815368122e-08
+10   +1.0093852826022087e-09  +1.0912661375159049e-08
+11   -3.2277426689487525e-10  -3.2086071765502581e-09
+12   +1.0040428931455454e-10  +9.3418157143429265e-10
+13   -3.0585413960251106e-11  -2.6971259673017416e-10
+14   +9.1649125237583165e-12  +7.7307575694897467e-11
+15   -2.7099260889706671e-12  -2.2019021430942658e-11
+16   +7.9254108505400319e-13  +6.2365817397936966e-12
+17   -2.2962611099615140e-13  -1.7578286236819150e-12
+18   +6.6029900514515873e-14  +4.9316886299342430e-13
+19   -1.8832780025569643e-14  -1.3791316846296651e-13
+20   +5.3635732872059855e-15  +3.8334759242477920e-14
+21   -1.4952410952575913e-15  -1.0710006183637447e-14
+22   +4.4080982414663265e-16  +2.8987670022830531e-15
+23   -1.0379356515413956e-16  -8.6270288461246594e-16
+24   +4.8113297901698344e-17  +1.7693674711399677e-16
+25   +5.6104393215768485e-18  -1.0608363421364840e-16
+26   +1.8094784716135115e-17  -2.5251987699221149e-17
+27   +1.3427939415659442e-17  -4.5590604444588940e-17
+28   +1.4266983750567721e-17  -3.8024134667073304e-17
+29   +1.4897264845781978e-17  -3.7997174725136521e-17
+30   +1.6123006841176062e-17  -3.6228193891117267e-17

