-30   +4.3607502821927286e-18  +1.0253646706670964e-19
-29   +4.6907221132577424e-18  +1.5875925920179677e-18
-28   -1.6242028480122600e-17  +1.2779237906461935e-18
-27   -3.1946918785303493e-18  -2.2731311078795462e-18
-26   -1.3752633783922862e-17  +1.3637637822116801e-17
-25   +5.4349020384260663e-17  -4.2925644538671952e-17
-24   -2.1014017140157012e-16  +1.5855510936459857e-16
-23   +7.7954844553879022e-16  -5.7746207266422175e-16
-22   -2.8210363186034248e-15  +2.0999826476653655e-15
-21   +1.0190694518652177e-14  -7.5910381291622991e-15
-20   -3.6602393483359110e-14  +2.7379352656308878e-14
-19   +1.3102915561669334e-13  -9.8416316757021664e-14
-18   -4.6719777247541619e-13  +3.5256491286082414e-13
-17   +1.6587498221284723e-12  -1.2581909583583364e-12
-16   -5.8610321390114841e-12  +4.4710839449621209e-12
-15   +2.0597680417400065e-11  -1.5813271900227016e-11
-14   -7.1945976813355876e-11  +5.5631527538726030e-11
-13   +2.4955515735725799e-10  -1.9453927324690950e-10
-12   -8.5870210556378098e-10  +6.7563761986417260e-10
-11   +2.9273023304563988e-09  -2.3280406889732026e-09
-10   -9.8701940236856210e-09  +7.9483590080421888e-09
 -9   +3.2846868040788806e-08  -2.6845091840617939e-08
 -8   -1.0758660208108981e-07  +8.9503191324929007e-08
 -7   +3.4551448355776848e-07  -2.9375296908145552e-07
 -6   -1.0822785457522345e-06  +9.4554076273185896e-07
 -5   +3.2801611121889556e-06  -2.9683681737999103e-06
 -4   -9.5164222101840001e-06  +9.0303469937989048e-06
 -3   +2.5681689653116648e-05  -2.6105004455256427e-05
 -2   -6.4696439530905939e-05  +7.3627151437429360e-05
 -1   +3.4310492909653805e-06  -7.9263187337931107e-06
 +0   -1.4076353270032978e-08  +0.0000000000000000e+00
 +1   +3.4310492909653805e-06  +7.9263187337931107e-06
 +2   -6.4696439530905939e-05  -7.3627151437429360e-05
 +3   +2.5681689653116648e-05  +2.6105004455256427e-05
 +4   -9.5164222101840001e-06  -9.0303469937989048e-06
 +5   +3.2801611121889556e-06  +2.9683681737999103e-06
 +6   -1.0822785457522345e-06  -9.4554076273185896e-07
 +7   +3.4551448355776848e-07  +2.9375296908145552e-07
 +8   -1.0758660208108981e-07  -8.9503191324929007e-08
 +9   +3.2846868040788806e-08  +2.6845091840617939e-08
+10   -9.8701940236856210e-09  -7.9483590080421888e-09
+11   +2.9273023304563988e-09  +2.3280406889732026e-09
+12   -8.5870210556378098e-10  -6.7563761986417260e-10
+13   +2.4955515735725799e-10  +1.9453927324690950e-10
+14   -7.1945976813355876e-11  -5.5631527538726030e-11
+15   +2.0597680417400065e-11  +1.5813271900227016e-11
+16   -5.8610321390114841e-12  -4.4710839449621209e-12
+17   +1.6587498221284723e-12  +1.2581909583583364e-12
+18   -4.6719777247541619e-13  -3.5256491286082414e-13
+19   +1.3102915561669334e-13  +9.8416316757021664e-14
+20   -3.6602393483359110e-14  -2.7379352656308878e-14
+21   +1.0190694518652177e-14  +7.5910381291622991e-15
+22   -2.8210363186034248e-15  -2.0999826476653655e-15
+23   +7.7954844553879022e-16  +5.7746207266422175e-16
+24   -2.1014017140157012e-16  -1.5855510936459857e-16
+25   +5.4349020384260663e-17  +4.2925644538671952e-17
+26   -1.3752633783922862e-17  -1.3637637822116801e-17
+27   -3.1946918785303493e-18  +2.2731311078795462e-18
+28   -1.6242028480122600e-17  -1.2779237906461935e-18
+29   +4.6907221132577424e-18  -1.5875925920179677e-18
+30   +4.3607502821927286e-18  -1.0253646706670964e-19

