-30   +1.5987517209515184e-17  +3.6786592547455203e-17
-29   +1.4492338577281102e-17  +3.6705143167822133e-17
-28   +1.7197161047672983e-17  +3.9778519386367853e-17
-27   +1.6552871257112286e-17  +3.5972858697829385e-17
-26   +1.3447804034199305e-17  +5.8889946097316284e-17
-25   +2.4559206661232105e-17  -1.7656775268237389e-17
-24   -1.9929186391568263e-17  +2.7037192855776726e-16
-23   +1.3415814270695848e-16  -7.6579508531533486e-16
-22   -4.1016010950347692e-16  +3.0016873841222942e-15
-21   +1.5241591981675815e-15  -1.0608429592963165e-14
-20   -5.3320715988132680e-15  +3.8465673913608928e-14
-19   +1.8852116660195032e-14  -1.3787444837882598e-13
-18   -6.5959761668264952e-14  +4.9360766399229049e-13
-17   +2.2948823947574968e-13  -1.7589422624118672e-12
-16   -7.9183907286288484e-13  +6.2416784945985038e-12
-15   +2.7072451238435335e-12  -2.2038622858345122e-11
-14   -9.1539374850955062e-12  +7.7386635314887503e-11
-13   +3.0541063469980332e-11  -2.7002840678682621e-10
-12   -1.0022336939119967e-10  +9.3545113032667987e-10
-11   +3.2203245827984180e-10  -3.2137245647935063e-09
-10   -1.0063198204331841e-09  +1.0933381935448902e-08
 -9   +3.0252837875158102e-09  -3.6767579094137498e-08
 -8   -8.5833084864755297e-09  +1.2192677898333407e-07
 -7   +2.2093840167000653e-08  -3.9741003876467026e-07
 -6   -4.6386425868511945e-08  +1.2674334951455192e-06
 -5   +4.4349836950752745e-08  -3.9274140828831427e-06
 -4   +2.8708855177180265e-07  +1.1712527699100495e-05
 -3   -2.5777833196120002e-06  -3.2710772699059539e-05
 -2   +1.5287050214497373e-05  +8.5485411466333538e-05
 -1   -6.6338808021320310e-06  -6.8424676206925180e-06
 +0   +4.1942990334828706e-02  +0.0000000000000000e+00
 +1   -6.6338808021320310e-06  +6.8424676206925180e-06
 +2   +1.5287050214497373e-05  -8.5485411466333538e-05
 +3   -2.5777833196120002e-06  +3.2710772699059539e-05
 +4   +2.8708855177180265e-07  -1.1712527699100495e-05
 +5   +4.4349836950752745e-08  +3.9274140828831427e-06
 +6   -4.6386425868511945e-08  -1.2674334951455192e-06
 +7   +2.2093840167000653e-08  +3.9741003876467026e-07
 +8   -8.5833084864755297e-09  -1.2192677898333407e-07
 +9   +3.0252837875158102e-09  +3.6767579094137498e-08
+10   -1.0063198204331841e-09  -1.0933381935448902e-08
+11   +3.2203245827984180e-10  +3.2137245647935063e-09
+12   -1.0022336939119967e-10  -9.3545113032667987e-10
+13   +3.0541063469980332e-11  +2.7002840678682621e-10
+14   -9.1539374850955062e-12  -7.7386635314887503e-11
+15   +2.7072451238435335e-12  +2.2038622858345122e-11
+16   -7.9183907286288484e-13  -6.2416784945985038e-12
+17   +2.2948823947574968e-13  +1.7589422624118672e-12
+18   -6.5959761668264952e-14  -4.9360766399229049e-13
+19   +1.8852116660195032e-14  +1.3787444837882598e-13
+20   -5.3320715988132680e-15  -3.8465673913608928e-14
+21   +1.5241591981675815e-15  +1.0608429592963165e-14
+22   -4.1016010950347692e-16  -3.0016873841222942e-15
+23   +1.3415814270695848e-16  +7.6579508531533486e-16
+24   -1.9929186391568263e-17  -2.7037192855776726e-16
+25   +2.4559206661232105e-17  +1.7656775268237389e-17
+26   +1.3447804034199305e-17  -5.8889946097316284e-17
+27   +1.6552871257112286e-17  -3.5972858697829385e-17
+28   +1.7197161047672983e-17  -3.9778519386367853e-17
+29   +1.4492338577281102e-17  -3.6705143167822133e-17
+30   +1.5987517209515184e-17  -3.6786592547455203e-17

