-30   +1.4755878349800698e-17  -4.2229014688764595e-19
-29   -3.0086441642543736e-18  -2.0814986964301733e-19
-28   -6.4235686267532083e-18  -1.7764712261939647e-18
-27   -3.4237440470963336e-19  -4.4573796822773043e-19
-26   +2.8602941225652749e-18  +3.0775831617113440e-20
-25   +2.8695650504833422e-18  -1.5901237400721457e-18
-24   -2.5228946392304397e-17  -1.0169437695296474e-18
-23   +6.9169749752287648e-17  -1.2345234503558161e-19
-22   -2.3794538008054383e-16  -5.5512359677962091e-18
-21   +9.6745250807848739e-16  +1.4217996750609463e-17
-20   -3.6568196652712571e-15  -6.1173679706641223e-17
-19   +1.3773231915743592e-14  +2.3663792311050484e-16
-18   -5.1701402902106839e-14  -9.4239009067605094e-16
-17   +1.9401932834676870e-13  +3.7357135908661569e-15
-16   -7.2718536161844327e-13  -1.4882787314646460e-14
-15   +2.7206137480582079e-12  +5.9368858321794129e-14
-14   -1.0158820064490305e-11  -2.3747438781858086e-13
-13   +3.7848547058316070e-11  +9.5260590171683858e-13
-12   -1.4065056282179849e-10  -3.8343127359832424e-12
-11   +5.2112352189603964e-10  +1.5495584018825686e-11
-10   -1.9240731175894437e-09  -6.2926696252578594e-11
 -9   +7.0744296887067891e-09  +2.5706634448982904e-10
 -8   -2.5880503136617258e-08  -1.0580518905003018e-09
 -7   +9.4084887747770849e-08  +4.3968923709463373e-09
 -6   -3.3937068270327117e-07  -1.8512690547724481e-08
 -5   +1.2105408844647199e-06  +7.9324368543617303e-08
 -4   -4.2644200658287375e-06  -3.5005040812376108e-07
 -3   +1.4478727072988388e-05  +1.5925380418888197e-06
 -2   -4.9460834403545922e-05  -8.2826191057199469e-06
 -1   +1.7727663116720271e-05  +6.4659799934803670e-06
 +0   -2.7748128355700955e-09  +0.0000000000000000e+00
 +1   +1.7727663116720271e-05  -6.4659799934803670e-06
 +2   -4.9460834403545922e-05  +8.2826191057199469e-06
 +3   +1.4478727072988388e-05  -1.5925380418888197e-06
 +4   -4.2644200658287375e-06  +3.5005040812376108e-07
 +5   +1.2105408844647199e-06  -7.9324368543617303e-08
 +6   -3.3937068270327117e-07  +1.8512690547724481e-08
 +7   +9.4084887747770849e-08  -4.3968923709463373e-09
 +8   -2.5880503136617258e-08  +1.0580518905003018e-09
 +9   +7.0744296887067891e-09  -2.5706634448982904e-10
+10   -1.9240731175894437e-09  +6.2926696252578594e-11
+11   +5.2112352189603964e-10  -1.5495584018825686e-11
+12   -1.4065056282179849e-10  +3.8343127359832424e-12
+13   +3.7848547058316070e-11  -9.5260590171683858e-13
+14   -1.0158820064490305e-11  +2.3747438781858086e-13
+15   +2.7206137480582079e-12  -5.9368858321794129e-14
+16   -7.2718536161844327e-13  +1.4882787314646460e-14
+17   +1.9401932834676870e-13  -3.7357135908661569e-15
+18   -5.1701402902106839e-14  +9.4239009067605094e-16
+19   +1.3773231915743592e-14  -2.3663792311050484e-16
+20   -3.6568196652712571e-15  +6.1173679706641223e-17
+21   +9.6745250807848739e-16  -1.4217996750609463e-17
+22   -2.3794538008054383e-16  +5.5512359677962091e-18
+23   +6.9169749752287648e-17  +1.2345234503558161e-19
+24   -2.5228946392304397e-17  +1.0169437695296474e-18
+25   +2.8695650504833422e-18  +1.5901237400721457e-18
+26   +2.8602941225652749e-18  -3.0775831617113440e-20
+27   -3.4237440470963336e-19  +4.4573796822773043e-19
+28   -6.4235686267532083e-18  +1.7764712261939647e-18
+29   -3.0086441642543736e-18  +2.0814986964301733e-19
+30   +1.4755878349800698e-17  +4.2229014688764595e-19

