-30   -1.6287508277549186e-17  +1.4721597359671251e-18
-29   +3.8722372487364151e-18  +1.5991030324637164e-18
-28   +9.4513606094661530e-18  +2.4493097818853911e-18
-27   +3.5427644217413978e-19  -2.0156726308859948e-18
-26   +4.7022517960927083e-18  +1.1375651663269999e-17
-25   -2.8075197897339599e-17  -4.0948138894289933e-17
-24   +1.2388776529262057e-16  +1.5461269920782829e-16
-23   -4.2101554996740979e-16  -5.5576245053118248e-16
-22   +1.5031878390345454e-15  +2.0194425736961615e-15
-21   -5.5279292688747593e-15  -7.2787644617742081e-15
-20   +2.0029529862615166e-14  +2.6198292510423351e-14
-19   -7.2319919262358877e-14  -9.3952466065877248e-14
-18   +2.6022111693277155e-13  +3.3569229635224434e-13
-17   -9.3341730862216309e-13  -1.1944380849704066e-12
-16   +3.3361132017377722e-12  +4.2303916122147356e-12
-15   -1.1874984885577221e-11  -1.4905289457152728e-11
-14   +4.2078337193630226e-11  +5.2209125267754356e-11
-13   -1.4834721557005600e-10  -1.8165046104802090e-10
-12   +5.2001294626888827e-10  +6.2713983176458680e-10
-11   -1.8110191482396248e-09  -2.1457045974642406e-09
-10   +6.2602486393301726e-09  +7.2633348690512321e-09
 -9   -2.1453838243767383e-08  -2.4272867929264069e-08
 -8   +7.2780892129454428e-08  +7.9845906288341413e-08
 -7   -2.4393893739969643e-07  -2.5747327731112226e-07
 -6   +8.0579728372118531e-07  +8.0895832186676946e-07
 -5   -2.6128394335198097e-06  -2.4517981480526457e-06
 -4   +8.2870679377494258e-06  +7.0529104912863707e-06
 -3   -2.5170658629842774e-05  -1.8420760874416430e-05
 -2   +7.5210027724509300e-05  +4.0761764756150569e-05
 -1   -1.4202746235858262e-05  +1.7299858536639027e-06
 +0   -1.2245420273240149e-08  +0.0000000000000000e+00
 +1   -1.4202746235858262e-05  -1.7299858536639027e-06
 +2   +7.5210027724509300e-05  -4.0761764756150569e-05
 +3   -2.5170658629842774e-05  +1.8420760874416430e-05
 +4   +8.2870679377494258e-06  -7.0529104912863707e-06
 +5   -2.6128394335198097e-06  +2.4517981480526457e-06
 +6   +8.0579728372118531e-07  -8.0895832186676946e-07
 +7   -2.4393893739969643e-07  +2.5747327731112226e-07
 +8   +7.2780892129454428e-08  -7.9845906288341413e-08
 +9   -2.1453838243767383e-08  +2.4272867929264069e-08
+10   +6.2602486393301726e-09  -7.2633348690512321e-09
+11   -1.8110191482396248e-09  +2.1457045974642406e-09
+12   +5.2001294626888827e-10  -6.2713983176458680e-10
+13   -1.4834721557005600e-10  +1.8165046104802090e-10
+14   +4.2078337193630226e-11  -5.2209125267754356e-11
+15   -1.1874984885577221e-11  +1.4905289457152728e-11
+16   +3.3361132017377722e-12  -4.2303916122147356e-12
+17   -9.3341730862216309e-13  +1.1944380849704066e-12
+18   +2.6022111693277155e-13  -3.3569229635224434e-13
+19   -7.2319919262358877e-14  +9.3952466065877248e-14
+20   +2.0029529862615166e-14  -2.6198292510423351e-14
+21   -5.5279292688747593e-15  +7.2787644617742081e-15
+22   +1.5031878390345454e-15  -2.0194425736961615e-15
+23   -4.2101554996740979e-16  +5.5576245053118248e-16
+24   +1.2388776529262057e-16  -1.5461269920782829e-16
+25   -2.8075197897339599e-17  +4.0948138894289933e-17
+26   +4.7022517960927083e-18  -1.1375651663269999e-17
+27   +3.5427644217413978e-19  +2.0156726308859948e-18
+28   +9.4513606094661530e-18  -2.4493097818853911e-18
+29   +3.8722372487364151e-18  -1.5991030324637164e-18
+30   -1.6287508277549186e-17  -1.4721597359671251e-18

