-30   -2.0699904309081788e-17  -3.2619068518909040e-18
-29   +2.6134525853657274e-18  -1.8662556011373633e-18
-28   +9.7275975509547471e-18  -1.7654822013462261e-18
-27   -6.2970899184251507e-18  -3.5264732369132483e-18
-26   +1.4661403378249191e-17  -7.8172674561781170e-19
-25   -6.9998794217100811e-17  -3.7467966079255579e-19
-24   +2.7842662017501622e-16  -7.1850307508831022e-19
-23   -9.7770794863674032e-16  -4.8346799924164832e-19
-22   +3.4961082234385637e-15  -2.5483284214367347e-18
-21   -1.2715217878618781e-14  +2.4673522070939300e-18
-20   +4.5757653476034818e-14  -1.8352571949821664e-17
-19   -1.6408711378988551e-13  +6.2414351649126880e-17
-18   +5.8606410852081543e-13  -2.6102663318612867e-16
-17   -2.0849211844149595e-12  +1.0271169958905801e-15
-16   +7.3835956729723429e-12  -4.1075188606116823e-15
-15   -2.6015095916613245e-11  +1.6419844693245789e-14
-14   +9.1134995470314379e-11  -6.5861588036238971e-14
-13   -3.1718292282517538e-10  +2.6500726233147572e-13
-12   +1.0956976622853970e-09  -1.0704462340352161e-12
-11   -3.7525395400473333e-09  +4.3435662357087805e-12
-10   +1.2722910200903310e-08  -1.7722812940671818e-11
 -9   -4.2626391449941999e-08  +7.2809429110260738e-11
 -8   +1.4079131528567299e-07  -3.0172235937284007e-10
 -7   -4.5699973512433022e-07  +1.2644972144571973e-09
 -6   +1.4517619163788405e-06  -5.3816099301142600e-09
 -5   -4.4858068669777814e-06  +2.3394688928744742e-08
 -4   +1.3387794773777651e-05  -1.0528457707160919e-07
 -3   -3.7771960949423172e-05  +4.9479350737567792e-07
 -2   +1.0350893531150267e-04  -2.6943325870447724e-06
 -1   -1.1369995526465520e-05  +1.4579485158691924e-06
 +0   +7.7446863664459100e-09  +0.0000000000000000e+00
 +1   -1.1369995526465520e-05  -1.4579485158691924e-06
 +2   +1.0350893531150267e-04  +2.6943325870447724e-06
 +3   -3.7771960949423172e-05  -4.9479350737567792e-07
 +4   +1.3387794773777651e-05  +1.0528457707160919e-07
 +5   -4.4858068669777814e-06  -2.3394688928744742e-08
 +6   +1.4517619163788405e-06  +5.3816099301142600e-09
 +7   -4.5699973512433022e-07  -1.2644972144571973e-09
 +8   +1.4079131528567299e-07  +3.0172235937284007e-10
 +9   -4.2626391449941999e-08  -7.2809429110260738e-11
+10   +1.2722910200903310e-08  +1.7722812940671818e-11
+11   -3.7525395400473333e-09  -4.3435662357087805e-12
+12   +1.0956976622853970e-09  +1.0704462340352161e-12
+13   -3.1718292282517538e-10  -2.6500726233147572e-13
+14   +9.1134995470314379e-11  +6.5861588036238971e-14
+15   -2.6015095916613245e-11  -1.6419844693245789e-14
+16   +7.3835956729723429e-12  +4.1075188606116823e-15
+17   -2.0849211844149595e-12  -1.0271169958905801e-15
+18   +5.8606410852081543e-13  +2.6102663318612867e-16
+19   -1.6408711378988551e-13  -6.2414351649126880e-17
+20   +4.5757653476034818e-14  +1.8352571949821664e-17
+21   -1.2715217878618781e-14  -2.4673522070939300e-18
+22   +3.4961082234385637e-15  +2.5483284214367347e-18
+23   -9.7770794863674032e-16  +4.8346799924164832e-19
+24   +2.7842662017501622e-16  +7.1850307508831022e-19
+25   -6.9998794217100811e-17  +3.7467966079255579e-19
+26   +1.4661403378249191e-17  +7.8172674561781170e-19
+27   -6.2970899184251507e-18  +3.5264732369132483e-18
+28   +9.7275975509547471e-18  +1.7654822013462261e-18
+29   +2.6134525853657274e-18  +1.8662556011373633e-18
+30   -2.0699904309081788e-17  +3.2619068518909040e-18

