-30   +1.4221359052106319e-17  -7.5353551866840544e-19
-29   -2.6451550356782640e-18  -1.1686604149031190e-18
-28   -7.9481052384466416e-18  -1.4636025831427079e-18
-27   +9.9500909398585847e-19  -5.7706208871760260e-19
-26   +1.6670010334294151e-18  -1.6176488037280026e-18
-25   -6.2978388115972980e-20  -1.2264518223215281e-18
-24   -2.6618678781269074e-17  -1.6398348637551673e-18
-23   +7.0538058898877886e-17  -1.5718844701713545e-18
-22   -2.3725692596926087e-16  -2.3738304323382998e-18
-21   +9.6682881415647931e-16  -1.6597547157933439e-18
-20   -3.6567542526291457e-15  -1.3396902352938393e-18
-19   +1.3777132374582720e-14  -1.8352393627925111e-18
-18   -5.1719394831234715e-14  -1.6391563560110567e-18
-17   +1.9409071395893932e-13  -1.6748587433882397e-18
-16   -7.2748609763014363e-13  -2.9966196577459252e-18
-15   +2.7219050249103115e-12  -2.7158622067087155e-18
-14   -1.0164351537327543e-11  -2.0530935880657417e-18
-13   +3.7872434263647183e-11  -3.7403941358416888e-18
-12   -1.4075473743522777e-10  -3.1896615745724878e-18
-11   +5.2158279627502066e-10  -3.8083429928115502e-18
-10   -1.9261247098095066e-09  -4.4794372853175201e-18
 -9   +7.0837420126442005e-09  -4.0989539189602911e-18
 -8   -2.5923622475662224e-08  -1.4173451747680736e-18
 -7   +9.4289674935840938e-08  -8.5379502938080272e-18
 -6   -3.4037662522675116e-07  +6.9064514215509333e-16
 -5   +1.2157132760805530e-06  -7.1905577686900847e-16
 -4   -4.2929516317833282e-06  +2.2704485080065026e-13
 -3   +1.4651797693910601e-05  -2.4821399342403903e-13
 -2   -5.0811041707495596e-05  +1.5312701283694202e-10
 -1   +1.9835753087970981e-05  -8.2122214398161535e-13
 +0   -2.6202707838756272e-09  +0.0000000000000000e+00
 +1   +1.9835753087970981e-05  +8.2122214398161535e-13
 +2   -5.0811041707495596e-05  -1.5312701283694202e-10
 +3   +1.4651797693910601e-05  +2.4821399342403903e-13
 +4   -4.2929516317833282e-06  -2.2704485080065026e-13
 +5   +1.2157132760805530e-06  +7.1905577686900847e-16
 +6   -3.4037662522675116e-07  -6.9064514215509333e-16
 +7   +9.4289674935840938e-08  +8.5379502938080272e-18
 +8   -2.5923622475662224e-08  +1.4173451747680736e-18
 +9   +7.0837420126442005e-09  +4.0989539189602911e-18
+10   -1.9261247098095066e-09  +4.4794372853175201e-18
+11   +5.2158279627502066e-10  +3.8083429928115502e-18
+12   -1.4075473743522777e-10  +3.1896615745724878e-18
+13   +3.7872434263647183e-11  +3.7403941358416888e-18
+14   -1.0164351537327543e-11  +2.0530935880657417e-18
+15   +2.7219050249103115e-12  +2.7158622067087155e-18
+16   -7.2748609763014363e-13  +2.9966196577459252e-18
+17   +1.9409071395893932e-13  +1.6748587433882397e-18
+18   -5.1719394831234715e-14  +1.6391563560110567e-18
+19   +1.3777132374582720e-14  +1.8352393627925111e-18
+20   -3.6567542526291457e-15  +1.3396902352938393e-18
+21   +9.6682881415647931e-16  +1.6597547157933439e-18
+22   -2.3725692596926087e-16  +2.3738304323382998e-18
+23   +7.0538058898877886e-17  +1.5718844701713545e-18
+24   -2.6618678781269074e-17  +1.6398348637551673e-18
+25   -6.2978388115972980e-20  +1.2264518223215281e-18
+26   +1.6670010334294151e-18  +1.6176488037280026e-18
+27   +9.9500909398585847e-19  +5.7706208871760260e-19
+28   -7.9481052384466416e-18  +1.4636025831427079e-18
+29   -2.6451550356782640e-18  +1.1686604149031190e-18
+30   +1.4221359052106319e-17  +7.5353551866840544e-19

