-30   +1.9554885497585421e-17  +9.8975525867634180e-18
-29   +1.8200888159746178e-18  +9.6590737428868533e-18
-28   -2.9059438890208883e-18  +1.1153950060639566e-17
-27   +7.1897601741440797e-18  +7.9487682461405498e-18
-26   -3.6437281024658528e-18  +2.4146653764439276e-17
-25   +4.5225232547795972e-17  -3.2141417857162032e-17
-24   -1.6403137651027137e-16  +1.7324290363782615e-16
-23   +5.8727152660146120e-16  -5.7114034100372974e-16
-22   -2.0818484673511471e-15  +2.1279368584580181e-15
-21   +7.6048847522848565e-15  -7.6304327718752461e-15
-20   -2.7376767120051766e-14  +2.7560504706466778e-14
-19   +9.8286757817801549e-14  -9.8915295822535274e-14
-18   -3.5138720260453662e-13  +3.5407514416119410e-13
-17   +1.2515012214419724e-12  -1.2621328010409581e-12
-16   -4.4377039220936894e-12  +4.4797635467093022e-12
-15   +1.5657638494921648e-11  -1.5822611808881091e-11
-14   -5.4937222128902927e-11  +5.5580652963893921e-11
-13   +1.9153804948426185e-10  -1.9403074054632520e-10
-12   -6.6297586400111210e-10  +6.7256715034801174e-10
-11   +2.2756766721886740e-09  -2.3123077663502124e-09
-10   -7.7355154221192413e-09  +7.8742677450901587e-09
 -9   +2.5993519491906814e-08  -2.6514189056035828e-08
 -8   -8.6147612309630254e-08  +8.8080228126680883e-08
 -7   +2.8073052331750325e-07  -2.8781368318476838e-07
 -6   -8.9580984701444329e-07  +9.2137667518729515e-07
 -5   +2.7813967135509187e-06  -2.8723663020526297e-06
 -4   -8.3387338638247238e-06  +8.6573947404812861e-06
 -3   +2.3521503997551695e-05  -2.4693580149938603e-05
 -2   -6.3158103502453916e-05  +6.8116089713905544e-05
 -1   +7.6971712381055190e-06  -8.5620070024419989e-06
 +0   +1.1178136925323989e-02  +0.0000000000000000e+00
 +1   +7.6971712381055190e-06  +8.5620070024419989e-06
 +2   -6.3158103502453916e-05  -6.8116089713905544e-05
 +3   +2.3521503997551695e-05  +2.4693580149938603e-05
 +4   -8.3387338638247238e-06  -8.6573947404812861e-06
 +5   +2.7813967135509187e-06  +2.8723663020526297e-06
 +6   -8.9580984701444329e-07  -9.2137667518729515e-07
 +7   +2.8073052331750325e-07  +2.8781368318476838e-07
 +8   -8.6147612309630254e-08  -8.8080228126680883e-08
 +9   +2.5993519491906814e-08  +2.6514189056035828e-08
+10   -7.7355154221192413e-09  -7.8742677450901587e-09
+11   +2.2756766721886740e-09  +2.3123077663502124e-09
+12   -6.6297586400111210e-10  -6.7256715034801174e-10
+13   +1.9153804948426185e-10  +1.9403074054632520e-10
+14   -5.4937222128902927e-11  -5.5580652963893921e-11
+15   +1.5657638494921648e-11  +1.5822611808881091e-11
+16   -4.4377039220936894e-12  -4.4797635467093022e-12
+17   +1.2515012214419724e-12  +1.2621328010409581e-12
+18   -3.5138720260453662e-13  -3.5407514416119410e-13
+19   +9.8286757817801549e-14  +9.8915295822535274e-14
+20   -2.7376767120051766e-14  -2.7560504706466778e-14
+21   +7.6048847522848565e-15  +7.6304327718752461e-15
+22   -2.0818484673511471e-15  -2.1279368584580181e-15
+23   +5.8727152660146120e-16  +5.7114034100372974e-16
+24   -1.6403137651027137e-16  -1.7324290363782615e-16
+25   +4.5225232547795972e-17  +3.2141417857162032e-17
+26   -3.6437281024658528e-18  -2.4146653764439276e-17
+27   +7.1897601741440797e-18  -7.9487682461405498e-18
+28   -2.9059438890208883e-18  -1.1153950060639566e-17
+29   +1.8200888159746178e-18  -9.6590737428868533e-18
+30   +1.9554885497585421e-17  -9.8975525867634180e-18

