-30   -1.0595052747775885e-17  +1.0082149846140196e-17
-29   +6.8456087261544751e-18  +1.0843775105752503e-17
-28   +1.1645998620837642e-17  +1.2702713421702202e-17
-27   +1.2377980310839474e-18  +7.5982256744043295e-18
-26   +1.2631238307907878e-17  +2.5192439393827303e-17
-25   -3.6268780291416638e-17  -3.0084790033176828e-17
-24   +1.7212921585409415e-16  +1.7542154722867256e-16
-23   -5.7961222989760443e-16  -5.6842806996526922e-16
-22   +2.0902388257982204e-15  +2.1289292276365556e-15
-21   -7.5998734436778695e-15  -7.6193468884045060e-15
-20   +2.7395821943951571e-14  +2.7525499325898190e-14
-19   -9.8318398465793046e-14  -9.8765947233121331e-14
-18   +3.5155361320130948e-13  +3.5349232373327868e-13
-17   -1.2521232290459144e-12  -1.2598013487045919e-12
-16   +4.4402383969583187e-12  +4.4704884633832259e-12
-15   -1.5667797177791148e-11  -1.5785553373785195e-11
-14   +5.4978287938765229e-11  +5.5432270847606773e-11
-13   -1.9170453549209689e-10  -1.9343476426981322e-10
-12   +6.6365447834670830e-10  +6.7016503933796641e-10
-11   -2.2784596181026048e-09  -2.3025853269883505e-09
-10   +7.7470150246115560e-09  +7.8347180074332383e-09
 -9   -2.6041492207415237e-08  -2.6352308334425342e-08
 -8   +8.6350215473033836e-08  +8.7412468866741371e-08
 -7   -2.8160028834605724e-07  -2.8503157300357400e-07
 -6   +8.9962962955267645e-07  +9.0962810645654497e-07
 -5   -2.7987314954770125e-06  -2.8218502188799199e-06
 -4   +8.4216759662112378e-06  +8.4336960551342497e-06
 -3   -2.3951246019853942e-05  -2.3672101241571580e-05
 -2   +6.5914974050227567e-05  +6.2848626188781470e-05
 -1   -9.3171738513313149e-06  -5.4877121492332660e-06
 +0   +1.1178129367552168e-02  +0.0000000000000000e+00
 +1   -9.3171738513313149e-06  +5.4877121492332660e-06
 +2   +6.5914974050227567e-05  -6.2848626188781470e-05
 +3   -2.3951246019853942e-05  +2.3672101241571580e-05
 +4   +8.4216759662112378e-06  -8.4336960551342497e-06
 +5   -2.7987314954770125e-06  +2.8218502188799199e-06
 +6   +8.9962962955267645e-07  -9.0962810645654497e-07
 +7   -2.8160028834605724e-07  +2.8503157300357400e-07
 +8   +8.6350215473033836e-08  -8.7412468866741371e-08
 +9   -2.6041492207415237e-08  +2.6352308334425342e-08
+10   +7.7470150246115560e-09  -7.8347180074332383e-09
+11   -2.2784596181026048e-09  +2.3025853269883505e-09
+12   +6.6365447834670830e-10  -6.7016503933796641e-10
+13   -1.9170453549209689e-10  +1.9343476426981322e-10
+14   +5.4978287938765229e-11  -5.5432270847606773e-11
+15   -1.5667797177791148e-11  +1.5785553373785195e-11
+16   +4.4402383969583187e-12  -4.4704884633832259e-12
+17   -1.2521232290459144e-12  +1.2598013487045919e-12
+18   +3.5155361320130948e-13  -3.5349232373327868e-13
+19   -9.8318398465793046e-14  +9.8765947233121331e-14
+20   +2.7395821943951571e-14  -2.7525499325898190e-14
+21   -7.5998734436778695e-15  +7.6193468884045060e-15
+22   +2.0902388257982204e-15  -2.1289292276365556e-15
+23   -5.7961222989760443e-16  +5.6842806996526922e-16
+24   +1.7212921585409415e-16  -1.7542154722867256e-16
+25   -3.6268780291416638e-17  +3.0084790033176828e-17
+26   +1.2631238307907878e-17  -2.5192439393827303e-17
+27   +1.2377980310839474e-18  -7.5982256744043295e-18
+28   +1.1645998620837642e-17  -1.2702713421702202e-17
+29   +6.8456087261544751e-18  -1.0843775105752503e-17
+30   -1.0595052747775885e-17  -1.0082149846140196e-17

