-30   -6.5237643293824967e-17  -1.7450240691724696e-16
-29   -6.5128808030386922e-17  -1.7999333077764669e-16
-28   -1.0023057299456895e-16  -1.8818597083795240e-16
-27   -8.1471052338355218e-17  -1.9666366724048759e-16
-26   -8.3854639754158943e-17  -2.0478897726278771e-16
-25   -2.7411138919086073e-17  -2.1335596626761415e-16
-24   -2.5428448687702135e-16  -2.2159707253562343e-16
-23   +6.1993126741600383e-16  -2.3319376863293744e-16
-22   -2.5956005475116295e-15  -2.4376415399400994e-16
-21   +9.0891238696310724e-15  -2.5989853195871906e-16
-20   -3.3116022007614690e-14  -2.5348007744599751e-16
-19   +1.1875378546351454e-13  -3.4967463408544562e-16
-18   -4.2585796282350062e-13  -4.3086967201018449e-17
-17   +1.5199879215691433e-12  -1.3486276662487540e-15
-16   -5.4041863378616788e-12  +3.7654583732764665e-15
-15   +1.9123188670951175e-11  -1.6783388799183634e-14
-14   -6.7317959681561202e-11  +6.5470562587652223e-14
-13   +2.3557959943533653e-10  -2.6542987005563456e-13
-12   -8.1890196019901757e-10  +1.0699864858319085e-12
-11   +2.8247645533225379e-09  -4.3440686162369699e-12
-10   -9.6573221490281101e-09  +1.7722263386946171e-11
 -9   +3.2672687822421168e-08  -7.2810040965581825e-11
 -8   -1.0917187208528006e-07  +3.0172167380689530e-10
 -7   +3.5933576499913055e-07  -1.2644980114284811e-09
 -6   -1.1611190136972286e-06  +5.3816104027096573e-09
 -5   +3.6639689433034818e-06  -2.3394691452827171e-08
 -4   -1.1228944094208525e-05  +1.0528502979652259e-07
 -3   +3.2669545739400314e-05  -4.9479400563360655e-07
 -2   -9.2638902357702776e-05  +2.6946388383193548e-06
 -1   +1.6915033646021234e-05  -1.4579501637652947e-06
 +0   +1.1206557906824169e-08  +0.0000000000000000e+00
 +1   +1.6915033646021234e-05  +1.4579501637652947e-06
 +2   -9.2638902357702776e-05  -2.6946388383193548e-06
 +3   +3.2669545739400314e-05  +4.9479400563360655e-07
 +4   -1.1228944094208525e-05  -1.0528502979652259e-07
 +5   +3.6639689433034818e-06  +2.3394691452827171e-08
 +6   -1.1611190136972286e-06  -5.3816104027096573e-09
 +7   +3.5933576499913055e-07  +1.2644980114284811e-09
 +8   -1.0917187208528006e-07  -3.0172167380689530e-10
 +9   +3.2672687822421168e-08  +7.2810040965581825e-11
+10   -9.6573221490281101e-09  -1.7722263386946171e-11
+11   +2.8247645533225379e-09  +4.3440686162369699e-12
+12   -8.1890196019901757e-10  -1.0699864858319085e-12
+13   +2.3557959943533653e-10  +2.6542987005563456e-13
+14   -6.7317959681561202e-11  -6.5470562587652223e-14
+15   +1.9123188670951175e-11  +1.6783388799183634e-14
+16   -5.4041863378616788e-12  -3.7654583732764665e-15
+17   +1.5199879215691433e-12  +1.3486276662487540e-15
+18   -4.2585796282350062e-13  +4.3086967201018449e-17
+19   +1.1875378546351454e-13  +3.4967463408544562e-16
+20   -3.3116022007614690e-14  +2.5348007744599751e-16
+21   +9.0891238696310724e-15  +2.5989853195871906e-16
+22   -2.5956005475116295e-15  +2.4376415399400994e-16
+23   +6.1993126741600383e-16  +2.3319376863293744e-16
+24   -2.5428448687702135e-16  +2.2159707253562343e-16
+25   -2.7411138919086073e-17  +2.1335596626761415e-16
+26   -8.3854639754158943e-17  +2.0478897726278771e-16
+27   -8.1471052338355218e-17  +1.9666366724048759e-16
+28   -1.0023057299456895e-16  +1.8818597083795240e-16
+29   -6.5128808030386922e-17  +1.7999333077764669e-16
+30   -6.5237643293824967e-17  +1.7450240691724696e-16

