-30   +3.5736432009895156e-19  +9.5138299434124452e-18
-29   -1.1033450996579977e-18  +9.7775632423244536e-18
-28   +2.2346232619147936e-17  +9.8121460120924560e-18
-27   +9.5050337412614102e-18  +1.4706671850006949e-17
-26   +1.3864266620230255e-17  -4.5443175793081674e-19
-25   -3.4385955180925493e-17  +5.6089882595546339e-17
-24   +1.5715567417906947e-16  -1.4817675638815332e-16
-23   -5.7315786789873528e-16  +5.9701886164809796e-16
-22   +2.1045245881300440e-15  -2.0990734926882855e-15
-21   -7.6018199890519889e-15  +7.6490101739394727e-15
-20   +2.7393632930718130e-14  -2.7492581691842693e-14
-19   -9.8303422823847515e-14  +9.8799943764548676e-14
-18   +3.5154325378645933e-13  -3.5345536711506646e-13
-17   -1.2521206059397583e-12  +1.2598398311025699e-12
-16   +4.4402267667729017e-12  -4.4704462140897026e-12
-15   -1.5667799239138246e-11  +1.5785597155143071e-11
-14   +5.4978293339884588e-11  -5.5432223105311479e-11
-13   -1.9170453398991407e-10  +1.9343481495816052e-10
-12   +6.6365448052737880e-10  -6.7016498424147710e-10
-11   -2.2784596291627396e-09  +2.3025853839185338e-09
-10   +7.7470150162598608e-09  -7.8347179402347315e-09
 -9   -2.6041492217035238e-08  +2.6352308406954408e-08
 -8   +8.6350215468728142e-08  -8.7412468784714291e-08
 -7   -2.8160028834067604e-07  +2.8503157310111646e-07
 -6   +8.9962962955389564e-07  -9.0962810634630512e-07
 -5   -2.7987314954577218e-06  +2.8218502190106510e-06
 -4   +8.4216759662140313e-06  -8.4336960549613838e-06
 -3   -2.3951246019832132e-05  +2.3672101241785351e-05
 -2   +6.5914974050215044e-05  -6.2848626188445245e-05
 -1   -9.3171738513215909e-06  +5.4877121498847741e-06
 +0   +1.1178129367550452e-02  +0.0000000000000000e+00
 +1   -9.3171738513215909e-06  -5.4877121498847741e-06
 +2   +6.5914974050215044e-05  +6.2848626188445245e-05
 +3   -2.3951246019832132e-05  -2.3672101241785351e-05
 +4   +8.4216759662140313e-06  +8.4336960549613838e-06
 +5   -2.7987314954577218e-06  -2.8218502190106510e-06
 +6   +8.9962962955389564e-07  +9.0962810634630512e-07
 +7   -2.8160028834067604e-07  -2.8503157310111646e-07
 +8   +8.6350215468728142e-08  +8.7412468784714291e-08
 +9   -2.6041492217035238e-08  -2.6352308406954408e-08
+10   +7.7470150162598608e-09  +7.8347179402347315e-09
+11   -2.2784596291627396e-09  -2.3025853839185338e-09
+12   +6.6365448052737880e-10  +6.7016498424147710e-10
+13   -1.9170453398991407e-10  -1.9343481495816052e-10
+14   +5.4978293339884588e-11  +5.5432223105311479e-11
+15   -1.5667799239138246e-11  -1.5785597155143071e-11
+16   +4.4402267667729017e-12  +4.4704462140897026e-12
+17   -1.2521206059397583e-12  -1.2598398311025699e-12
+18   +3.5154325378645933e-13  +3.5345536711506646e-13
+19   -9.8303422823847515e-14  -9.8799943764548676e-14
+20   +2.7393632930718130e-14  +2.7492581691842693e-14
+21   -7.6018199890519889e-15  -7.6490101739394727e-15
+22   +2.1045245881300440e-15  +2.0990734926882855e-15
+23   -5.7315786789873528e-16  -5.9701886164809796e-16
+24   +1.5715567417906947e-16  +1.4817675638815332e-16
+25   -3.4385955180925493e-17  -5.6089882595546339e-17
+26   +1.3864266620230255e-17  +4.5443175793081674e-19
+27   +9.5050337412614102e-18  -1.4706671850006949e-17
+28   +2.2346232619147936e-17  -9.8121460120924560e-18
+29   -1.1033450996579977e-18  -9.7775632423244536e-18
+30   +3.5736432009895156e-19  -9.5138299434124452e-18

