-30   +1.4087256297428779e-17  -1.1931416295802735e-18
-29   -2.5478814547076007e-18  -1.2103333503555430e-18
-28   -7.5843277313110952e-18  -1.2605261698162936e-18
-27   +1.0398222449905924e-18  -1.0013713917921162e-18
-26   +1.3921464620470615e-18  -8.2037782174981313e-19
-25   -2.3284466925563759e-19  -1.7321046116084458e-18
-24   -2.6969674950575717e-17  -1.5580002834953551e-18
-23   +7.0543050062472904e-17  -1.2849790389440266e-18
-22   -2.3743043935479497e-16  -1.7372665117905849e-18
-21   +9.6681025071858462e-16  -1.6547946478139642e-18
-20   -3.6565320523752143e-15  -1.1456182670146934e-18
-19   +1.3777104102366275e-14  -2.4489605782110689e-18
-18   -5.1719884629993837e-14  -1.7314853173870025e-18
-17   +1.9409089481938860e-13  -1.6826193015292832e-18
-16   -7.2748589061278951e-13  -3.0534740551317329e-18
-15   +2.7219051772147681e-12  -2.1386564447782083e-18
-14   -1.0164350953610084e-11  -2.2382506661627149e-18
-13   +3.7872434724193334e-11  -3.3334296501001249e-18
-12   -1.4075473761080184e-10  -3.1925082580586290e-18
-11   +5.2158279620647168e-10  -3.4179021577726551e-18
-10   -1.9261247099050968e-09  -4.2119945030961766e-18
 -9   +7.0837420125506994e-09  -3.7723668264491556e-18
 -8   -2.5923622475562145e-08  -7.3922883204822601e-18
 -7   +9.4289674936085427e-08  -3.8243669228112494e-18
 -6   -3.4037662522655836e-07  -7.0237177504940280e-16
 -5   +1.2157132760806947e-06  +7.0001823139413130e-16
 -4   -4.2929516317833359e-06  -2.2706609597607806e-13
 -3   +1.4651797693910369e-05  +2.4818934493297662e-13
 -2   -5.0811041707495752e-05  -1.5312705202452435e-10
 -1   +1.9835753087971258e-05  +8.2113125868137571e-13
 +0   -2.6202707839129810e-09  +0.0000000000000000e+00
 +1   +1.9835753087971258e-05  -8.2113125868137571e-13
 +2   -5.0811041707495752e-05  +1.5312705202452435e-10
 +3   +1.4651797693910369e-05  -2.4818934493297662e-13
 +4   -4.2929516317833359e-06  +2.2706609597607806e-13
 +5   +1.2157132760806947e-06  -7.0001823139413130e-16
 +6   -3.4037662522655836e-07  +7.0237177504940280e-16
 +7   +9.4289674936085427e-08  +3.8243669228112494e-18
 +8   -2.5923622475562145e-08  +7.3922883204822601e-18
 +9   +7.0837420125506994e-09  +3.7723668264491556e-18
+10   -1.9261247099050968e-09  +4.2119945030961766e-18
+11   +5.2158279620647168e-10  +3.4179021577726551e-18
+12   -1.4075473761080184e-10  +3.1925082580586290e-18
+13   +3.7872434724193334e-11  +3.3334296501001249e-18
+14   -1.0164350953610084e-11  +2.2382506661627149e-18
+15   +2.7219051772147681e-12  +2.1386564447782083e-18
+16   -7.2748589061278951e-13  +3.0534740551317329e-18
+17   +1.9409089481938860e-13  +1.6826193015292832e-18
+18   -5.1719884629993837e-14  +1.7314853173870025e-18
+19   +1.3777104102366275e-14  +2.4489605782110689e-18
+20   -3.6565320523752143e-15  +1.1456182670146934e-18
+21   +9.6681025071858462e-16  +1.6547946478139642e-18
+22   -2.3743043935479497e-16  +1.7372665117905849e-18
+23   +7.0543050062472904e-17  +1.2849790389440266e-18
+24   -2.6969674950575717e-17  +1.5580002834953551e-18
+25   -2.3284466925563759e-19  +1.7321046116084458e-18
+26   +1.3921464620470615e-18  +8.2037782174981313e-19
+27   +1.0398222449905924e-18  +1.0013713917921162e-18
+28   -7.5843277313110952e-18  +1.2605261698162936e-18
+29   -2.5478814547076007e-18  +1.2103333503555430e-18
+30   +1.4087256297428779e-17  +1.1931416295802735e-18

