-30   -1.9549749994594430e-17  -7.3887425095277096e-19
-29   +3.6341678826876040e-18  +3.8700387889068060e-19
-28   +1.0324202698640993e-17  +9.9216187255555553e-19
-27   -6.1466359961568363e-18  +6.3390532719647865e-20
-26   +1.5048844440118201e-17  +1.7869677103631393e-18
-25   -6.9105923581394956e-17  +1.7907153806329711e-18
-24   +2.7877931938094938e-16  +2.2194941401046387e-18
-23   -9.7610619226365322e-16  +2.1132316813471961e-18
-22   +3.4965985940211367e-15  +2.9305682392771517e-18
-21   -1.2714816941489490e-14  -2.2988038539748087e-18
-20   +4.5757924956902099e-14  +1.7754691368748343e-17
-19   -1.6408605693992417e-13  -6.3557238156679429e-17
-18   +5.8606554906269643e-13  +2.5998433874113423e-16
-17   -2.0849204429158457e-12  -1.0263299122653542e-15
-16   +7.3835967196177529e-12  +4.1082655532022759e-15
-15   -2.6015094571544072e-11  -1.6415909144344824e-14
-14   +9.1134996366627969e-11  +6.5862254552847702e-14
-13   -3.1718292212298625e-10  -2.6500639299562293e-13
-12   +1.0956976632299419e-09  +1.0704481581308297e-12
-11   -3.7525395392449276e-09  -4.3435706636207165e-12
-10   +1.2722910201978242e-08  +1.7722816239536831e-11
 -9   -4.2626391448715899e-08  -7.2809429691738594e-11
 -8   +1.4079131528691373e-07  +3.0172235945169799e-10
 -7   -4.5699973512423397e-07  -1.2644972100515630e-09
 -6   +1.4517619163794906e-06  +5.3816099313460750e-09
 -5   -4.4858068669766489e-06  -2.3394688926443228e-08
 -4   +1.3387794773777817e-05  +1.0528457708488090e-07
 -3   -3.7771960949423273e-05  -4.9479350738261237e-07
 -2   +1.0350893531150145e-04  +2.6943325870314147e-06
 -1   -1.1369995526477392e-05  -1.4579485158669731e-06
 +0   +7.7446862881264412e-09  +0.0000000000000000e+00
 +1   -1.1369995526477392e-05  +1.4579485158669731e-06
 +2   +1.0350893531150145e-04  -2.6943325870314147e-06
 +3   -3.7771960949423273e-05  +4.9479350738261237e-07
 +4   +1.3387794773777817e-05  -1.0528457708488090e-07
 +5   -4.4858068669766489e-06  +2.3394688926443228e-08
 +6   +1.4517619163794906e-06  -5.3816099313460750e-09
 +7   -4.5699973512423397e-07  +1.2644972100515630e-09
 +8   +1.4079131528691373e-07  -3.0172235945169799e-10
 +9   -4.2626391448715899e-08  +7.2809429691738594e-11
+10   +1.2722910201978242e-08  -1.7722816239536831e-11
+11   -3.7525395392449276e-09  +4.3435706636207165e-12
+12   +1.0956976632299419e-09  -1.0704481581308297e-12
+13   -3.1718292212298625e-10  +2.6500639299562293e-13
+14   +9.1134996366627969e-11  -6.5862254552847702e-14
+15   -2.6015094571544072e-11  +1.6415909144344824e-14
+16   +7.3835967196177529e-12  -4.1082655532022759e-15
+17   -2.0849204429158457e-12  +1.0263299122653542e-15
+18   +5.8606554906269643e-13  -2.5998433874113423e-16
+19   -1.6408605693992417e-13  +6.3557238156679429e-17
+20   +4.5757924956902099e-14  -1.7754691368748343e-17
+21   -1.2714816941489490e-14  +2.2988038539748087e-18
+22   +3.4965985940211367e-15  -2.9305682392771517e-18
+23   -9.7610619226365322e-16  -2.1132316813471961e-18
+24   +2.7877931938094938e-16  -2.2194941401046387e-18
+25   -6.9105923581394956e-17  -1.7907153806329711e-18
+26   +1.5048844440118201e-17  -1.7869677103631393e-18
+27   -6.1466359961568363e-18  -6.3390532719647865e-20
+28   +1.0324202698640993e-17  -9.9216187255555553e-19
+29   +3.6341678826876040e-18  -3.8700387889068060e-19
+30   -1.9549749994594430e-17  +7.3887425095277096e-19

