-30   -4.9329606013868202e-17  -1.7453607733578713e-16
-29   -7.5312772641044796e-17  -1.8103541797528805e-16
-28   -8.2978943415994148e-17  -1.9100433745661303e-16
-27   -6.8367617108718063e-17  -1.9580186950698233e-16
-26   -8.1083490443111938e-17  -2.0480619846843726e-16
-25   -2.4584909781022435e-17  -2.1393906007111421e-16
-24   -2.7775302682774124e-16  -2.2464386284649308e-16
-23   +6.2773705833242778e-16  -2.3464066969712753e-16
-22   -2.5735360901248719e-15  -2.4785704107645996e-16
-21   +9.0847304970848713e-15  -2.5199571625466846e-16
-20   -3.3119108962407128e-14  -2.8952562811516137e-16
-19   +1.1877598925881788e-13  -2.1973598484960629e-16
-18   -4.2587393345355556e-13  -5.6024626391344021e-16
-17   +1.5199925442012433e-12  +7.0767026091547631e-16
-16   -5.4042044602789543e-12  -4.4482042623601070e-15
-15   +1.9123185454555761e-11  +1.6056021232260072e-14
-14   -6.7317952692959288e-11  -6.6249300273562732e-14
-13   +2.3557960267654543e-10  +2.6458601471745075e-13
-12   -8.1890195724649542e-10  -1.0709048054471576e-12
-11   +2.8247645357598466e-09  +4.3430707247795895e-12
-10   -9.6573221611873210e-09  -1.7723363855316810e-11
 -9   +3.2672687808855909e-08  +7.2808819935166071e-11
 -8   -1.0917187209318121e-07  -3.0172304974846871e-10
 -7   +3.5933576500822048e-07  +1.2644964300472146e-09
 -6   -1.1611190136965785e-06  -5.3816122417184855e-09
 -5   +3.6639689433290275e-06  +2.3394689248532813e-08
 -4   -1.1228944094206387e-05  -1.0528503257014955e-07
 -3   +3.2669545739415683e-05  +4.9479400194091242e-07
 -2   -9.2638902357724203e-05  -2.6946388438655448e-06
 -1   +1.6915033645991087e-05  +1.4579501527125259e-06
 +0   +1.1206558323141477e-08  +0.0000000000000000e+00
 +1   +1.6915033645991087e-05  -1.4579501527125259e-06
 +2   -9.2638902357724203e-05  +2.6946388438655448e-06
 +3   +3.2669545739415683e-05  -4.9479400194091242e-07
 +4   -1.1228944094206387e-05  +1.0528503257014955e-07
 +5   +3.6639689433290275e-06  -2.3394689248532813e-08
 +6   -1.1611190136965785e-06  +5.3816122417184855e-09
 +7   +3.5933576500822048e-07  -1.2644964300472146e-09
 +8   -1.0917187209318121e-07  +3.0172304974846871e-10
 +9   +3.2672687808855909e-08  -7.2808819935166071e-11
+10   -9.6573221611873210e-09  +1.7723363855316810e-11
+11   +2.8247645357598466e-09  -4.3430707247795895e-12
+12   -8.1890195724649542e-10  +1.0709048054471576e-12
+13   +2.3557960267654543e-10  -2.6458601471745075e-13
+14   -6.7317952692959288e-11  +6.6249300273562732e-14
+15   +1.9123185454555761e-11  -1.6056021232260072e-14
+16   -5.4042044602789543e-12  +4.4482042623601070e-15
+17   +1.5199925442012433e-12  -7.0767026091547631e-16
+18   -4.2587393345355556e-13  +5.6024626391344021e-16
+19   +1.1877598925881788e-13  +2.1973598484960629e-16
+20   -3.3119108962407128e-14  +2.8952562811516137e-16
+21   +9.0847304970848713e-15  +2.5199571625466846e-16
+22   -2.5735360901248719e-15  +2.4785704107645996e-16
+23   +6.2773705833242778e-16  +2.3464066969712753e-16
+24   -2.7775302682774124e-16  +2.2464386284649308e-16
+25   -2.4584909781022435e-17  +2.1393906007111421e-16
+26   -8.1083490443111938e-17  +2.0480619846843726e-16
+27   -6.8367617108718063e-17  +1.9580186950698233e-16
+28   -8.2978943415994148e-17  +1.9100433745661303e-16
+29   -7.5312772641044796e-17  +1.8103541797528805e-16
+30   -4.9329606013868202e-17  +1.7453607733578713e-16

