-30   -1.8677601975267700e-17  -7.0477333060983713e-18
-29   -4.7092508560397304e-19  -7.1082513719218137e-18
-28   +4.3300025514922989e-18  -5.8810070806247633e-18
-27   -6.2157377899840964e-18  -1.0772045402939956e-17
-26   +4.8558889228513391e-18  +3.7534620939770175e-18
-25   -4.3241107938238129e-17  -5.1008938672987148e-17
-24   +1.6470098443776788e-16  +1.5271956459313360e-16
-23   -5.8558728715880613e-16  -5.9218710944408429e-16
-22   +2.0832651975150113e-15  +2.1061211936043439e-15
-21   -7.6037155310190604e-15  -7.6539962508510965e-15
-20   +2.7378582352324452e-14  +2.7534646580475046e-14
-19   -9.8285712455404635e-14  -9.8942555773641904e-14
-18   +3.5138928201318854e-13  +3.5404685186976573e-13
-17   -1.2514992880574156e-12  -1.2621621778709179e-12
-16   +4.4377049566290194e-12  +4.4797308873503656e-12
-15   -1.5657636118421273e-11  -1.5822646766040238e-11
-14   +5.4937222758435421e-11  +5.5580614695357675e-11
-13   -1.9153804789386834e-10  -1.9403077932340463e-10
-12   +6.6297586526686491e-10  +6.7256710836497829e-10
-11   -2.2756766706247464e-09  -2.3123078136181879e-09
-10   +7.7355154229579032e-09  +7.8742676948292502e-09
 -9   -2.5993519491973769e-08  -2.6514189111178903e-08
 -8   +8.6147612311444056e-08  +8.8080228062627126e-08
 -7   -2.8073052331771067e-07  -2.8781368325486253e-07
 -6   +8.9580984701588568e-07  +9.2137667509876814e-07
 -5   -2.7813967135495020e-06  -2.8723663021572599e-06
 -4   +8.3387338638271378e-06  +8.6573947403536010e-06
 -3   -2.3521503997557282e-05  -2.4693580150111913e-05
 -2   +6.3158103502458741e-05  +6.8116089713650757e-05
 -1   -7.6971712381201946e-06  -8.5620070029472151e-06
 +0   -1.1178136925325910e-02  +0.0000000000000000e+00
 +1   -7.6971712381201946e-06  +8.5620070029472151e-06
 +2   +6.3158103502458741e-05  -6.8116089713650757e-05
 +3   -2.3521503997557282e-05  +2.4693580150111913e-05
 +4   +8.3387338638271378e-06  -8.6573947403536010e-06
 +5   -2.7813967135495020e-06  +2.8723663021572599e-06
 +6   +8.9580984701588568e-07  -9.2137667509876814e-07
 +7   -2.8073052331771067e-07  +2.8781368325486253e-07
 +8   +8.6147612311444056e-08  -8.8080228062627126e-08
 +9   -2.5993519491973769e-08  +2.6514189111178903e-08
+10   +7.7355154229579032e-09  -7.8742676948292502e-09
+11   -2.2756766706247464e-09  +2.3123078136181879e-09
+12   +6.6297586526686491e-10  -6.7256710836497829e-10
+13   -1.9153804789386834e-10  +1.9403077932340463e-10
+14   +5.4937222758435421e-11  -5.5580614695357675e-11
+15   -1.5657636118421273e-11  +1.5822646766040238e-11
+16   +4.4377049566290194e-12  -4.4797308873503656e-12
+17   -1.2514992880574156e-12  +1.2621621778709179e-12
+18   +3.5138928201318854e-13  -3.5404685186976573e-13
+19   -9.8285712455404635e-14  +9.8942555773641904e-14
+20   +2.7378582352324452e-14  -2.7534646580475046e-14
+21   -7.6037155310190604e-15  +7.6539962508510965e-15
+22   +2.0832651975150113e-15  -2.1061211936043439e-15
+23   -5.8558728715880613e-16  +5.9218710944408429e-16
+24   +1.6470098443776788e-16  -1.5271956459313360e-16
+25   -4.3241107938238129e-17  +5.1008938672987148e-17
+26   +4.8558889228513391e-18  -3.7534620939770175e-18
+27   -6.2157377899840964e-18  +1.0772045402939956e-17
+28   +4.3300025514922989e-18  +5.8810070806247633e-18
+29   -4.7092508560397304e-19  +7.1082513719218137e-18
+30   -1.8677601975267700e-17  +7.0477333060983713e-18

