-30   +1.3810042927148970e-17  +3.3340392289778017e-17
-29   +1.4219674909490158e-17  +3.4388056528654670e-17
-28   +1.2240881950249022e-17  +3.6646862723479265e-17
-27   +1.2671567555015701e-17  +3.2852787587484512e-17
-26   +1.6188733685982925e-17  +5.5773242486317688e-17
-25   +4.7120993674932496e-18  -2.1477871183947531e-17
-24   +4.7698249951681787e-17  +2.6709645292861893e-16
-23   -1.0574000301200416e-16  -7.7063066012119126e-16
-22   +4.3842514364941426e-16  +2.9960232763630774e-15
-21   -1.4972821052636602e-15  -1.0607585542114148e-14
-20   +5.3624787805892710e-15  +3.8442429215171584e-14
-19   -1.8835043283050709e-14  -1.3780000869178439e-13
-18   +6.6029085449822010e-14  +4.9328840063537548e-13
-17   -2.2962831457697124e-13  -1.7577012518318777e-12
-16   +7.9254020958773950e-13  +6.2367159210080540e-12
-15   -2.7099268000409888e-12  -2.2018876922669986e-11
-14   +9.1649099569945758e-12  +7.7307731991896834e-11
-13   -3.0585415636810052e-11  -2.6971243005448847e-10
-12   +1.0040428880309347e-10  +9.3418175589499705e-10
-11   -3.2277426747334457e-10  -3.2086069756096929e-09
-10   +1.0093852820710564e-09  +1.0912661592807489e-08
 -9   -3.0380720166515538e-09  -3.6683252574606504e-08
 -8   +8.6373182838555226e-09  +1.2158140141471369e-07
 -7   -2.2325706780580622e-08  -3.9598418635242190e-07
 -6   +4.7404747761288320e-08  +1.2614849677598916e-06
 -5   -4.8971219414179427e-08  -3.9022730102653788e-06
 -4   -2.6497716085517108e-07  +1.1604002529193187e-05
 -3   +2.4632404992788632e-06  -3.2238082849527015e-05
 -2   -1.4552512064254780e-05  +8.3269190784484543e-05
 -1   +6.2020233745252260e-06  -5.1220512636166666e-06
 +0   +4.1943007201482300e-02  +0.0000000000000000e+00
 +1   +6.2020233745252260e-06  +5.1220512636166666e-06
 +2   -1.4552512064254780e-05  -8.3269190784484543e-05
 +3   +2.4632404992788632e-06  +3.2238082849527015e-05
 +4   -2.6497716085517108e-07  -1.1604002529193187e-05
 +5   -4.8971219414179427e-08  +3.9022730102653788e-06
 +6   +4.7404747761288320e-08  -1.2614849677598916e-06
 +7   -2.2325706780580622e-08  +3.9598418635242190e-07
 +8   +8.6373182838555226e-09  -1.2158140141471369e-07
 +9   -3.0380720166515538e-09  +3.6683252574606504e-08
+10   +1.0093852820710564e-09  -1.0912661592807489e-08
+11   -3.2277426747334457e-10  +3.2086069756096929e-09
+12   +1.0040428880309347e-10  -9.3418175589499705e-10
+13   -3.0585415636810052e-11  +2.6971243005448847e-10
+14   +9.1649099569945758e-12  -7.7307731991896834e-11
+15   -2.7099268000409888e-12  +2.2018876922669986e-11
+16   +7.9254020958773950e-13  -6.2367159210080540e-12
+17   -2.2962831457697124e-13  +1.7577012518318777e-12
+18   +6.6029085449822010e-14  -4.9328840063537548e-13
+19   -1.8835043283050709e-14  +1.3780000869178439e-13
+20   +5.3624787805892710e-15  -3.8442429215171584e-14
+21   -1.4972821052636602e-15  +1.0607585542114148e-14
+22   +4.3842514364941426e-16  -2.9960232763630774e-15
+23   -1.0574000301200416e-16  +7.7063066012119126e-16
+24   +4.7698249951681787e-17  -2.6709645292861893e-16
+25   +4.7120993674932496e-18  +2.1477871183947531e-17
+26   +1.6188733685982925e-17  -5.5773242486317688e-17
+27   +1.2671567555015701e-17  -3.2852787587484512e-17
+28   +1.2240881950249022e-17  -3.6646862723479265e-17
+29   +1.4219674909490158e-17  -3.4388056528654670e-17
+30   +1.3810042927148970e-17  -3.3340392289778017e-17

