-30   -1.6123007065637040e-17  -3.8693086447463575e-17
-29   -1.4950758388894419e-17  -3.8711642708113233e-17
-28   -1.6987104723133510e-17  -4.0260580943044774e-17
-27   -1.6836052639632483e-17  -4.6605940974467407e-17
-26   -1.4085233107264311e-17  -2.7283699522122996e-17
-25   -2.4649605080825688e-17  -1.0803435879098746e-16
-24   +1.8632892979819685e-17  +1.7582428549949692e-16
-23   -1.3476070051760713e-16  -8.6437737142889032e-16
-22   +4.0933801167757013e-16  +2.8974220199826956e-15
-21   -1.5245175376137924e-15  -1.0717117973508433e-14
-20   +5.3309770921965527e-15  +3.8353625914448375e-14
-19   -1.8852654156960890e-14  -1.3799502657775225e-13
-18   +6.5958370443831984e-14  +4.9347946870265596e-13
-17   -2.2948745400880079e-13  -1.7590771401861339e-12
-16   +7.9183868299827312e-13  +6.2415344058742608e-12
-15   -2.7072462325788578e-12  -2.2038775686320833e-11
-14   +9.1539361202028584e-12  +7.7386469324692380e-11
-13   -3.0541064092922005e-11  -2.7002858409704892e-10
-12   +1.0022337031579489e-10  +9.3545093632135055e-10
-11   -3.2203245832447274e-10  -3.2137247743181259e-09
-10   +1.0063198192465298e-09  +1.0933381702803931e-08
 -9   -3.0252837887841908e-09  -3.6767579349622792e-08
 -8   +8.5833084866295011e-09  +1.2192677869466479e-07
 -7   -2.2093840166721691e-08  -3.9741003910013972e-07
 -6   +4.6386425867736863e-08  +1.2674334947575154e-06
 -5   -4.4349836952401534e-08  -3.9274140833461657e-06
 -4   -2.8708855177273391e-07  +1.1712527698512170e-05
 -3   +2.5777833196084156e-06  -3.2710772699841025e-05
 -2   -1.5287050214496719e-05  +8.5485411465180693e-05
 -1   +6.6338808021436481e-06  -6.8424676230221246e-06
 +0   -4.1942990334835811e-02  +0.0000000000000000e+00
 +1   +6.6338808021436481e-06  +6.8424676230221246e-06
 +2   -1.5287050214496719e-05  -8.5485411465180693e-05
 +3   +2.5777833196084156e-06  +3.2710772699841025e-05
 +4   -2.8708855177273391e-07  -1.1712527698512170e-05
 +5   -4.4349836952401534e-08  +3.9274140833461657e-06
 +6   +4.6386425867736863e-08  -1.2674334947575154e-06
 +7   -2.2093840166721691e-08  +3.9741003910013972e-07
 +8   +8.5833084866295011e-09  -1.2192677869466479e-07
 +9   -3.0252837887841908e-09  +3.6767579349622792e-08
+10   +1.0063198192465298e-09  -1.0933381702803931e-08
+11   -3.2203245832447274e-10  +3.2137247743181259e-09
+12   +1.0022337031579489e-10  -9.3545093632135055e-10
+13   -3.0541064092922005e-11  +2.7002858409704892e-10
+14   +9.1539361202028584e-12  -7.7386469324692380e-11
+15   -2.7072462325788578e-12  +2.2038775686320833e-11
+16   +7.9183868299827312e-13  -6.2415344058742608e-12
+17   -2.2948745400880079e-13  +1.7590771401861339e-12
+18   +6.5958370443831984e-14  -4.9347946870265596e-13
+19   -1.8852654156960890e-14  +1.3799502657775225e-13
+20   +5.3309770921965527e-15  -3.8353625914448375e-14
+21   -1.5245175376137924e-15  +1.0717117973508433e-14
+22   +4.0933801167757013e-16  -2.8974220199826956e-15
+23   -1.3476070051760713e-16  +8.6437737142889032e-16
+24   +1.8632892979819685e-17  -1.7582428549949692e-16
+25   -2.4649605080825688e-17  +1.0803435879098746e-16
+26   -1.4085233107264311e-17  +2.7283699522122996e-17
+27   -1.6836052639632483e-17  +4.6605940974467407e-17
+28   -1.6987104723133510e-17  +4.0260580943044774e-17
+29   -1.4950758388894419e-17  +3.8711642708113233e-17
+30   -1.6123007065637040e-17  +3.8693086447463575e-17

