-30   +2.9393854762619748e-18  -1.5263224116165650e-19
-29   +4.7742535437029863e-18  -4.0226016371944188e-19
-28   -1.5581547504072418e-17  -2.2523242203709264e-18
-27   -3.2098468870824071e-18  +1.8926500262429657e-18
-26   -1.3928722585255130e-17  -1.2163875426531379e-17
-25   +5.3864447679256440e-17  +4.3200399610272428e-17
-24   -2.0947760916601814e-16  -1.6090608215105258e-16
-23   +7.7897022389922406e-16  +5.7894536486197135e-16
-22   -2.8222969503114990e-15  -2.0989730274362747e-15
-21   +1.0189698834093765e-14  +7.5923584518986577e-15
-20   -3.6602828695845166e-14  -2.7376936719970195e-14
-19   +1.3102810411093784e-13  +9.8415784140655086e-14
-18   -4.6719762906751648e-13  -3.5256479977691959e-13
-17   +1.6587499233748023e-12  +1.2581907265925872e-12
-16   -5.8610316230222158e-12  -4.4710825405155510e-12
-15   +2.0597680302715014e-11  +1.5813271952490329e-11
-14   -7.1945978243577755e-11  -5.5631530199579964e-11
-13   +2.4955515816296758e-10  +1.9453927438085633e-10
-12   -8.5870210422259282e-10  -6.7563762454865792e-10
-11   +2.9273023295288862e-09  +2.3280406852189644e-09
-10   -9.8701940240511819e-09  -7.9483590082748069e-09
 -9   +3.2846868041139934e-08  +2.6845091845774834e-08
 -8   -1.0758660208074098e-07  -8.9503191327255992e-08
 -7   +3.4551448355771623e-07  +2.9375296909083567e-07
 -6   -1.0822785457527645e-06  -9.4554076273800863e-07
 -5   +3.2801611121877367e-06  +2.9683681738002758e-06
 -4   -9.5164222101836646e-06  -9.0303469937982390e-06
 -3   +2.5681689653115872e-05  +2.6105004455257013e-05
 -2   -6.4696439530907539e-05  -7.3627151437451451e-05
 -1   +3.4310492909654271e-06  +7.9263187338332279e-06
 +0   -1.4076353259280206e-08  +0.0000000000000000e+00
 +1   +3.4310492909654271e-06  -7.9263187338332279e-06
 +2   -6.4696439530907539e-05  +7.3627151437451451e-05
 +3   +2.5681689653115872e-05  -2.6105004455257013e-05
 +4   -9.5164222101836646e-06  +9.0303469937982390e-06
 +5   +3.2801611121877367e-06  -2.9683681738002758e-06
 +6   -1.0822785457527645e-06  +9.4554076273800863e-07
 +7   +3.4551448355771623e-07  -2.9375296909083567e-07
 +8   -1.0758660208074098e-07  +8.9503191327255992e-08
 +9   +3.2846868041139934e-08  -2.6845091845774834e-08
+10   -9.8701940240511819e-09  +7.9483590082748069e-09
+11   +2.9273023295288862e-09  -2.3280406852189644e-09
+12   -8.5870210422259282e-10  +6.7563762454865792e-10
+13   +2.4955515816296758e-10  -1.9453927438085633e-10
+14   -7.1945978243577755e-11  +5.5631530199579964e-11
+15   +2.0597680302715014e-11  -1.5813271952490329e-11
+16   -5.8610316230222158e-12  +4.4710825405155510e-12
+17   +1.6587499233748023e-12  -1.2581907265925872e-12
+18   -4.6719762906751648e-13  +3.5256479977691959e-13
+19   +1.3102810411093784e-13  -9.8415784140655086e-14
+20   -3.6602828695845166e-14  +2.7376936719970195e-14
+21   +1.0189698834093765e-14  -7.5923584518986577e-15
+22   -2.8222969503114990e-15  +2.0989730274362747e-15
+23   +7.7897022389922406e-16  -5.7894536486197135e-16
+24   -2.0947760916601814e-16  +1.6090608215105258e-16
+25   +5.3864447679256440e-17  -4.3200399610272428e-17
+26   -1.3928722585255130e-17  +1.2163875426531379e-17
+27   -3.2098468870824071e-18  -1.8926500262429657e-18
+28   -1.5581547504072418e-17  +2.2523242203709264e-18
+29   +4.7742535437029863e-18  +4.0226016371944188e-19
+30   +2.9393854762619748e-18  +1.5263224116165650e-19

