-30   -3.9444527783375304e-18  -7.2613327823542892e-19
-29   -5.9981134750364797e-18  -1.7908223223062542e-18
-28   +2.0406851217965060e-17  -1.7716138102788225e-18
-27   +7.6422664761665722e-18  +5.5676724638841254e-18
-26   +6.3400524214983405e-18  -1.1145708663493005e-17
-25   -2.4398981273582933e-17  +4.1857569246670053e-17
-24   +1.0625285602928117e-16  -1.5523455576042314e-16
-23   -4.1639234212651836e-16  +5.5738497263167192e-16
-22   +1.5158083942869182e-15  -2.0157231697271225e-15
-21   -5.5324918991744631e-15  +7.2805522048529523e-15
-20   +2.0026852943987044e-14  -2.6197484519749290e-14
-19   -7.2303760810763732e-14  +9.3955739714216969e-14
-18   +2.6021061900286803e-13  -3.3569054270192129e-13
-17   -9.3341461207398825e-13  +1.1944401153849196e-12
-16   +3.3360991536622458e-12  -4.2303912755224599e-12
-15   -1.1874986521373736e-11  +1.4905292750705044e-11
-14   +4.2078345937513400e-11  -5.2209127648185572e-11
-13   -1.4834721669575940e-10  +1.8165046497156343e-10
-12   +5.2001294870844594e-10  -6.2713982577226349e-10
-11   -1.8110191600952370e-09  +2.1457045999619186e-09
-10   +6.2602486323725100e-09  -7.2633348653681235e-09
 -9   -2.1453838256233911e-08  +2.4272867930068483e-08
 -8   +7.2780892125277708e-08  -7.9845906285140078e-08
 -7   -2.4393893739951374e-07  +2.5747327732238653e-07
 -6   +8.0579728372339617e-07  -8.0895832186879196e-07
 -5   -2.6128394335002153e-06  +2.4517981480559682e-06
 -4   +8.2870679377539879e-06  -7.0529104912807337e-06
 -3   -2.5170658629837275e-05  +1.8420760874433093e-05
 -2   +7.5210027724524845e-05  -4.0761764756155299e-05
 -1   -1.4202746235867062e-05  -1.7299858536238711e-06
 +0   -1.2245420320553109e-08  +0.0000000000000000e+00
 +1   -1.4202746235867062e-05  +1.7299858536238711e-06
 +2   +7.5210027724524845e-05  +4.0761764756155299e-05
 +3   -2.5170658629837275e-05  -1.8420760874433093e-05
 +4   +8.2870679377539879e-06  +7.0529104912807337e-06
 +5   -2.6128394335002153e-06  -2.4517981480559682e-06
 +6   +8.0579728372339617e-07  +8.0895832186879196e-07
 +7   -2.4393893739951374e-07  -2.5747327732238653e-07
 +8   +7.2780892125277708e-08  +7.9845906285140078e-08
 +9   -2.1453838256233911e-08  -2.4272867930068483e-08
+10   +6.2602486323725100e-09  +7.2633348653681235e-09
+11   -1.8110191600952370e-09  -2.1457045999619186e-09
+12   +5.2001294870844594e-10  +6.2713982577226349e-10
+13   -1.4834721669575940e-10  -1.8165046497156343e-10
+14   +4.2078345937513400e-11  +5.2209127648185572e-11
+15   -1.1874986521373736e-11  -1.4905292750705044e-11
+16   +3.3360991536622458e-12  +4.2303912755224599e-12
+17   -9.3341461207398825e-13  -1.1944401153849196e-12
+18   +2.6021061900286803e-13  +3.3569054270192129e-13
+19   -7.2303760810763732e-14  -9.3955739714216969e-14
+20   +2.0026852943987044e-14  +2.6197484519749290e-14
+21   -5.5324918991744631e-15  -7.2805522048529523e-15
+22   +1.5158083942869182e-15  +2.0157231697271225e-15
+23   -4.1639234212651836e-16  -5.5738497263167192e-16
+24   +1.0625285602928117e-16  +1.5523455576042314e-16
+25   -2.4398981273582933e-17  -4.1857569246670053e-17
+26   +6.3400524214983405e-18  +1.1145708663493005e-17
+27   +7.6422664761665722e-18  -5.5676724638841254e-18
+28   +2.0406851217965060e-17  +1.7716138102788225e-18
+29   -5.9981134750364797e-18  +1.7908223223062542e-18
+30   -3.9444527783375304e-18  +7.2613327823542892e-19

