-30   +3.3839774014377060e-18  +8.5209711006617544e-19
-29   +4.4611647798329627e-18  +9.3046815144814875e-19
-28   -1.5790236429488564e-17  +6.9713609900551325e-19
-27   -8.8086205282211533e-18  +5.6695611133067398e-19
-26   +2.4206360975171295e-18  +6.0755438221086639e-19
-25   +9.5559429773015489e-19  +1.3528695272219484e-18
-24   -1.1042153109806254e-17  +6.7658558941215199e-19
-23   +6.4281961789172573e-17  +3.5350017896676505e-19
-22   -2.5144787742738359e-16  +4.9981999924917907e-18
-21   +9.7099230307980902e-16  -1.3169405261532046e-17
-20   -3.6540981196092720e-15  +6.0828485523230308e-17
-19   +1.3759170016312832e-14  -2.3596976387636759e-16
-18   -5.1692571369786838e-14  +9.4193093841519179e-16
-17   +1.9401857065980133e-13  -3.7367037355599069e-15
-16   -7.2717385446262115e-13  +1.4881932201835712e-14
-15   +2.7206151614918504e-12  -5.9370249116453934e-14
-14   -1.0158822848384926e-11  +2.3747578023661959e-13
-13   +3.7848544348337980e-11  -9.5260653961771862e-13
-12   -1.4065056546304083e-10  +3.8343125943916399e-12
-11   +5.2112353234080674e-10  -1.5495583728584704e-11
-10   -1.9240731096066185e-09  +6.2926694948613855e-11
 -9   +7.0744296988504984e-09  -2.5706634521681389e-10
 -8   -2.5880503132720936e-08  +1.0580518901666440e-09
 -7   +9.4084887743386183e-08  -4.3968923713876225e-09
 -6   -3.3937068270286136e-07  +1.8512690547751579e-08
 -5   +1.2105408844498496e-06  -7.9324368546313514e-08
 -4   -4.2644200658349615e-06  +3.5005040812476646e-07
 -3   +1.4478727072974414e-05  -1.5925380418898374e-06
 -2   -4.9460834403542033e-05  +8.2826191057148512e-06
 -1   +1.7727663116707342e-05  -6.4659799934835238e-06
 +0   -2.7748128480250797e-09  +0.0000000000000000e+00
 +1   +1.7727663116707342e-05  +6.4659799934835238e-06
 +2   -4.9460834403542033e-05  -8.2826191057148512e-06
 +3   +1.4478727072974414e-05  +1.5925380418898374e-06
 +4   -4.2644200658349615e-06  -3.5005040812476646e-07
 +5   +1.2105408844498496e-06  +7.9324368546313514e-08
 +6   -3.3937068270286136e-07  -1.8512690547751579e-08
 +7   +9.4084887743386183e-08  +4.3968923713876225e-09
 +8   -2.5880503132720936e-08  -1.0580518901666440e-09
 +9   +7.0744296988504984e-09  +2.5706634521681389e-10
+10   -1.9240731096066185e-09  -6.2926694948613855e-11
+11   +5.2112353234080674e-10  +1.5495583728584704e-11
+12   -1.4065056546304083e-10  -3.8343125943916399e-12
+13   +3.7848544348337980e-11  +9.5260653961771862e-13
+14   -1.0158822848384926e-11  -2.3747578023661959e-13
+15   +2.7206151614918504e-12  +5.9370249116453934e-14
+16   -7.2717385446262115e-13  -1.4881932201835712e-14
+17   +1.9401857065980133e-13  +3.7367037355599069e-15
+18   -5.1692571369786838e-14  -9.4193093841519179e-16
+19   +1.3759170016312832e-14  +2.3596976387636759e-16
+20   -3.6540981196092720e-15  -6.0828485523230308e-17
+21   +9.7099230307980902e-16  +1.3169405261532046e-17
+22   -2.5144787742738359e-16  -4.9981999924917907e-18
+23   +6.4281961789172573e-17  -3.5350017896676505e-19
+24   -1.1042153109806254e-17  -6.7658558941215199e-19
+25   +9.5559429773015489e-19  -1.3528695272219484e-18
+26   +2.4206360975171295e-18  -6.0755438221086639e-19
+27   -8.8086205282211533e-18  -5.6695611133067398e-19
+28   -1.5790236429488564e-17  -6.9713609900551325e-19
+29   +4.4611647798329627e-18  -9.3046815144814875e-19
+30   +3.3839774014377060e-18  -8.5209711006617544e-19

