-30   -0.0000000000000000e+00  -7.9081005778991593e-19
-29   +0.0000000000000000e+00  +8.2099293304370335e-19
-28   -0.0000000000000000e+00  -8.5342441371050853e-19
-27   +0.0000000000000000e+00  +8.8794814944229982e-19
-26   -0.0000000000000000e+00  -9.2474010931390827e-19
-25   +0.0000000000000000e+00  +9.6195317518998735e-19
-24   -0.0000000000000000e+00  -9.9848129246345098e-19
-23   +0.0000000000000000e+00  +1.0160060448127960e-18
-22   -0.0000000000000000e+00  -9.4619214328119244e-19
-21   +0.0000000000000000e+00  +4.9840885673327428e-19
-20   +0.0000000000000000e+00  +1.5286342163231113e-18
-19   -0.0000000000000000e+00  -1.0168308250134026e-17
-18   +0.0000000000000000e+00  +4.6569327030834661e-17
-17   -0.0000000000000000e+00  -2.0002153720938008e-16
-16   +0.0000000000000000e+00  +8.4969339430128212e-16
-15   -0.0000000000000000e+00  -3.6163250724047173e-15
-14   +0.0000000000000000e+00  +1.5479632928165575e-14
-13   -0.0000000000000000e+00  -6.6759100516872137e-14
-12   +0.0000000000000000e+00  +2.9049874440156756e-13
-11   -0.0000000000000000e+00  -1.2775301039826460e-12
-10   +0.0000000000000000e+00  +5.6896439067656902e-12
 -9   -0.0000000000000000e+00  -2.5731202277809262e-11
 -8   +0.0000000000000000e+00  +1.1860411282309729e-10
 -7   -0.0000000000000000e+00  -5.6006616667471709e-10
 -6   +0.0000000000000000e+00  +2.7307256480216135e-09
 -5   -0.0000000000000000e+00  -1.3903852905116712e-08
 -4   +0.0000000000000000e+00  +7.5647289447145244e-08
 -3   -0.0000000000000000e+00  -4.5052551772095473e-07
 -2   +0.0000000000000000e+00  +3.4216978628232397e-06
 -1   -0.0000000000000000e+00  -1.1948824588611158e-06
 +0   +0.0000000000000000e+00  +0.0000000000000000e+00
 +1   +0.0000000000000000e+00  +1.1948824588611158e-06
 +2   -0.0000000000000000e+00  -3.4216978628232397e-06
 +3   +0.0000000000000000e+00  +4.5052551772095473e-07
 +4   -0.0000000000000000e+00  -7.5647289447145244e-08
 +5   +0.0000000000000000e+00  +1.3903852905116712e-08
 +6   -0.0000000000000000e+00  -2.7307256480216135e-09
 +7   +0.0000000000000000e+00  +5.6006616667471709e-10
 +8   -0.0000000000000000e+00  -1.1860411282309729e-10
 +9   +0.0000000000000000e+00  +2.5731202277809262e-11
+10   -0.0000000000000000e+00  -5.6896439067656902e-12
+11   +0.0000000000000000e+00  +1.2775301039826460e-12
+12   -0.0000000000000000e+00  -2.9049874440156756e-13
+13   +0.0000000000000000e+00  +6.6759100516872137e-14
+14   -0.0000000000000000e+00  -1.5479632928165575e-14
+15   +0.0000000000000000e+00  +3.6163250724047173e-15
+16   -0.0000000000000000e+00  -8.4969339430128212e-16
+17   +0.0000000000000000e+00  +2.0002153720938008e-16
+18   -0.0000000000000000e+00  -4.6569327030834661e-17
+19   +0.0000000000000000e+00  +1.0168308250134026e-17
+20   -0.0000000000000000e+00  -1.5286342163231113e-18
+21   -0.0000000000000000e+00  -4.9840885673327428e-19
+22   +0.0000000000000000e+00  +9.4619214328119244e-19
+23   -0.0000000000000000e+00  -1.0160060448127960e-18
+24   +0.0000000000000000e+00  +9.9848129246345098e-19
+25   -0.0000000000000000e+00  -9.6195317518998735e-19
+26   +0.0000000000000000e+00  +9.2474010931390827e-19
+27   -0.0000000000000000e+00  -8.8794814944229982e-19
+28   +0.0000000000000000e+00  +8.5342441371050853e-19
+29   -0.0000000000000000e+00  -8.2099293304370335e-19
+30   +0.0000000000000000e+00  +7.9081005778991593e-19

