-30   +4.9355970166868581e-20  +0.0000000000000000e+00
-29   -5.3565971034403129e-20  +0.0000000000000000e+00
-28   +2.8294711890318067e-20  +0.0000000000000000e+00
-27   -4.9773917069330757e-20  +0.0000000000000000e+00
-26   +4.6734521785724042e-20  +0.0000000000000000e+00
-25   -9.0490251214301105e-20  +0.0000000000000000e+00
-24   +6.4994420957587731e-20  +0.0000000000000000e+00
-23   -5.4671666079554141e-20  +0.0000000000000000e+00
-22   -1.8780556034292615e-20  +0.0000000000000000e+00
-21   +5.7021295067645531e-19  +0.0000000000000000e+00
-20   -2.8205283974670289e-18  +0.0000000000000000e+00
-19   +1.2023436516825038e-17  +0.0000000000000000e+00
-18   -5.0720178226887358e-17  +0.0000000000000000e+00
-17   +2.1408336642723343e-16  +0.0000000000000000e+00
-16   -9.0836920757402587e-16  +0.0000000000000000e+00
-15   +3.8772415313378611e-15  +0.0000000000000000e+00
-14   -1.6667942496748099e-14  +0.0000000000000000e+00
-13   +7.2255385055687449e-14  +0.0000000000000000e+00
-12   -3.1631261886355259e-13  +0.0000000000000000e+00
-11   +1.4008575327928228e-12  +0.0000000000000000e+00
-10   -6.2908194519982290e-12  +0.0000000000000000e+00
 -9   +2.8733491695513799e-11  +0.0000000000000000e+00
 -8   -1.3405180166083575e-10  +0.0000000000000000e+00
 -7   +6.4257057004124740e-10  +0.0000000000000000e+00
 -6   -3.1936209059212912e-09  +0.0000000000000000e+00
 -5   +1.6670422799567142e-08  +0.0000000000000000e+00
 -4   -9.3911144535943388e-08  +0.0000000000000000e+00
 -3   +5.8476425204563699e-07  +0.0000000000000000e+00
 -2   -4.7941635256572471e-06  +0.0000000000000000e+00
 -1   +2.9792706718023062e-06  +0.0000000000000000e+00
 +0   -1.9915141818270700e-04  +0.0000000000000000e+00
 +1   +2.9792706718023062e-06  +0.0000000000000000e+00
 +2   -4.7941635256572471e-06  +0.0000000000000000e+00
 +3   +5.8476425204563699e-07  +0.0000000000000000e+00
 +4   -9.3911144535943388e-08  +0.0000000000000000e+00
 +5   +1.6670422799567142e-08  +0.0000000000000000e+00
 +6   -3.1936209059212912e-09  +0.0000000000000000e+00
 +7   +6.4257057004124740e-10  +0.0000000000000000e+00
 +8   -1.3405180166083575e-10  +0.0000000000000000e+00
 +9   +2.8733491695513799e-11  +0.0000000000000000e+00
+10   -6.2908194519982290e-12  +0.0000000000000000e+00
+11   +1.4008575327928228e-12  +0.0000000000000000e+00
+12   -3.1631261886355259e-13  +0.0000000000000000e+00
+13   +7.2255385055687449e-14  +0.0000000000000000e+00
+14   -1.6667942496748099e-14  +0.0000000000000000e+00
+15   +3.8772415313378611e-15  +0.0000000000000000e+00
+16   -9.0836920757402587e-16  +0.0000000000000000e+00
+17   +2.1408336642723343e-16  +0.0000000000000000e+00
+18   -5.0720178226887358e-17  +0.0000000000000000e+00
+19   +1.2023436516825038e-17  +0.0000000000000000e+00
+20   -2.8205283974670289e-18  +0.0000000000000000e+00
+21   +5.7021295067645531e-19  +0.0000000000000000e+00
+22   -1.8780556034292615e-20  +0.0000000000000000e+00
+23   -5.4671666079554141e-20  +0.0000000000000000e+00
+24   +6.4994420957587731e-20  +0.0000000000000000e+00
+25   -9.0490251214301105e-20  +0.0000000000000000e+00
+26   +4.6734521785724042e-20  +0.0000000000000000e+00
+27   -4.9773917069330757e-20  +0.0000000000000000e+00
+28   +2.8294711890318067e-20  +0.0000000000000000e+00
+29   -5.3565971034403129e-20  +0.0000000000000000e+00
+30   +4.9355970166868581e-20  +0.0000000000000000e+00

