-30   +1.2339011010421741e-20  +0.0000000000000000e+00
-29   +1.0242660608904203e-19  +0.0000000000000000e+00
-28   +7.5855449188048133e-20  +0.0000000000000000e+00
-27   +3.6713375295382401e-20  +0.0000000000000000e+00
-26   +6.2923875505422857e-20  +0.0000000000000000e+00
-25   -7.5863638599376550e-19  +0.0000000000000000e+00
-24   +2.7583837755377457e-18  +0.0000000000000000e+00
-23   -1.0862707947381131e-17  +0.0000000000000000e+00
-22   +4.3160247789916083e-17  +0.0000000000000000e+00
-21   -1.7127957479400342e-16  +0.0000000000000000e+00
-20   +6.7740687624360369e-16  +0.0000000000000000e+00
-19   -2.6803211802741756e-15  +0.0000000000000000e+00
-18   +1.0620297672695538e-14  +0.0000000000000000e+00
-17   -4.2145739684065605e-14  +0.0000000000000000e+00
-16   +1.6754098589633206e-13  +0.0000000000000000e+00
-15   -6.6733205526798638e-13  +0.0000000000000000e+00
-14   +2.6639821020721009e-12  +0.0000000000000000e+00
-13   -1.0661906115177424e-11  +0.0000000000000000e+00
-12   +4.2798897385318436e-11  +0.0000000000000000e+00
-11   -1.7240584078000847e-10  +0.0000000000000000e+00
-10   +6.9740859938239505e-10  +0.0000000000000000e+00
 -9   -2.8354744988058561e-09  +0.0000000000000000e+00
 -8   +1.1601179797939414e-08  +0.0000000000000000e+00
 -7   -4.7845990719970508e-08  +0.0000000000000000e+00
 -6   +1.9944920745094384e-07  +0.0000000000000000e+00
 -5   -8.4314867554175834e-07  +0.0000000000000000e+00
 -4   +3.6485326155236952e-06  +0.0000000000000000e+00
 -3   -1.6131628392232280e-05  +0.0000000000000000e+00
 -2   +7.9845430239528783e-05  +0.0000000000000000e+00
 -1   -1.1799118440862422e-05  +0.0000000000000000e+00
 +0   -1.9915142561441736e-04  +0.0000000000000000e+00
 +1   -1.1799118440862422e-05  +0.0000000000000000e+00
 +2   +7.9845430239528783e-05  +0.0000000000000000e+00
 +3   -1.6131628392232280e-05  +0.0000000000000000e+00
 +4   +3.6485326155236952e-06  +0.0000000000000000e+00
 +5   -8.4314867554175834e-07  +0.0000000000000000e+00
 +6   +1.9944920745094384e-07  +0.0000000000000000e+00
 +7   -4.7845990719970508e-08  +0.0000000000000000e+00
 +8   +1.1601179797939414e-08  +0.0000000000000000e+00
 +9   -2.8354744988058561e-09  +0.0000000000000000e+00
+10   +6.9740859938239505e-10  +0.0000000000000000e+00
+11   -1.7240584078000847e-10  +0.0000000000000000e+00
+12   +4.2798897385318436e-11  +0.0000000000000000e+00
+13   -1.0661906115177424e-11  +0.0000000000000000e+00
+14   +2.6639821020721009e-12  +0.0000000000000000e+00
+15   -6.6733205526798638e-13  +0.0000000000000000e+00
+16   +1.6754098589633206e-13  +0.0000000000000000e+00
+17   -4.2145739684065605e-14  +0.0000000000000000e+00
+18   +1.0620297672695538e-14  +0.0000000000000000e+00
+19   -2.6803211802741756e-15  +0.0000000000000000e+00
+20   +6.7740687624360369e-16  +0.0000000000000000e+00
+21   -1.7127957479400342e-16  +0.0000000000000000e+00
+22   +4.3160247789916083e-17  +0.0000000000000000e+00
+23   -1.0862707947381131e-17  +0.0000000000000000e+00
+24   +2.7583837755377457e-18  +0.0000000000000000e+00
+25   -7.5863638599376550e-19  +0.0000000000000000e+00
+26   +6.2923875505422857e-20  +0.0000000000000000e+00
+27   +3.6713375295382401e-20  +0.0000000000000000e+00
+28   +7.5855449188048133e-20  +0.0000000000000000e+00
+29   +1.0242660608904203e-19  +0.0000000000000000e+00
+30   +1.2339011010421741e-20  +0.0000000000000000e+00

