-30   +0.0000000000000000e+00  +2.4498874438591763e-17
-29   -0.0000000000000000e+00  -2.5510617916359020e-17
-28   +0.0000000000000000e+00  +1.9199490652759469e-17
-27   -0.0000000000000000e+00  -1.6378992937578870e-17
-26   +0.0000000000000000e+00  +1.7266674431226812e-17
-25   -0.0000000000000000e+00  -2.4800838544676021e-17
-24   +0.0000000000000000e+00  +2.8573439337492466e-17
-23   -0.0000000000000000e+00  -3.4668136280904292e-17
-22   +0.0000000000000000e+00  +5.9118290967053564e-17
-21   -0.0000000000000000e+00  -2.0785521324149436e-16
-20   +0.0000000000000000e+00  +7.4758850689563972e-16
-19   -0.0000000000000000e+00  -2.8584466444488418e-15
-18   +0.0000000000000000e+00  +1.1300277541352591e-14
-17   -0.0000000000000000e+00  -4.4881570039436099e-14
-16   +0.0000000000000000e+00  +1.7899287171002926e-13
-15   -0.0000000000000000e+00  -7.1578689123250402e-13
-14   +0.0000000000000000e+00  +2.8707771263075738e-12
-13   -0.0000000000000000e+00  -1.1551244927314012e-11
-12   +0.0000000000000000e+00  +4.6657196545904489e-11
-11   -0.0000000000000000e+00  -1.8931359150108779e-10
-10   +0.0000000000000000e+00  +7.7238825418548698e-10
 -9   -0.0000000000000000e+00  -3.1727714800528552e-09
 -8   +0.0000000000000000e+00  +1.3145515675148437e-08
 -7   -0.0000000000000000e+00  -5.5073213285901861e-08
 -6   +0.0000000000000000e+00  +2.3427039693728571e-07
 -5   -0.0000000000000000e+00  -1.0170338182223074e-06
 -4   +0.0000000000000000e+00  +4.5704993943717287e-06
 -3   -0.0000000000000000e+00  -2.1247382136741092e-05
 -2   +0.0000000000000000e+00  +1.1517118539180121e-04
 -1   -0.0000000000000000e+00  -3.5654120987921858e-05
 +0   +0.0000000000000000e+00  +0.0000000000000000e+00
 +1   +0.0000000000000000e+00  +3.5654120987921858e-05
 +2   -0.0000000000000000e+00  -1.1517118539180121e-04
 +3   +0.0000000000000000e+00  +2.1247382136741092e-05
 +4   -0.0000000000000000e+00  -4.5704993943717287e-06
 +5   +0.0000000000000000e+00  +1.0170338182223074e-06
 +6   -0.0000000000000000e+00  -2.3427039693728571e-07
 +7   +0.0000000000000000e+00  +5.5073213285901861e-08
 +8   -0.0000000000000000e+00  -1.3145515675148437e-08
 +9   +0.0000000000000000e+00  +3.1727714800528552e-09
+10   -0.0000000000000000e+00  -7.7238825418548698e-10
+11   +0.0000000000000000e+00  +1.8931359150108779e-10
+12   -0.0000000000000000e+00  -4.6657196545904489e-11
+13   +0.0000000000000000e+00  +1.1551244927314012e-11
+14   -0.0000000000000000e+00  -2.8707771263075738e-12
+15   +0.0000000000000000e+00  +7.1578689123250402e-13
+16   -0.0000000000000000e+00  -1.7899287171002926e-13
+17   +0.0000000000000000e+00  +4.4881570039436099e-14
+18   -0.0000000000000000e+00  -1.1300277541352591e-14
+19   +0.0000000000000000e+00  +2.8584466444488418e-15
+20   -0.0000000000000000e+00  -7.4758850689563972e-16
+21   +0.0000000000000000e+00  +2.0785521324149436e-16
+22   -0.0000000000000000e+00  -5.9118290967053564e-17
+23   +0.0000000000000000e+00  +3.4668136280904292e-17
+24   -0.0000000000000000e+00  -2.8573439337492466e-17
+25   +0.0000000000000000e+00  +2.4800838544676021e-17
+26   -0.0000000000000000e+00  -1.7266674431226812e-17
+27   +0.0000000000000000e+00  +1.6378992937578870e-17
+28   -0.0000000000000000e+00  -1.9199490652759469e-17
+29   +0.0000000000000000e+00  +2.5510617916359020e-17
+30   -0.0000000000000000e+00  -2.4498874438591763e-17

