-30   +2.5045768976901973e-18  -1.9626155730481554e-18
-29   -1.3013271697697883e-18  +3.1718561138315243e-18
-28   +6.8921253016919359e-19  -1.9171956326840049e-18
-27   -4.3464660618164476e-19  +2.2641220934658426e-18
-26   +1.0740404815930882e-18  -1.5160875183062423e-18
-25   -1.3265254052122725e-18  +7.2797228348680412e-19
-24   +3.2444237957541675e-19  -1.1146925575765885e-18
-23   +2.3022793117909751e-19  +5.0730526218186024e-18
-22   +7.9725039218024010e-19  -2.5633370123578398e-18
-21   +2.9789661650888129e-18  +1.2918931675623458e-17
-20   -8.5081501313761021e-18  -3.6808158087067284e-17
-19   +4.3240667294697826e-17  +1.3160209340904734e-16
-18   -1.7542169989150681e-16  -5.1453884921766049e-16
-17   +7.0723831347341554e-16  +2.0435826742536290e-15
-16   -2.8596603973370978e-15  -8.1795437653979351e-15
-15   +1.1578212492178649e-14  +3.2865950365230457e-14
-14   -4.7093997960251789e-14  -1.3254999360547136e-13
-13   +1.9257754525443400e-13  +5.3675885609442762e-13
-12   -7.9242051757380790e-13  -2.1840880870454460e-12
-11   +3.2854718896136916e-12  +8.9385214791553877e-12
-10   -1.3750179168273460e-11  -3.6840583824223383e-11
 -9   +5.8229929913733968e-11  +1.5318527368185265e-10
 -8   -2.5038637483847854e-10  -6.4419163814193003e-10
 -7   +1.0987249918180357e-09  +2.7497211493877431e-09
 -6   -4.9590677152637968e-09  -1.1980712915368070e-08
 -5   +2.3307734475063395e-08  +5.3757913727586015e-08
 -4   -1.1686900600650511e-07  -2.5280139722609091e-07
 -3   +6.4674595291841212e-07  +1.2770736345294363e-06
 -2   -4.6075261644063971e-06  -7.8378007403161282e-06
 -1   +3.5558972372176931e-06  +3.2747136223783199e-06
 +0   +1.6953690753986411e-01  +0.0000000000000000e+00
 +1   +3.5558972372176931e-06  -3.2747136223783199e-06
 +2   -4.6075261644063971e-06  +7.8378007403161282e-06
 +3   +6.4674595291841212e-07  -1.2770736345294363e-06
 +4   -1.1686900600650511e-07  +2.5280139722609091e-07
 +5   +2.3307734475063395e-08  -5.3757913727586015e-08
 +6   -4.9590677152637968e-09  +1.1980712915368070e-08
 +7   +1.0987249918180357e-09  -2.7497211493877431e-09
 +8   -2.5038637483847854e-10  +6.4419163814193003e-10
 +9   +5.8229929913733968e-11  -1.5318527368185265e-10
+10   -1.3750179168273460e-11  +3.6840583824223383e-11
+11   +3.2854718896136916e-12  -8.9385214791553877e-12
+12   -7.9242051757380790e-13  +2.1840880870454460e-12
+13   +1.9257754525443400e-13  -5.3675885609442762e-13
+14   -4.7093997960251789e-14  +1.3254999360547136e-13
+15   +1.1578212492178649e-14  -3.2865950365230457e-14
+16   -2.8596603973370978e-15  +8.1795437653979351e-15
+17   +7.0723831347341554e-16  -2.0435826742536290e-15
+18   -1.7542169989150681e-16  +5.1453884921766049e-16
+19   +4.3240667294697826e-17  -1.3160209340904734e-16
+20   -8.5081501313761021e-18  +3.6808158087067284e-17
+21   +2.9789661650888129e-18  -1.2918931675623458e-17
+22   +7.9725039218024010e-19  +2.5633370123578398e-18
+23   +2.3022793117909751e-19  -5.0730526218186024e-18
+24   +3.2444237957541675e-19  +1.1146925575765885e-18
+25   -1.3265254052122725e-18  -7.2797228348680412e-19
+26   +1.0740404815930882e-18  +1.5160875183062423e-18
+27   -4.3464660618164476e-19  -2.2641220934658426e-18
+28   +6.8921253016919359e-19  +1.9171956326840049e-18
+29   -1.3013271697697883e-18  -3.1718561138315243e-18
+30   +2.5045768976901973e-18  +1.9626155730481554e-18

