-30   -1.5588019891140683e-16  +3.5845932042425628e-16
-29   +1.4698329407696820e-16  -3.6500734798555486e-16
-28   -1.4676031364896931e-16  +3.8102142882188506e-16
-27   +1.4977807143055662e-16  -3.9647010960244461e-16
-26   -1.4548392309961935e-16  +4.1571387321766335e-16
-25   +1.5048938444044170e-16  -4.3124010517572948e-16
-24   -1.4583438291065313e-16  +4.5225550798286905e-16
-23   +1.4968052651235552e-16  -4.7028942989272527e-16
-22   -1.4664823771894442e-16  +4.9651228568227824e-16
-21   +1.5586263350258034e-16  -5.1869502619050257e-16
-20   -1.7096010689594034e-16  +5.2952412780526414e-16
-19   +2.4741041188576123e-16  -5.2745598208977510e-16
-18   -5.6065222548866841e-16  +4.1154762615948258e-16
-17   +1.8079351008161299e-15  +1.3408871975873982e-16
-16   -6.8337334086659235e-15  -2.4400400605671982e-15
-15   +2.7142843664428881e-14  +1.1782497003129887e-14
-14   -1.0955117408117573e-13  -4.9468495924990292e-14
-13   +4.4574956572949753e-13  +2.0143431496597767e-13
-12   -1.8253662385710666e-12  -8.1622587202096727e-13
-11   +7.5276650100764330e-12  +3.3140218005332070e-12
-10   -3.1307295329656156e-11  -1.3515128031516825e-11
 -9   +1.3159077887078645e-10  +5.5439933117799248e-11
 -8   -5.6067957588478892e-10  -2.2906243048532220e-10
 -7   +2.4323453281126562e-09  +9.5475212015970125e-10
 -6   -1.0817735241873330e-08  -4.0219683879090326e-09
 -5   +4.9846379344110086e-08  +1.7146017257864439e-08
 -4   -2.4298526760949539e-07  -7.3948817342657180e-08
 -3   +1.2855877037004581e-06  +3.1437794802472643e-07
 -2   -8.4181418126555158e-06  -1.1479042434253106e-06
 -1   +5.8507571003255213e-06  -1.5529754233912673e-06
 +0   +4.1677112699311525e-01  +0.0000000000000000e+00
 +1   +5.8507571003255213e-06  +1.5529754233912673e-06
 +2   -8.4181418126555158e-06  +1.1479042434253106e-06
 +3   +1.2855877037004581e-06  -3.1437794802472643e-07
 +4   -2.4298526760949539e-07  +7.3948817342657180e-08
 +5   +4.9846379344110086e-08  -1.7146017257864439e-08
 +6   -1.0817735241873330e-08  +4.0219683879090326e-09
 +7   +2.4323453281126562e-09  -9.5475212015970125e-10
 +8   -5.6067957588478892e-10  +2.2906243048532220e-10
 +9   +1.3159077887078645e-10  -5.5439933117799248e-11
+10   -3.1307295329656156e-11  +1.3515128031516825e-11
+11   +7.5276650100764330e-12  -3.3140218005332070e-12
+12   -1.8253662385710666e-12  +8.1622587202096727e-13
+13   +4.4574956572949753e-13  -2.0143431496597767e-13
+14   -1.0955117408117573e-13  +4.9468495924990292e-14
+15   +2.7142843664428881e-14  -1.1782497003129887e-14
+16   -6.8337334086659235e-15  +2.4400400605671982e-15
+17   +1.8079351008161299e-15  -1.3408871975873982e-16
+18   -5.6065222548866841e-16  -4.1154762615948258e-16
+19   +2.4741041188576123e-16  +5.2745598208977510e-16
+20   -1.7096010689594034e-16  -5.2952412780526414e-16
+21   +1.5586263350258034e-16  +5.1869502619050257e-16
+22   -1.4664823771894442e-16  -4.9651228568227824e-16
+23   +1.4968052651235552e-16  +4.7028942989272527e-16
+24   -1.4583438291065313e-16  -4.5225550798286905e-16
+25   +1.5048938444044170e-16  +4.3124010517572948e-16
+26   -1.4548392309961935e-16  -4.1571387321766335e-16
+27   +1.4977807143055662e-16  +3.9647010960244461e-16
+28   -1.4676031364896931e-16  -3.8102142882188506e-16
+29   +1.4698329407696820e-16  +3.6500734798555486e-16
+30   -1.5588019891140683e-16  -3.5845932042425628e-16

