-30   +1.6916349111353041e-18  +4.4671924711521049e-18
-29   +1.6708324267607932e-18  -3.0706657291758755e-18
-28   -1.9853797999257607e-18  +4.6069105670225354e-18
-27   +1.0434421780022332e-18  -2.6352228560779920e-18
-26   -2.2638598771853262e-18  +2.4249180698543740e-18
-25   +2.7154191017737948e-18  -3.3197304628648843e-18
-24   -1.2245980113540483e-18  +5.0509975085966641e-18
-23   +1.9533010814429841e-18  -2.3787852899864370e-18
-22   -2.2977096665032178e-18  +8.4687763568204521e-18
-21   +6.0141044443032195e-18  -1.7051891033199973e-17
-20   -1.0358521839084690e-17  +3.8658529794775878e-17
-19   +4.3277411955413203e-17  -1.3163024465536031e-16
-18   -1.7593816339029243e-16  +5.1534127412922730e-16
-17   +7.1076865938656801e-16  -2.0460971666256877e-15
-16   -2.8602037064432486e-15  +8.1825411296632396e-15
-15   +1.1580343591849607e-14  -3.2868915596589201e-14
-14   -4.7095985812128717e-14  +1.3254845280743690e-13
-13   +1.9258191868051119e-13  -5.3676185594449852e-13
-12   -7.9242441136291503e-13  +2.1840924964961559e-12
-11   +3.2854761053098109e-12  -8.9385271509767935e-12
-10   -1.3750184292931571e-11  +3.6840588339259316e-11
 -9   +5.8229933598208795e-11  -1.5318528007118171e-10
 -8   -2.5038637702108708e-10  +6.4419164278091555e-10
 -7   +1.0987249962655836e-09  -2.7497211465159412e-09
 -6   -4.9590677171576839e-09  +1.1980712915839004e-08
 -5   +2.3307734478556132e-08  -5.3757913745212208e-08
 -4   -1.1686900600939080e-07  +2.5280139724344603e-07
 -3   +6.4674595292868822e-07  -1.2770736345357529e-06
 -2   -4.6075261644166326e-06  +7.8378007403440973e-06
 -1   +3.5558972372860267e-06  -3.2747136223758508e-06
 +0   +1.6953690753986284e-01  +0.0000000000000000e+00
 +1   +3.5558972372860267e-06  +3.2747136223758508e-06
 +2   -4.6075261644166326e-06  -7.8378007403440973e-06
 +3   +6.4674595292868822e-07  +1.2770736345357529e-06
 +4   -1.1686900600939080e-07  -2.5280139724344603e-07
 +5   +2.3307734478556132e-08  +5.3757913745212208e-08
 +6   -4.9590677171576839e-09  -1.1980712915839004e-08
 +7   +1.0987249962655836e-09  +2.7497211465159412e-09
 +8   -2.5038637702108708e-10  -6.4419164278091555e-10
 +9   +5.8229933598208795e-11  +1.5318528007118171e-10
+10   -1.3750184292931571e-11  -3.6840588339259316e-11
+11   +3.2854761053098109e-12  +8.9385271509767935e-12
+12   -7.9242441136291503e-13  -2.1840924964961559e-12
+13   +1.9258191868051119e-13  +5.3676185594449852e-13
+14   -4.7095985812128717e-14  -1.3254845280743690e-13
+15   +1.1580343591849607e-14  +3.2868915596589201e-14
+16   -2.8602037064432486e-15  -8.1825411296632396e-15
+17   +7.1076865938656801e-16  +2.0460971666256877e-15
+18   -1.7593816339029243e-16  -5.1534127412922730e-16
+19   +4.3277411955413203e-17  +1.3163024465536031e-16
+20   -1.0358521839084690e-17  -3.8658529794775878e-17
+21   +6.0141044443032195e-18  +1.7051891033199973e-17
+22   -2.2977096665032178e-18  -8.4687763568204521e-18
+23   +1.9533010814429841e-18  +2.3787852899864370e-18
+24   -1.2245980113540483e-18  -5.0509975085966641e-18
+25   +2.7154191017737948e-18  +3.3197304628648843e-18
+26   -2.2638598771853262e-18  -2.4249180698543740e-18
+27   +1.0434421780022332e-18  +2.6352228560779920e-18
+28   -1.9853797999257607e-18  -4.6069105670225354e-18
+29   +1.6708324267607932e-18  +3.0706657291758755e-18
+30   +1.6916349111353041e-18  -4.4671924711521049e-18

