-30   +1.4324507055068179e-16  -3.3318906370488669e-16
-29   -1.4567366936034266e-16  +3.5979576861125541e-16
-28   +1.4353941801583949e-16  -3.7745561706816608e-16
-27   -1.4856842405008802e-16  +3.9080315560073344e-16
-26   +1.4284206490266134e-16  -4.0871529459132915e-16
-25   -1.3817016363470744e-16  +4.3165623137365423e-16
-24   +1.4282993065970895e-16  -4.4481315133044463e-16
-23   -1.4740373456768355e-16  +4.6111670972677821e-16
-22   +1.4349246543145030e-16  -4.9463412526856815e-16
-21   -1.5279182113822680e-16  +5.1413030443104263e-16
-20   +1.6184109906880042e-16  -5.4875375466909968e-16
-19   -2.4515006158902933e-16  +6.1493131781532267e-16
-18   +5.5652343370957748e-16  -7.9629836151914222e-16
-17   -1.8049669047537851e-15  +1.4217800538117073e-15
-16   +6.8334098831660482e-15  -3.8085965216737517e-15
-15   -2.7140617477189999e-14  +1.3255691028358341e-14
-14   +1.0954493867439513e-13  -5.1036614550871800e-14
-13   -4.4574663283884903e-13  +2.0312948466090406e-13
-12   +1.8253666259666320e-12  -8.1807080852897218e-13
-11   -7.5276617213623331e-12  +3.3160314886895968e-12
-10   +3.1307288629344328e-11  -1.3517323223424981e-11
 -9   -1.3159077363111255e-10  +5.5442391855348518e-11
 -8   +5.6067957125012035e-10  -2.2906519179608158e-10
 -7   -2.4323453226429124e-09  +9.5475527073463310e-10
 -6   +1.0817735236988271e-08  -4.0219720669555752e-09
 -5   -4.9846379345425919e-08  +1.7146021721105889e-08
 -4   +2.4298526760398226e-07  -7.3948822903462996e-08
 -3   -1.2855877036901874e-06  +3.1437795542052119e-07
 -2   +8.4181418126224375e-06  -1.1479042545308301e-06
 -1   -5.8507571002268301e-06  -1.5529754011687180e-06
 +0   -4.1677112699311641e-01  +0.0000000000000000e+00
 +1   -5.8507571002268301e-06  +1.5529754011687180e-06
 +2   +8.4181418126224375e-06  +1.1479042545308301e-06
 +3   -1.2855877036901874e-06  -3.1437795542052119e-07
 +4   +2.4298526760398226e-07  +7.3948822903462996e-08
 +5   -4.9846379345425919e-08  -1.7146021721105889e-08
 +6   +1.0817735236988271e-08  +4.0219720669555752e-09
 +7   -2.4323453226429124e-09  -9.5475527073463310e-10
 +8   +5.6067957125012035e-10  +2.2906519179608158e-10
 +9   -1.3159077363111255e-10  -5.5442391855348518e-11
+10   +3.1307288629344328e-11  +1.3517323223424981e-11
+11   -7.5276617213623331e-12  -3.3160314886895968e-12
+12   +1.8253666259666320e-12  +8.1807080852897218e-13
+13   -4.4574663283884903e-13  -2.0312948466090406e-13
+14   +1.0954493867439513e-13  +5.1036614550871800e-14
+15   -2.7140617477189999e-14  -1.3255691028358341e-14
+16   +6.8334098831660482e-15  +3.8085965216737517e-15
+17   -1.8049669047537851e-15  -1.4217800538117073e-15
+18   +5.5652343370957748e-16  +7.9629836151914222e-16
+19   -2.4515006158902933e-16  -6.1493131781532267e-16
+20   +1.6184109906880042e-16  +5.4875375466909968e-16
+21   -1.5279182113822680e-16  -5.1413030443104263e-16
+22   +1.4349246543145030e-16  +4.9463412526856815e-16
+23   -1.4740373456768355e-16  -4.6111670972677821e-16
+24   +1.4282993065970895e-16  +4.4481315133044463e-16
+25   -1.3817016363470744e-16  -4.3165623137365423e-16
+26   +1.4284206490266134e-16  +4.0871529459132915e-16
+27   -1.4856842405008802e-16  -3.9080315560073344e-16
+28   +1.4353941801583949e-16  +3.7745561706816608e-16
+29   -1.4567366936034266e-16  -3.5979576861125541e-16
+30   +1.4324507055068179e-16  +3.3318906370488669e-16

