-30   +1.5328981130667793e-18  -1.2480650554512588e-27
-29   -9.9202488213986025e-19  -9.2891685763264050e-19
-28   +3.5504263285630529e-20  +4.6038898598075912e-18
-27   +1.3888445603166572e-18  +4.7727782017127816e-18
-26   +1.1308557621524865e-18  +3.4936639737290860e-18
-25   +4.5444745408298898e-19  +6.4274645390783191e-18
-24   -7.7823205801426753e-19  -3.5715120115876704e-18
-23   +2.8886624579427241e-18  +5.1272683965885758e-19
-22   -1.7871398704821411e-18  +5.3470952872564224e-18
-21   +9.6527030439182743e-18  -3.9051727708664722e-18
-20   -3.1323468319643029e-17  +1.3811362452112925e-17
-19   +1.2499601546053203e-16  -4.7219658043565636e-17
-18   -4.9094406675944628e-16  +1.7006313597538127e-16
-17   +1.9410132622181981e-15  -6.7616019034916649e-16
-16   -7.7154416294885684e-15  +2.6836985518109076e-15
-15   +3.0944339233467904e-14  -1.0817383989148364e-14
-14   -1.2441396210939113e-13  +4.3765580568674926e-14
-13   +5.0194544410061330e-13  -1.7807865988376343e-13
-12   -2.0339584608884864e-12  +7.2852462893442405e-13
-11   +8.2854014031953610e-12  -3.0002964131005586e-12
-10   -3.3969460268568703e-11  +1.2458209068481830e-11
 -9   +1.4040682445797820e-10  -5.2269499379550221e-11
 -8   -5.8646544605221315e-10  +2.2225845922748383e-10
 -7   +2.4841445673722899e-09  -9.6211012704947432e-10
 -6   -1.0730667704603638e-08  +4.2697835200720653e-09
 -5   +4.7700795076861645e-08  -1.9648871159727486e-08
 -4   -2.2230206522693466e-07  +9.5897329789284349e-08
 -3   +1.1164100057676486e-06  -5.1459538629954093e-07
 -2   -6.9369067541073938e-06  +3.5547876058501590e-06
 -1   +2.8874243431330773e-06  -2.0464981527348840e-06
 +0   -5.4765085838695415e-01  +0.0000000000000000e+00
 +1   +2.8874243431330773e-06  +2.0464981527348840e-06
 +2   -6.9369067541073938e-06  -3.5547876058501590e-06
 +3   +1.1164100057676486e-06  +5.1459538629954093e-07
 +4   -2.2230206522693466e-07  -9.5897329789284349e-08
 +5   +4.7700795076861645e-08  +1.9648871159727486e-08
 +6   -1.0730667704603638e-08  -4.2697835200720653e-09
 +7   +2.4841445673722899e-09  +9.6211012704947432e-10
 +8   -5.8646544605221315e-10  -2.2225845922748383e-10
 +9   +1.4040682445797820e-10  +5.2269499379550221e-11
+10   -3.3969460268568703e-11  -1.2458209068481830e-11
+11   +8.2854014031953610e-12  +3.0002964131005586e-12
+12   -2.0339584608884864e-12  -7.2852462893442405e-13
+13   +5.0194544410061330e-13  +1.7807865988376343e-13
+14   -1.2441396210939113e-13  -4.3765580568674926e-14
+15   +3.0944339233467904e-14  +1.0817383989148364e-14
+16   -7.7154416294885684e-15  -2.6836985518109076e-15
+17   +1.9410132622181981e-15  +6.7616019034916649e-16
+18   -4.9094406675944628e-16  -1.7006313597538127e-16
+19   +1.2499601546053203e-16  +4.7219658043565636e-17
+20   -3.1323468319643029e-17  -1.3811362452112925e-17
+21   +9.6527030439182743e-18  +3.9051727708664722e-18
+22   -1.7871398704821411e-18  -5.3470952872564224e-18
+23   +2.8886624579427241e-18  -5.1272683965885758e-19
+24   -7.7823205801426753e-19  +3.5715120115876704e-18
+25   +4.5444745408298898e-19  -6.4274645390783191e-18
+26   +1.1308557621524865e-18  -3.4936639737290860e-18
+27   +1.3888445603166572e-18  -4.7727782017127816e-18
+28   +3.5504263285630529e-20  -4.6038898598075912e-18
+29   -9.9202488213986025e-19  +9.2891685763264050e-19
+30   +1.5328981130667793e-18  +1.2480650554512588e-27

