-30   +8.4575137229675880e-17  -1.9524805839488068e-16
-29   -8.1912442869114612e-17  +2.0617939591582991e-16
-28   +8.0207876948740500e-17  -2.1174197399852624e-16
-27   -8.1028578683475869e-17  +2.2311447794080988e-16
-26   +8.1783240347035150e-17  -2.3043363702619315e-16
-25   -8.2055599504629223e-17  +2.3898072799415515e-16
-24   +8.3074734806428199e-17  -2.5294415834407892e-16
-23   -7.8371548461148481e-17  +2.6333030775370528e-16
-22   +8.1603997617475568e-17  -2.7457604610460301e-16
-21   -7.6734620727780167e-17  +2.8443593094524310e-16
-20   +7.4510673913121660e-17  -2.7807762074996706e-16
-19   -3.3276882785220428e-17  +2.2544388005735148e-16
-18   -1.0520393927583500e-16  +5.2831853306408481e-17
-17   +6.6418200244354627e-16  -1.1999824767319177e-15
-16   -2.8744369279319648e-15  +5.8795767325168692e-15
-15   +1.1720813141579254e-14  -2.4766932573819204e-14
-14   -4.7123550044895365e-14  +1.0117691794210014e-13
-13   +1.8924257638866000e-13  -4.1126084985113596e-13
-12   -7.6169754036010972e-13  +1.6759016494346181e-12
-11   +3.0768763696479852e-12  -6.8651643398154872e-12
-10   -1.2485063801515207e-11  +2.8320478567742477e-11
 -9   +5.0940095599259497e-11  -1.1787721385589846e-10
 -8   -2.0925543468906316e-10  +4.9630924892961131e-10
 -7   +8.6693404854725409e-10  -2.1216327829080744e-09
 -6   -3.6311594906780066e-09  +9.2613340621058139e-09
 -5   +1.5421315197606464e-08  -4.1655190222722654e-08
 -4   -6.6741859940624683e-08  +1.9649198814147064e-07
 -3   +2.9147800627877843e-07  -9.9620912841754591e-07
 -2   -1.2671250528370453e-06  +6.1217231255053645e-06
 -1   -3.7077955790333949e-07  -2.4846685768831903e-06
 +0   -2.2277702747948230e-01  +0.0000000000000000e+00
 +1   -3.7077955790333949e-07  +2.4846685768831903e-06
 +2   -1.2671250528370453e-06  -6.1217231255053645e-06
 +3   +2.9147800627877843e-07  +9.9620912841754591e-07
 +4   -6.6741859940624683e-08  -1.9649198814147064e-07
 +5   +1.5421315197606464e-08  +4.1655190222722654e-08
 +6   -3.6311594906780066e-09  -9.2613340621058139e-09
 +7   +8.6693404854725409e-10  +2.1216327829080744e-09
 +8   -2.0925543468906316e-10  -4.9630924892961131e-10
 +9   +5.0940095599259497e-11  +1.1787721385589846e-10
+10   -1.2485063801515207e-11  -2.8320478567742477e-11
+11   +3.0768763696479852e-12  +6.8651643398154872e-12
+12   -7.6169754036010972e-13  -1.6759016494346181e-12
+13   +1.8924257638866000e-13  +4.1126084985113596e-13
+14   -4.7123550044895365e-14  -1.0117691794210014e-13
+15   +1.1720813141579254e-14  +2.4766932573819204e-14
+16   -2.8744369279319648e-15  -5.8795767325168692e-15
+17   +6.6418200244354627e-16  +1.1999824767319177e-15
+18   -1.0520393927583500e-16  -5.2831853306408481e-17
+19   -3.3276882785220428e-17  -2.2544388005735148e-16
+20   +7.4510673913121660e-17  +2.7807762074996706e-16
+21   -7.6734620727780167e-17  -2.8443593094524310e-16
+22   +8.1603997617475568e-17  +2.7457604610460301e-16
+23   -7.8371548461148481e-17  -2.6333030775370528e-16
+24   +8.3074734806428199e-17  +2.5294415834407892e-16
+25   -8.2055599504629223e-17  -2.3898072799415515e-16
+26   +8.1783240347035150e-17  +2.3043363702619315e-16
+27   -8.1028578683475869e-17  -2.2311447794080988e-16
+28   +8.0207876948740500e-17  +2.1174197399852624e-16
+29   -8.1912442869114612e-17  -2.0617939591582991e-16
+30   +8.4575137229675880e-17  +1.9524805839488068e-16

