-30   -2.6168207634518812e-18  +1.1551205710056594e-17
-29   -2.3820563741609307e-19  -1.2616598493574364e-17
-28   -9.9768332429327310e-18  +7.5181590181602303e-18
-27   +8.4446956305918084e-18  -7.6891495706360922e-18
-26   -7.3549173060736384e-19  +9.3169544737216832e-18
-25   +6.6093272313161701e-18  -1.0047816731380903e-17
-24   -8.9337588034899839e-18  +1.5201159892766606e-17
-23   +3.5326593071719237e-18  -1.2626896932970939e-17
-22   -5.7155900633051980e-18  +1.5269020536874195e-17
-21   -6.1152069490176639e-18  -1.9007030988276343e-17
-20   +3.7007434154171892e-18  +1.3811362452112922e-17
-19   -1.1486725870713375e-16  -6.0302145876559814e-17
-18   +4.8023115504113121e-16  +1.7986366686924196e-16
-17   -1.9359043374054015e-15  -6.8288129787383944e-16
-16   +7.7062432588500275e-15  +2.6964306761342335e-15
-15   -3.0945295992383982e-14  -1.0824196776483320e-14
-14   +1.2440511657985494e-13  +4.3798752237404020e-14
-13   -5.0194333353991784e-13  -1.7811672003927897e-13
-12   +2.0339422889098912e-12  +7.2854454302709861e-13
-11   -8.2853953534397134e-12  -3.0003090641487463e-12
-10   +3.3969453619535345e-11  +1.2458226838189335e-11
 -9   -1.4040681759991832e-10  -5.2269543125906388e-11
 -8   +5.8646543411955369e-10  +2.2225847806455434e-10
 -7   -2.4841445684475188e-09  -9.6211016939594539e-10
 -6   +1.0730667704038154e-08  +4.2697835612874965e-09
 -5   -4.7700795069104338e-08  -1.9648871193741100e-08
 -4   +2.2230206521385991e-07  +9.5897329840086196e-08
 -3   -1.1164100057549202e-06  -5.1459538636373988e-07
 -2   +6.9369067541036245e-06  +3.5547876059115071e-06
 -1   -2.8874243430875349e-06  -2.0464981530450933e-06
 +0   +5.4765085838695815e-01  +0.0000000000000000e+00
 +1   -2.8874243430875349e-06  +2.0464981530450933e-06
 +2   +6.9369067541036245e-06  -3.5547876059115071e-06
 +3   -1.1164100057549202e-06  +5.1459538636373988e-07
 +4   +2.2230206521385991e-07  -9.5897329840086196e-08
 +5   -4.7700795069104338e-08  +1.9648871193741100e-08
 +6   +1.0730667704038154e-08  -4.2697835612874965e-09
 +7   -2.4841445684475188e-09  +9.6211016939594539e-10
 +8   +5.8646543411955369e-10  -2.2225847806455434e-10
 +9   -1.4040681759991832e-10  +5.2269543125906388e-11
+10   +3.3969453619535345e-11  -1.2458226838189335e-11
+11   -8.2853953534397134e-12  +3.0003090641487463e-12
+12   +2.0339422889098912e-12  -7.2854454302709861e-13
+13   -5.0194333353991784e-13  +1.7811672003927897e-13
+14   +1.2440511657985494e-13  -4.3798752237404020e-14
+15   -3.0945295992383982e-14  +1.0824196776483320e-14
+16   +7.7062432588500275e-15  -2.6964306761342335e-15
+17   -1.9359043374054015e-15  +6.8288129787383944e-16
+18   +4.8023115504113121e-16  -1.7986366686924196e-16
+19   -1.1486725870713375e-16  +6.0302145876559814e-17
+20   +3.7007434154171892e-18  -1.3811362452112922e-17
+21   -6.1152069490176639e-18  +1.9007030988276343e-17
+22   -5.7155900633051980e-18  -1.5269020536874195e-17
+23   +3.5326593071719237e-18  +1.2626896932970939e-17
+24   -8.9337588034899839e-18  -1.5201159892766606e-17
+25   +6.6093272313161701e-18  +1.0047816731380903e-17
+26   -7.3549173060736384e-19  -9.3169544737216832e-18
+27   +8.4446956305918084e-18  +7.6891495706360922e-18
+28   -9.9768332429327310e-18  -7.5181590181602303e-18
+29   -2.3820563741609307e-19  +1.2616598493574364e-17
+30   -2.6168207634518812e-18  -1.1551205710056594e-17

