-30   -8.0107944756699701e-17  +1.9154731497781323e-16
-29   +8.0727292625014906e-17  -2.0219005491992019e-16
-28   -8.0903162632166511e-17  +2.0831448292429868e-16
-27   +8.1229585897176257e-17  -2.1758889415409625e-16
-26   -8.0364863476844537e-17  +2.2900793760095899e-16
-25   +7.5910726329470429e-17  -2.3668635368018189e-16
-24   -8.0906389531101252e-17  +2.4959993385559699e-16
-23   +7.8327019586304814e-17  -2.5982005857671619e-16
-22   -8.0967721371567043e-17  +2.7217483905173502e-16
-21   +7.7179560507419465e-17  -2.9237898926501900e-16
-20   -7.4014868308343741e-17  +3.2136207981401444e-16
-19   +3.3850419103670930e-17  -4.1564440611664590e-16
-18   +1.0685010190152428e-16  +7.2511153784538587e-16
-17   -6.6548739609159285e-16  -1.9165485820690191e-15
-16   +2.8759923118590359e-15  +6.6385860657479510e-15
-15   -1.1720653840797155e-14  -2.5587874237689892e-14
-14   +4.7124947900855473e-14  +1.0205497083866412e-13
-13   -1.8924217366686597e-13  -4.1220866859838750e-13
-12   +7.6169900317714651e-13  +1.6769266855686925e-12
-11   -3.0768743480932652e-12  -6.8662854833319092e-12
-10   +1.2485064528329452e-11  +2.8321708991720174e-11
 -9   -5.0940095905677000e-11  -1.1787859247665032e-10
 -8   +2.0925543412736878e-10  +4.9631079093345111e-10
 -7   -8.6693404582704521e-10  -2.1216345472022163e-09
 -6   +3.6311594886218833e-09  +9.2613361181341637e-09
 -5   -1.5421315194309303e-08  -4.1655192693285442e-08
 -4   +6.6741859937338777e-08  +1.9649199122995111e-07
 -3   -2.9147800626352871e-07  -9.9620913253979438e-07
 -2   +1.2671250528076092e-06  +6.1217231316766492e-06
 -1   +3.7077955804701242e-07  -2.4846685892595207e-06
 +0   +2.2277702747947872e-01  +0.0000000000000000e+00
 +1   +3.7077955804701242e-07  +2.4846685892595207e-06
 +2   +1.2671250528076092e-06  -6.1217231316766492e-06
 +3   -2.9147800626352871e-07  +9.9620913253979438e-07
 +4   +6.6741859937338777e-08  -1.9649199122995111e-07
 +5   -1.5421315194309303e-08  +4.1655192693285442e-08
 +6   +3.6311594886218833e-09  -9.2613361181341637e-09
 +7   -8.6693404582704521e-10  +2.1216345472022163e-09
 +8   +2.0925543412736878e-10  -4.9631079093345111e-10
 +9   -5.0940095905677000e-11  +1.1787859247665032e-10
+10   +1.2485064528329452e-11  -2.8321708991720174e-11
+11   -3.0768743480932652e-12  +6.8662854833319092e-12
+12   +7.6169900317714651e-13  -1.6769266855686925e-12
+13   -1.8924217366686597e-13  +4.1220866859838750e-13
+14   +4.7124947900855473e-14  -1.0205497083866412e-13
+15   -1.1720653840797155e-14  +2.5587874237689892e-14
+16   +2.8759923118590359e-15  -6.6385860657479510e-15
+17   -6.6548739609159285e-16  +1.9165485820690191e-15
+18   +1.0685010190152428e-16  -7.2511153784538587e-16
+19   +3.3850419103670930e-17  +4.1564440611664590e-16
+20   -7.4014868308343741e-17  -3.2136207981401444e-16
+21   +7.7179560507419465e-17  +2.9237898926501900e-16
+22   -8.0967721371567043e-17  -2.7217483905173502e-16
+23   +7.8327019586304814e-17  +2.5982005857671619e-16
+24   -8.0906389531101252e-17  -2.4959993385559699e-16
+25   +7.5910726329470429e-17  +2.3668635368018189e-16
+26   -8.0364863476844537e-17  -2.2900793760095899e-16
+27   +8.1229585897176257e-17  +2.1758889415409625e-16
+28   -8.0903162632166511e-17  -2.0831448292429868e-16
+29   +8.0727292625014906e-17  +2.0219005491992019e-16
+30   -8.0107944756699701e-17  -1.9154731497781323e-16

