-30   -1.5251949124197189e-17  -1.0839226508135374e-18
-29   +1.1565926530780452e-18  -7.6690002618422428e-18
-28   +1.2620920949550532e-18  +8.1388194217479617e-18
-27   +1.0446534670705366e-18  -6.4320713916779214e-18
-26   -4.8652794563375340e-18  +1.0714594467365227e-17
-25   +1.0372481479707114e-18  -1.5921814763997393e-17
-24   -2.4454603824388937e-18  +9.8300605916367496e-18
-23   +3.8494107077870178e-18  -9.5108478572224238e-18
-22   -5.0741630910460924e-18  +1.0272643145506644e-17
-21   +4.3201092254175931e-18  -1.3055704852560097e-17
-20   -7.4014868308343768e-18  +0.0000000000000000e+00
-19   -1.3097718854549687e-17  -8.8838363076868697e-18
-18   +5.0894857115763128e-17  +1.2618517893881359e-17
-17   -2.1456926544438947e-16  -1.9532239819215465e-17
-16   +9.1635084312749077e-16  +3.6671090401692177e-17
-15   -3.9235430912778530e-15  -1.0586718271374536e-16
-14   +1.6824359876801357e-14  +4.0650955887650401e-16
-13   -7.2748821267866414e-14  -1.8434467603323938e-15
-12   +3.1734689025863207e-13  +8.6574593001853975e-15
-11   -1.3995157325788348e-12  -4.1564867435502050e-14
-10   +6.2536353847992801e-12  +2.0418375533297052e-13
 -9   -2.8394351824750682e-11  -1.0298224885847573e-12
 -8   +1.3151536123741819e-10  +5.3651681180852749e-12
 -7   -6.2479293359909220e-10  -2.9124890458961225e-11
 -6   +3.0699626486623390e-09  +1.6693144287159006e-10
 -5   -1.5789746028667730e-08  -1.0301241547733068e-09
 -4   +8.7121847115310901e-08  +7.1035659254137058e-09
 -3   -5.2861932490083067e-07  -5.7455911753462723e-08
 -2   +4.1246730847561047e-06  +6.7239248615642694e-07
 -1   -6.4404075848839218e-06  -2.0996881197796368e-06
 +0   +4.9798723377164489e-01  +0.0000000000000000e+00
 +1   -6.4404075848839218e-06  +2.0996881197796368e-06
 +2   +4.1246730847561047e-06  -6.7239248615642694e-07
 +3   -5.2861932490083067e-07  +5.7455911753462723e-08
 +4   +8.7121847115310901e-08  -7.1035659254137058e-09
 +5   -1.5789746028667730e-08  +1.0301241547733068e-09
 +6   +3.0699626486623390e-09  -1.6693144287159006e-10
 +7   -6.2479293359909220e-10  +2.9124890458961225e-11
 +8   +1.3151536123741819e-10  -5.3651681180852749e-12
 +9   -2.8394351824750682e-11  +1.0298224885847573e-12
+10   +6.2536353847992801e-12  -2.0418375533297052e-13
+11   -1.3995157325788348e-12  +4.1564867435502050e-14
+12   +3.1734689025863207e-13  -8.6574593001853975e-15
+13   -7.2748821267866414e-14  +1.8434467603323938e-15
+14   +1.6824359876801357e-14  -4.0650955887650401e-16
+15   -3.9235430912778530e-15  +1.0586718271374536e-16
+16   +9.1635084312749077e-16  -3.6671090401692177e-17
+17   -2.1456926544438947e-16  +1.9532239819215465e-17
+18   +5.0894857115763128e-17  -1.2618517893881359e-17
+19   -1.3097718854549687e-17  +8.8838363076868697e-18
+20   -7.4014868308343768e-18  -0.0000000000000000e+00
+21   +4.3201092254175931e-18  +1.3055704852560097e-17
+22   -5.0741630910460924e-18  -1.0272643145506644e-17
+23   +3.8494107077870178e-18  +9.5108478572224238e-18
+24   -2.4454603824388937e-18  -9.8300605916367496e-18
+25   +1.0372481479707114e-18  +1.5921814763997393e-17
+26   -4.8652794563375340e-18  -1.0714594467365227e-17
+27   +1.0446534670705366e-18  +6.4320713916779214e-18
+28   +1.2620920949550532e-18  -8.1388194217479617e-18
+29   +1.1565926530780452e-18  +7.6690002618422428e-18
+30   -1.5251949124197189e-17  +1.0839226508135374e-18

