-30   +1.5328981135945503e-18  -3.7007434152422254e-18
-29   -3.1966955940822740e-18  +4.9235239392003236e-18
-28   +3.1812752735198751e-18  -4.0976680318390875e-18
-27   -1.0245270667890599e-18  +4.0049045377389573e-18
-26   -7.0242083720889556e-19  -5.2487600805954870e-18
-25   +3.7425382334108885e-18  +8.1400808579712443e-18
-24   +2.8457179462742543e-18  -3.5951918494875395e-18
-23   -2.7768481159742359e-18  +3.7761492398277670e-18
-22   -1.2745009706095658e-18  -4.9222162483163652e-18
-21   -1.9829827607124066e-19  +4.0991845872869172e-18
-20   +2.7091322058613566e-18  -1.0110619036695736e-17
-19   -1.9597771096234177e-17  +6.8285045509919000e-18
-18   +5.5618231586459927e-17  -8.6027295626051138e-18
-17   -2.1994865284927864e-16  +7.6005520979152581e-18
-16   +9.2022662677664510e-16  -2.0940386018839383e-17
-15   -3.9170808253343902e-15  +9.0388022921084459e-17
-14   +1.6831218506123149e-14  -4.0032559227245410e-16
-13   -7.2755171192237908e-14  +1.8361998679457567e-15
-12   +3.1735108291735461e-13  -8.6432254428368573e-15
-11   -1.3995224198769484e-12  +4.1548058479320904e-14
-10   +6.2536344922504490e-12  -2.0416124874331295e-13
 -9   -2.8394354481107910e-11  +1.0298116456381195e-12
 -8   +1.3151536586641633e-10  -5.3651507568910919e-12
 -7   -6.2479293943290507e-10  +2.9124872237852554e-11
 -6   +3.0699626524608657e-09  -1.6693141682458353e-10
 -5   -1.5789746037661516e-08  +1.0301241431664319e-09
 -4   +8.7121847123647664e-08  -7.1035658961320125e-09
 -3   -5.2861932490918189e-07  +5.7455911682955601e-08
 -2   +4.1246730847702874e-06  -6.7239248605877474e-07
 -1   -6.4404075849049825e-06  +2.0996881196344825e-06
 +0   +4.9798723377164494e-01  +0.0000000000000000e+00
 +1   -6.4404075849049825e-06  -2.0996881196344825e-06
 +2   +4.1246730847702874e-06  +6.7239248605877474e-07
 +3   -5.2861932490918189e-07  -5.7455911682955601e-08
 +4   +8.7121847123647664e-08  +7.1035658961320125e-09
 +5   -1.5789746037661516e-08  -1.0301241431664319e-09
 +6   +3.0699626524608657e-09  +1.6693141682458353e-10
 +7   -6.2479293943290507e-10  -2.9124872237852554e-11
 +8   +1.3151536586641633e-10  +5.3651507568910919e-12
 +9   -2.8394354481107910e-11  -1.0298116456381195e-12
+10   +6.2536344922504490e-12  +2.0416124874331295e-13
+11   -1.3995224198769484e-12  -4.1548058479320904e-14
+12   +3.1735108291735461e-13  +8.6432254428368573e-15
+13   -7.2755171192237908e-14  -1.8361998679457567e-15
+14   +1.6831218506123149e-14  +4.0032559227245410e-16
+15   -3.9170808253343902e-15  -9.0388022921084459e-17
+16   +9.2022662677664510e-16  +2.0940386018839383e-17
+17   -2.1994865284927864e-16  -7.6005520979152581e-18
+18   +5.5618231586459927e-17  +8.6027295626051138e-18
+19   -1.9597771096234177e-17  -6.8285045509919000e-18
+20   +2.7091322058613566e-18  +1.0110619036695736e-17
+21   -1.9829827607124066e-19  -4.0991845872869172e-18
+22   -1.2745009706095658e-18  +4.9222162483163652e-18
+23   -2.7768481159742359e-18  -3.7761492398277670e-18
+24   +2.8457179462742543e-18  +3.5951918494875395e-18
+25   +3.7425382334108885e-18  -8.1400808579712443e-18
+26   -7.0242083720889556e-19  +5.2487600805954870e-18
+27   -1.0245270667890599e-18  -4.0049045377389573e-18
+28   +3.1812752735198751e-18  +4.0976680318390875e-18
+29   -3.1966955940822740e-18  -4.9235239392003236e-18
+30   +1.5328981135945503e-18  +3.7007434152422254e-18

