-30   +3.4297627331706526e-18  -3.8129874524114185e-18
-29   -3.6013620853993699e-18  +5.4875768094300829e-18
-28   +4.3137297888049578e-18  -2.5178745143581899e-18
-27   -1.5698525892216807e-18  +5.2376917390817545e-18
-26   +4.5336220173478280e-19  -6.2174077194076222e-18
-25   +7.4017083888130700e-18  +6.6005513439115516e-18
-24   -3.4789056405721560e-17  +4.9493524853548151e-18
-23   +1.4150853228360623e-16  -4.0865781410523408e-17
-22   -5.5099660810940363e-16  +1.7623643659853214e-16
-21   +2.0840373668264748e-15  -6.8593381349325002e-16
-20   -7.8960035183014814e-15  +2.6353713791127261e-15
-19   +2.9858229067148177e-14  -1.0012100917721593e-14
-18   -1.1276829252799889e-13  +3.7989791931227236e-14
-17   +4.2553088089160472e-13  -1.4405538562826353e-13
-16   -1.6042223109019694e-12  +5.4598851355950540e-13
-15   +6.0416131379936438e-12  -2.0685597695677616e-12
-14   -2.2728079861937454e-11  +7.8345803493282838e-12
-13   +8.5399610280451546e-11  -2.9666537779804351e-11
-12   -3.2047274623780765e-10  +1.1232560420285369e-10
-11   +1.2009538446053744e-09  -4.2534321657795466e-10
-10   -4.4938843806029264e-09  +1.6113401459423970e-09
 -9   +1.6789834379613479e-08  -6.1099690205413594e-09
 -8   -6.2631424773185111e-08  +2.3208525237392631e-08
 -7   +2.3328857575673289e-07  -8.8426399491052573e-08
 -6   -8.6800714465298105e-07  +3.3874522523439009e-07
 -5   +3.2281333095002315e-06  -1.3095770988328833e-06
 -4   -1.2040736293040702e-05  +5.1585490099059628e-06
 -3   +4.4919845627983010e-05  -2.0818417249098756e-05
 -2   -1.7733183239172074e-04  +9.4066748168908490e-05
 -1   +3.0196423877753830e-05  -3.5101730609063186e-05
 +0   +1.9394504620091518e-01  +0.0000000000000000e+00
 +1   +3.0196423877753830e-05  +3.5101730609063186e-05
 +2   -1.7733183239172074e-04  -9.4066748168908490e-05
 +3   +4.4919845627983010e-05  +2.0818417249098756e-05
 +4   -1.2040736293040702e-05  -5.1585490099059628e-06
 +5   +3.2281333095002315e-06  +1.3095770988328833e-06
 +6   -8.6800714465298105e-07  -3.3874522523439009e-07
 +7   +2.3328857575673289e-07  +8.8426399491052573e-08
 +8   -6.2631424773185111e-08  -2.3208525237392631e-08
 +9   +1.6789834379613479e-08  +6.1099690205413594e-09
+10   -4.4938843806029264e-09  -1.6113401459423970e-09
+11   +1.2009538446053744e-09  +4.2534321657795466e-10
+12   -3.2047274623780765e-10  -1.1232560420285369e-10
+13   +8.5399610280451546e-11  +2.9666537779804351e-11
+14   -2.2728079861937454e-11  -7.8345803493282838e-12
+15   +6.0416131379936438e-12  +2.0685597695677616e-12
+16   -1.6042223109019694e-12  -5.4598851355950540e-13
+17   +4.2553088089160472e-13  +1.4405538562826353e-13
+18   -1.1276829252799889e-13  -3.7989791931227236e-14
+19   +2.9858229067148177e-14  +1.0012100917721593e-14
+20   -7.8960035183014814e-15  -2.6353713791127261e-15
+21   +2.0840373668264748e-15  +6.8593381349325002e-16
+22   -5.5099660810940363e-16  -1.7623643659853214e-16
+23   +1.4150853228360623e-16  +4.0865781410523408e-17
+24   -3.4789056405721560e-17  -4.9493524853548151e-18
+25   +7.4017083888130700e-18  -6.6005513439115516e-18
+26   +4.5336220173478280e-19  +6.2174077194076222e-18
+27   -1.5698525892216807e-18  -5.2376917390817545e-18
+28   +4.3137297888049578e-18  +2.5178745143581899e-18
+29   -3.6013620853993699e-18  -5.4875768094300829e-18
+30   +3.4297627331706526e-18  +3.8129874524114185e-18

