-30   +4.5582638727463221e-16  -1.1331339897241628e-15
-29   -4.5435458079620228e-16  +1.1713401780868068e-15
-28   +4.6750743190825901e-16  -1.1999050835502899e-15
-27   -4.5882978083986445e-16  +1.2685382517121922e-15
-26   +4.6542175875611738e-16  -1.3266109251067663e-15
-25   -4.7288779772189965e-16  +1.3866273297816919e-15
-24   +4.7846010003092795e-16  -1.4652989747479167e-15
-23   -5.2912686689952781e-16  +1.6264543178270357e-15
-22   +6.8613731452494661e-16  -2.0057345836600002e-15
-21   -1.2907211590487907e-15  +3.3272181738549475e-15
-20   +3.6014017524905303e-15  -8.1095708012100050e-15
-19   -1.2312566709378004e-14  +2.5945591149018088e-14
-18   +4.5146872701889985e-14  -9.3263448208619715e-14
-17   -1.6879482721942385e-13  +3.4784286594114829e-13
-16   +6.3389151178208660e-13  -1.3108646381075264e-12
-15   -2.3809007286552890e-12  +4.9525409929940407e-12
-14   +8.9329399199894585e-12  -1.8717780076146905e-11
-13   -3.3465175296227176e-11  +7.0726248659174236e-11
-12   +1.2514401277539364e-10  -2.6715464473874479e-10
-11   -4.6700668930714459e-10  +1.0088658320806912e-09
-10   +1.7385508763260212e-09  -3.8095934509413358e-09
 -9   -6.4538231524866614e-09  +1.4389607627185854e-08
 -8   +2.3876107728042172e-08  -5.4400464419500432e-08
 -7   -8.7955527262515523e-08  +2.0604693368198068e-07
 -6   +3.2224248608084238e-07  -7.8332952634748790e-07
 -5   -1.1711884719868077e-06  +2.9974750227653645e-06
 -4   +4.2072942233811778e-06  -1.1637396048957841e-05
 -3   -1.4630264558738951e-05  +4.5908842745671379e-05
 -2   +4.8454142848804705e-05  -1.9920433459442693e-04
 -1   +4.0149713403447343e-06  +7.3813239020848151e-05
 +0   -1.2785934808227453e+00  +0.0000000000000000e+00
 +1   +4.0149713403447343e-06  -7.3813239020848151e-05
 +2   +4.8454142848804705e-05  +1.9920433459442693e-04
 +3   -1.4630264558738951e-05  -4.5908842745671379e-05
 +4   +4.2072942233811778e-06  +1.1637396048957841e-05
 +5   -1.1711884719868077e-06  -2.9974750227653645e-06
 +6   +3.2224248608084238e-07  +7.8332952634748790e-07
 +7   -8.7955527262515523e-08  -2.0604693368198068e-07
 +8   +2.3876107728042172e-08  +5.4400464419500432e-08
 +9   -6.4538231524866614e-09  -1.4389607627185854e-08
+10   +1.7385508763260212e-09  +3.8095934509413358e-09
+11   -4.6700668930714459e-10  -1.0088658320806912e-09
+12   +1.2514401277539364e-10  +2.6715464473874479e-10
+13   -3.3465175296227176e-11  -7.0726248659174236e-11
+14   +8.9329399199894585e-12  +1.8717780076146905e-11
+15   -2.3809007286552890e-12  -4.9525409929940407e-12
+16   +6.3389151178208660e-13  +1.3108646381075264e-12
+17   -1.6879482721942385e-13  -3.4784286594114829e-13
+18   +4.5146872701889985e-14  +9.3263448208619715e-14
+19   -1.2312566709378004e-14  -2.5945591149018088e-14
+20   +3.6014017524905303e-15  +8.1095708012100050e-15
+21   -1.2907211590487907e-15  -3.3272181738549475e-15
+22   +6.8613731452494661e-16  +2.0057345836600002e-15
+23   -5.2912686689952781e-16  -1.6264543178270357e-15
+24   +4.7846010003092795e-16  +1.4652989747479167e-15
+25   -4.7288779772189965e-16  -1.3866273297816919e-15
+26   +4.6542175875611738e-16  +1.3266109251067663e-15
+27   -4.5882978083986445e-16  -1.2685382517121922e-15
+28   +4.6750743190825901e-16  +1.1999050835502899e-15
+29   -4.5435458079620228e-16  -1.1713401780868068e-15
+30   +4.5582638727463221e-16  +1.1331339897241628e-15

