-30   -9.9060636402028020e-18  +1.5747417573553797e-17
-29   +8.3136320518631209e-18  -1.9661206033524963e-17
-28   -8.7499363573214365e-18  +2.0571908372618661e-17
-27   +9.3759927241678854e-18  -2.3523934755314802e-17
-26   -5.8385644715231339e-18  +2.3847155995559012e-17
-25   +3.0599702402673595e-19  -2.7469329218552138e-17
-24   +3.0334316253821425e-17  +4.0556579734650431e-17
-23   -1.3735793314317112e-16  -7.5110683199015271e-17
-22   +5.4349665177721967e-16  +2.0926345787443452e-16
-21   -2.0785085034351388e-15  -7.2497023249418973e-16
-20   +7.8913775890322109e-15  +2.6701476880453966e-15
-19   -2.9850522862297287e-14  -1.0054082911031395e-14
-18   +1.1276250769503620e-13  +3.8034875848032077e-14
-17   -4.2552658200513648e-13  -1.4410143915873546e-13
-16   +1.6042144171229664e-12  +5.4603981677672981e-13
-15   -6.0416047751175727e-12  -2.0686111507236318e-12
-14   +2.2728072915178432e-11  +7.8346360723429573e-12
-13   -8.5399603879012196e-11  -2.9666599488775428e-11
-12   +3.2047274153279833e-10  +1.1232567093039213e-10
-11   -1.2009538360832206e-09  -4.2534328800967397e-10
-10   +4.4938843779689890e-09  +1.6113402324014314e-09
 -9   -1.6789834374268244e-08  -6.1099691086350020e-09
 -8   +6.2631424766912117e-08  +2.3208525344106867e-08
 -7   -2.3328857574911349e-07  -8.8426399607266579e-08
 -6   +8.6800714464763024e-07  +3.3874522536602456e-07
 -5   -3.2281333094928331e-06  -1.3095770990008328e-06
 -4   +1.2040736293035183e-05  +5.1585490101013767e-06
 -3   -4.4919845627977724e-05  -2.0818417249385060e-05
 -2   +1.7733183239172014e-04  +9.4066748169298667e-05
 -1   -3.0196423877759698e-05  -3.5101730609880133e-05
 +0   -1.9394504620091454e-01  +0.0000000000000000e+00
 +1   -3.0196423877759698e-05  +3.5101730609880133e-05
 +2   +1.7733183239172014e-04  -9.4066748169298667e-05
 +3   -4.4919845627977724e-05  +2.0818417249385060e-05
 +4   +1.2040736293035183e-05  -5.1585490101013767e-06
 +5   -3.2281333094928331e-06  +1.3095770990008328e-06
 +6   +8.6800714464763024e-07  -3.3874522536602456e-07
 +7   -2.3328857574911349e-07  +8.8426399607266579e-08
 +8   +6.2631424766912117e-08  -2.3208525344106867e-08
 +9   -1.6789834374268244e-08  +6.1099691086350020e-09
+10   +4.4938843779689890e-09  -1.6113402324014314e-09
+11   -1.2009538360832206e-09  +4.2534328800967397e-10
+12   +3.2047274153279833e-10  -1.1232567093039213e-10
+13   -8.5399603879012196e-11  +2.9666599488775428e-11
+14   +2.2728072915178432e-11  -7.8346360723429573e-12
+15   -6.0416047751175727e-12  +2.0686111507236318e-12
+16   +1.6042144171229664e-12  -5.4603981677672981e-13
+17   -4.2552658200513648e-13  +1.4410143915873546e-13
+18   +1.1276250769503620e-13  -3.8034875848032077e-14
+19   -2.9850522862297287e-14  +1.0054082911031395e-14
+20   +7.8913775890322109e-15  -2.6701476880453966e-15
+21   -2.0785085034351388e-15  +7.2497023249418973e-16
+22   +5.4349665177721967e-16  -2.0926345787443452e-16
+23   -1.3735793314317112e-16  +7.5110683199015271e-17
+24   +3.0334316253821425e-17  -4.0556579734650431e-17
+25   +3.0599702402673595e-19  +2.7469329218552138e-17
+26   -5.8385644715231339e-18  -2.3847155995559012e-17
+27   +9.3759927241678854e-18  +2.3523934755314802e-17
+28   -8.7499363573214365e-18  -2.0571908372618661e-17
+29   +8.3136320518631209e-18  +1.9661206033524963e-17
+30   -9.9060636402028020e-18  -1.5747417573553797e-17

