-30   -4.3668772315680906e-16  +1.0782577858485847e-15
-29   +4.4541295274901798e-16  -1.1189551372291754e-15
-28   -4.4394983097138619e-16  +1.1604502980545393e-15
-27   +4.4279255176883029e-16  -1.2142103195492731e-15
-26   -4.4461580161363183e-16  +1.2494472721902379e-15
-25   +4.5444571750389776e-16  -1.3034671595859734e-15
-24   -4.6111909873949528e-16  +1.3386044906431742e-15
-23   +4.9708534397074449e-16  -1.3058402982548348e-15
-22   -6.5623135221357424e-16  +1.0644246201287307e-15
-21   +1.2635573174867170e-15  +1.0867488683347114e-16
-20   -3.5880505984023621e-15  -4.7045741511593895e-15
-19   +1.2295958617685582e-14  +2.2360578365199236e-14
-18   -4.5133104692021895e-14  -8.9470117160659898e-14
-17   +1.6878729771467790e-13  +3.4383107266105364e-13
-16   -6.3389075333735153e-13  -1.3065771452256868e-12
-15   +2.3808854788302976e-12  +4.9479616384950122e-12
-14   -8.9329172731880559e-12  -1.8712870381002671e-11
-13   +3.3465149475058575e-11  +7.0720958118198371e-11
-12   -1.2514399058259663e-10  -2.6714890186930779e-10
-11   +4.6700666405012426e-10  +1.0088595729029450e-09
-10   -1.7385508492986586e-09  -3.8095865810144733e-09
 -9   +6.4538231358167304e-09  +1.4389599958076960e-08
 -8   -2.3876107696327220e-08  -5.4400455789119935e-08
 -7   +8.7955527252873403e-08  +2.0604692377237886e-07
 -6   -3.2224248604941672e-07  -7.8332951477344505e-07
 -5   +1.1711884719621211e-06  +2.9974750088458717e-06
 -4   -4.2072942233477335e-06  -1.1637396031569566e-05
 -3   +1.4630264558702245e-05  +4.5908842722529348e-05
 -2   -4.8454142848788951e-05  -1.9920433455956080e-04
 -1   -4.0149713403286457e-06  +7.3813238951213816e-05
 +0   +1.2785934808227439e+00  +0.0000000000000000e+00
 +1   -4.0149713403286457e-06  -7.3813238951213816e-05
 +2   -4.8454142848788951e-05  +1.9920433455956080e-04
 +3   +1.4630264558702245e-05  -4.5908842722529348e-05
 +4   -4.2072942233477335e-06  +1.1637396031569566e-05
 +5   +1.1711884719621211e-06  -2.9974750088458717e-06
 +6   -3.2224248604941672e-07  +7.8332951477344505e-07
 +7   +8.7955527252873403e-08  -2.0604692377237886e-07
 +8   -2.3876107696327220e-08  +5.4400455789119935e-08
 +9   +6.4538231358167304e-09  -1.4389599958076960e-08
+10   -1.7385508492986586e-09  +3.8095865810144733e-09
+11   +4.6700666405012426e-10  -1.0088595729029450e-09
+12   -1.2514399058259663e-10  +2.6714890186930779e-10
+13   +3.3465149475058575e-11  -7.0720958118198371e-11
+14   -8.9329172731880559e-12  +1.8712870381002671e-11
+15   +2.3808854788302976e-12  -4.9479616384950122e-12
+16   -6.3389075333735153e-13  +1.3065771452256868e-12
+17   +1.6878729771467790e-13  -3.4383107266105364e-13
+18   -4.5133104692021895e-14  +8.9470117160659898e-14
+19   +1.2295958617685582e-14  -2.2360578365199236e-14
+20   -3.5880505984023621e-15  +4.7045741511593895e-15
+21   +1.2635573174867170e-15  -1.0867488683347114e-16
+22   -6.5623135221357424e-16  -1.0644246201287307e-15
+23   +4.9708534397074449e-16  +1.3058402982548348e-15
+24   -4.6111909873949528e-16  -1.3386044906431742e-15
+25   +4.5444571750389776e-16  +1.3034671595859734e-15
+26   -4.4461580161363183e-16  -1.2494472721902379e-15
+27   +4.4279255176883029e-16  +1.2142103195492731e-15
+28   -4.4394983097138619e-16  -1.1604502980545393e-15
+29   +4.4541295274901798e-16  +1.1189551372291754e-15
+30   -4.3668772315680906e-16  -1.0782577858485847e-15

