-30   +1.2635128499463062e-17  -5.2336416213634748e-18
-29   -3.9724300664247488e-18  +7.4538624438437538e-18
-28   +1.9524209156033924e-18  -8.9010514772193265e-18
-27   -4.8899585897420272e-18  +3.6856632761402691e-18
-26   +7.6844579554789214e-18  -8.3941174231689821e-18
-25   -2.0222775784322115e-17  -2.5582540036629564e-18
-24   +2.0567250403625150e-17  +1.5645740565814403e-17
-23   -5.6176916096351031e-17  -1.2278551632613705e-16
-22   +1.7966549799196765e-16  +5.1228508630519155e-16
-21   -6.5604536398213536e-16  -1.9859609387623264e-15
-20   +2.5496125947474998e-15  +7.5087409373022571e-15
-19   -9.4719520854644648e-15  -2.8395121467590983e-14
-18   +3.5833675374376591e-14  +1.0702528264729959e-13
-17   -1.3540236531877294e-13  -4.0283404705404146e-13
-16   +5.1128400328227428e-13  +1.5144679856534919e-12
-15   -1.9291335323546332e-12  -5.6861022772690993e-12
-14   +7.2727405883216556e-12  +2.1317906362132777e-11
-13   -2.7393819521199773e-11  -7.9796854837700998e-11
-12   +1.0309109554690187e-10  +2.9817405330662530e-10
-11   -3.8762051990691229e-10  -1.1120380247163308e-09
-10   +1.4562435078189789e-09  +4.1386009882753766e-09
 -9   -5.4671872303272830e-09  -1.5367065432172352e-08
 -8   +2.0517682286896088e-08  +5.6920598603702929e-08
 -7   -7.7016034433483177e-08  -2.1031496632282609e-07
 -6   +2.8951241187257190e-07  +7.7542980289860659e-07
 -5   -1.0922862429538237e-06  -2.8551293961187078e-06
 -4   +4.1636751710135198e-06  +1.0545095757173410e-05
 -3   -1.6118039570328372e-05  -3.9073497315183524e-05
 -2   +6.8852331777160633e-05  +1.5634292852500619e-04
 -1   -1.5731683015442079e-05  -2.8168111510171186e-05
 +0   -9.7303024587357145e-01  +0.0000000000000000e+00
 +1   -1.5731683015442079e-05  +2.8168111510171186e-05
 +2   +6.8852331777160633e-05  -1.5634292852500619e-04
 +3   -1.6118039570328372e-05  +3.9073497315183524e-05
 +4   +4.1636751710135198e-06  -1.0545095757173410e-05
 +5   -1.0922862429538237e-06  +2.8551293961187078e-06
 +6   +2.8951241187257190e-07  -7.7542980289860659e-07
 +7   -7.7016034433483177e-08  +2.1031496632282609e-07
 +8   +2.0517682286896088e-08  -5.6920598603702929e-08
 +9   -5.4671872303272830e-09  +1.5367065432172352e-08
+10   +1.4562435078189789e-09  -4.1386009882753766e-09
+11   -3.8762051990691229e-10  +1.1120380247163308e-09
+12   +1.0309109554690187e-10  -2.9817405330662530e-10
+13   -2.7393819521199773e-11  +7.9796854837700998e-11
+14   +7.2727405883216556e-12  -2.1317906362132777e-11
+15   -1.9291335323546332e-12  +5.6861022772690993e-12
+16   +5.1128400328227428e-13  -1.5144679856534919e-12
+17   -1.3540236531877294e-13  +4.0283404705404146e-13
+18   +3.5833675374376591e-14  -1.0702528264729959e-13
+19   -9.4719520854644648e-15  +2.8395121467590983e-14
+20   +2.5496125947474998e-15  -7.5087409373022571e-15
+21   -6.5604536398213536e-16  +1.9859609387623264e-15
+22   +1.7966549799196765e-16  -5.1228508630519155e-16
+23   -5.6176916096351031e-17  +1.2278551632613705e-16
+24   +2.0567250403625150e-17  -1.5645740565814403e-17
+25   -2.0222775784322115e-17  +2.5582540036629564e-18
+26   +7.6844579554789214e-18  +8.3941174231689821e-18
+27   -4.8899585897420272e-18  -3.6856632761402691e-18
+28   +1.9524209156033924e-18  +8.9010514772193265e-18
+29   -3.9724300664247488e-18  -7.4538624438437538e-18
+30   +1.2635128499463062e-17  +5.2336416213634748e-18

