-30   -4.9847792306800540e-17  +1.2704400471802367e-16
-29   +5.3068707956492023e-17  -1.3140812418946057e-16
-28   -5.2010313355654404e-17  +1.3514113669896557e-16
-27   +5.3095589575425177e-17  -1.4033220356864512e-16
-26   -5.5440219438020931e-17  +1.4644075502089491e-16
-25   +6.3896935096409696e-17  -1.4978605188145139e-16
-24   -8.1760546027150452e-17  +1.4661592504115933e-16
-23   +1.6242608562975927e-16  -1.1232335265486196e-16
-22   -4.7194027241576305e-16  -3.2231668704375364e-17
-21   +1.6441299769780850e-15  +6.0938819159448142e-16
-20   -6.0787074616740569e-15  -2.7984472230675034e-15
-19   +2.2841535328062280e-14  +1.1071333377724708e-14
-18   -8.6140884316533371e-14  -4.2204511191422925e-14
-17   +3.2496588184095236e-13  +1.5917024724648531e-13
-16   -1.2252103768838235e-12  -5.9789512679242246e-13
-15   +4.6152422107400178e-12  +2.2406711518764445e-12
-14   -1.7367047388959306e-11  -8.3805742471456014e-12
-13   +6.5277441460537933e-11  +3.1280932200063876e-11
-12   -2.4505753203141831e-10  -1.1649220558007113e-10
-11   +9.1876666954092776e-10  +4.3270065555020853e-10
-10   -3.4398928421998054e-09  -1.6024252918561177e-09
 -9   +1.2860870568142651e-08  +5.9135567083293194e-09
 -8   -4.8017167975694204e-08  -2.1733274913387210e-08
 -7   +1.7905795194615742e-07  +7.9477341643778482e-08
 -6   -6.6726334797798930e-07  -2.8890690550789669e-07
 -5   +2.4870990785036828e-06  +1.0420548203554605e-06
 -4   -9.3089959143425761e-06  -3.7257549583997469e-06
 -3   +3.4940143291363740e-05  +1.3024577629157368e-05
 -2   -1.3980085663754064e-04  -4.5705531658552913e-05
 -1   +2.5819587102861432e-05  +3.2615508717949095e-06
 +0   +1.4759532599959085e-01  +0.0000000000000000e+00
 +1   +2.5819587102861432e-05  -3.2615508717949095e-06
 +2   -1.3980085663754064e-04  +4.5705531658552913e-05
 +3   +3.4940143291363740e-05  -1.3024577629157368e-05
 +4   -9.3089959143425761e-06  +3.7257549583997469e-06
 +5   +2.4870990785036828e-06  -1.0420548203554605e-06
 +6   -6.6726334797798930e-07  +2.8890690550789669e-07
 +7   +1.7905795194615742e-07  -7.9477341643778482e-08
 +8   -4.8017167975694204e-08  +2.1733274913387210e-08
 +9   +1.2860870568142651e-08  -5.9135567083293194e-09
+10   -3.4398928421998054e-09  +1.6024252918561177e-09
+11   +9.1876666954092776e-10  -4.3270065555020853e-10
+12   -2.4505753203141831e-10  +1.1649220558007113e-10
+13   +6.5277441460537933e-11  -3.1280932200063876e-11
+14   -1.7367047388959306e-11  +8.3805742471456014e-12
+15   +4.6152422107400178e-12  -2.2406711518764445e-12
+16   -1.2252103768838235e-12  +5.9789512679242246e-13
+17   +3.2496588184095236e-13  -1.5917024724648531e-13
+18   -8.6140884316533371e-14  +4.2204511191422925e-14
+19   +2.2841535328062280e-14  -1.1071333377724708e-14
+20   -6.0787074616740569e-15  +2.7984472230675034e-15
+21   +1.6441299769780850e-15  -6.0938819159448142e-16
+22   -4.7194027241576305e-16  +3.2231668704375364e-17
+23   +1.6242608562975927e-16  +1.1232335265486196e-16
+24   -8.1760546027150452e-17  -1.4661592504115933e-16
+25   +6.3896935096409696e-17  +1.4978605188145139e-16
+26   -5.5440219438020931e-17  -1.4644075502089491e-16
+27   +5.3095589575425177e-17  +1.4033220356864512e-16
+28   -5.2010313355654404e-17  -1.3514113669896557e-16
+29   +5.3068707956492023e-17  +1.3140812418946057e-16
+30   -4.9847792306800540e-17  -1.2704400471802367e-16

