-30   +3.0503898133711542e-17  +1.2635128438072746e-17
-29   -2.7196419115700974e-18  -6.7060654846668709e-19
-28   -3.7577587078219592e-18  -1.9590808618159127e-18
-27   +4.4600808142976400e-18  -1.2312414627369438e-17
-26   -8.3598758748157129e-19  +6.7195363617889789e-18
-25   +6.0385044671147377e-18  +1.6435915967188879e-18
-24   +1.5406741893925428e-17  -3.5526053727567541e-17
-23   -5.0032024349436508e-17  +1.3668156953337866e-16
-22   +1.7185142022385598e-16  -5.2205347917458854e-16
-21   -6.4811997901866184e-16  +1.9834812627020784e-15
-20   +2.5071868961816042e-15  -7.5309453977947605e-15
-19   -9.4664445691182815e-15  +2.8399516140670383e-14
-18   +3.5828163005521578e-14  -1.0702001227257611e-13
-17   -1.3540115262777170e-13  +4.0284056788125977e-13
-16   +5.1127687963898481e-13  -1.5144794363272151e-12
-15   -1.9291205649012331e-12  +5.6861343195046125e-12
-14   +7.2727303809904925e-12  -2.1317926138202431e-11
-13   -2.7393813861284393e-11  +7.9796885685173324e-11
-12   +1.0309109009382813e-10  -2.9817408494592334e-10
-11   -3.8762051573677160e-10  +1.1120379870804060e-09
-10   +1.4562435171361112e-09  -4.1386009923588679e-09
 -9   -5.4671872258014296e-09  +1.5367065473807413e-08
 -8   +2.0517682282292742e-08  -5.6920598658098564e-08
 -7   -7.7016034430239014e-08  +2.1031496639985423e-07
 -6   +2.8951241186375387e-07  -7.7542980296329333e-07
 -5   -1.0922862429319679e-06  +2.8551293961461927e-06
 -4   +4.1636751710118401e-06  -1.0545095757196080e-05
 -3   -1.6118039570334948e-05  +3.9073497315187773e-05
 -2   +6.8852331777135954e-05  -1.5634292852535010e-04
 -1   -1.5731683015486528e-05  +2.8168111510483754e-05
 +0   -9.7303024587356934e-01  +0.0000000000000000e+00
 +1   -1.5731683015486528e-05  -2.8168111510483754e-05
 +2   +6.8852331777135954e-05  +1.5634292852535010e-04
 +3   -1.6118039570334948e-05  -3.9073497315187773e-05
 +4   +4.1636751710118401e-06  +1.0545095757196080e-05
 +5   -1.0922862429319679e-06  -2.8551293961461927e-06
 +6   +2.8951241186375387e-07  +7.7542980296329333e-07
 +7   -7.7016034430239014e-08  -2.1031496639985423e-07
 +8   +2.0517682282292742e-08  +5.6920598658098564e-08
 +9   -5.4671872258014296e-09  -1.5367065473807413e-08
+10   +1.4562435171361112e-09  +4.1386009923588679e-09
+11   -3.8762051573677160e-10  -1.1120379870804060e-09
+12   +1.0309109009382813e-10  +2.9817408494592334e-10
+13   -2.7393813861284393e-11  -7.9796885685173324e-11
+14   +7.2727303809904925e-12  +2.1317926138202431e-11
+15   -1.9291205649012331e-12  -5.6861343195046125e-12
+16   +5.1127687963898481e-13  +1.5144794363272151e-12
+17   -1.3540115262777170e-13  -4.0284056788125977e-13
+18   +3.5828163005521578e-14  +1.0702001227257611e-13
+19   -9.4664445691182815e-15  -2.8399516140670383e-14
+20   +2.5071868961816042e-15  +7.5309453977947605e-15
+21   -6.4811997901866184e-16  -1.9834812627020784e-15
+22   +1.7185142022385598e-16  +5.2205347917458854e-16
+23   -5.0032024349436508e-17  -1.3668156953337866e-16
+24   +1.5406741893925428e-17  +3.5526053727567541e-17
+25   +6.0385044671147377e-18  -1.6435915967188879e-18
+26   -8.3598758748157129e-19  -6.7195363617889789e-18
+27   +4.4600808142976400e-18  +1.2312414627369438e-17
+28   -3.7577587078219592e-18  +1.9590808618159127e-18
+29   -2.7196419115700974e-18  +6.7060654846668709e-19
+30   +3.0503898133711542e-17  -1.2635128438072746e-17

