-30   +4.0324953022815904e-17  -1.0405383715048531e-16
-29   -4.4341157952578436e-17  +1.0927899162017132e-16
-28   +4.3736855035272149e-17  -1.1332552430586369e-16
-27   -4.4447874122342311e-17  +1.1660057299634517e-16
-26   +4.5088985368519503e-17  -1.2338542137676086e-16
-25   -5.1717870398740074e-17  +1.3200319179905549e-16
-24   +7.3687234876417815e-17  -1.5065713496335814e-16
-23   -1.5480259817573756e-16  +1.9762167642454707e-16
-22   +4.6443727401133474e-16  -3.5538081541008625e-16
-21   -1.6361124707564788e-15  +9.4758432990002659e-16
-20   +6.0719832578946887e-15  -3.1550149920632663e-15
-19   -2.2833879050432885e-14  +1.1448043531625241e-14
-18   +8.6131166731061609e-14  -4.2601969240947354e-14
-17   -3.2495669382318819e-13  +1.5959511438167588e-13
-16   +1.2252015014670918e-12  -5.9834712471053235e-13
-15   -4.6152340264474419e-12  +2.2411521725446041e-12
-14   +1.7367038612665583e-11  -8.3810908883664583e-12
-13   -6.5277432233007199e-11  +3.1281494628227045e-11
-12   +2.4505752169034471e-10  -1.1649281355975058e-10
-11   -9.1876666065331100e-10  +4.3270130924283734e-10
-10   +3.4398928331710835e-09  -1.6024260212674883e-09
 -9   -1.2860870558774546e-08  +5.9135575224577580e-09
 -8   +4.8017167967502754e-08  -2.1733275829076367e-08
 -7   -1.7905795193699774e-07  +7.9477342693847000e-08
 -6   +6.6726334796868676e-07  -2.8890690673472047e-07
 -5   -2.4870990784923368e-06  +1.0420548218116882e-06
 -4   +9.3089959143331469e-06  -3.7257549602260168e-06
 -3   -3.4940143291350012e-05  +1.3024577631588265e-05
 -2   +1.3980085663751619e-04  -4.5705531662264415e-05
 -1   -2.5819587102794828e-05  +3.2615508791564233e-06
 +0   -1.4759532599959288e-01  +0.0000000000000000e+00
 +1   -2.5819587102794828e-05  -3.2615508791564233e-06
 +2   +1.3980085663751619e-04  +4.5705531662264415e-05
 +3   -3.4940143291350012e-05  -1.3024577631588265e-05
 +4   +9.3089959143331469e-06  +3.7257549602260168e-06
 +5   -2.4870990784923368e-06  -1.0420548218116882e-06
 +6   +6.6726334796868676e-07  +2.8890690673472047e-07
 +7   -1.7905795193699774e-07  -7.9477342693847000e-08
 +8   +4.8017167967502754e-08  +2.1733275829076367e-08
 +9   -1.2860870558774546e-08  -5.9135575224577580e-09
+10   +3.4398928331710835e-09  +1.6024260212674883e-09
+11   -9.1876666065331100e-10  -4.3270130924283734e-10
+12   +2.4505752169034471e-10  +1.1649281355975058e-10
+13   -6.5277432233007199e-11  -3.1281494628227045e-11
+14   +1.7367038612665583e-11  +8.3810908883664583e-12
+15   -4.6152340264474419e-12  -2.2411521725446041e-12
+16   +1.2252015014670918e-12  +5.9834712471053235e-13
+17   -3.2495669382318819e-13  -1.5959511438167588e-13
+18   +8.6131166731061609e-14  +4.2601969240947354e-14
+19   -2.2833879050432885e-14  -1.1448043531625241e-14
+20   +6.0719832578946887e-15  +3.1550149920632663e-15
+21   -1.6361124707564788e-15  -9.4758432990002659e-16
+22   +4.6443727401133474e-16  +3.5538081541008625e-16
+23   -1.5480259817573756e-16  -1.9762167642454707e-16
+24   +7.3687234876417815e-17  +1.5065713496335814e-16
+25   -5.1717870398740074e-17  -1.3200319179905549e-16
+26   +4.5088985368519503e-17  +1.2338542137676086e-16
+27   -4.4447874122342311e-17  -1.1660057299634517e-16
+28   +4.3736855035272149e-17  +1.1332552430586369e-16
+29   -4.4341157952578436e-17  -1.0927899162017132e-16
+30   +4.0324953022815904e-17  +1.0405383715048531e-16

