-30   -3.2671743572906609e-17  +1.4460026646958658e-26
-29   -3.5664559037968489e-18  -1.4183019487720198e-17
-28   +1.0519486333787816e-17  +7.8377197883146108e-18
-27   -3.0019257386980306e-18  -1.3143838954428020e-17
-26   +3.0159388743630171e-18  +1.2113798956937066e-17
-25   +2.0923497989179493e-17  -1.8365397233662208e-17
-24   +5.8441962457088193e-18  +1.4182674793366954e-17
-23   -6.1245593453279981e-19  -1.5913366981893958e-18
-22   -1.8071046339129119e-17  -3.6214105272609166e-17
-21   +1.9075921851010664e-17  +1.6540642268547650e-16
-20   -1.2819751242557142e-17  -7.3642886316415188e-16
-19   -1.8039306893970020e-17  +2.8907505661650614e-15
-18   +1.1586984153367532e-16  -1.1519968982667257e-14
-17   -4.3684989104982157e-16  +4.5812330639203237e-14
-16   +1.8455113354226291e-15  -1.8251299138777390e-13
-15   -7.9666918015006791e-15  +7.2843719635020709e-13
-14   +3.4076964436820653e-14  -2.9145296387733249e-12
-13   -1.4718510284345731e-13  +1.1694554427301705e-11
-12   +6.4194718368045232e-13  -4.7083311684022815e-11
-11   -2.8301055927477649e-12  +1.9032270953477157e-10
-10   +1.2642071872699957e-11  -7.7305427989959927e-10
 -9   -5.7382729625080554e-11  +3.1586227466897684e-09
 -8   +2.6569853694922677e-10  -1.3002119523799324e-08
 -7   -1.2618605908853667e-09  +5.4034520486329717e-08
 -6   +6.1982541002305074e-09  -2.2748415018420499e-07
 -5   -3.1868966282877096e-08  +9.7438205013124378e-07
 -4   +1.7577991482193291e-07  -4.2958656845777555e-06
 -3   -1.0660876172581070e-06  +1.9498475284009529e-05
 -2   +8.3161866317932747e-06  -1.0067632425520007e-04
 -1   -1.2984350837395281e-05  +7.5423299471119885e-05
 +0   -1.0040418042537849e+00  +0.0000000000000000e+00
 +1   -1.2984350837395281e-05  -7.5423299471119885e-05
 +2   +8.3161866317932747e-06  +1.0067632425520007e-04
 +3   -1.0660876172581070e-06  -1.9498475284009529e-05
 +4   +1.7577991482193291e-07  +4.2958656845777555e-06
 +5   -3.1868966282877096e-08  -9.7438205013124378e-07
 +6   +6.1982541002305074e-09  +2.2748415018420499e-07
 +7   -1.2618605908853667e-09  -5.4034520486329717e-08
 +8   +2.6569853694922677e-10  +1.3002119523799324e-08
 +9   -5.7382729625080554e-11  -3.1586227466897684e-09
+10   +1.2642071872699957e-11  +7.7305427989959927e-10
+11   -2.8301055927477649e-12  -1.9032270953477157e-10
+12   +6.4194718368045232e-13  +4.7083311684022815e-11
+13   -1.4718510284345731e-13  -1.1694554427301705e-11
+14   +3.4076964436820653e-14  +2.9145296387733249e-12
+15   -7.9666918015006791e-15  -7.2843719635020709e-13
+16   +1.8455113354226291e-15  +1.8251299138777390e-13
+17   -4.3684989104982157e-16  -4.5812330639203237e-14
+18   +1.1586984153367532e-16  +1.1519968982667257e-14
+19   -1.8039306893970020e-17  -2.8907505661650614e-15
+20   -1.2819751242557142e-17  +7.3642886316415188e-16
+21   +1.9075921851010664e-17  -1.6540642268547650e-16
+22   -1.8071046339129119e-17  +3.6214105272609166e-17
+23   -6.1245593453279981e-19  +1.5913366981893958e-18
+24   +5.8441962457088193e-18  -1.4182674793366954e-17
+25   +2.0923497989179493e-17  +1.8365397233662208e-17
+26   +3.0159388743630171e-18  -1.2113798956937066e-17
+27   -3.0019257386980306e-18  +1.3143838954428020e-17
+28   +1.0519486333787816e-17  -7.8377197883146108e-18
+29   -3.5664559037968489e-18  +1.4183019487720198e-17
+30   -3.2671743572906609e-17  -1.4460026646958658e-26

