-30   +2.1678452824171762e-18  -5.2336415084011616e-18
-29   +1.0950819156009071e-17  -6.4920233298074997e-18
-28   -7.9964829454229552e-18  +7.8679118710009749e-18
-27   +8.8870799384599270e-18  -1.9404254370214141e-17
-26   -8.6255914639339928e-18  +1.7395309918121899e-17
-25   -5.4961412578160507e-18  -1.2802587197500571e-17
-24   -1.5457814623579927e-17  +1.6877036654468187e-17
-23   +1.8992189290953655e-18  -1.6226791591935873e-18
-22   -5.0017499377373153e-18  -3.4473787037596415e-17
-21   +8.7816518551739420e-18  +1.7011011429701449e-16
-20   +2.0221238073391414e-17  -7.3444564074504020e-16
-19   +3.6435008081199286e-17  +2.8905179317572132e-15
-18   -1.2242799787715589e-16  -1.1517901115740797e-14
-17   +4.3433944131285853e-16  +4.5816882853726003e-14
-16   -1.8559025191129728e-15  -1.8252059367565258e-13
-15   +7.9791440849881180e-15  +7.2843540911580212e-13
-14   -3.4096638938807031e-14  -2.9145157280603449e-12
-13   +1.4721061519248500e-13  +1.1694548376877534e-11
-12   -6.4194311092267388e-13  -4.7083318027520018e-11
-11   +2.8301189690710023e-12  +1.9032270606121182e-10
-10   -1.2642091985788527e-11  -7.7305427606830764e-10
 -9   +5.7382737590378549e-11  +3.1586227352068736e-09
 -8   -2.6569854271528342e-10  -1.3002119532984119e-08
 -7   +1.2618605958548280e-09  +5.4034520476212100e-08
 -6   -6.1982541029973397e-09  -2.2748415019754843e-07
 -5   +3.1868966301929375e-08  +9.7438205011971714e-07
 -4   -1.7577991482348968e-07  -4.2958656846025185e-06
 -3   +1.0660876172577402e-06  +1.9498475284002366e-05
 -2   -8.3161866317764493e-06  -1.0067632425525993e-04
 -1   +1.2984350837365810e-05  +7.5423299471023391e-05
 +0   +1.0040418042537840e+00  +0.0000000000000000e+00
 +1   +1.2984350837365810e-05  -7.5423299471023391e-05
 +2   -8.3161866317764493e-06  +1.0067632425525993e-04
 +3   +1.0660876172577402e-06  -1.9498475284002366e-05
 +4   -1.7577991482348968e-07  +4.2958656846025185e-06
 +5   +3.1868966301929375e-08  -9.7438205011971714e-07
 +6   -6.1982541029973397e-09  +2.2748415019754843e-07
 +7   +1.2618605958548280e-09  -5.4034520476212100e-08
 +8   -2.6569854271528342e-10  +1.3002119532984119e-08
 +9   +5.7382737590378549e-11  -3.1586227352068736e-09
+10   -1.2642091985788527e-11  +7.7305427606830764e-10
+11   +2.8301189690710023e-12  -1.9032270606121182e-10
+12   -6.4194311092267388e-13  +4.7083318027520018e-11
+13   +1.4721061519248500e-13  -1.1694548376877534e-11
+14   -3.4096638938807031e-14  +2.9145157280603449e-12
+15   +7.9791440849881180e-15  -7.2843540911580212e-13
+16   -1.8559025191129728e-15  +1.8252059367565258e-13
+17   +4.3433944131285853e-16  -4.5816882853726003e-14
+18   -1.2242799787715589e-16  +1.1517901115740797e-14
+19   +3.6435008081199286e-17  -2.8905179317572132e-15
+20   +2.0221238073391414e-17  +7.3444564074504020e-16
+21   +8.7816518551739420e-18  -1.7011011429701449e-16
+22   -5.0017499377373153e-18  +3.4473787037596415e-17
+23   +1.8992189290953655e-18  +1.6226791591935873e-18
+24   -1.5457814623579927e-17  -1.6877036654468187e-17
+25   -5.4961412578160507e-18  +1.2802587197500571e-17
+26   -8.6255914639339928e-18  -1.7395309918121899e-17
+27   +8.8870799384599270e-18  +1.9404254370214141e-17
+28   -7.9964829454229552e-18  -7.8679118710009749e-18
+29   +1.0950819156009071e-17  +6.4920233298074997e-18
+30   +2.1678452824171762e-18  +5.2336415084011616e-18

