-30   -1.9626154422859258e-18  +3.4297628695287021e-18
-29   +3.7979295995030441e-18  +2.6186090971220162e-18
-28   -1.9958980705857333e-20  +5.4807783806233739e-18
-27   +9.4599072771357212e-19  -5.5171269439220488e-18
-26   +9.0127359223781307e-19  +4.5419776390049501e-18
-25   -6.4220390685044503e-18  -6.4620210269665280e-18
-24   +4.1188344405067871e-17  +1.6069803686376661e-17
-23   -1.4067702776265343e-16  -4.8585942446756814e-17
-22   +5.5263687306388647e-16  +1.8854227732907473e-16
-21   -2.0812763480455321e-15  -7.0007464842430853e-16
-20   +7.9050074740376354e-15  +2.6482575557109840e-15
-19   -2.9862843484554937e-14  -1.0025716682279637e-14
-18   +1.1276989875938672e-13  +3.7998242281907166e-14
-17   -4.2553321777257190e-13  -1.4407035137150270e-13
-16   +1.6042230517379375e-12  +5.4600308974272238e-13
-15   -6.0416126337860173e-12  -2.0685756610035907e-12
-14   +2.2728082320818378e-11  +7.8345954130012294e-12
-13   -8.5399619152380321e-11  -2.9666556677466138e-11
-12   +3.2047275276373453e-10  +1.1232562868365832e-10
-11   -1.2009538462526051e-09  -4.2534324176329627e-10
-10   +4.4938843815738065e-09  +1.6113401749674997e-09
 -9   -1.6789834378056844e-08  -6.1099690507615668e-09
 -8   +6.2631424773590456e-08  +2.3208525268329453e-08
 -7   -2.3328857575519000e-07  -8.8426399520645337e-08
 -6   +8.6800714465405689e-07  +3.3874522526867073e-07
 -5   -3.2281333094987996e-06  -1.3095770988934938e-06
 -4   +1.2040736293039911e-05  +5.1585490099761877e-06
 -3   -4.4919845627961787e-05  -2.0818417249182209e-05
 -2   +1.7733183239170220e-04  +9.4066748169018306e-05
 -1   -3.0196423877680050e-05  -3.5101730609299779e-05
 +0   -1.9394504620091729e-01  +0.0000000000000000e+00
 +1   -3.0196423877680050e-05  +3.5101730609299779e-05
 +2   +1.7733183239170220e-04  -9.4066748169018306e-05
 +3   -4.4919845627961787e-05  +2.0818417249182209e-05
 +4   +1.2040736293039911e-05  -5.1585490099761877e-06
 +5   -3.2281333094987996e-06  +1.3095770988934938e-06
 +6   +8.6800714465405689e-07  -3.3874522526867073e-07
 +7   -2.3328857575519000e-07  +8.8426399520645337e-08
 +8   +6.2631424773590456e-08  -2.3208525268329453e-08
 +9   -1.6789834378056844e-08  +6.1099690507615668e-09
+10   +4.4938843815738065e-09  -1.6113401749674997e-09
+11   -1.2009538462526051e-09  +4.2534324176329627e-10
+12   +3.2047275276373453e-10  -1.1232562868365832e-10
+13   -8.5399619152380321e-11  +2.9666556677466138e-11
+14   +2.2728082320818378e-11  -7.8345954130012294e-12
+15   -6.0416126337860173e-12  +2.0685756610035907e-12
+16   +1.6042230517379375e-12  -5.4600308974272238e-13
+17   -4.2553321777257190e-13  +1.4407035137150270e-13
+18   +1.1276989875938672e-13  -3.7998242281907166e-14
+19   -2.9862843484554937e-14  +1.0025716682279637e-14
+20   +7.9050074740376354e-15  -2.6482575557109840e-15
+21   -2.0812763480455321e-15  +7.0007464842430853e-16
+22   +5.5263687306388647e-16  -1.8854227732907473e-16
+23   -1.4067702776265343e-16  +4.8585942446756814e-17
+24   +4.1188344405067871e-17  -1.6069803686376661e-17
+25   -6.4220390685044503e-18  +6.4620210269665280e-18
+26   +9.0127359223781307e-19  -4.5419776390049501e-18
+27   +9.4599072771357212e-19  +5.5171269439220488e-18
+28   -1.9958980705857333e-20  -5.4807783806233739e-18
+29   +3.7979295995030441e-18  -2.6186090971220162e-18
+30   -1.9626154422859258e-18  -3.4297628695287021e-18

