-30   -9.5693322127613484e-18  +2.1678454002879992e-18
-29   +1.8012855343326511e-17  -7.6574044782040219e-18
-28   -1.0996600386588139e-17  +9.1436001602168391e-18
-27   +9.4545298379587788e-19  -1.8017944452476660e-17
-26   -1.0367614541113657e-17  +1.9757472250853480e-17
-25   +1.9053876895242015e-17  -1.4667500389347523e-17
-24   +9.0662872764009463e-18  -1.1569413961718862e-17
-23   -3.3381232718041647e-17  +1.2862003601091534e-16
-22   +1.6780448209676708e-16  -5.1361657487078486e-16
-21   -6.6835618598832120e-16  +1.9719944992898614e-15
-20   +2.5126051605933268e-15  -7.4959211860597016e-15
-19   -9.4673623085400043e-15  +2.8400617969774605e-14
-18   +3.5829550489510301e-14  -1.0701998607741521e-13
-17   -1.3540935725059901e-13  +4.0282707262455330e-13
-16   +5.1125682757600842e-13  -1.5144647687976244e-12
-15   -1.9291415555116463e-12  +5.6861151280003772e-12
-14   +7.2727293623162725e-12  -2.1317895365740260e-11
-13   -2.7393811104402793e-11  +7.9796867384722329e-11
-12   +1.0309107365165454e-10  -2.9817404371947188e-10
-11   -3.8762051949242501e-10  +1.1120379923476804e-09
-10   +1.4562435168839115e-09  -4.1386009776234708e-09
 -9   -5.4671872189031188e-09  +1.5367065411648366e-08
 -8   +2.0517682295226928e-08  -5.6920598616994894e-08
 -7   -7.7016034419362568e-08  +2.1031496633627816e-07
 -6   +2.8951241185322922e-07  -7.7542980288631286e-07
 -5   -1.0922862429580510e-06  +2.8551293961518653e-06
 -4   +4.1636751710667262e-06  -1.0545095757137869e-05
 -3   -1.6118039570319556e-05  +3.9073497315175257e-05
 -2   +6.8852331777169930e-05  -1.5634292852513353e-04
 -1   -1.5731683015704178e-05  +2.8168111510183095e-05
 +0   -9.7303024587357112e-01  +0.0000000000000000e+00
 +1   -1.5731683015704178e-05  -2.8168111510183095e-05
 +2   +6.8852331777169930e-05  +1.5634292852513353e-04
 +3   -1.6118039570319556e-05  -3.9073497315175257e-05
 +4   +4.1636751710667262e-06  +1.0545095757137869e-05
 +5   -1.0922862429580510e-06  -2.8551293961518653e-06
 +6   +2.8951241185322922e-07  +7.7542980288631286e-07
 +7   -7.7016034419362568e-08  -2.1031496633627816e-07
 +8   +2.0517682295226928e-08  +5.6920598616994894e-08
 +9   -5.4671872189031188e-09  -1.5367065411648366e-08
+10   +1.4562435168839115e-09  +4.1386009776234708e-09
+11   -3.8762051949242501e-10  -1.1120379923476804e-09
+12   +1.0309107365165454e-10  +2.9817404371947188e-10
+13   -2.7393811104402793e-11  -7.9796867384722329e-11
+14   +7.2727293623162725e-12  +2.1317895365740260e-11
+15   -1.9291415555116463e-12  -5.6861151280003772e-12
+16   +5.1125682757600842e-13  +1.5144647687976244e-12
+17   -1.3540935725059901e-13  -4.0282707262455330e-13
+18   +3.5829550489510301e-14  +1.0701998607741521e-13
+19   -9.4673623085400043e-15  -2.8400617969774605e-14
+20   +2.5126051605933268e-15  +7.4959211860597016e-15
+21   -6.6835618598832120e-16  -1.9719944992898614e-15
+22   +1.6780448209676708e-16  +5.1361657487078486e-16
+23   -3.3381232718041647e-17  -1.2862003601091534e-16
+24   +9.0662872764009463e-18  +1.1569413961718862e-17
+25   +1.9053876895242015e-17  +1.4667500389347523e-17
+26   -1.0367614541113657e-17  -1.9757472250853480e-17
+27   +9.4545298379587788e-19  +1.8017944452476660e-17
+28   -1.0996600386588139e-17  -9.1436001602168391e-18
+29   +1.8012855343326511e-17  +7.6574044782040219e-18
+30   -9.5693322127613484e-18  -2.1678454002879992e-18

