-30   +3.1587820894636599e-18  -6.7007887072708140e-18
-29   +1.5650718466908162e-19  +2.5381450133059973e-18
-28   +5.3000331490732547e-19  -5.1604833189478410e-18
-27   -2.5764486826120892e-18  +3.4563107205696908e-18
-26   +9.8365995629293514e-19  -4.6199790693574800e-18
-25   -1.6343126921651833e-18  +5.0719555420148364e-18
-24   +1.4104655261817101e-18  -6.0328062083793393e-18
-23   +1.3120300270109868e-18  +5.2161181761678041e-18
-22   -6.7207805214345318e-19  -5.4302539258590700e-18
-21   -4.7019957046828301e-18  +1.3915518771678911e-17
-20   +1.4059265254501877e-17  -3.3603220276428016e-17
-19   -4.5345557457557920e-17  +1.3512105481532201e-16
-18   +1.8155407858058284e-16  -5.1211050873838418e-16
-17   -7.1345832995783062e-16  +2.0462795769464313e-15
-16   +2.8585420337120810e-15  -8.1799996044226852e-15
-15   -1.1580172887644457e-14  +3.2868737085332539e-14
-14   +4.7099893321196907e-14  -1.3255268481529413e-13
-13   -1.9258058181105805e-13  +5.3676843443119461e-13
-12   +7.9242488631952871e-13  -2.1840918614967278e-12
-11   -3.2854809632631747e-12  +8.9385322486099823e-12
-10   +1.3750188445672458e-11  -3.6840592099216500e-11
 -9   -5.8229932663942349e-11  +1.5318528368823744e-10
 -8   +2.5038638097109283e-10  -6.4419164341621911e-10
 -7   -1.0987249968410064e-09  +2.7497211510024278e-09
 -6   +4.9590677192335995e-09  -1.1980712914838268e-08
 -5   -2.3307734480852419e-08  +5.3757913746734114e-08
 -4   +1.1686900601036756e-07  -2.5280139723734210e-07
 -3   -6.4674595292113343e-07  +1.2770736345434357e-06
 -2   +4.6075261644092185e-06  -7.8378007403282747e-06
 -1   -3.5558972372585921e-06  +3.2747136223970444e-06
 +0   -1.6953690753986173e-01  +0.0000000000000000e+00
 +1   -3.5558972372585921e-06  -3.2747136223970444e-06
 +2   +4.6075261644092185e-06  +7.8378007403282747e-06
 +3   -6.4674595292113343e-07  -1.2770736345434357e-06
 +4   +1.1686900601036756e-07  +2.5280139723734210e-07
 +5   -2.3307734480852419e-08  -5.3757913746734114e-08
 +6   +4.9590677192335995e-09  +1.1980712914838268e-08
 +7   -1.0987249968410064e-09  -2.7497211510024278e-09
 +8   +2.5038638097109283e-10  +6.4419164341621911e-10
 +9   -5.8229932663942349e-11  -1.5318528368823744e-10
+10   +1.3750188445672458e-11  +3.6840592099216500e-11
+11   -3.2854809632631747e-12  -8.9385322486099823e-12
+12   +7.9242488631952871e-13  +2.1840918614967278e-12
+13   -1.9258058181105805e-13  -5.3676843443119461e-13
+14   +4.7099893321196907e-14  +1.3255268481529413e-13
+15   -1.1580172887644457e-14  -3.2868737085332539e-14
+16   +2.8585420337120810e-15  +8.1799996044226852e-15
+17   -7.1345832995783062e-16  -2.0462795769464313e-15
+18   +1.8155407858058284e-16  +5.1211050873838418e-16
+19   -4.5345557457557920e-17  -1.3512105481532201e-16
+20   +1.4059265254501877e-17  +3.3603220276428016e-17
+21   -4.7019957046828301e-18  -1.3915518771678911e-17
+22   -6.7207805214345318e-19  +5.4302539258590700e-18
+23   +1.3120300270109868e-18  -5.2161181761678041e-18
+24   +1.4104655261817101e-18  +6.0328062083793393e-18
+25   -1.6343126921651833e-18  -5.0719555420148364e-18
+26   +9.8365995629293514e-19  +4.6199790693574800e-18
+27   -2.5764486826120892e-18  -3.4563107205696908e-18
+28   +5.3000331490732547e-19  +5.1604833189478410e-18
+29   +1.5650718466908162e-19  -2.5381450133059973e-18
+30   +3.1587820894636599e-18  +6.7007887072708140e-18

