-30   -4.4897546366748538e-19  -1.0018307596536414e-17
-29   -1.5006941472818214e-17  +6.0652651330120141e-18
-28   +4.9303828661503758e-18  -9.3643128036165367e-18
-27   +4.3673948222809514e-18  +1.4079481059586123e-17
-26   -1.4247568743420962e-18  -6.7393676919729685e-18
-25   -7.0215337716570815e-18  +1.0188549524940040e-17
-24   -2.6807984652650368e-18  -1.4528546308058086e-18
-23   -1.4322940895729199e-18  -2.5916167088193072e-18
-22   +5.2303794000552278e-18  -5.8860518414508443e-18
-21   +9.2130390383539993e-18  +2.0019385195917442e-17
-20   -2.3921981488808660e-17  -2.1212849282947299e-17
-19   +1.1245352973735208e-16  +5.2222121368635499e-17
-18   -4.7203644732624779e-16  -1.7813988346226825e-16
-17   +1.9225387283232711e-15  +6.9177739505297630e-16
-16   -7.7001632475526824e-15  -2.6991748215763756e-15
-15   +3.0951032612467291e-14  +1.0818479515267444e-14
-14   -1.2441237230763349e-13  -4.3775888237864054e-14
-13   +5.0192877814492672e-13  +1.7807976377188336e-13
-12   -2.0339519168107323e-12  -7.2852631609922543e-13
-11   +8.2853876105680510e-12  +3.0003223714730150e-12
-10   -3.3969445420113740e-11  -1.2458205302464366e-11
 -9   +1.4040680614824699e-10  +5.2269518551114102e-11
 -8   -5.8646543001946310e-10  -2.2225847084620654e-10
 -7   +2.4841445696794414e-09  +9.6211014366746913e-10
 -6   -1.0730667707571360e-08  -4.2697835295715605e-09
 -5   +4.7700795074738325e-08  +1.9648871182527674e-08
 -4   -2.2230206519071818e-07  -9.5897329821223632e-08
 -3   +1.1164100057773708e-06  +5.1459538633280539e-07
 -2   -6.9369067541166332e-06  -3.5547876058044057e-06
 -1   +2.8874243430474664e-06  +2.0464981528328111e-06
 +0   -5.4765085838695671e-01  +0.0000000000000000e+00
 +1   +2.8874243430474664e-06  -2.0464981528328111e-06
 +2   -6.9369067541166332e-06  +3.5547876058044057e-06
 +3   +1.1164100057773708e-06  -5.1459538633280539e-07
 +4   -2.2230206519071818e-07  +9.5897329821223632e-08
 +5   +4.7700795074738325e-08  -1.9648871182527674e-08
 +6   -1.0730667707571360e-08  +4.2697835295715605e-09
 +7   +2.4841445696794414e-09  -9.6211014366746913e-10
 +8   -5.8646543001946310e-10  +2.2225847084620654e-10
 +9   +1.4040680614824699e-10  -5.2269518551114102e-11
+10   -3.3969445420113740e-11  +1.2458205302464366e-11
+11   +8.2853876105680510e-12  -3.0003223714730150e-12
+12   -2.0339519168107323e-12  +7.2852631609922543e-13
+13   +5.0192877814492672e-13  -1.7807976377188336e-13
+14   -1.2441237230763349e-13  +4.3775888237864054e-14
+15   +3.0951032612467291e-14  -1.0818479515267444e-14
+16   -7.7001632475526824e-15  +2.6991748215763756e-15
+17   +1.9225387283232711e-15  -6.9177739505297630e-16
+18   -4.7203644732624779e-16  +1.7813988346226825e-16
+19   +1.1245352973735208e-16  -5.2222121368635499e-17
+20   -2.3921981488808660e-17  +2.1212849282947299e-17
+21   +9.2130390383539993e-18  -2.0019385195917442e-17
+22   +5.2303794000552278e-18  +5.8860518414508443e-18
+23   -1.4322940895729199e-18  +2.5916167088193072e-18
+24   -2.6807984652650368e-18  +1.4528546308058086e-18
+25   -7.0215337716570815e-18  -1.0188549524940040e-17
+26   -1.4247568743420962e-18  +6.7393676919729685e-18
+27   +4.3673948222809514e-18  -1.4079481059586123e-17
+28   +4.9303828661503758e-18  +9.3643128036165367e-18
+29   -1.5006941472818214e-17  -6.0652651330120141e-18
+30   -4.4897546366748538e-19  +1.0018307596536414e-17

