-30   -4.3272397573151977e-16  +1.1100315783131692e-15
-29   +4.5285024280838349e-16  -1.1714633222286558e-15
-28   -4.6271485874096537e-16  +1.1928279657383567e-15
-27   +4.7791274728890665e-16  -1.2626429588601956e-15
-26   -4.6905379632835973e-16  +1.3075987031356825e-15
-25   +4.6057371498456853e-16  -1.3535840334201469e-15
-24   -4.3246532591186311e-16  +1.4448633098977725e-15
-23   +4.2690941155810508e-16  -1.5751735152539652e-15
-22   -2.3047156228123757e-16  +2.0155045908191927e-15
-21   -3.5189457071093846e-16  -3.3062911805461778e-15
-20   +2.7072736655330704e-15  +8.0873663407175015e-15
-19   -1.1406403144780434e-14  -2.5918240627751085e-14
-18   +4.4231328243299312e-14  +9.3232973932825406e-14
-17   -1.6789029678831186e-13  -3.4781323758564375e-13
-16   +6.3299557115544647e-13  +1.3108472093040266e-12
-15   -2.3799445338028624e-12  -4.9525226269327765e-12
-14   +8.9320348733276874e-12  +1.8717742758929594e-11
-13   -3.3464255837041543e-11  -7.0726207354612754e-11
-12   +1.2514310155797491e-10  +2.6715462435844102e-10
-11   -4.6700575661549701e-10  -1.0088657960562663e-09
-10   +1.7385499616074510e-09  +3.8095934583428230e-09
 -9   -6.4538222375486296e-09  -1.4389607580886444e-08
 -8   +2.3876106834757970e-08  +5.4400464383127712e-08
 -7   -8.7955526367378834e-08  -2.0604693359590355e-07
 -6   +3.2224248518874707e-07  +7.8332952624475423e-07
 -5   -1.1711884710565334e-06  -2.9974750226961898e-06
 -4   +4.2072942224698059e-06  +1.1637396048886023e-05
 -3   -1.4630264557760602e-05  -4.5908842745539255e-05
 -2   +4.8454142847841168e-05  +1.9920433459428785e-04
 -1   +4.0149713411915690e-06  -7.3813239020401053e-05
 +0   -1.2785934808227470e+00  +0.0000000000000000e+00
 +1   +4.0149713411915690e-06  +7.3813239020401053e-05
 +2   +4.8454142847841168e-05  -1.9920433459428785e-04
 +3   -1.4630264557760602e-05  +4.5908842745539255e-05
 +4   +4.2072942224698059e-06  -1.1637396048886023e-05
 +5   -1.1711884710565334e-06  +2.9974750226961898e-06
 +6   +3.2224248518874707e-07  -7.8332952624475423e-07
 +7   -8.7955526367378834e-08  +2.0604693359590355e-07
 +8   +2.3876106834757970e-08  -5.4400464383127712e-08
 +9   -6.4538222375486296e-09  +1.4389607580886444e-08
+10   +1.7385499616074510e-09  -3.8095934583428230e-09
+11   -4.6700575661549701e-10  +1.0088657960562663e-09
+12   +1.2514310155797491e-10  -2.6715462435844102e-10
+13   -3.3464255837041543e-11  +7.0726207354612754e-11
+14   +8.9320348733276874e-12  -1.8717742758929594e-11
+15   -2.3799445338028624e-12  +4.9525226269327765e-12
+16   +6.3299557115544647e-13  -1.3108472093040266e-12
+17   -1.6789029678831186e-13  +3.4781323758564375e-13
+18   +4.4231328243299312e-14  -9.3232973932825406e-14
+19   -1.1406403144780434e-14  +2.5918240627751085e-14
+20   +2.7072736655330704e-15  -8.0873663407175015e-15
+21   -3.5189457071093846e-16  +3.3062911805461778e-15
+22   -2.3047156228123757e-16  -2.0155045908191927e-15
+23   +4.2690941155810508e-16  +1.5751735152539652e-15
+24   -4.3246532591186311e-16  -1.4448633098977725e-15
+25   +4.6057371498456853e-16  +1.3535840334201469e-15
+26   -4.6905379632835973e-16  -1.3075987031356825e-15
+27   +4.7791274728890665e-16  +1.2626429588601956e-15
+28   -4.6271485874096537e-16  -1.1928279657383567e-15
+29   +4.5285024280838349e-16  +1.1714633222286558e-15
+30   -4.3272397573151977e-16  -1.1100315783131692e-15

