-30   -5.7520259742939368e-17  +1.3940815259320872e-16
-29   +6.5695728449040251e-17  -1.5010531828400546e-16
-28   -6.3912481759344113e-17  +1.5472020777669643e-16
-27   +5.6955600642294280e-17  -1.5989905396909563e-16
-26   -5.8434065870313533e-17  +1.6791477881080747e-16
-25   +5.7532384962680615e-17  -1.7728650302475689e-16
-24   -3.3218539563252273e-17  +1.6896868020910834e-16
-23   -4.8360528712892897e-17  -1.3673997087094019e-16
-22   +3.6085487343402516e-16  -8.4514030774202479e-18
-21   -1.5357595824529926e-15  +5.7282616673301182e-16
-20   +5.9750202206866748e-15  -2.7673716575502504e-15
-19   -2.2728178209412484e-14  +1.1043184986489970e-14
-18   +8.6032947617563325e-14  -4.2172342426395538e-14
-17   -3.2485516049650335e-13  +1.5913790252222438e-13
-16   +1.2250955811398014e-12  -5.9786186763374431e-13
-15   -4.6151315922616552e-12  +2.2406299284338399e-12
-14   +1.7366935717286429e-11  -8.3805326144515480e-12
-13   -6.5277328144433685e-11  +3.1280891364772547e-11
-12   +2.4505741653728807e-10  -1.1649215924612202e-10
-11   -9.1876655871917266e-10  +4.3270059872089371e-10
-10   +3.4398927350146796e-09  -1.6024252322549008e-09
 -9   -1.2860870455035374e-08  +5.9135566395532632e-09
 -8   +4.8017167866626675e-08  -2.1733274840305995e-08
 -7   -1.7905795183225317e-07  +7.9477341558842729e-08
 -6   +6.6726334786325773e-07  -2.8890690541121931e-07
 -5   -2.4870990783880590e-06  +1.0420548202397691e-06
 -4   +9.3089959142348572e-06  -3.7257549582487561e-06
 -3   -3.4940143291241605e-05  +1.3024577628960621e-05
 -2   +1.3980085663741737e-04  -4.5705531658279200e-05
 -1   -2.5819587102685489e-05  +3.2615508711863007e-06
 +0   -1.4759532599959210e-01  +0.0000000000000000e+00
 +1   -2.5819587102685489e-05  -3.2615508711863007e-06
 +2   +1.3980085663741737e-04  +4.5705531658279200e-05
 +3   -3.4940143291241605e-05  -1.3024577628960621e-05
 +4   +9.3089959142348572e-06  +3.7257549582487561e-06
 +5   -2.4870990783880590e-06  -1.0420548202397691e-06
 +6   +6.6726334786325773e-07  +2.8890690541121931e-07
 +7   -1.7905795183225317e-07  -7.9477341558842729e-08
 +8   +4.8017167866626675e-08  +2.1733274840305995e-08
 +9   -1.2860870455035374e-08  -5.9135566395532632e-09
+10   +3.4398927350146796e-09  +1.6024252322549008e-09
+11   -9.1876655871917266e-10  -4.3270059872089371e-10
+12   +2.4505741653728807e-10  +1.1649215924612202e-10
+13   -6.5277328144433685e-11  -3.1280891364772547e-11
+14   +1.7366935717286429e-11  +8.3805326144515480e-12
+15   -4.6151315922616552e-12  -2.2406299284338399e-12
+16   +1.2250955811398014e-12  +5.9786186763374431e-13
+17   -3.2485516049650335e-13  -1.5913790252222438e-13
+18   +8.6032947617563325e-14  +4.2172342426395538e-14
+19   -2.2728178209412484e-14  -1.1043184986489970e-14
+20   +5.9750202206866748e-15  +2.7673716575502504e-15
+21   -1.5357595824529926e-15  -5.7282616673301182e-16
+22   +3.6085487343402516e-16  +8.4514030774202479e-18
+23   -4.8360528712892897e-17  +1.3673997087094019e-16
+24   -3.3218539563252273e-17  -1.6896868020910834e-16
+25   +5.7532384962680615e-17  +1.7728650302475689e-16
+26   -5.8434065870313533e-17  -1.6791477881080747e-16
+27   +5.6955600642294280e-17  +1.5989905396909563e-16
+28   -6.3912481759344113e-17  -1.5472020777669643e-16
+29   +6.5695728449040251e-17  +1.5010531828400546e-16
+30   -5.7520259742939368e-17  -1.3940815259320872e-16

