-30   +1.5434730079627958e-16  -3.5782437323801736e-16
-29   -1.5395975065078299e-16  +3.7477268238642117e-16
-28   +1.4734787842018520e-16  -3.9571436327372077e-16
-27   -1.5474048996910989e-16  +4.1036963017901795e-16
-26   +1.4704338949868449e-16  -4.1919841614256757e-16
-25   -1.4508709629377043e-16  +4.3225174300705583e-16
-24   +1.4833250511644544e-16  -4.6099187595594922e-16
-23   -1.4533484860118447e-16  +4.8529871448543476e-16
-22   +1.4375416849109014e-16  -5.0686428799535281e-16
-21   -1.4568751252668584e-16  +5.2767392100227276e-16
-20   +1.2410775512787883e-16  -5.3864313563240399e-16
-19   -4.8883305688067206e-17  +5.4407525077692083e-16
-18   -2.6271509182922773e-16  -4.2605589160543190e-16
-17   +1.5127397804775912e-15  -1.2074876832825843e-16
-16   -6.5382320704931305e-15  +2.4298258692385116e-15
-15   +2.6834605792137384e-14  -1.1777188606868698e-14
-14   -1.0925382771472661e-13  +4.9454353557660547e-14
-13   +4.4545718423191683e-13  -2.0141833871317173e-13
-12   -1.8250734261982971e-12  +8.1620166654724524e-13
-11   +7.5273755341930721e-12  -3.3139955881468153e-12
-10   -3.1307017666244123e-11  +1.3515094992370066e-11
 -9   +1.3159048812597749e-10  -5.5439912355274518e-11
 -8   -5.6067928306425281e-10  +2.2906239735801521e-10
 -7   +2.4323450390684689e-09  -9.5475206705269877e-10
 -6   -1.0817734955688619e-08  +4.0219683371373326e-09
 -5   +4.9846379056650417e-08  -1.7146017220317715e-08
 -4   -2.4298526731360115e-07  +7.3948817280362963e-08
 -3   +1.2855877033783844e-06  -3.1437794794670184e-07
 -2   -8.4181418123005938e-06  +1.1479042432771635e-06
 -1   +5.8507570998863203e-06  +1.5529754236527466e-06
 +0   +4.1677112699311664e-01  +0.0000000000000000e+00
 +1   +5.8507570998863203e-06  -1.5529754236527466e-06
 +2   -8.4181418123005938e-06  -1.1479042432771635e-06
 +3   +1.2855877033783844e-06  +3.1437794794670184e-07
 +4   -2.4298526731360115e-07  -7.3948817280362963e-08
 +5   +4.9846379056650417e-08  +1.7146017220317715e-08
 +6   -1.0817734955688619e-08  -4.0219683371373326e-09
 +7   +2.4323450390684689e-09  +9.5475206705269877e-10
 +8   -5.6067928306425281e-10  -2.2906239735801521e-10
 +9   +1.3159048812597749e-10  +5.5439912355274518e-11
+10   -3.1307017666244123e-11  -1.3515094992370066e-11
+11   +7.5273755341930721e-12  +3.3139955881468153e-12
+12   -1.8250734261982971e-12  -8.1620166654724524e-13
+13   +4.4545718423191683e-13  +2.0141833871317173e-13
+14   -1.0925382771472661e-13  -4.9454353557660547e-14
+15   +2.6834605792137384e-14  +1.1777188606868698e-14
+16   -6.5382320704931305e-15  -2.4298258692385116e-15
+17   +1.5127397804775912e-15  +1.2074876832825843e-16
+18   -2.6271509182922773e-16  +4.2605589160543190e-16
+19   -4.8883305688067206e-17  -5.4407525077692083e-16
+20   +1.2410775512787883e-16  +5.3864313563240399e-16
+21   -1.4568751252668584e-16  -5.2767392100227276e-16
+22   +1.4375416849109014e-16  +5.0686428799535281e-16
+23   -1.4533484860118447e-16  -4.8529871448543476e-16
+24   +1.4833250511644544e-16  +4.6099187595594922e-16
+25   -1.4508709629377043e-16  -4.3225174300705583e-16
+26   +1.4704338949868449e-16  +4.1919841614256757e-16
+27   -1.5474048996910989e-16  -4.1036963017901795e-16
+28   +1.4734787842018520e-16  +3.9571436327372077e-16
+29   -1.5395975065078299e-16  -3.7477268238642117e-16
+30   +1.5434730079627958e-16  +3.5782437323801736e-16

