-30   +8.4257663635353934e-17  -1.9154731497892506e-16
-29   -8.3786252817039030e-17  +1.9859640870823385e-16
-28   +7.9027722328450427e-17  -2.0743346975496552e-16
-27   -8.1001640772609826e-17  +2.1413197979685291e-16
-26   +8.0470762024802839e-17  -2.2678355764970993e-16
-25   -7.9427281845661942e-17  +2.3586902842214734e-16
-24   +7.9917166279004830e-17  -2.4361637629251345e-16
-23   -8.3707392568785315e-17  +2.5696133108313757e-16
-22   +7.9066012624856182e-17  -2.7117645776657922e-16
-21   -8.1585276392888950e-17  +2.8061392337647359e-16
-20   +9.3377345883582452e-17  -2.6932156781620200e-16
-19   -1.1995106050800906e-16  +2.1752287296312876e-16
-18   +2.6200380851853955e-16  +6.0238815655302524e-17
-17   -8.2494090963501347e-16  -1.2112146954520821e-15
-16   +3.0361618904882730e-15  +5.8890938784710831e-15
-15   -1.1877986368601372e-14  -2.4776468623417343e-14
-14   +4.7286639232141676e-14  +1.0118698782013870e-13
-13   -1.8940107928252372e-13  -4.1127376313077820e-13
-12   +7.6186399349763250e-13  +1.6759103243493032e-12
-11   -3.0770342875393003e-12  -6.8651849504800229e-12
-10   +1.2485215278245957e-11  +2.8320485780079651e-11
 -9   -5.0940258805153576e-11  -1.1787723347192296e-10
 -8   +2.0925559417661788e-10  +4.9630926564287758e-10
 -7   -8.6693421022851253e-10  -2.1216327989459009e-09
 -6   +3.6311596573363170e-09  +9.2613340822580710e-09
 -5   -1.5421315355127504e-08  -4.1655190254519980e-08
 -4   +6.6741860086622974e-08  +1.9649198817331434e-07
 -3   -2.9147800643816345e-07  -9.9620912847626562e-07
 -2   +1.2671250529838160e-06  +6.1217231255407908e-06
 -1   +3.7077955783771894e-07  -2.4846685770098361e-06
 +0   +2.2277702747948247e-01  +0.0000000000000000e+00
 +1   +3.7077955783771894e-07  +2.4846685770098361e-06
 +2   +1.2671250529838160e-06  -6.1217231255407908e-06
 +3   -2.9147800643816345e-07  +9.9620912847626562e-07
 +4   +6.6741860086622974e-08  -1.9649198817331434e-07
 +5   -1.5421315355127504e-08  +4.1655190254519980e-08
 +6   +3.6311596573363170e-09  -9.2613340822580710e-09
 +7   -8.6693421022851253e-10  +2.1216327989459009e-09
 +8   +2.0925559417661788e-10  -4.9630926564287758e-10
 +9   -5.0940258805153576e-11  +1.1787723347192296e-10
+10   +1.2485215278245957e-11  -2.8320485780079651e-11
+11   -3.0770342875393003e-12  +6.8651849504800229e-12
+12   +7.6186399349763250e-13  -1.6759103243493032e-12
+13   -1.8940107928252372e-13  +4.1127376313077820e-13
+14   +4.7286639232141676e-14  -1.0118698782013870e-13
+15   -1.1877986368601372e-14  +2.4776468623417343e-14
+16   +3.0361618904882730e-15  -5.8890938784710831e-15
+17   -8.2494090963501347e-16  +1.2112146954520821e-15
+18   +2.6200380851853955e-16  -6.0238815655302524e-17
+19   -1.1995106050800906e-16  -2.1752287296312876e-16
+20   +9.3377345883582452e-17  +2.6932156781620200e-16
+21   -8.1585276392888950e-17  -2.8061392337647359e-16
+22   +7.9066012624856182e-17  +2.7117645776657922e-16
+23   -8.3707392568785315e-17  -2.5696133108313757e-16
+24   +7.9917166279004830e-17  +2.4361637629251345e-16
+25   -7.9427281845661942e-17  -2.3586902842214734e-16
+26   +8.0470762024802839e-17  +2.2678355764970993e-16
+27   -8.1001640772609826e-17  -2.1413197979685291e-16
+28   +7.9027722328450427e-17  +2.0743346975496552e-16
+29   -8.3786252817039030e-17  -1.9859640870823385e-16
+30   +8.4257663635353934e-17  +1.9154731497892506e-16

