-30   +1.2635128347326001e-17  -2.7438102007838736e-17
-29   +6.5700260633282876e-18  -9.1603648443325734e-18
-28   -5.4095904341124422e-18  +9.3980667224174767e-18
-27   +1.0042807832565345e-17  -2.6183375293595840e-18
-26   +6.1368889545792727e-18  +1.2031541778560705e-17
-25   -1.7384004233588463e-17  -3.2685967152977678e-17
-24   +9.4648366249846803e-18  +1.3214198123513295e-17
-23   +3.9839977206676995e-19  +1.2030061335014421e-17
-22   -6.7240449885413350e-20  -3.4832316700004544e-17
-21   +9.1726316653700109e-18  +1.7107601562796618e-16
-20   -1.8238015654279853e-17  -7.1620762509076041e-16
-19   +3.8838542310860765e-17  +2.8926195144952230e-15
-18   -1.1591925558156342e-16  -1.1524555364508763e-14
-17   +4.4485005210777807e-16  +4.5831323259544528e-14
-16   -1.8737955691617925e-15  -1.8252804874485845e-13
-15   +7.9320327058286305e-15  +7.2846017619208097e-13
-14   -3.4065946017752524e-14  -2.9145284759253332e-12
-13   +1.4721044863945949e-13  +1.1694546223621845e-11
-12   -6.4194466938419424e-13  -4.7083331501741804e-11
-11   +2.8301062754550004e-12  +1.9032272524626246e-10
-10   -1.2642079404734928e-11  -7.7305430060804947e-10
 -9   +5.7382761015005551e-11  +3.1586227483629132e-09
 -8   -2.6569856357218694e-10  -1.3002119550335019e-08
 -7   +1.2618605408174583e-09  +5.4034520501444557e-08
 -6   -6.1982540575350159e-09  -2.2748415022515077e-07
 -5   +3.1868966360969842e-08  +9.7438205013660677e-07
 -4   -1.7577991483045803e-07  -4.2958656846118012e-06
 -3   +1.0660876173323356e-06  +1.9498475284080418e-05
 -2   -8.3161866318259753e-06  -1.0067632425532184e-04
 -1   +1.2984350837324486e-05  +7.5423299471213533e-05
 +0   +1.0040418042537840e+00  +0.0000000000000000e+00
 +1   +1.2984350837324486e-05  -7.5423299471213533e-05
 +2   -8.3161866318259753e-06  +1.0067632425532184e-04
 +3   +1.0660876173323356e-06  -1.9498475284080418e-05
 +4   -1.7577991483045803e-07  +4.2958656846118012e-06
 +5   +3.1868966360969842e-08  -9.7438205013660677e-07
 +6   -6.1982540575350159e-09  +2.2748415022515077e-07
 +7   +1.2618605408174583e-09  -5.4034520501444557e-08
 +8   -2.6569856357218694e-10  +1.3002119550335019e-08
 +9   +5.7382761015005551e-11  -3.1586227483629132e-09
+10   -1.2642079404734928e-11  +7.7305430060804947e-10
+11   +2.8301062754550004e-12  -1.9032272524626246e-10
+12   -6.4194466938419424e-13  +4.7083331501741804e-11
+13   +1.4721044863945949e-13  -1.1694546223621845e-11
+14   -3.4065946017752524e-14  +2.9145284759253332e-12
+15   +7.9320327058286305e-15  -7.2846017619208097e-13
+16   -1.8737955691617925e-15  +1.8252804874485845e-13
+17   +4.4485005210777807e-16  -4.5831323259544528e-14
+18   -1.1591925558156342e-16  +1.1524555364508763e-14
+19   +3.8838542310860765e-17  -2.8926195144952230e-15
+20   -1.8238015654279853e-17  +7.1620762509076041e-16
+21   +9.1726316653700109e-18  -1.7107601562796618e-16
+22   -6.7240449885413350e-20  +3.4832316700004544e-17
+23   +3.9839977206676995e-19  -1.2030061335014421e-17
+24   +9.4648366249846803e-18  -1.3214198123513295e-17
+25   -1.7384004233588463e-17  +3.2685967152977678e-17
+26   +6.1368889545792727e-18  -1.2031541778560705e-17
+27   +1.0042807832565345e-17  +2.6183375293595840e-18
+28   -5.4095904341124422e-18  -9.3980667224174767e-18
+29   +6.5700260633282876e-18  +9.1603648443325734e-18
+30   +1.2635128347326001e-17  +2.7438102007838736e-17

