-30   -1.0839226510186002e-18  -4.7846660665157447e-18
-29   +5.0072467647256994e-18  -7.7303802663828469e-18
-28   -2.5373620560321874e-18  +5.7551809819051548e-18
-27   +6.0450477779594029e-18  -1.1775654088143329e-17
-26   -3.9667622505236502e-18  +6.4619414097120560e-18
-25   -1.8087610217947216e-18  +2.1009595963917295e-19
-24   -1.3181267571651915e-17  +6.5303828038586993e-18
-23   -1.7304017074571263e-19  -1.0235662720600825e-17
-22   +4.0069953435392534e-18  +7.7855676842693094e-18
-21   -4.1273566868093996e-18  -9.3280132487980149e-18
-20   +1.0110619036695736e-17  +1.0110619036695735e-17
-19   +1.5155158385868292e-17  -5.8095088694793317e-18
-18   -6.7515033039894683e-17  +1.1190794149370312e-17
-17   +2.1976833057760149e-16  -1.5604948236712266e-17
-16   -9.1716825260330290e-16  +3.0603882102816100e-17
-15   +3.9347861730087550e-15  -1.0102417416133661e-16
-14   -1.6847365060138492e-14  +4.0747136568079386e-16
-13   +7.2750647071325215e-14  -1.8429513638003010e-15
-12   -3.1735437526730132e-13  +8.6515432605605215e-15
-11   +1.3995295085108679e-12  -4.1554501555933789e-14
-10   -6.2536512901394970e-12  +2.0417870002345255e-13
 -9   +2.8394339022711952e-11  -1.0298215098512237e-12
 -8   -1.3151535566041254e-10  +5.3651580685802769e-12
 -7   +6.2479296396395860e-10  -2.9124884932515776e-11
 -6   -3.0699626794097863e-09  +1.6693143017569228e-10
 -5   +1.5789746001510104e-08  -1.0301241548185091e-09
 -4   -8.7121847116320604e-08  +7.1035659085390277e-09
 -3   +5.2861932487081976e-07  -5.7455911717395491e-08
 -2   -4.1246730847495961e-06  +6.7239248609364031e-07
 -1   +6.4404075849259838e-06  -2.0996881197311679e-06
 +0   -4.9798723377164489e-01  +0.0000000000000000e+00
 +1   +6.4404075849259838e-06  +2.0996881197311679e-06
 +2   -4.1246730847495961e-06  -6.7239248609364031e-07
 +3   +5.2861932487081976e-07  +5.7455911717395491e-08
 +4   -8.7121847116320604e-08  -7.1035659085390277e-09
 +5   +1.5789746001510104e-08  +1.0301241548185091e-09
 +6   -3.0699626794097863e-09  -1.6693143017569228e-10
 +7   +6.2479296396395860e-10  +2.9124884932515776e-11
 +8   -1.3151535566041254e-10  -5.3651580685802769e-12
 +9   +2.8394339022711952e-11  +1.0298215098512237e-12
+10   -6.2536512901394970e-12  -2.0417870002345255e-13
+11   +1.3995295085108679e-12  +4.1554501555933789e-14
+12   -3.1735437526730132e-13  -8.6515432605605215e-15
+13   +7.2750647071325215e-14  +1.8429513638003010e-15
+14   -1.6847365060138492e-14  -4.0747136568079386e-16
+15   +3.9347861730087550e-15  +1.0102417416133661e-16
+16   -9.1716825260330290e-16  -3.0603882102816100e-17
+17   +2.1976833057760149e-16  +1.5604948236712266e-17
+18   -6.7515033039894683e-17  -1.1190794149370312e-17
+19   +1.5155158385868292e-17  +5.8095088694793317e-18
+20   +1.0110619036695736e-17  -1.0110619036695735e-17
+21   -4.1273566868093996e-18  +9.3280132487980149e-18
+22   +4.0069953435392534e-18  -7.7855676842693094e-18
+23   -1.7304017074571263e-19  +1.0235662720600825e-17
+24   -1.3181267571651915e-17  -6.5303828038586993e-18
+25   -1.8087610217947216e-18  -2.1009595963917295e-19
+26   -3.9667622505236502e-18  -6.4619414097120560e-18
+27   +6.0450477779594029e-18  +1.1775654088143329e-17
+28   -2.5373620560321874e-18  -5.7551809819051548e-18
+29   +5.0072467647256994e-18  +7.7303802663828469e-18
+30   -1.0839226510186002e-18  +4.7846660665157447e-18

