-30   -1.5793910131806921e-18  +2.5045770038333192e-18
-29   +1.0448632329074324e-18  -2.8807491224136199e-18
-28   -1.8487832642236292e-18  +1.2231204798409544e-17
-27   +1.0338755843714745e-18  -5.8890415285686814e-18
-26   +3.5255284218741628e-18  -5.2446241454090085e-18
-25   -1.1480892915924977e-17  +7.1393721878421780e-19
-24   +3.8737599467203692e-17  -1.1475524176982298e-17
-23   -1.4160805837621776e-16  +5.1666717254528848e-17
-22   +5.4494141044977721e-16  -1.6889114701607800e-16
-21   -2.0831886725973562e-15  +6.8710928254999077e-16
-20   +7.9006294475707534e-15  -2.6393200253305324e-15
-19   -2.9860378192763274e-14  +1.0021086239047007e-14
-18   +1.1276726089892036e-13  -3.7992558648528001e-14
-17   -4.2552799347633843e-13  +1.4405762927940293e-13
-16   +1.6042189417489122e-12  -5.4599275432038691e-13
-15   -6.0416124257460235e-12  +2.0685566006222126e-12
-14   +2.2728085413559240e-11  -7.8345819439940813e-12
-13   -8.5399609557563390e-11  +2.9666543860876694e-11
-12   +3.2047274580925298e-10  -1.1232560831971884e-10
-11   -1.2009538427880307e-09  +4.2534321501302965e-10
-10   +4.4938843807619014e-09  -1.6113401499581283e-09
 -9   -1.6789834377937806e-08  +6.1099690175551249e-09
 -8   +6.2631424783311654e-08  -2.3208525243266579e-08
 -7   -2.3328857576521156e-07  +8.8426399503498571e-08
 -6   +8.6800714466285915e-07  -3.3874522523906184e-07
 -5   -3.2281333095094099e-06  +1.3095770988461845e-06
 -4   +1.2040736293056261e-05  -5.1585490099035267e-06
 -3   -4.4919845627998026e-05  +2.0818417249122565e-05
 -2   +1.7733183239176579e-04  -9.4066748168909588e-05
 -1   -3.0196423877924656e-05  +3.5101730609131206e-05
 +0   -1.9394504620091241e-01  +0.0000000000000000e+00
 +1   -3.0196423877924656e-05  -3.5101730609131206e-05
 +2   +1.7733183239176579e-04  +9.4066748168909588e-05
 +3   -4.4919845627998026e-05  -2.0818417249122565e-05
 +4   +1.2040736293056261e-05  +5.1585490099035267e-06
 +5   -3.2281333095094099e-06  -1.3095770988461845e-06
 +6   +8.6800714466285915e-07  +3.3874522523906184e-07
 +7   -2.3328857576521156e-07  -8.8426399503498571e-08
 +8   +6.2631424783311654e-08  +2.3208525243266579e-08
 +9   -1.6789834377937806e-08  -6.1099690175551249e-09
+10   +4.4938843807619014e-09  +1.6113401499581283e-09
+11   -1.2009538427880307e-09  -4.2534321501302965e-10
+12   +3.2047274580925298e-10  +1.1232560831971884e-10
+13   -8.5399609557563390e-11  -2.9666543860876694e-11
+14   +2.2728085413559240e-11  +7.8345819439940813e-12
+15   -6.0416124257460235e-12  -2.0685566006222126e-12
+16   +1.6042189417489122e-12  +5.4599275432038691e-13
+17   -4.2552799347633843e-13  -1.4405762927940293e-13
+18   +1.1276726089892036e-13  +3.7992558648528001e-14
+19   -2.9860378192763274e-14  -1.0021086239047007e-14
+20   +7.9006294475707534e-15  +2.6393200253305324e-15
+21   -2.0831886725973562e-15  -6.8710928254999077e-16
+22   +5.4494141044977721e-16  +1.6889114701607800e-16
+23   -1.4160805837621776e-16  -5.1666717254528848e-17
+24   +3.8737599467203692e-17  +1.1475524176982298e-17
+25   -1.1480892915924977e-17  -7.1393721878421780e-19
+26   +3.5255284218741628e-18  +5.2446241454090085e-18
+27   +1.0338755843714745e-18  +5.8890415285686814e-18
+28   -1.8487832642236292e-18  -1.2231204798409544e-17
+29   +1.0448632329074324e-18  +2.8807491224136199e-18
+30   -1.5793910131806921e-18  -2.5045770038333192e-18

