-30   +5.2336414187318610e-18  -5.2336415761227271e-18
-29   -1.0514697930700737e-17  +1.2715556340965098e-17
-28   +1.1034318180604552e-17  -1.5190109201297006e-17
-27   +1.9229591932417325e-18  +1.6026241877633039e-17
-26   +5.2872585749010570e-18  -1.6361920076546214e-17
-25   -1.9002226833912516e-17  +3.1387951015151519e-17
-24   -9.9813073371823505e-18  -5.1282665087868516e-17
-23   +4.0671450647346249e-17  +1.4445772554038900e-16
-22   -1.7059044061848822e-16  -5.3228479117900880e-16
-21   +6.6424054473437823e-16  +2.0022863525608227e-15
-20   -2.4721626844465453e-15  -7.5215606885448141e-15
-19   +9.4709786126718358e-15  +2.8416282538818833e-14
-18   -3.5835133167665678e-14  -1.0703928265407816e-13
-17   +1.3541118817193554e-13  +4.0287212928295910e-13
-16   -5.1125946029094953e-13  -1.5145061676602420e-12
-15   +1.9291431598733609e-12  +5.6861290375190893e-12
-14   -7.2727258899067320e-12  -2.1317950401014469e-11
-13   +2.7393815684125332e-11  +7.9796893777073625e-11
-12   -1.0309107352000932e-10  -2.9817410633135898e-10
-11   +3.8762052437810226e-10  +1.1120380268927181e-09
-10   -1.4562435122591341e-09  -4.1386010153657113e-09
 -9   +5.4671872159466281e-09  +1.5367065504896146e-08
 -8   -2.0517682299485390e-08  -5.6920598680147520e-08
 -7   +7.7016034417416960e-08  +2.1031496642901806e-07
 -6   -2.8951241185336898e-07  -7.7542980301207205e-07
 -5   +1.0922862429437617e-06  +2.8551293961962291e-06
 -4   -4.1636751710525138e-06  -1.0545095757292268e-05
 -3   +1.6118039570309896e-05  +3.9073497315318284e-05
 -2   -6.8852331777163235e-05  -1.5634292852537566e-04
 -1   +1.5731683015555435e-05  +2.8168111510855605e-05
 +0   +9.7303024587357323e-01  +0.0000000000000000e+00
 +1   +1.5731683015555435e-05  -2.8168111510855605e-05
 +2   -6.8852331777163235e-05  +1.5634292852537566e-04
 +3   +1.6118039570309896e-05  -3.9073497315318284e-05
 +4   -4.1636751710525138e-06  +1.0545095757292268e-05
 +5   +1.0922862429437617e-06  -2.8551293961962291e-06
 +6   -2.8951241185336898e-07  +7.7542980301207205e-07
 +7   +7.7016034417416960e-08  -2.1031496642901806e-07
 +8   -2.0517682299485390e-08  +5.6920598680147520e-08
 +9   +5.4671872159466281e-09  -1.5367065504896146e-08
+10   -1.4562435122591341e-09  +4.1386010153657113e-09
+11   +3.8762052437810226e-10  -1.1120380268927181e-09
+12   -1.0309107352000932e-10  +2.9817410633135898e-10
+13   +2.7393815684125332e-11  -7.9796893777073625e-11
+14   -7.2727258899067320e-12  +2.1317950401014469e-11
+15   +1.9291431598733609e-12  -5.6861290375190893e-12
+16   -5.1125946029094953e-13  +1.5145061676602420e-12
+17   +1.3541118817193554e-13  -4.0287212928295910e-13
+18   -3.5835133167665678e-14  +1.0703928265407816e-13
+19   +9.4709786126718358e-15  -2.8416282538818833e-14
+20   -2.4721626844465453e-15  +7.5215606885448141e-15
+21   +6.6424054473437823e-16  -2.0022863525608227e-15
+22   -1.7059044061848822e-16  +5.3228479117900880e-16
+23   +4.0671450647346249e-17  -1.4445772554038900e-16
+24   -9.9813073371823505e-18  +5.1282665087868516e-17
+25   -1.9002226833912516e-17  -3.1387951015151519e-17
+26   +5.2872585749010570e-18  +1.6361920076546214e-17
+27   +1.9229591932417325e-18  -1.6026241877633039e-17
+28   +1.1034318180604552e-17  +1.5190109201297006e-17
+29   -1.0514697930700737e-17  -1.2715556340965098e-17
+30   +5.2336414187318610e-18  +5.2336415761227271e-18

