-30   -2.6168207656250724e-18  +3.8322452869692744e-19
-29   +2.3453673299261923e-19  +6.2003586541329384e-18
-28   +4.7609542656294006e-18  -1.8619661290706559e-18
-27   -1.2696667310156722e-18  +4.9366296631884683e-18
-26   -2.1436645075331333e-19  -2.7461819885559733e-18
-25   -1.6169515041734397e-19  +3.0461132565727956e-18
-24   +1.1359488665414365e-18  -3.6704962683968115e-18
-23   +2.8951283050164209e-19  +5.4912259028828695e-18
-22   +2.3117201354963581e-18  -9.4191698311297593e-18
-21   +2.1158957675306608e-18  +1.2474524593696512e-17
-20   -1.1713087942015373e-17  -3.6808158087067284e-17
-19   +4.1171311077410112e-17  +1.3643824428023503e-16
-18   -1.7729199939308047e-16  -5.1798562276393399e-16
-17   +7.0739827046473426e-16  +2.0428947510649621e-15
-16   -2.8548744312943844e-15  -8.1817056244997559e-15
-15   +1.1575375291842300e-14  +3.2869427988311592e-14
-14   -4.7096636499405715e-14  -1.3255089198301462e-13
-13   +1.9258242681279018e-13  +5.3675954545129794e-13
-12   -7.9241861773064366e-13  -2.1840923860028802e-12
-11   +3.2854740471327113e-12  +8.9385224829823345e-12
-10   -1.3750181086306029e-11  -3.6840588517813515e-11
 -9   +5.8229929019571294e-11  +1.5318528134322857e-10
 -8   -2.5038638069900950e-10  -6.4419164291291300e-10
 -7   +1.0987249937281388e-09  +2.7497211529052918e-09
 -6   -4.9590677190700650e-09  -1.1980712919344715e-08
 -5   +2.3307734472993515e-08  +5.3757913741539586e-08
 -4   -1.1686900600687376e-07  -2.5280139723986414e-07
 -3   +6.4674595291119116e-07  +1.2770736345344504e-06
 -2   -4.6075261644015266e-06  -7.8378007403415104e-06
 -1   +3.5558972372203139e-06  +3.2747136224043471e-06
 +0   +1.6953690753986431e-01  +0.0000000000000000e+00
 +1   +3.5558972372203139e-06  -3.2747136224043471e-06
 +2   -4.6075261644015266e-06  +7.8378007403415104e-06
 +3   +6.4674595291119116e-07  -1.2770736345344504e-06
 +4   -1.1686900600687376e-07  +2.5280139723986414e-07
 +5   +2.3307734472993515e-08  -5.3757913741539586e-08
 +6   -4.9590677190700650e-09  +1.1980712919344715e-08
 +7   +1.0987249937281388e-09  -2.7497211529052918e-09
 +8   -2.5038638069900950e-10  +6.4419164291291300e-10
 +9   +5.8229929019571294e-11  -1.5318528134322857e-10
+10   -1.3750181086306029e-11  +3.6840588517813515e-11
+11   +3.2854740471327113e-12  -8.9385224829823345e-12
+12   -7.9241861773064366e-13  +2.1840923860028802e-12
+13   +1.9258242681279018e-13  -5.3675954545129794e-13
+14   -4.7096636499405715e-14  +1.3255089198301462e-13
+15   +1.1575375291842300e-14  -3.2869427988311592e-14
+16   -2.8548744312943844e-15  +8.1817056244997559e-15
+17   +7.0739827046473426e-16  -2.0428947510649621e-15
+18   -1.7729199939308047e-16  +5.1798562276393399e-16
+19   +4.1171311077410112e-17  -1.3643824428023503e-16
+20   -1.1713087942015373e-17  +3.6808158087067284e-17
+21   +2.1158957675306608e-18  -1.2474524593696512e-17
+22   +2.3117201354963581e-18  +9.4191698311297593e-18
+23   +2.8951283050164209e-19  -5.4912259028828695e-18
+24   +1.1359488665414365e-18  +3.6704962683968115e-18
+25   -1.6169515041734397e-19  -3.0461132565727956e-18
+26   -2.1436645075331333e-19  +2.7461819885559733e-18
+27   -1.2696667310156722e-18  -4.9366296631884683e-18
+28   +4.7609542656294006e-18  +1.8619661290706559e-18
+29   +2.3453673299261923e-19  -6.2003586541329384e-18
+30   -2.6168207656250724e-18  -3.8322452869692744e-19

