-30   -1.2635128360333338e-17  +1.4168026472122867e-17
-29   +7.4129654364650391e-18  -7.8473484605918665e-18
-28   -3.9493987544623279e-20  +1.4743117662742852e-17
-27   +4.8778044097889689e-18  -3.7506877053984098e-18
-26   +3.8106136487607679e-18  +1.5676738503213122e-18
-25   +7.8963718137351542e-19  +9.7006051178532112e-19
-24   -2.3634952805924918e-18  +9.8989216243342085e-18
-23   +7.2952365807858596e-18  -6.5862875916403537e-18
-22   -3.2396651686129506e-18  +4.4020544121628609e-18
-21   +5.4946975114317618e-18  -1.2326402325918803e-17
-20   -3.7733343940921584e-17  +1.7512105867530118e-17
-19   +1.2731323720121474e-16  -4.6500195205316045e-17
-18   -4.9284415110949537e-16  +1.7378981795723307e-16
-17   +1.9444533005043311e-15  -6.8281791442104630e-16
-16   -7.7325264238726555e-15  +2.6943023190810327e-15
-15   +3.0945716463395877e-14  -1.0822097751358689e-14
-14   -1.2441507214292604e-13  +4.3788922301010212e-14
-13   +5.0194328605579754e-13  -1.7809819724864026e-13
-12   -2.0339685501811675e-12  +7.2853713952171131e-13
-11   +8.2853961316826763e-12  -3.0002865748946629e-12
-10   -3.3969452596438426e-11  +1.2458216740612112e-11
 -9   +1.4040682655679869e-10  -5.2269533218257608e-11
 -8   -5.8646543661944342e-10  +2.2225847909570410e-10
 -7   +2.4841445736011758e-09  -9.6211016081749990e-10
 -6   -1.0730667704812706e-08  +4.2697835588793612e-09
 -5   +4.7700795077532435e-08  -1.9648871162427678e-08
 -4   -2.2230206520196066e-07  +9.5897329826768231e-08
 -3   +1.1164100057773636e-06  -5.1459538631319033e-07
 -2   -6.9369067541001965e-06  +3.5547876059787068e-06
 -1   +2.8874243430774002e-06  -2.0464981529151059e-06
 +0   -5.4765085838695338e-01  +0.0000000000000000e+00
 +1   +2.8874243430774002e-06  +2.0464981529151059e-06
 +2   -6.9369067541001965e-06  -3.5547876059787068e-06
 +3   +1.1164100057773636e-06  +5.1459538631319033e-07
 +4   -2.2230206520196066e-07  -9.5897329826768231e-08
 +5   +4.7700795077532435e-08  +1.9648871162427678e-08
 +6   -1.0730667704812706e-08  -4.2697835588793612e-09
 +7   +2.4841445736011758e-09  +9.6211016081749990e-10
 +8   -5.8646543661944342e-10  -2.2225847909570410e-10
 +9   +1.4040682655679869e-10  +5.2269533218257608e-11
+10   -3.3969452596438426e-11  -1.2458216740612112e-11
+11   +8.2853961316826763e-12  +3.0002865748946629e-12
+12   -2.0339685501811675e-12  -7.2853713952171131e-13
+13   +5.0194328605579754e-13  +1.7809819724864026e-13
+14   -1.2441507214292604e-13  -4.3788922301010212e-14
+15   +3.0945716463395877e-14  +1.0822097751358689e-14
+16   -7.7325264238726555e-15  -2.6943023190810327e-15
+17   +1.9444533005043311e-15  +6.8281791442104630e-16
+18   -4.9284415110949537e-16  -1.7378981795723307e-16
+19   +1.2731323720121474e-16  +4.6500195205316045e-17
+20   -3.7733343940921584e-17  -1.7512105867530118e-17
+21   +5.4946975114317618e-18  +1.2326402325918803e-17
+22   -3.2396651686129506e-18  -4.4020544121628609e-18
+23   +7.2952365807858596e-18  +6.5862875916403537e-18
+24   -2.3634952805924918e-18  -9.8989216243342085e-18
+25   +7.8963718137351542e-19  -9.7006051178532112e-19
+26   +3.8106136487607679e-18  -1.5676738503213122e-18
+27   +4.8778044097889689e-18  +3.7506877053984098e-18
+28   -3.9493987544623279e-20  -1.4743117662742852e-17
+29   +7.4129654364650391e-18  +7.8473484605918665e-18
+30   -1.2635128360333338e-17  -1.4168026472122867e-17

