-30   +4.5238864770504495e-16  -1.0564252687981347e-15
-29   -4.4272440747909871e-16  +1.0998054779801248e-15
-28   +4.4676311678626194e-16  -1.1484415966684297e-15
-27   -4.5269882151484738e-16  +1.1900650910246510e-15
-26   +4.3784036447413745e-16  -1.2064770861232866e-15
-25   -4.6068065408193759e-16  +1.2730005623575931e-15
-24   +4.0823068360998794e-16  -1.3035937376948280e-15
-23   -3.9041216630721216e-16  +1.2572224135974257e-15
-22   +2.3335289435439678e-16  -1.0713616400739313e-15
-21   +3.7075893271044366e-16  -1.2616211193850939e-16
-20   -2.7442810996872422e-15  +4.6897711774977216e-15
-19   +1.1428928819686764e-14  -2.2408240306577816e-14
-18   -4.4244330159907923e-14  +8.9499952751357138e-14
-17   +1.6789984883430053e-13  -3.4385664199000587e-13
-16   -6.3300036665842448e-13  +1.3066049332051267e-12
-15   +2.3799802262355351e-12  -4.9479854825724492e-12
-14   -8.9320533530152119e-12  +1.8712907400716711e-11
-13   +3.3464284213964261e-11  -7.0720996662140809e-11
-12   -1.2514310734220559e-10  +2.6714893764875104e-10
-11   +4.6700578512332949e-10  -1.0088596155939238e-09
-10   -1.7385499469657137e-09  +3.8095866224989500e-09
 -9   +6.4538222504424811e-09  -1.4389599992383395e-08
 -8   -2.3876106854348240e-08  +5.4400455831226459e-08
 -7   +8.7955526389908626e-08  -2.0604692387652264e-07
 -6   -3.2224248520165749e-07  +7.8332951484397865e-07
 -5   +1.1711884710832111e-06  -2.9974750088997540e-06
 -4   -4.2072942224882280e-06  +1.1637396031641206e-05
 -3   +1.4630264557766935e-05  -4.5908842722691714e-05
 -2   -4.8454142847851814e-05  +1.9920433455975726e-04
 -1   -4.0149713413267563e-06  -7.3813238951926042e-05
 +0   +1.2785934808227466e+00  +0.0000000000000000e+00
 +1   -4.0149713413267563e-06  +7.3813238951926042e-05
 +2   -4.8454142847851814e-05  -1.9920433455975726e-04
 +3   +1.4630264557766935e-05  +4.5908842722691714e-05
 +4   -4.2072942224882280e-06  -1.1637396031641206e-05
 +5   +1.1711884710832111e-06  +2.9974750088997540e-06
 +6   -3.2224248520165749e-07  -7.8332951484397865e-07
 +7   +8.7955526389908626e-08  +2.0604692387652264e-07
 +8   -2.3876106854348240e-08  -5.4400455831226459e-08
 +9   +6.4538222504424811e-09  +1.4389599992383395e-08
+10   -1.7385499469657137e-09  -3.8095866224989500e-09
+11   +4.6700578512332949e-10  +1.0088596155939238e-09
+12   -1.2514310734220559e-10  -2.6714893764875104e-10
+13   +3.3464284213964261e-11  +7.0720996662140809e-11
+14   -8.9320533530152119e-12  -1.8712907400716711e-11
+15   +2.3799802262355351e-12  +4.9479854825724492e-12
+16   -6.3300036665842448e-13  -1.3066049332051267e-12
+17   +1.6789984883430053e-13  +3.4385664199000587e-13
+18   -4.4244330159907923e-14  -8.9499952751357138e-14
+19   +1.1428928819686764e-14  +2.2408240306577816e-14
+20   -2.7442810996872422e-15  -4.6897711774977216e-15
+21   +3.7075893271044366e-16  +1.2616211193850939e-16
+22   +2.3335289435439678e-16  +1.0713616400739313e-15
+23   -3.9041216630721216e-16  -1.2572224135974257e-15
+24   +4.0823068360998794e-16  +1.3035937376948280e-15
+25   -4.6068065408193759e-16  -1.2730005623575931e-15
+26   +4.3784036447413745e-16  +1.2064770861232866e-15
+27   -4.5269882151484738e-16  -1.1900650910246510e-15
+28   +4.4676311678626194e-16  +1.1484415966684297e-15
+29   -4.4272440747909871e-16  -1.0998054779801248e-15
+30   +4.5238864770504495e-16  +1.0564252687981347e-15

