-30   -5.4856945916469382e-17  +1.2666078028549702e-16
-29   +5.1156283452562750e-17  -1.3603219191252295e-16
-28   -5.3961005179515052e-17  +1.3792343197531513e-16
-27   +5.5104118204648693e-17  -1.4826528629804272e-16
-26   -5.3719155344424836e-17  +1.5386681795689668e-16
-25   +4.7964881143456092e-17  -1.6035886404634321e-16
-24   -2.1894055921044700e-17  +1.8199769219036701e-16
-23   -5.8905481525030800e-17  -2.2730487896397638e-16
-22   +3.6517359724570790e-16  +3.8860008634923745e-16
-21   -1.5416761191510442e-15  -9.7621319899756482e-16
-20   +5.9748387432399883e-15  +3.1897913009959364e-15
-19   -2.2737395937874696e-14  -1.1484873747406631e-14
-18   +8.6036691960993726e-14  +4.2642752069731390e-14
-17   -3.2486221756551504e-13  -1.5963697871998938e-13
-16   +1.2251067884200546e-12  +5.9839577672778193e-13
-15   -4.6151362901803301e-12  -2.2411952922079189e-12
-14   +1.7366940284387756e-11  +8.3811444904016750e-12
-13   -6.5277337148228828e-11  -3.1281545678058606e-11
-12   +2.4505742442820927e-10  +1.1649287582498919e-10
-11   -9.1876656603791751e-10  -4.3270137563395343e-10
-10   +3.4398927409511684e-09  +1.6024260968501539e-09
 -9   -1.2860870466628659e-08  -5.9135576013855057e-09
 -8   +4.8017167871235454e-08  +2.1733275915701070e-08
 -7   -1.7905795183932468e-07  -7.9477342791244605e-08
 -6   +6.6726334787114721e-07  +2.8890690685038022e-07
 -5   -2.4870990784033983e-06  -1.0420548219517019e-06
 -4   +9.3089959142431700e-06  +3.7257549604054874e-06
 -3   -3.4940143291260606e-05  -1.3024577631827628e-05
 -2   +1.3980085663744369e-04  +4.5705531662596269e-05
 -1   -2.5819587102815021e-05  -3.2615508798535204e-06
 +0   -1.4759532599959246e-01  +0.0000000000000000e+00
 +1   -2.5819587102815021e-05  +3.2615508798535204e-06
 +2   +1.3980085663744369e-04  -4.5705531662596269e-05
 +3   -3.4940143291260606e-05  +1.3024577631827628e-05
 +4   +9.3089959142431700e-06  -3.7257549604054874e-06
 +5   -2.4870990784033983e-06  +1.0420548219517019e-06
 +6   +6.6726334787114721e-07  -2.8890690685038022e-07
 +7   -1.7905795183932468e-07  +7.9477342791244605e-08
 +8   +4.8017167871235454e-08  -2.1733275915701070e-08
 +9   -1.2860870466628659e-08  +5.9135576013855057e-09
+10   +3.4398927409511684e-09  -1.6024260968501539e-09
+11   -9.1876656603791751e-10  +4.3270137563395343e-10
+12   +2.4505742442820927e-10  -1.1649287582498919e-10
+13   -6.5277337148228828e-11  +3.1281545678058606e-11
+14   +1.7366940284387756e-11  -8.3811444904016750e-12
+15   -4.6151362901803301e-12  +2.2411952922079189e-12
+16   +1.2251067884200546e-12  -5.9839577672778193e-13
+17   -3.2486221756551504e-13  +1.5963697871998938e-13
+18   +8.6036691960993726e-14  -4.2642752069731390e-14
+19   -2.2737395937874696e-14  +1.1484873747406631e-14
+20   +5.9748387432399883e-15  -3.1897913009959364e-15
+21   -1.5416761191510442e-15  +9.7621319899756482e-16
+22   +3.6517359724570790e-16  -3.8860008634923745e-16
+23   -5.8905481525030800e-17  +2.2730487896397638e-16
+24   -2.1894055921044700e-17  -1.8199769219036701e-16
+25   +4.7964881143456092e-17  +1.6035886404634321e-16
+26   -5.3719155344424836e-17  -1.5386681795689668e-16
+27   +5.5104118204648693e-17  +1.4826528629804272e-16
+28   -5.3961005179515052e-17  -1.3792343197531513e-16
+29   +5.1156283452562750e-17  +1.3603219191252295e-16
+30   -5.4856945916469382e-17  -1.2666078028549702e-16

