-30   -1.5064655737995156e-16  +3.4952493548215233e-16
-29   +1.3425543691433159e-16  -3.6283649822249614e-16
-28   -1.4471950847627027e-16  +3.7300545645432212e-16
-27   +1.4232391967515531e-16  -3.9338087944922583e-16
-26   -1.4209757511267749e-16  +4.0697531500249484e-16
-25   +1.4997692541335092e-16  -4.1972816804871592e-16
-24   -1.4061987531487272e-16  +4.4130571366410626e-16
-23   +1.4505451797427480e-16  -4.6233580798877901e-16
-22   -1.4621486091009714e-16  +4.8801789677578297e-16
-21   +1.3465338305044590e-16  -5.0677191010300275e-16
-20   -1.1029639267576592e-16  +5.4974536587865562e-16
-19   +3.7113128621758794e-17  -6.1174446579221370e-16
-18   +2.7291666739112128e-16  +7.9870831613799292e-16
-17   -1.5197688099606272e-15  -1.4194072309771934e-15
-16   +6.5467966581041499e-15  +3.8070610156226414e-15
-15   -2.6844258761129566e-14  -1.3249605704137718e-14
-14   +1.0926174273251351e-13  +5.1033341221130816e-14
-13   -4.4546583438748742e-13  -2.0312607661873003e-13
-12   +1.8250778848814230e-12  +8.1806065421669436e-13
-11   -7.5273828606018368e-12  -3.3160209207346678e-12
-10   +3.1307010115765296e-11  +1.3517326798068619e-11
 -9   -1.3159048747869240e-10  -5.5442382050128673e-11
 -8   +5.6067928925965196e-10  +2.2906517623758051e-10
 -7   -2.4323450500545826e-09  -9.5475527491629745e-10
 -6   +1.0817734954381662e-08  +4.0219720721168332e-09
 -5   -4.9846379055555621e-08  -1.7146021705072320e-08
 -4   +2.4298526730500525e-07  +7.3948822889061450e-08
 -3   -1.2855877033843334e-06  -3.1437795540348540e-07
 -2   +8.4181418123178495e-06  +1.1479042545297380e-06
 -1   -5.8507570999303118e-06  +1.5529754011964973e-06
 +0   -4.1677112699311553e-01  +0.0000000000000000e+00
 +1   -5.8507570999303118e-06  -1.5529754011964973e-06
 +2   +8.4181418123178495e-06  -1.1479042545297380e-06
 +3   -1.2855877033843334e-06  +3.1437795540348540e-07
 +4   +2.4298526730500525e-07  -7.3948822889061450e-08
 +5   -4.9846379055555621e-08  +1.7146021705072320e-08
 +6   +1.0817734954381662e-08  -4.0219720721168332e-09
 +7   -2.4323450500545826e-09  +9.5475527491629745e-10
 +8   +5.6067928925965196e-10  -2.2906517623758051e-10
 +9   -1.3159048747869240e-10  +5.5442382050128673e-11
+10   +3.1307010115765296e-11  -1.3517326798068619e-11
+11   -7.5273828606018368e-12  +3.3160209207346678e-12
+12   +1.8250778848814230e-12  -8.1806065421669436e-13
+13   -4.4546583438748742e-13  +2.0312607661873003e-13
+14   +1.0926174273251351e-13  -5.1033341221130816e-14
+15   -2.6844258761129566e-14  +1.3249605704137718e-14
+16   +6.5467966581041499e-15  -3.8070610156226414e-15
+17   -1.5197688099606272e-15  +1.4194072309771934e-15
+18   +2.7291666739112128e-16  -7.9870831613799292e-16
+19   +3.7113128621758794e-17  +6.1174446579221370e-16
+20   -1.1029639267576592e-16  -5.4974536587865562e-16
+21   +1.3465338305044590e-16  +5.0677191010300275e-16
+22   -1.4621486091009714e-16  -4.8801789677578297e-16
+23   +1.4505451797427480e-16  +4.6233580798877901e-16
+24   -1.4061987531487272e-16  -4.4130571366410626e-16
+25   +1.4997692541335092e-16  +4.1972816804871592e-16
+26   -1.4209757511267749e-16  -4.0697531500249484e-16
+27   +1.4232391967515531e-16  +3.9338087944922583e-16
+28   -1.4471950847627027e-16  -3.7300545645432212e-16
+29   +1.3425543691433159e-16  +3.6283649822249614e-16
+30   -1.5064655737995156e-16  -3.4952493548215233e-16

