-30   -7.9565983431015046e-17  +1.8392134041511293e-16
-29   +7.9099158603710549e-17  -1.9095024623400450e-16
-28   -7.6321677064395576e-17  +2.0227484947685540e-16
-27   +7.6995174613539471e-17  -2.0398276222087999e-16
-26   -7.4817795724654632e-17  +2.1388986464963094e-16
-25   +7.7274465978617889e-17  -2.2472634552243519e-16
-24   -7.7334499115966781e-17  +2.3487821149412702e-16
-23   +7.9156469012912557e-17  -2.4358998308506454e-16
-22   -7.5393674435417422e-17  +2.6233380453578678e-16
-21   +7.6430080060335400e-17  -2.7991117380445786e-16
-20   -8.6471664657525996e-17  +3.0890528346483219e-16
-19   +1.1926211110118909e-16  -4.0075025983427315e-16
-18   -2.6522361702646123e-16  +7.0861457529280915e-16
-17   +8.2016765883634280e-16  -1.8986716174186608e-15
-16   -3.0332120152230448e-15  +6.6259725653266699e-15
-15   +1.1876231717819371e-14  -2.5573273205638405e-14
-14   -4.7281024488821068e-14  +1.0203401537656972e-13
-13   +1.8939915160778993e-13  -4.1218886002921109e-13
-12   -7.6185997203203550e-13  +1.6769033552987461e-12
-11   +3.0770332231307565e-12  -6.8662507048621500e-12
-10   -1.2485216140381922e-11  +2.8321682533783253e-11
 -9   +5.0940253957874960e-11  -1.1787855606339316e-10
 -8   -2.0925558821107271e-10  +4.9631075534077760e-10
 -7   +8.6693420515793384e-10  -2.1216345101189013e-09
 -6   -3.6311596506484823e-09  +9.2613360739046791e-09
 -5   +1.5421315357189854e-08  -4.1655192636512596e-08
 -4   -6.6741860091444338e-08  +1.9649199115013675e-07
 -3   +2.9147800643920631e-07  -9.9620913244494829e-07
 -2   -1.2671250529928560e-06  +6.1217231315647867e-06
 -1   -3.7077955778356924e-07  -2.4846685890164460e-06
 +0   -2.2277702747948239e-01  +0.0000000000000000e+00
 +1   -3.7077955778356924e-07  +2.4846685890164460e-06
 +2   -1.2671250529928560e-06  -6.1217231315647867e-06
 +3   +2.9147800643920631e-07  +9.9620913244494829e-07
 +4   -6.6741860091444338e-08  -1.9649199115013675e-07
 +5   +1.5421315357189854e-08  +4.1655192636512596e-08
 +6   -3.6311596506484823e-09  -9.2613360739046791e-09
 +7   +8.6693420515793384e-10  +2.1216345101189013e-09
 +8   -2.0925558821107271e-10  -4.9631075534077760e-10
 +9   +5.0940253957874960e-11  +1.1787855606339316e-10
+10   -1.2485216140381922e-11  -2.8321682533783253e-11
+11   +3.0770332231307565e-12  +6.8662507048621500e-12
+12   -7.6185997203203550e-13  -1.6769033552987461e-12
+13   +1.8939915160778993e-13  +4.1218886002921109e-13
+14   -4.7281024488821068e-14  -1.0203401537656972e-13
+15   +1.1876231717819371e-14  +2.5573273205638405e-14
+16   -3.0332120152230448e-15  -6.6259725653266699e-15
+17   +8.2016765883634280e-16  +1.8986716174186608e-15
+18   -2.6522361702646123e-16  -7.0861457529280915e-16
+19   +1.1926211110118909e-16  +4.0075025983427315e-16
+20   -8.6471664657525996e-17  -3.0890528346483219e-16
+21   +7.6430080060335400e-17  +2.7991117380445786e-16
+22   -7.5393674435417422e-17  -2.6233380453578678e-16
+23   +7.9156469012912557e-17  +2.4358998308506454e-16
+24   -7.7334499115966781e-17  -2.3487821149412702e-16
+25   +7.7274465978617889e-17  +2.2472634552243519e-16
+26   -7.4817795724654632e-17  -2.1388986464963094e-16
+27   +7.6995174613539471e-17  +2.0398276222087999e-16
+28   -7.6321677064395576e-17  -2.0227484947685540e-16
+29   +7.9099158603710549e-17  +1.9095024623400450e-16
+30   -7.9565983431015046e-17  -1.8392134041511293e-16

