-30   +1.2635128370483283e-17  -1.2635128362490035e-17
-29   +2.3091191801855431e-18  +1.0302565581129369e-17
-28   -8.5086008213881236e-18  -1.6058733050924777e-17
-27   -1.5361314120394561e-18  +1.7665670805050358e-17
-26   +7.9956743965799785e-18  -2.3994733680465077e-17
-25   +3.6284530459182600e-18  +1.3101661191099178e-17
-24   +1.1552722899112446e-17  -1.3782926134179427e-17
-23   -1.1867504228493945e-17  +8.5883981203874903e-18
-22   +6.3121119875791108e-18  +3.1459386189232686e-17
-21   -1.0820113268038924e-17  -1.5962890027129789e-16
-20   +2.0221238073391519e-17  +6.9400316459825726e-16
-19   +2.8556640801336164e-17  -2.8913935035064808e-15
-18   -1.1302765595408221e-16  +1.1520090334464275e-14
-17   +4.3962928134760723e-16  -4.5792285629754115e-14
-16   -1.8630081216287617e-15  +1.8249541954597223e-13
-15   +7.9250569876775848e-15  -7.2843618397088803e-13
-14   -3.4054044215633167e-14  +2.9145138239488268e-12
-13   +1.4720373305260117e-13  -1.1694551687872200e-11
-12   -6.4193608434954133e-13  +4.7083289656784462e-11
-11   +2.8300955594135994e-12  -1.9032268892706399e-10
-10   -1.2642074275557851e-11  +7.7305427052839184e-10
 -9   +5.7382752663020079e-11  -3.1586227352943041e-09
 -8   -2.6569855330697537e-10  +1.3002119510987689e-08
 -7   +1.2618605413610706e-09  -5.4034520463930215e-08
 -6   -6.1982540481587053e-09  +2.2748415015440605e-07
 -5   +3.1868966344463446e-08  -9.7438205009930428e-07
 -4   -1.7577991482963575e-07  +4.2958656845568448e-06
 -3   +1.0660876173327164e-06  -1.9498475283923030e-05
 -2   -8.3161866318378575e-06  +1.0067632425514381e-04
 -1   +1.2984350837345672e-05  -7.5423299470930448e-05
 +0   +1.0040418042537849e+00  +0.0000000000000000e+00
 +1   +1.2984350837345672e-05  +7.5423299470930448e-05
 +2   -8.3161866318378575e-06  -1.0067632425514381e-04
 +3   +1.0660876173327164e-06  +1.9498475283923030e-05
 +4   -1.7577991482963575e-07  -4.2958656845568448e-06
 +5   +3.1868966344463446e-08  +9.7438205009930428e-07
 +6   -6.1982540481587053e-09  -2.2748415015440605e-07
 +7   +1.2618605413610706e-09  +5.4034520463930215e-08
 +8   -2.6569855330697537e-10  -1.3002119510987689e-08
 +9   +5.7382752663020079e-11  +3.1586227352943041e-09
+10   -1.2642074275557851e-11  -7.7305427052839184e-10
+11   +2.8300955594135994e-12  +1.9032268892706399e-10
+12   -6.4193608434954133e-13  -4.7083289656784462e-11
+13   +1.4720373305260117e-13  +1.1694551687872200e-11
+14   -3.4054044215633167e-14  -2.9145138239488268e-12
+15   +7.9250569876775848e-15  +7.2843618397088803e-13
+16   -1.8630081216287617e-15  -1.8249541954597223e-13
+17   +4.3962928134760723e-16  +4.5792285629754115e-14
+18   -1.1302765595408221e-16  -1.1520090334464275e-14
+19   +2.8556640801336164e-17  +2.8913935035064808e-15
+20   +2.0221238073391519e-17  -6.9400316459825726e-16
+21   -1.0820113268038924e-17  +1.5962890027129789e-16
+22   +6.3121119875791108e-18  -3.1459386189232686e-17
+23   -1.1867504228493945e-17  -8.5883981203874903e-18
+24   +1.1552722899112446e-17  +1.3782926134179427e-17
+25   +3.6284530459182600e-18  -1.3101661191099178e-17
+26   +7.9956743965799785e-18  +2.3994733680465077e-17
+27   -1.5361314120394561e-18  -1.7665670805050358e-17
+28   -8.5086008213881236e-18  +1.6058733050924777e-17
+29   +2.3091191801855431e-18  -1.0302565581129369e-17
+30   +1.2635128370483283e-17  +1.2635128362490035e-17

