-30   -2.1678453017089206e-18  +5.2336415291353251e-18
-29   -7.4715094879779840e-19  +7.1646655385796720e-19
-28   +3.1727951784426859e-18  +1.7096274155824078e-18
-27   -3.4158142067496003e-18  -2.7458257782082845e-18
-26   +3.5119778593368078e-18  +1.6058113605671078e-18
-25   +6.1163656683485663e-18  -4.6077021154173604e-18
-24   +3.7781364570766251e-18  +5.5773885358711912e-18
-23   -3.5851441022296892e-18  -3.7281134574188072e-19
-22   -4.5050610410206043e-18  +2.9840765417873262e-18
-21   +4.5859135165164000e-18  +1.1784570789742524e-18
-20   -9.9161120955583043e-19  +3.7007434154171884e-18
-19   -1.0564130811479892e-17  -2.7470359162956444e-18
-18   +5.5449311775904502e-17  +4.7792706785078377e-18
-17   -2.1603238823174375e-16  -4.1539790926598961e-18
-16   +9.1022248402033511e-16  +2.2363746376395542e-17
-15   -3.9346453214198354e-15  -8.6214138183043702e-17
-14   +1.6837942702176103e-14  +3.9415810893767871e-16
-13   -7.2749029332376291e-14  -1.8293361110560309e-15
-12   +3.1734704574284679e-13  +8.6373979136453214e-15
-11   -1.3995303782251243e-12  -4.1543403056356941e-14
-10   +6.2536286052178289e-12  +2.0415357661302952e-13
 -9   -2.8394342688303742e-11  -1.0298012116452898e-12
 -8   +1.3151535358146969e-10  +5.3651442625038390e-12
 -7   -6.2479296261699775e-10  -2.9124860518047042e-11
 -6   +3.0699626705033863e-09  +1.6693140800606103e-10
 -5   -1.5789746005419505e-08  -1.0301241265540898e-09
 -4   +8.7121847115625243e-08  +7.1035658758938708e-09
 -3   -5.2861932487098409e-07  -5.7455911668468936e-08
 -2   +4.1246730847316144e-06  +6.7239248603315411e-07
 -1   -6.4404075848967188e-06  -2.0996881195541618e-06
 +0   +4.9798723377164389e-01  +0.0000000000000000e+00
 +1   -6.4404075848967188e-06  +2.0996881195541618e-06
 +2   +4.1246730847316144e-06  -6.7239248603315411e-07
 +3   -5.2861932487098409e-07  +5.7455911668468936e-08
 +4   +8.7121847115625243e-08  -7.1035658758938708e-09
 +5   -1.5789746005419505e-08  +1.0301241265540898e-09
 +6   +3.0699626705033863e-09  -1.6693140800606103e-10
 +7   -6.2479296261699775e-10  +2.9124860518047042e-11
 +8   +1.3151535358146969e-10  -5.3651442625038390e-12
 +9   -2.8394342688303742e-11  +1.0298012116452898e-12
+10   +6.2536286052178289e-12  -2.0415357661302952e-13
+11   -1.3995303782251243e-12  +4.1543403056356941e-14
+12   +3.1734704574284679e-13  -8.6373979136453214e-15
+13   -7.2749029332376291e-14  +1.8293361110560309e-15
+14   +1.6837942702176103e-14  -3.9415810893767871e-16
+15   -3.9346453214198354e-15  +8.6214138183043702e-17
+16   +9.1022248402033511e-16  -2.2363746376395542e-17
+17   -2.1603238823174375e-16  +4.1539790926598961e-18
+18   +5.5449311775904502e-17  -4.7792706785078377e-18
+19   -1.0564130811479892e-17  +2.7470359162956444e-18
+20   -9.9161120955583043e-19  -3.7007434154171884e-18
+21   +4.5859135165164000e-18  -1.1784570789742524e-18
+22   -4.5050610410206043e-18  -2.9840765417873262e-18
+23   -3.5851441022296892e-18  +3.7281134574188072e-19
+24   +3.7781364570766251e-18  -5.5773885358711912e-18
+25   +6.1163656683485663e-18  +4.6077021154173604e-18
+26   +3.5119778593368078e-18  -1.6058113605671078e-18
+27   -3.4158142067496003e-18  +2.7458257782082845e-18
+28   +3.1727951784426859e-18  -1.7096274155824078e-18
+29   -7.4715094879779840e-19  -7.1646655385796720e-19
+30   -2.1678453017089206e-18  -5.2336415291353251e-18

