-30   +1.7345405735846681e-16  -2.1678453016926457e-18
-29   -3.0202578025384796e-17  +1.5276004426339502e-18
-28   -6.4851278568831893e-17  +3.4750831504486798e-18
-27   +1.7997168571621162e-17  +3.0238343255435315e-18
-26   +3.1441009552366410e-17  +1.7845352351318486e-19
-25   -5.4743834862668656e-17  -5.4407376531617860e-18
-24   -7.2815238165753750e-17  +2.6743534673358951e-18
-23   +1.4009917945885481e-17  -3.8910080254554801e-18
-22   +2.1764876888440518e-16  -3.7891491036588807e-18
-21   -2.6437406006557161e-17  -1.7623783352995984e-18
-20   -2.5639502485114185e-17  -1.4802973661668751e-17
-19   +2.2828492940712240e-16  -3.7521988551147921e-18
-18   -8.2175627177954682e-17  +2.1780803233928576e-18
-17   -2.6130609297561219e-16  +7.2008029787484276e-19
-16   +7.7609754158588739e-16  +2.7644580487567996e-18
-15   -3.8361164770703966e-15  -5.1169555127848006e-18
-14   +1.6538295717406180e-14  +1.9379558507802032e-18
-13   -7.2209241120525482e-14  +2.0391407926002703e-18
-12   +3.1625655515401708e-13  +7.0289479522689096e-20
-11   -1.4027329264474708e-12  -3.0377088146402794e-19
-10   +6.2910734488676004e-12  +9.5432485132190011e-18
 -9   -2.9007295138404184e-11  +4.8883534608240370e-19
 -8   +1.3407983843839698e-10  +3.2786877457675697e-18
 -7   -6.8944213071095442e-10  +2.9972625952669213e-18
 -6   +3.1955022007222137e-09  -3.6480561325142797e-19
 -5   -2.5843843768500442e-08  +2.5084172666331758e-18
 -4   +9.3673762746006473e-08  +3.4155994793098821e-18
 -3   -2.9488677976298827e-06  -4.4885687596584133e-20
 -2   +4.5317728904423410e-06  +1.5799493806897651e-18
 -1   -1.5488189680208614e-03  +1.0065010167907099e-18
 +0   +1.0002005511105865e+00  +0.0000000000000000e+00
 +1   -1.5488189680208614e-03  -1.0065010167907099e-18
 +2   +4.5317728904423410e-06  -1.5799493806897651e-18
 +3   -2.9488677976298827e-06  +4.4885687596584133e-20
 +4   +9.3673762746006473e-08  -3.4155994793098821e-18
 +5   -2.5843843768500442e-08  -2.5084172666331758e-18
 +6   +3.1955022007222137e-09  +3.6480561325142797e-19
 +7   -6.8944213071095442e-10  -2.9972625952669213e-18
 +8   +1.3407983843839698e-10  -3.2786877457675697e-18
 +9   -2.9007295138404184e-11  -4.8883534608240370e-19
+10   +6.2910734488676004e-12  -9.5432485132190011e-18
+11   -1.4027329264474708e-12  +3.0377088146402794e-19
+12   +3.1625655515401708e-13  -7.0289479522689096e-20
+13   -7.2209241120525482e-14  -2.0391407926002703e-18
+14   +1.6538295717406180e-14  -1.9379558507802032e-18
+15   -3.8361164770703966e-15  +5.1169555127848006e-18
+16   +7.7609754158588739e-16  -2.7644580487567996e-18
+17   -2.6130609297561219e-16  -7.2008029787484276e-19
+18   -8.2175627177954682e-17  -2.1780803233928576e-18
+19   +2.2828492940712240e-16  +3.7521988551147921e-18
+20   -2.5639502485114185e-17  +1.4802973661668751e-17
+21   -2.6437406006557161e-17  +1.7623783352995984e-18
+22   +2.1764876888440518e-16  +3.7891491036588807e-18
+23   +1.4009917945885481e-17  +3.8910080254554801e-18
+24   -7.2815238165753750e-17  -2.6743534673358951e-18
+25   -5.4743834862668656e-17  +5.4407376531617860e-18
+26   +3.1441009552366410e-17  -1.7845352351318486e-19
+27   +1.7997168571621162e-17  -3.0238343255435315e-18
+28   -6.4851278568831893e-17  -3.4750831504486798e-18
+29   -3.0202578025384796e-17  -1.5276004426339502e-18
+30   +1.7345405735846681e-16  +2.1678453016926457e-18

