-30   +4.7163741643338451e-20  -1.8800290014322675e-19
-29   -9.1843799228324902e-20  +2.3009977316188376e-19
-28   +6.2366347415707314e-20  -2.1776668510966801e-19
-27   -7.9741227634008323e-20  +2.0584313715871403e-19
-26   +6.1028735055319055e-20  -2.0576050070916212e-19
-25   -1.1000505304630341e-19  +2.2357404582800515e-19
-24   +5.7164324498353273e-20  -2.4406316016509413e-19
-23   -8.6198676858914789e-20  +2.7092243672341128e-19
-22   +7.3172244887669149e-20  -4.5367429981831346e-19
-21   -8.6168706495700622e-20  +9.1576436143215791e-19
-20   +8.9062221605875751e-20  -3.0331809878329443e-18
-19   -1.1237818892091337e-19  +1.1769087240076331e-17
-18   +1.3715239342265251e-19  -4.8265882453325776e-17
-17   -1.1306002861947868e-19  +2.0192109235794019e-16
-16   +5.0933041305239689e-20  -8.5166374446871365e-16
-15   -5.6639382776194979e-20  +3.6182628055301674e-15
-14   -1.8000656343124380e-20  -1.5481608215407193e-14
-13   -3.3809896166882693e-20  +6.6748890014609783e-14
-12   +6.2505833131514871e-20  -2.9049412946073318e-13
-11   -8.7359963864936909e-21  +1.2757859137997370e-12
-10   +6.5827524771155103e-20  -5.6892758064509689e-12
 -9   -1.9220938148422172e-20  +2.5457399923861217e-11
 -8   +7.0021085655003174e-20  -1.1857428964398003e-10
 -7   -3.4486960206962410e-20  +5.1322398294609915e-10
 -6   +5.0502383171049001e-20  -2.7287798162239091e-09
 -5   -4.1709589771251359e-20  +4.7378407649009388e-09
 -4   +1.2796442852344149e-19  -7.5869088693018817e-08
 -3   -5.9825701291256684e-20  -1.9131026541229753e-06
 -2   +7.4852537322177070e-20  -3.6610570246579603e-06
 -1   -1.5763589070049736e-19  -1.5717674346894745e-03
 +0   +1.0260392434407092e-19  +0.0000000000000000e+00
 +1   -1.5763589070049736e-19  +1.5717674346894745e-03
 +2   +7.4852537322177070e-20  +3.6610570246579603e-06
 +3   -5.9825701291256684e-20  +1.9131026541229753e-06
 +4   +1.2796442852344149e-19  +7.5869088693018817e-08
 +5   -4.1709589771251359e-20  -4.7378407649009388e-09
 +6   +5.0502383171049001e-20  +2.7287798162239091e-09
 +7   -3.4486960206962410e-20  -5.1322398294609915e-10
 +8   +7.0021085655003174e-20  +1.1857428964398003e-10
 +9   -1.9220938148422172e-20  -2.5457399923861217e-11
+10   +6.5827524771155103e-20  +5.6892758064509689e-12
+11   -8.7359963864936909e-21  -1.2757859137997370e-12
+12   +6.2505833131514871e-20  +2.9049412946073318e-13
+13   -3.3809896166882693e-20  -6.6748890014609783e-14
+14   -1.8000656343124380e-20  +1.5481608215407193e-14
+15   -5.6639382776194979e-20  -3.6182628055301674e-15
+16   +5.0933041305239689e-20  +8.5166374446871365e-16
+17   -1.1306002861947868e-19  -2.0192109235794019e-16
+18   +1.3715239342265251e-19  +4.8265882453325776e-17
+19   -1.1237818892091337e-19  -1.1769087240076331e-17
+20   +8.9062221605875751e-20  +3.0331809878329443e-18
+21   -8.6168706495700622e-20  -9.1576436143215791e-19
+22   +7.3172244887669149e-20  +4.5367429981831346e-19
+23   -8.6198676858914789e-20  -2.7092243672341128e-19
+24   +5.7164324498353273e-20  +2.4406316016509413e-19
+25   -1.1000505304630341e-19  -2.2357404582800515e-19
+26   +6.1028735055319055e-20  +2.0576050070916212e-19
+27   -7.9741227634008323e-20  -2.0584313715871403e-19
+28   +6.2366347415707314e-20  +2.1776668510966801e-19
+29   -9.1843799228324902e-20  -2.3009977316188376e-19
+30   +4.7163741643338451e-20  +1.8800290014322675e-19

