-30   -1.7345405735849364e-16  +1.5700924586782428e-17
-29   +3.1158294758731036e-17  -1.2649282568007377e-18
-28   +6.8775924334860809e-17  -2.0741089110636781e-18
-27   -5.2760991654147569e-18  -8.7099734468101969e-19
-26   -3.6823695319840831e-17  -1.4284891188131331e-18
-25   +3.7750360713317459e-17  +9.5770160591706375e-18
-24   +8.3297327197592113e-17  -1.8605447963427597e-18
-23   -8.1939817761551892e-18  -5.7304919459948999e-19
-22   -2.1336914402383979e-16  +1.5070359437200105e-18
-21   +1.9373034161296527e-17  -1.9155319742373452e-18
-20   +6.2646936639286071e-17  +1.2819751242557089e-17
-19   -2.2284293165931039e-16  -3.9411633457610566e-19
-18   +9.2697993090765642e-17  -5.5901468180880376e-18
-17   +2.5766077236623837e-16  -6.4836913284349257e-18
-16   -7.6709057504350736e-16  -7.1816515521947473e-19
-15   +3.8028349084264759e-15  +8.2542950316985822e-18
-14   -1.6385717759815411e-14  -2.7200820652502594e-18
-13   +7.1522829012535059e-14  +3.5642636477850684e-18
-12   -3.1320461302748012e-13  +2.3476161328010033e-19
-11   +1.3890853792753897e-12  +1.4278626617384841e-18
-10   -6.2269031046069047e-12  -9.7278713960048194e-18
 -9   +2.8716432773162197e-11  -7.3804683539230446e-19
 -8   -1.3239147373816855e-10  +3.0959656982625518e-18
 -7   +6.8262901911197997e-10  +2.9975860952647331e-18
 -6   -3.1074797031557437e-09  -7.8979688787221424e-19
 -5   +2.5675127080529921e-08  -4.5711937355221170e-18
 -4   -8.1384922698943562e-08  -7.2620413849146777e-19
 -3   +2.9484657301230745e-06  +3.9060783190474186e-18
 -2   -8.9196958873573134e-07  +4.9248383730976609e-18
 -1   +1.5481835258353638e-03  -9.6313292989128972e-19
 +0   +9.9980181483188491e-01  +0.0000000000000000e+00
 +1   +1.5481835258353638e-03  +9.6313292989128972e-19
 +2   -8.9196958873573134e-07  -4.9248383730976609e-18
 +3   +2.9484657301230745e-06  -3.9060783190474186e-18
 +4   -8.1384922698943562e-08  +7.2620413849146777e-19
 +5   +2.5675127080529921e-08  +4.5711937355221170e-18
 +6   -3.1074797031557437e-09  +7.8979688787221424e-19
 +7   +6.8262901911197997e-10  -2.9975860952647331e-18
 +8   -1.3239147373816855e-10  -3.0959656982625518e-18
 +9   +2.8716432773162197e-11  +7.3804683539230446e-19
+10   -6.2269031046069047e-12  +9.7278713960048194e-18
+11   +1.3890853792753897e-12  -1.4278626617384841e-18
+12   -3.1320461302748012e-13  -2.3476161328010033e-19
+13   +7.1522829012535059e-14  -3.5642636477850684e-18
+14   -1.6385717759815411e-14  +2.7200820652502594e-18
+15   +3.8028349084264759e-15  -8.2542950316985822e-18
+16   -7.6709057504350736e-16  +7.1816515521947473e-19
+17   +2.5766077236623837e-16  +6.4836913284349257e-18
+18   +9.2697993090765642e-17  +5.5901468180880376e-18
+19   -2.2284293165931039e-16  +3.9411633457610566e-19
+20   +6.2646936639286071e-17  -1.2819751242557089e-17
+21   +1.9373034161296527e-17  +1.9155319742373452e-18
+22   -2.1336914402383979e-16  -1.5070359437200105e-18
+23   -8.1939817761551892e-18  +5.7304919459948999e-19
+24   +8.3297327197592113e-17  +1.8605447963427597e-18
+25   +3.7750360713317459e-17  -9.5770160591706375e-18
+26   -3.6823695319840831e-17  +1.4284891188131331e-18
+27   -5.2760991654147569e-18  +8.7099734468101969e-19
+28   +6.8775924334860809e-17  +2.0741089110636781e-18
+29   +3.1158294758731036e-17  +1.2649282568007377e-18
+30   -1.7345405735849364e-16  -1.5700924586782428e-17

