-30   +6.8409283327847377e-17  -7.4014868308343768e-18
-29   +5.3231165259149612e-17  +2.1906297640131008e-18
-28   -1.9022312119375009e-16  -1.2887617275998131e-18
-27   -9.3085496962024741e-17  -1.0727345873782477e-18
-26   +3.2278306587743790e-17  -2.7497295386406281e-18
-25   -5.2126359711055249e-17  +3.3384953422333771e-18
-24   +5.3884598625170574e-17  +3.1352112217489390e-19
-23   -3.2171515248078924e-17  +1.3819456587116403e-18
-22   +5.9335980343827826e-17  +1.6572372472608587e-18
-21   +8.5743544167452820e-18  +2.5232002409943204e-19
-20   -6.0663714220174405e-17  +5.4182644117227202e-18
-19   +6.7650016738346867e-17  -3.7212889049829354e-18
-18   -2.1676506677884705e-17  +1.4656108281287171e-18
-17   -6.4377766198947344e-17  -5.0535130646924669e-19
-16   -8.9870061308366042e-18  -3.9654770347289282e-19
-15   +6.4655590283637741e-17  +5.3986590325494244e-18
-14   -1.8479086134978406e-16  -1.0100782467705675e-18
-13   +1.4491266067783740e-17  +1.0083601818504261e-18
-12   -9.3955477197286451e-17  +1.6582213909817264e-18
-11   -1.7602536235930793e-15  -3.6981989500171912e-18
-10   +3.2952611310559206e-16  +1.3811362452112915e-17
 -9   -2.7369973448073526e-13  -5.1136967299616870e-18
 -8   +2.8062754721179279e-14  -3.3483402532159969e-18
 -7   -4.6872369263306465e-11  -1.8042948596196830e-18
 -6   +1.8813139252079002e-12  -3.0540114028994411e-18
 -5   -9.1735676353915026e-09  +2.3017557307365332e-18
 -4   -2.3738564611131496e-10  +5.8115473865382417e-20
 -3   -2.3641413016862557e-06  +5.3661654790928060e-19
 -2   -2.6239482567756668e-07  -4.3964362801247735e-19
 -1   -1.5458643851996301e-03  -1.3263406576739337e-18
 +0   +1.0000013997147683e+00  +0.0000000000000000e+00
 +1   -1.5458643851996301e-03  +1.3263406576739337e-18
 +2   -2.6239482567756668e-07  +4.3964362801247735e-19
 +3   -2.3641413016862557e-06  -5.3661654790928060e-19
 +4   -2.3738564611131496e-10  -5.8115473865382417e-20
 +5   -9.1735676353915026e-09  -2.3017557307365332e-18
 +6   +1.8813139252079002e-12  +3.0540114028994411e-18
 +7   -4.6872369263306465e-11  +1.8042948596196830e-18
 +8   +2.8062754721179279e-14  +3.3483402532159969e-18
 +9   -2.7369973448073526e-13  +5.1136967299616870e-18
+10   +3.2952611310559206e-16  -1.3811362452112915e-17
+11   -1.7602536235930793e-15  +3.6981989500171912e-18
+12   -9.3955477197286451e-17  -1.6582213909817264e-18
+13   +1.4491266067783740e-17  -1.0083601818504261e-18
+14   -1.8479086134978406e-16  +1.0100782467705675e-18
+15   +6.4655590283637741e-17  -5.3986590325494244e-18
+16   -8.9870061308366042e-18  +3.9654770347289282e-19
+17   -6.4377766198947344e-17  +5.0535130646924669e-19
+18   -2.1676506677884705e-17  -1.4656108281287171e-18
+19   +6.7650016738346867e-17  +3.7212889049829354e-18
+20   -6.0663714220174405e-17  -5.4182644117227202e-18
+21   +8.5743544167452820e-18  -2.5232002409943204e-19
+22   +5.9335980343827826e-17  -1.6572372472608587e-18
+23   -3.2171515248078924e-17  -1.3819456587116403e-18
+24   +5.3884598625170574e-17  -3.1352112217489390e-19
+25   -5.2126359711055249e-17  -3.3384953422333771e-18
+26   +3.2278306587743790e-17  +2.7497295386406281e-18
+27   -9.3085496962024741e-17  +1.0727345873782477e-18
+28   -1.9022312119375009e-16  +1.2887617275998131e-18
+29   +5.3231165259149612e-17  -2.1906297640131008e-18
+30   +6.8409283327847377e-17  +7.4014868308343768e-18

