-30   -3.7421343175701214e-20  +2.4744545804766486e-21
-29   -2.8518120423941931e-20  +4.8944616661499039e-20
-28   -2.1546420575697842e-20  -8.5053911899818326e-21
-27   +2.8446695712593284e-21  +2.2067519119423925e-21
-26   -5.7387516034082067e-21  +3.3443804311891185e-20
-25   -2.9876144546848263e-20  -2.4662726735898129e-21
-24   -1.9415835742891788e-20  -9.9409832094339245e-21
-23   -1.4655502950875531e-21  -1.0793835072662797e-20
-22   -1.4524269394282117e-20  -1.4121950012171976e-20
-21   -6.4154742528292879e-21  -1.9310540313192957e-20
-20   -1.4327492478997419e-21  +8.0187241095150032e-21
-19   -6.6659543069179775e-20  -1.6872642573579521e-20
-18   +5.5265037278216069e-20  -3.8546404535966996e-20
-17   -3.7998653918660337e-20  +1.0090317958026853e-19
-16   -5.4359474787879280e-21  -8.9110881708173857e-20
-15   +2.2911829986302596e-20  -4.0710304676263111e-20
-14   -4.5752737121380841e-20  -1.0365111852006828e-20
-13   +6.2757135789288988e-20  -1.1483698026931914e-17
-12   -2.5608131281870725e-20  +2.5203950175268567e-18
-11   +4.9836046128533055e-20  -1.7265978038308966e-15
-10   -2.7503797800324824e-20  +2.8028653495634700e-16
 -9   +5.2422845503620808e-20  -2.7339915842337515e-13
 -8   -1.1618024489675427e-20  +2.7933323680096448e-14
 -7   +4.8665785691438198e-20  -4.6833991661922429e-11
 -6   -1.7163661753072513e-20  +1.9022569124537617e-12
 -5   +3.4771088502408218e-20  -9.1659364805824484e-09
 -4   +1.6234549798999390e-20  -2.2301090655248867e-10
 -3   +1.8350528186453915e-20  -2.3636587250816447e-06
 -2   +1.7282472579525442e-20  -2.3941763077383505e-07
 -1   -8.3376188755982487e-20  -1.5729874190781100e-03
 +0   +2.4225142291472991e-20  +0.0000000000000000e+00
 +1   -8.3376188755982487e-20  +1.5729874190781100e-03
 +2   +1.7282472579525442e-20  +2.3941763077383505e-07
 +3   +1.8350528186453915e-20  +2.3636587250816447e-06
 +4   +1.6234549798999390e-20  +2.2301090655248867e-10
 +5   +3.4771088502408218e-20  +9.1659364805824484e-09
 +6   -1.7163661753072513e-20  -1.9022569124537617e-12
 +7   +4.8665785691438198e-20  +4.6833991661922429e-11
 +8   -1.1618024489675427e-20  -2.7933323680096448e-14
 +9   +5.2422845503620808e-20  +2.7339915842337515e-13
+10   -2.7503797800324824e-20  -2.8028653495634700e-16
+11   +4.9836046128533055e-20  +1.7265978038308966e-15
+12   -2.5608131281870725e-20  -2.5203950175268567e-18
+13   +6.2757135789288988e-20  +1.1483698026931914e-17
+14   -4.5752737121380841e-20  +1.0365111852006828e-20
+15   +2.2911829986302596e-20  +4.0710304676263111e-20
+16   -5.4359474787879280e-21  +8.9110881708173857e-20
+17   -3.7998653918660337e-20  -1.0090317958026853e-19
+18   +5.5265037278216069e-20  +3.8546404535966996e-20
+19   -6.6659543069179775e-20  +1.6872642573579521e-20
+20   -1.4327492478997419e-21  -8.0187241095150032e-21
+21   -6.4154742528292879e-21  +1.9310540313192957e-20
+22   -1.4524269394282117e-20  +1.4121950012171976e-20
+23   -1.4655502950875531e-21  +1.0793835072662797e-20
+24   -1.9415835742891788e-20  +9.9409832094339245e-21
+25   -2.9876144546848263e-20  +2.4662726735898129e-21
+26   -5.7387516034082067e-21  -3.3443804311891185e-20
+27   +2.8446695712593284e-21  -2.2067519119423925e-21
+28   -2.1546420575697842e-20  +8.5053911899818326e-21
+29   -2.8518120423941931e-20  -4.8944616661499039e-20
+30   -3.7421343175701214e-20  -2.4744545804766486e-21

