-30   -3.7905385079340870e-17  -2.1678453018884261e-18
-29   -6.2759821778767847e-17  -2.0155195103602357e-18
-28   +1.9570675073966428e-16  +1.2099808630002743e-19
-27   +9.9491920643118264e-17  -1.1751528230987437e-18
-26   -3.3223479547095001e-17  +1.2583489300957906e-18
-25   +4.6609285230075949e-17  -3.4151806316605253e-18
-24   -4.9121466325363566e-17  +1.0522845360256511e-18
-23   +3.5822654069307042e-17  -6.5032997563195482e-18
-22   -5.6127786691882091e-17  -7.6231223748486870e-18
-21   -8.0609640752332712e-18  +4.6551833268431557e-19
-20   +0.0000000000000000e+00  +0.0000000000000000e+00
-19   -6.2539989705409143e-17  +4.3874384275293494e-19
-18   +2.6536937355881318e-17  +1.3460444160398192e-18
-17   +5.5223304941588391e-17  +1.4994606963482722e-18
-16   +1.3816473625631014e-17  -8.7148915450492074e-19
-15   -8.6248313791183659e-17  -2.5507241371426464e-18
-14   +1.8854555690608892e-16  -1.8995840702410632e-18
-13   -1.1780067484336890e-17  +5.3700168419254769e-19
-12   +1.0874225579561987e-16  -4.7053311530846257e-19
-11   +1.7655337081586454e-15  +2.1353158789732687e-19
-10   +1.4134032479436363e-15  -5.1030934365722856e-18
 -9   +2.7500153378153741e-13  +1.5474929052901617e-18
 -8   +2.5698088164638929e-13  +5.3179625253769594e-19
 -7   +4.7105023571879190e-11  +6.4436094222609228e-19
 -6   +4.9527676884842150e-11  -2.7852143207116631e-18
 -5   +9.2195619902274949e-09  +3.9229849532966413e-18
 -4   +1.1309082973740269e-08  -2.3376463806253452e-18
 -3   +2.3747708123213818e-06  +2.3198291308124497e-19
 -2   +3.8928270713642240e-06  +7.0598960897264519e-19
 -1   +1.5458658465807523e-03  +4.9511899210171367e-19
 +0   +1.0000009054019867e+00  +0.0000000000000000e+00
 +1   +1.5458658465807523e-03  -4.9511899210171367e-19
 +2   +3.8928270713642240e-06  -7.0598960897264519e-19
 +3   +2.3747708123213818e-06  -2.3198291308124497e-19
 +4   +1.1309082973740269e-08  +2.3376463806253452e-18
 +5   +9.2195619902274949e-09  -3.9229849532966413e-18
 +6   +4.9527676884842150e-11  +2.7852143207116631e-18
 +7   +4.7105023571879190e-11  -6.4436094222609228e-19
 +8   +2.5698088164638929e-13  -5.3179625253769594e-19
 +9   +2.7500153378153741e-13  -1.5474929052901617e-18
+10   +1.4134032479436363e-15  +5.1030934365722856e-18
+11   +1.7655337081586454e-15  -2.1353158789732687e-19
+12   +1.0874225579561987e-16  +4.7053311530846257e-19
+13   -1.1780067484336890e-17  -5.3700168419254769e-19
+14   +1.8854555690608892e-16  +1.8995840702410632e-18
+15   -8.6248313791183659e-17  +2.5507241371426464e-18
+16   +1.3816473625631014e-17  +8.7148915450492074e-19
+17   +5.5223304941588391e-17  -1.4994606963482722e-18
+18   +2.6536937355881318e-17  -1.3460444160398192e-18
+19   -6.2539989705409143e-17  -4.3874384275293494e-19
+20   +0.0000000000000000e+00  -0.0000000000000000e+00
+21   -8.0609640752332712e-18  -4.6551833268431557e-19
+22   -5.6127786691882091e-17  +7.6231223748486870e-18
+23   +3.5822654069307042e-17  +6.5032997563195482e-18
+24   -4.9121466325363566e-17  -1.0522845360256511e-18
+25   +4.6609285230075949e-17  +3.4151806316605253e-18
+26   -3.3223479547095001e-17  -1.2583489300957906e-18
+27   +9.9491920643118264e-17  +1.1751528230987437e-18
+28   +1.9570675073966428e-16  -1.2099808630002743e-19
+29   -6.2759821778767847e-17  +2.0155195103602357e-18
+30   -3.7905385079340870e-17  +2.1678453018884261e-18

