-30   -1.7868769888592626e-17  -3.0657962268375314e-18
-29   -1.1541012541275945e-16  -3.5987718083129525e-18
-28   -6.9697813037250357e-17  -9.3074854244509838e-19
-27   -1.8016620693862809e-16  -1.2832133254205488e-18
-26   +1.9496153587582226e-16  +2.4767319672462990e-18
-25   +3.2580607116048806e-17  +6.7574885437432423e-18
-24   +1.8580096938625678e-16  +4.1976797409980577e-18
-23   -3.4944567197421409e-17  -2.2825402914348639e-18
-22   -2.0653280266878567e-17  -4.6892722838212321e-18
-21   +5.4261742312615349e-17  -5.6326949698577444e-18
-20   +1.0308941278606902e-16  +1.2819751242557086e-17
-19   +9.5463139842410197e-17  -4.4395583982241521e-18
-18   +1.5958331574148581e-16  +2.4147801373569055e-18
-17   -2.0765592261502354e-16  +7.4084455553506657e-18
-16   +9.9781946925569298e-16  -5.7293862313518820e-18
-15   -3.8664220691504818e-15  +2.6168134173029222e-18
-14   +1.6768596629514108e-14  +2.9273903282306523e-18
-13   -7.1430839687306447e-14  -4.1856319828222673e-18
-12   +3.1625383713774991e-13  +1.9005689511062603e-18
-11   -1.2602801139355277e-12  +4.9836371531979085e-18
-10   +6.2680770289550457e-12  -6.5404237139039859e-18
 -9   -6.4901664745886109e-12  +2.4558160476747121e-18
 -8   +1.3178522960381654e-10  +1.3167881014540988e-18
 -7   +3.1681570415192069e-09  -2.4692212692917093e-18
 -6   +3.0407093310504367e-09  -3.9991910683821711e-18
 -5   +7.2914573904669009e-07  +1.3615924042866843e-17
 -4   +1.1321223418901005e-07  -1.5672244421066919e-18
 -3   +1.9162130197079844e-04  +4.1697892411313840e-18
 -2   +2.6127093460466131e-05  +8.0308472333546286e-19
 -1   +1.2567670262087810e-01  -8.7990403509222489e-19
 +0   +1.0001013274779385e+00  +0.0000000000000000e+00
 +1   +1.2567670262087810e-01  +8.7990403509222489e-19
 +2   +2.6127093460466131e-05  -8.0308472333546286e-19
 +3   +1.9162130197079844e-04  -4.1697892411313840e-18
 +4   +1.1321223418901005e-07  +1.5672244421066919e-18
 +5   +7.2914573904669009e-07  -1.3615924042866843e-17
 +6   +3.0407093310504367e-09  +3.9991910683821711e-18
 +7   +3.1681570415192069e-09  +2.4692212692917093e-18
 +8   +1.3178522960381654e-10  -1.3167881014540988e-18
 +9   -6.4901664745886109e-12  -2.4558160476747121e-18
+10   +6.2680770289550457e-12  +6.5404237139039859e-18
+11   -1.2602801139355277e-12  -4.9836371531979085e-18
+12   +3.1625383713774991e-13  -1.9005689511062603e-18
+13   -7.1430839687306447e-14  +4.1856319828222673e-18
+14   +1.6768596629514108e-14  -2.9273903282306523e-18
+15   -3.8664220691504818e-15  -2.6168134173029222e-18
+16   +9.9781946925569298e-16  +5.7293862313518820e-18
+17   -2.0765592261502354e-16  -7.4084455553506657e-18
+18   +1.5958331574148581e-16  -2.4147801373569055e-18
+19   +9.5463139842410197e-17  +4.4395583982241521e-18
+20   +1.0308941278606902e-16  -1.2819751242557086e-17
+21   +5.4261742312615349e-17  +5.6326949698577444e-18
+22   -2.0653280266878567e-17  +4.6892722838212321e-18
+23   -3.4944567197421409e-17  +2.2825402914348639e-18
+24   +1.8580096938625678e-16  -4.1976797409980577e-18
+25   +3.2580607116048806e-17  -6.7574885437432423e-18
+26   +1.9496153587582226e-16  -2.4767319672462990e-18
+27   -1.8016620693862809e-16  +1.2832133254205488e-18
+28   -6.9697813037250357e-17  +9.3074854244509838e-19
+29   -1.1541012541275945e-16  +3.5987718083129525e-18
+30   -1.7868769888592626e-17  +3.0657962268375314e-18

