-30   +2.6142608463763354e-18  -1.7123775146711192e-18
-29   +2.3679454982935680e-18  -1.7285729921306053e-18
-28   +1.6364726355757287e-18  +1.0492119661462549e-18
-27   +1.3150224788205748e-19  +9.4341055648035580e-19
-26   +1.5870313101104671e-18  -3.1149352006091892e-18
-25   +2.1118805250521056e-18  -1.3674506843839474e-18
-24   -1.8888809902729606e-19  +2.4313739703045060e-18
-23   -5.2659741669368505e-19  +2.1315523973393647e-18
-22   +2.0658230721924676e-18  -9.7932906502954415e-19
-21   +1.4125443269973882e-18  -7.4416320313037513e-18
-20   -9.5643567406474215e-19  -2.1100147075179244e-18
-19   +5.4413446773606815e-18  +1.6298300383940503e-17
-18   -3.4156786700454500e-18  -4.5825235626396843e-17
-17   +2.8834036685236170e-18  +1.9285423762757702e-16
-16   +8.5222616462146325e-19  -8.4557861470581294e-16
-15   -2.5190636464762522e-18  +3.6226723036626683e-15
-14   +6.5584354014983485e-18  -1.5479560886253535e-14
-13   -4.9140351505727122e-18  +6.7695223217135075e-14
-12   +2.3839061451801250e-18  -2.9070018295966506e-13
-11   +2.6238894710164208e-19  +1.4178833959036751e-12
-10   +1.3418405224860997e-18  -5.7123453235229258e-12
 -9   -8.8885309258884058e-18  +4.7957954826280062e-11
 -8   +9.1332223487142538e-19  -1.2087318050784699e-10
 -7   -4.2063776010419836e-18  +4.3676274300545919e-09
 -6   -5.3198090937460994e-19  -2.8853341747067075e-09
 -5   -2.8503470415014992e-18  +7.5908774616706717e-07
 -4   -5.5835851348338112e-19  -5.7515453294460361e-08
 -3   -1.4770673938876163e-18  +1.9261429118580444e-04
 -2   -1.6282345405409336e-18  +1.6042839844865507e-05
 -1   +8.7145686461335605e-18  +1.2788395302499303e-01
 +0   -1.2829725707745136e-18  +0.0000000000000000e+00
 +1   +8.7145686461335605e-18  -1.2788395302499303e-01
 +2   -1.6282345405409336e-18  -1.6042839844865507e-05
 +3   -1.4770673938876163e-18  -1.9261429118580444e-04
 +4   -5.5835851348338112e-19  +5.7515453294460361e-08
 +5   -2.8503470415014992e-18  -7.5908774616706717e-07
 +6   -5.3198090937460994e-19  +2.8853341747067075e-09
 +7   -4.2063776010419836e-18  -4.3676274300545919e-09
 +8   +9.1332223487142538e-19  +1.2087318050784699e-10
 +9   -8.8885309258884058e-18  -4.7957954826280062e-11
+10   +1.3418405224860997e-18  +5.7123453235229258e-12
+11   +2.6238894710164208e-19  -1.4178833959036751e-12
+12   +2.3839061451801250e-18  +2.9070018295966506e-13
+13   -4.9140351505727122e-18  -6.7695223217135075e-14
+14   +6.5584354014983485e-18  +1.5479560886253535e-14
+15   -2.5190636464762522e-18  -3.6226723036626683e-15
+16   +8.5222616462146325e-19  +8.4557861470581294e-16
+17   +2.8834036685236170e-18  -1.9285423762757702e-16
+18   -3.4156786700454500e-18  +4.5825235626396843e-17
+19   +5.4413446773606815e-18  -1.6298300383940503e-17
+20   -9.5643567406474215e-19  +2.1100147075179244e-18
+21   +1.4125443269973882e-18  +7.4416320313037513e-18
+22   +2.0658230721924676e-18  +9.7932906502954415e-19
+23   -5.2659741669368505e-19  -2.1315523973393647e-18
+24   -1.8888809902729606e-19  -2.4313739703045060e-18
+25   +2.1118805250521056e-18  +1.3674506843839474e-18
+26   +1.5870313101104671e-18  +3.1149352006091892e-18
+27   +1.3150224788205748e-19  -9.4341055648035580e-19
+28   +1.6364726355757287e-18  -1.0492119661462549e-18
+29   +2.3679454982935680e-18  +1.7285729921306053e-18
+30   +2.6142608463763354e-18  +1.7123775146711192e-18

