-30   +9.5693323683247682e-18  -9.5693299661352317e-18
-29   +5.2106359170529127e-17  -4.7952747137874239e-18
-28   +2.3517018285631190e-17  -2.4592189150048966e-18
-27   -1.7826676099116623e-17  +1.1805351079072044e-17
-26   +9.4922977232734520e-17  +9.2592009699432739e-19
-25   -3.0477245497132088e-16  -3.0704076783103400e-18
-24   +1.0823809919244000e-15  +9.5539226675751863e-18
-23   -3.8498216577317571e-15  -6.8103423553139274e-18
-22   +1.5316946499431240e-14  -2.7936738442923481e-18
-21   -6.0270222500724161e-14  +2.4889688509573196e-18
-20   +2.3720236198659745e-13  -1.9832224191304529e-18
-19   -9.3831154917341549e-13  +8.4902230212129975e-18
-18   +3.7156572896205449e-12  +3.5371007564284902e-18
-17   -1.4738037281906206e-11  -3.3068016468168679e-18
-16   +5.8553010167327316e-11  +6.4958764042831647e-18
-15   -2.3306405777053862e-10  -2.0568484617961500e-18
-14   +9.2966481873022083e-10  +1.8360802800008719e-18
-13   -3.7173637424907531e-09  +6.2990080807716900e-18
-12   +1.4906167991591218e-08  -8.3279748104661317e-18
-11   -5.9968815960243165e-08  -1.4206661507644270e-18
-10   +2.4220106545801611e-07  -1.3055459854452358e-19
 -9   -9.8279069001570340e-07  -1.0395874357983117e-19
 -8   +4.0108392790050802e-06  +7.3740632900435823e-18
 -7   -1.6486828350483822e-05  +4.9651456379465873e-18
 -6   +6.8397493242495448e-05  +3.8619209992360213e-18
 -5   -2.8733303648272002e-04  -8.3212516738262465e-18
 -4   +1.2275282212948016e-03  +2.0582746134400353e-18
 -3   -5.3939723147943810e-03  +3.6699176256215893e-18
 -2   +2.4585900264734291e-02  -8.6283355611219638e-18
 -1   -1.2864451376667621e-01  +3.8976093207470024e-18
 +0   +1.0157182692660780e+00  +0.0000000000000000e+00
 +1   -1.2864451376667621e-01  -3.8976093207470024e-18
 +2   +2.4585900264734291e-02  +8.6283355611219638e-18
 +3   -5.3939723147943810e-03  -3.6699176256215893e-18
 +4   +1.2275282212948016e-03  -2.0582746134400353e-18
 +5   -2.8733303648272002e-04  +8.3212516738262465e-18
 +6   +6.8397493242495448e-05  -3.8619209992360213e-18
 +7   -1.6486828350483822e-05  -4.9651456379465873e-18
 +8   +4.0108392790050802e-06  -7.3740632900435823e-18
 +9   -9.8279069001570340e-07  +1.0395874357983117e-19
+10   +2.4220106545801611e-07  +1.3055459854452358e-19
+11   -5.9968815960243165e-08  +1.4206661507644270e-18
+12   +1.4906167991591218e-08  +8.3279748104661317e-18
+13   -3.7173637424907531e-09  -6.2990080807716900e-18
+14   +9.2966481873022083e-10  -1.8360802800008719e-18
+15   -2.3306405777053862e-10  +2.0568484617961500e-18
+16   +5.8553010167327316e-11  -6.4958764042831647e-18
+17   -1.4738037281906206e-11  +3.3068016468168679e-18
+18   +3.7156572896205449e-12  -3.5371007564284902e-18
+19   -9.3831154917341549e-13  -8.4902230212129975e-18
+20   +2.3720236198659745e-13  +1.9832224191304529e-18
+21   -6.0270222500724161e-14  -2.4889688509573196e-18
+22   +1.5316946499431240e-14  +2.7936738442923481e-18
+23   -3.8498216577317571e-15  +6.8103423553139274e-18
+24   +1.0823809919244000e-15  -9.5539226675751863e-18
+25   -3.0477245497132088e-16  +3.0704076783103400e-18
+26   +9.4922977232734520e-17  -9.2592009699432739e-19
+27   -1.7826676099116623e-17  -1.1805351079072044e-17
+28   +2.3517018285631190e-17  +2.4592189150048966e-18
+29   +5.2106359170529127e-17  +4.7952747137874239e-18
+30   +9.5693323683247682e-18  +9.5693299661352317e-18

