-30   -4.0971181306398840e-17  +2.1678453018880282e-18
-29   -1.0393111743136823e-16  +4.9667112176606738e-19
-28   -7.2692031828120284e-17  -4.7624704157866486e-19
-27   -1.8492102139903446e-16  +5.4168541347813948e-20
-26   +1.9005661523086894e-16  -2.0322672618235291e-18
-25   +3.8682124641611937e-17  +3.6971074596264465e-19
-24   +1.7894205007329854e-16  +2.2370239715618170e-18
-23   -3.0455420998107596e-17  -2.0413054781977956e-18
-22   -2.0598732434381615e-17  -4.7293580684197638e-18
-21   +5.5629376722152165e-17  -2.7327553422669542e-18
-20   +1.2331065085946049e-16  +1.8238015654279800e-17
-19   +1.0660877313439596e-16  -2.3370975200594703e-18
-18   +1.1161519543034537e-16  +5.1308817446481791e-18
-17   +7.3965672161861558e-18  +6.3098936730952240e-18
-16   +9.5965420868926449e-17  -5.7236493406495670e-18
-15   +1.2287356711709094e-17  +2.6168087835685612e-18
-14   +9.4604696828437686e-17  +9.8542822004179961e-19
-13   +8.3269168497040334e-16  -2.7215478200560945e-18
-12   -5.7925719650927773e-17  -2.9360476778576612e-19
-11   +1.4059938220414776e-13  +4.2541311024524548e-18
-10   -2.2842770285504817e-14  -1.7764305415522383e-17
 -9   +2.2243782795346106e-11  +3.6268584488372510e-18
 -8   -2.2687138731800562e-12  -1.4833023901669653e-18
 -7   +3.8107378732137380e-09  -5.2877664250120039e-18
 -6   -1.5296258106099815e-10  -9.3063029119015082e-19
 -5   +7.4581642808222901e-07  +4.1627328313694185e-18
 -4   +1.9299589836973338e-08  -5.8784793722573539e-18
 -3   +1.9220607556183917e-04  +3.9180510492074061e-18
 -2   +2.1332853369548669e-05  +3.4305809257183023e-18
 -1   +1.2567968193913043e-01  -7.5875014755358786e-18
 +0   +9.9988620236779902e-01  +0.0000000000000000e+00
 +1   +1.2567968193913043e-01  +7.5875014755358786e-18
 +2   +2.1332853369548669e-05  -3.4305809257183023e-18
 +3   +1.9220607556183917e-04  -3.9180510492074061e-18
 +4   +1.9299589836973338e-08  +5.8784793722573539e-18
 +5   +7.4581642808222901e-07  -4.1627328313694185e-18
 +6   -1.5296258106099815e-10  +9.3063029119015082e-19
 +7   +3.8107378732137380e-09  +5.2877664250120039e-18
 +8   -2.2687138731800562e-12  +1.4833023901669653e-18
 +9   +2.2243782795346106e-11  -3.6268584488372510e-18
+10   -2.2842770285504817e-14  +1.7764305415522383e-17
+11   +1.4059938220414776e-13  -4.2541311024524548e-18
+12   -5.7925719650927773e-17  +2.9360476778576612e-19
+13   +8.3269168497040334e-16  +2.7215478200560945e-18
+14   +9.4604696828437686e-17  -9.8542822004179961e-19
+15   +1.2287356711709094e-17  -2.6168087835685612e-18
+16   +9.5965420868926449e-17  +5.7236493406495670e-18
+17   +7.3965672161861558e-18  -6.3098936730952240e-18
+18   +1.1161519543034537e-16  -5.1308817446481791e-18
+19   +1.0660877313439596e-16  +2.3370975200594703e-18
+20   +1.2331065085946049e-16  -1.8238015654279800e-17
+21   +5.5629376722152165e-17  +2.7327553422669542e-18
+22   -2.0598732434381615e-17  +4.7293580684197638e-18
+23   -3.0455420998107596e-17  +2.0413054781977956e-18
+24   +1.7894205007329854e-16  -2.2370239715618170e-18
+25   +3.8682124641611937e-17  -3.6971074596264465e-19
+26   +1.9005661523086894e-16  +2.0322672618235291e-18
+27   -1.8492102139903446e-16  -5.4168541347813948e-20
+28   -7.2692031828120284e-17  +4.7624704157866486e-19
+29   -1.0393111743136823e-16  -4.9667112176606738e-19
+30   -4.0971181306398840e-17  -2.1678453018880282e-18

