-30   +2.2164320504857808e-18  -1.1907955672230310e-18
-29   +1.0619910313962495e-18  -1.3586447240999808e-18
-28   +3.0784761682935652e-18  +1.9818767241014781e-18
-27   +1.3149336398233321e-19  +3.2298202499625519e-19
-26   +1.1584635532989843e-18  -4.0881878902585412e-18
-25   +2.6383504551875457e-18  -2.4051162878118832e-19
-24   +8.3214587562741234e-19  +2.1537402852477704e-18
-23   -3.1301150676168640e-19  +1.0825469045745653e-18
-22   +8.6232054173985561e-19  +8.1720129176042830e-19
-21   +4.4402127146561264e-18  +4.9165843634313573e-18
-20   -2.9522753410278654e-19  -5.5336160066425620e-20
-19   +1.4467590445311600e-18  -8.2569486972427705e-19
-18   -5.1251277357649176e-18  +2.0085620447871988e-18
-17   +3.2504040525877903e-18  -8.2686889486891654e-18
-16   +2.5059868673339553e-18  +6.6373460191212704e-18
-15   -2.3595147540650798e-18  +2.9561222297366955e-18
-14   +5.3215769560462280e-18  +3.1288580204786597e-18
-13   -5.0473615094616294e-18  +9.3112756920701005e-16
-12   +1.2543697205456744e-18  -2.0393401334781826e-16
-11   -3.1909276688235489e-18  +1.4037392252670847e-13
-10   +1.6366779215638393e-18  -2.2788893091710817e-14
 -9   -6.6975048347210200e-18  +2.2227513182726756e-11
 -8   +1.0070767715143735e-18  -2.2709950557046546e-12
 -7   -4.2708745114802329e-18  +3.8076310129642627e-09
 -6   +1.8640241776627869e-18  -1.5465460243834773e-10
 -5   -2.9445582810598586e-18  +7.4519601627554027e-07
 -4   -2.2618165810558184e-18  +1.8130917609930521e-08
 -3   -1.3844095108575927e-18  +1.9216684181680950e-04
 -2   +4.7717126618633332e-19  +1.9464793920061764e-05
 -1   +5.8454496997302414e-18  +1.2788480051466555e-01
 +0   -2.3924727939513464e-18  +0.0000000000000000e+00
 +1   +5.8454496997302414e-18  -1.2788480051466555e-01
 +2   +4.7717126618633332e-19  -1.9464793920061764e-05
 +3   -1.3844095108575927e-18  -1.9216684181680950e-04
 +4   -2.2618165810558184e-18  -1.8130917609930521e-08
 +5   -2.9445582810598586e-18  -7.4519601627554027e-07
 +6   +1.8640241776627869e-18  +1.5465460243834773e-10
 +7   -4.2708745114802329e-18  -3.8076310129642627e-09
 +8   +1.0070767715143735e-18  +2.2709950557046546e-12
 +9   -6.6975048347210200e-18  -2.2227513182726756e-11
+10   +1.6366779215638393e-18  +2.2788893091710817e-14
+11   -3.1909276688235489e-18  -1.4037392252670847e-13
+12   +1.2543697205456744e-18  +2.0393401334781826e-16
+13   -5.0473615094616294e-18  -9.3112756920701005e-16
+14   +5.3215769560462280e-18  -3.1288580204786597e-18
+15   -2.3595147540650798e-18  -2.9561222297366955e-18
+16   +2.5059868673339553e-18  -6.6373460191212704e-18
+17   +3.2504040525877903e-18  +8.2686889486891654e-18
+18   -5.1251277357649176e-18  -2.0085620447871988e-18
+19   +1.4467590445311600e-18  +8.2569486972427705e-19
+20   -2.9522753410278654e-19  +5.5336160066425620e-20
+21   +4.4402127146561264e-18  -4.9165843634313573e-18
+22   +8.6232054173985561e-19  -8.1720129176042830e-19
+23   -3.1301150676168640e-19  -1.0825469045745653e-18
+24   +8.3214587562741234e-19  -2.1537402852477704e-18
+25   +2.6383504551875457e-18  +2.4051162878118832e-19
+26   +1.1584635532989843e-18  +4.0881878902585412e-18
+27   +1.3149336398233321e-19  -3.2298202499625519e-19
+28   +3.0784761682935652e-18  -1.9818767241014781e-18
+29   +1.0619910313962495e-18  +1.3586447240999808e-18
+30   +2.2164320504857808e-18  +1.1907955672230310e-18

