-30   +3.0503903732835363e-17  +2.6168213788452316e-17
-29   +9.6470689630925834e-17  -6.7368328733799087e-18
-28   -1.6187199619525686e-17  -8.3778170480971587e-20
-27   +2.1991264728359980e-16  +6.0864185208699566e-18
-26   -1.7933883369594534e-16  -6.7051648137102656e-19
-25   -1.9951449047470518e-16  +2.8615034011278392e-18
-24   +7.9227809560700172e-16  -2.8294853943791334e-18
-23   -3.8140522724542939e-15  -7.0358419063436664e-18
-22   +1.5317096231452806e-14  +2.0690172339859807e-18
-21   -6.0422564516365038e-14  +2.2285501970841275e-18
-20   +2.3843203345319944e-13  +1.4802973661648558e-17
-19   -9.4316463825233697e-13  -3.0563991097758115e-19
-18   +3.7341228006510968e-12  +4.2652757376428616e-19
-17   -1.4807377310920338e-11  -8.8030629823661732e-18
-16   +5.8814004061312501e-11  +9.1738662226257147e-18
-15   -2.3404441695479294e-10  -5.7311198194183709e-18
-14   +9.3333911580598607e-10  -3.1930922015021665e-18
-13   -3.7311127333708349e-09  +6.7797348613645215e-18
-12   +1.4957518094613027e-08  -3.5274894358180746e-18
-11   -6.0160187511957428e-08  +4.7805966363166851e-18
-10   +2.4291252038052429e-07  -1.3017894780163747e-17
 -9   -9.8542818355786223e-07  -2.9078809053203115e-18
 -8   +4.0205848787026389e-06  +4.2601388964942333e-19
 -7   -1.6522699643803608e-05  -1.1845622650138708e-19
 -6   +6.8528916566427782e-05  -2.6119045866689029e-18
 -5   -2.8781184881154179e-04  +8.6591613509175614e-18
 -4   +1.2292599829572765e-03  +2.9039615468821854e-18
 -3   -5.4001792512932611e-03  -3.9698894655793691e-18
 -2   +2.4607678650020726e-02  -5.5484760092680244e-19
 -1   -1.2870451566686514e-01  -5.0787474568922067e-19
 +0   +1.0159306209453085e+00  +0.0000000000000000e+00
 +1   -1.2870451566686514e-01  +5.0787474568922067e-19
 +2   +2.4607678650020726e-02  +5.5484760092680244e-19
 +3   -5.4001792512932611e-03  +3.9698894655793691e-18
 +4   +1.2292599829572765e-03  -2.9039615468821854e-18
 +5   -2.8781184881154179e-04  -8.6591613509175614e-18
 +6   +6.8528916566427782e-05  +2.6119045866689029e-18
 +7   -1.6522699643803608e-05  +1.1845622650138708e-19
 +8   +4.0205848787026389e-06  -4.2601388964942333e-19
 +9   -9.8542818355786223e-07  +2.9078809053203115e-18
+10   +2.4291252038052429e-07  +1.3017894780163747e-17
+11   -6.0160187511957428e-08  -4.7805966363166851e-18
+12   +1.4957518094613027e-08  +3.5274894358180746e-18
+13   -3.7311127333708349e-09  -6.7797348613645215e-18
+14   +9.3333911580598607e-10  +3.1930922015021665e-18
+15   -2.3404441695479294e-10  +5.7311198194183709e-18
+16   +5.8814004061312501e-11  -9.1738662226257147e-18
+17   -1.4807377310920338e-11  +8.8030629823661732e-18
+18   +3.7341228006510968e-12  -4.2652757376428616e-19
+19   -9.4316463825233697e-13  +3.0563991097758115e-19
+20   +2.3843203345319944e-13  -1.4802973661648558e-17
+21   -6.0422564516365038e-14  -2.2285501970841275e-18
+22   +1.5317096231452806e-14  -2.0690172339859807e-18
+23   -3.8140522724542939e-15  +7.0358419063436664e-18
+24   +7.9227809560700172e-16  +2.8294853943791334e-18
+25   -1.9951449047470518e-16  -2.8615034011278392e-18
+26   -1.7933883369594534e-16  +6.7051648137102656e-19
+27   +2.1991264728359980e-16  -6.0864185208699566e-18
+28   -1.6187199619525686e-17  +8.3778170480971587e-20
+29   +9.6470689630925834e-17  +6.7368328733799087e-18
+30   +3.0503903732835363e-17  -2.6168213788452316e-17

