-30   +4.7369515717341964e-16  +2.2750748506573979e-28
-29   -3.9852770231336824e-16  +1.7282424798376389e-16
-28   +1.4599632013668854e-16  -5.3683022573631046e-17
-27   -6.4153552003657434e-16  -1.8353918844187166e-16
-26   -3.9254510743379365e-16  +5.5487005517433540e-17
-25   +4.2117113334690656e-16  -3.7388658837713155e-16
-24   +1.6499243735407316e-16  +2.5618037606182289e-17
-23   -2.6941405457572816e-16  +1.1922897090007156e-16
-22   +2.5027577173466206e-16  -1.2627668616924296e-16
-21   +2.4037251363768001e-17  +2.4065028526006991e-16
-20   -3.4676892235025395e-16  -2.2415495510438539e-15
-19   +3.1110130050598606e-16  -1.2700452393129894e-16
-18   -9.1251867408320878e-17  +1.2021979714746886e-16
-17   +2.6929623852111442e-16  +1.6042370540282467e-17
-16   +9.4730059193263874e-16  -1.6090502405667830e-16
-15   -3.0721879572434233e-15  +3.0023623811059802e-16
-14   +1.6922698592497509e-14  -1.5876550740023681e-16
-13   -7.2778681528065141e-14  +3.1006893717365724e-16
-12   +3.1647147502585899e-13  +3.5771139975547140e-16
-11   -1.4010637082103029e-12  -4.3903763906832268e-17
-10   +6.2921739738738959e-12  -3.8227540419274114e-16
 -9   -2.8734010079327405e-11  +7.8019835778116128e-17
 -8   +1.3405174926905462e-10  +3.1398076708602960e-17
 -7   -6.4257006590897509e-10  -2.3562283577082407e-17
 -6   +3.1936208358031966e-09  -2.3668234741197255e-17
 -5   -1.6670423295520976e-08  -3.9043616281087952e-16
 -4   +9.3911145123335723e-08  +2.9083534459162498e-17
 -3   -5.8476425204823145e-07  +1.4898305631695449e-16
 -2   +4.7941635257427559e-06  +1.5339706676608281e-17
 -1   -2.9792706721220599e-06  -1.8551293506011637e-16
 +0   -9.8890147113760335e+01  +0.0000000000000000e+00
 +1   -2.9792706721220599e-06  +1.8551293506011637e-16
 +2   +4.7941635257427559e-06  -1.5339706676608281e-17
 +3   -5.8476425204823145e-07  -1.4898305631695449e-16
 +4   +9.3911145123335723e-08  -2.9083534459162498e-17
 +5   -1.6670423295520976e-08  +3.9043616281087952e-16
 +6   +3.1936208358031966e-09  +2.3668234741197255e-17
 +7   -6.4257006590897509e-10  +2.3562283577082407e-17
 +8   +1.3405174926905462e-10  -3.1398076708602960e-17
 +9   -2.8734010079327405e-11  -7.8019835778116128e-17
+10   +6.2921739738738959e-12  +3.8227540419274114e-16
+11   -1.4010637082103029e-12  +4.3903763906832268e-17
+12   +3.1647147502585899e-13  -3.5771139975547140e-16
+13   -7.2778681528065141e-14  -3.1006893717365724e-16
+14   +1.6922698592497509e-14  +1.5876550740023681e-16
+15   -3.0721879572434233e-15  -3.0023623811059802e-16
+16   +9.4730059193263874e-16  +1.6090502405667830e-16
+17   +2.6929623852111442e-16  -1.6042370540282467e-17
+18   -9.1251867408320878e-17  -1.2021979714746886e-16
+19   +3.1110130050598606e-16  +1.2700452393129894e-16
+20   -3.4676892235025395e-16  +2.2415495510438539e-15
+21   +2.4037251363768001e-17  -2.4065028526006991e-16
+22   +2.5027577173466206e-16  +1.2627668616924296e-16
+23   -2.6941405457572816e-16  -1.1922897090007156e-16
+24   +1.6499243735407316e-16  -2.5618037606182289e-17
+25   +4.2117113334690656e-16  +3.7388658837713155e-16
+26   -3.9254510743379365e-16  -5.5487005517433540e-17
+27   -6.4153552003657434e-16  +1.8353918844187166e-16
+28   +1.4599632013668854e-16  +5.3683022573631046e-17
+29   -3.9852770231336824e-16  -1.7282424798376389e-16
+30   +4.7369515717341964e-16  -2.2750748506573979e-28

