-30   -3.2887685175643704e-19  +7.9081005778991593e-19
-29   +3.2894731049083994e-19  -8.2099293304370335e-19
-28   -3.2905144340769045e-19  +8.5342441371050853e-19
-27   +3.2908533126776995e-19  -8.8794814944229982e-19
-26   -3.2928516256057864e-19  +9.2474010931390827e-19
-25   +3.2943081506684966e-19  -9.6195317518998735e-19
-24   -3.2957117776464005e-19  +9.9848129246345098e-19
-23   +3.2965206829902366e-19  -1.0160060448127960e-18
-22   -3.2985259858480519e-19  +9.4619214328119244e-19
-21   +3.3015685634488057e-19  -4.9840885673327428e-19
-20   -3.3044846414344344e-19  -1.5286342163231113e-18
-19   +3.3083246522160914e-19  +1.0168308250134026e-17
-18   -3.3112567155503835e-19  -4.6569327030834661e-17
-17   +3.3118404088978359e-19  +2.0002153720938008e-16
-16   -3.3175232437685301e-19  -8.4969339430128212e-16
-15   +3.3240860083275413e-19  +3.6163250724047173e-15
-14   -3.3295507861834157e-19  -1.5479632928165575e-14
-13   +3.3344739148385382e-19  +6.6759100516872137e-14
-12   -3.3477598631821968e-19  -2.9049874440156756e-13
-11   +3.3600811560619967e-19  +1.2775301039826460e-12
-10   -3.3797793795941348e-19  -5.6896439067656902e-12
 -9   +3.3994116480795585e-19  +2.5731202277809262e-11
 -8   -3.4383561675797360e-19  -1.1860411282309729e-10
 -7   +3.4777109764657526e-19  +5.6006616667471709e-10
 -6   -3.5668728910151174e-19  -2.7307256480216135e-09
 -5   +3.6828645130759706e-19  +1.3903852905116712e-08
 -4   -3.9245142860880517e-19  -7.5647289447145244e-08
 -3   +4.4135258177096669e-19  +4.5052551772095473e-07
 -2   -5.9681335003126650e-19  -3.4216978628232397e-06
 -1   +1.3140058520573364e-18  +1.1948824588611158e-06
 +0   -1.9083419588160389e-18  +0.0000000000000000e+00
 +1   +1.3140058520573364e-18  -1.1948824588611158e-06
 +2   -5.9681335003126650e-19  +3.4216978628232397e-06
 +3   +4.4135258177096669e-19  -4.5052551772095473e-07
 +4   -3.9245142860880517e-19  +7.5647289447145244e-08
 +5   +3.6828645130759706e-19  -1.3903852905116712e-08
 +6   -3.5668728910151174e-19  +2.7307256480216135e-09
 +7   +3.4777109764657526e-19  -5.6006616667471709e-10
 +8   -3.4383561675797360e-19  +1.1860411282309729e-10
 +9   +3.3994116480795585e-19  -2.5731202277809262e-11
+10   -3.3797793795941348e-19  +5.6896439067656902e-12
+11   +3.3600811560619967e-19  -1.2775301039826460e-12
+12   -3.3477598631821968e-19  +2.9049874440156756e-13
+13   +3.3344739148385382e-19  -6.6759100516872137e-14
+14   -3.3295507861834157e-19  +1.5479632928165575e-14
+15   +3.3240860083275413e-19  -3.6163250724047173e-15
+16   -3.3175232437685301e-19  +8.4969339430128212e-16
+17   +3.3118404088978359e-19  -2.0002153720938008e-16
+18   -3.3112567155503835e-19  +4.6569327030834661e-17
+19   +3.3083246522160914e-19  -1.0168308250134026e-17
+20   -3.3044846414344344e-19  +1.5286342163231113e-18
+21   +3.3015685634488057e-19  +4.9840885673327428e-19
+22   -3.2985259858480519e-19  -9.4619214328119244e-19
+23   +3.2965206829902366e-19  +1.0160060448127960e-18
+24   -3.2957117776464005e-19  -9.9848129246345098e-19
+25   +3.2943081506684966e-19  +9.6195317518998735e-19
+26   -3.2928516256057864e-19  -9.2474010931390827e-19
+27   +3.2908533126776995e-19  +8.8794814944229982e-19
+28   -3.2905144340769045e-19  -8.5342441371050853e-19
+29   +3.2894731049083994e-19  +8.2099293304370335e-19
+30   -3.2887685175643704e-19  -7.9081005778991593e-19

