-30   +4.0887824444899141e-20  +1.5653605617669486e-19
-29   -8.6783913377867363e-20  -4.0391305048983745e-20
-28   -1.9473478677538865e-20  -1.1073307962663957e-20
-27   +5.4647606396872689e-20  +5.3580930756915985e-21
-26   +9.5286489398107143e-20  +2.4278696963352724e-21
-25   -2.5256994454708628e-20  -2.0970721995740142e-20
-24   -1.1343842489582153e-19  -1.2435639362173362e-20
-23   +6.0882700209815784e-20  +1.3355833546190612e-21
-22   +6.2422721106751490e-20  +8.4965714235522373e-21
-21   -9.2820187072193653e-20  +2.6035276568716573e-20
-20   -4.2330190716583722e-20  -4.2330190716583709e-20
-19   +4.6666404678686231e-21  +3.4025463427951532e-20
-18   -8.7836804464145167e-20  -4.0645018651456163e-20
-17   -4.2150162123434378e-20  -2.7444197600878150e-21
-16   +1.0937324868639166e-19  +1.0849929647126756e-20
-15   -5.3473156920478588e-19  -5.8219336349740301e-20
-14   +1.7587832861656856e-18  -4.0304805802343980e-20
-13   -7.4720855817216424e-18  -3.3000007557960934e-20
-12   +3.2396309364415760e-17  -4.6880481994313908e-20
-11   -1.4327579491647704e-16  +3.2709083595515720e-21
-10   +6.4342691134523597e-16  -7.1347732046524765e-20
 -9   -2.9381784266369166e-15  +2.9447116583054749e-20
 -8   +1.3707590530255688e-14  -2.5959067813856102e-20
 -7   -6.5706931395966708e-14  -1.7977283505484126e-20
 -6   +3.2656731657912437e-13  +7.3060147969789299e-21
 -5   -1.7046517479146959e-12  -9.7813642353980972e-20
 -4   +9.6029726572611753e-12  +1.1355346829330082e-20
 -3   -5.9795442303713148e-11  +1.1629746037600911e-20
 -2   +4.9022998761854188e-10  -1.8537222863594479e-20
 -1   -3.0464708126359505e-10  +2.3212381338965893e-20
 +0   +1.0112069391435857e-02  +0.0000000000000000e+00
 +1   -3.0464708126359505e-10  -2.3212381338965893e-20
 +2   +4.9022998761854188e-10  +1.8537222863594479e-20
 +3   -5.9795442303713148e-11  -1.1629746037600911e-20
 +4   +9.6029726572611753e-12  -1.1355346829330082e-20
 +5   -1.7046517479146959e-12  +9.7813642353980972e-20
 +6   +3.2656731657912437e-13  -7.3060147969789299e-21
 +7   -6.5706931395966708e-14  +1.7977283505484126e-20
 +8   +1.3707590530255688e-14  +2.5959067813856102e-20
 +9   -2.9381784266369166e-15  -2.9447116583054749e-20
+10   +6.4342691134523597e-16  +7.1347732046524765e-20
+11   -1.4327579491647704e-16  -3.2709083595515720e-21
+12   +3.2396309364415760e-17  +4.6880481994313908e-20
+13   -7.4720855817216424e-18  +3.3000007557960934e-20
+14   +1.7587832861656856e-18  +4.0304805802343980e-20
+15   -5.3473156920478588e-19  +5.8219336349740301e-20
+16   +1.0937324868639166e-19  -1.0849929647126756e-20
+17   -4.2150162123434378e-20  +2.7444197600878150e-21
+18   -8.7836804464145167e-20  +4.0645018651456163e-20
+19   +4.6666404678686231e-21  -3.4025463427951532e-20
+20   -4.2330190716583722e-20  +4.2330190716583709e-20
+21   -9.2820187072193653e-20  -2.6035276568716573e-20
+22   +6.2422721106751490e-20  -8.4965714235522373e-21
+23   +6.0882700209815784e-20  -1.3355833546190612e-21
+24   -1.1343842489582153e-19  +1.2435639362173362e-20
+25   -2.5256994454708628e-20  +2.0970721995740142e-20
+26   +9.5286489398107143e-20  -2.4278696963352724e-21
+27   +5.4647606396872689e-20  -5.3580930756915985e-21
+28   -1.9473478677538865e-20  +1.1073307962663957e-20
+29   -8.6783913377867363e-20  +4.0391305048983745e-20
+30   +4.0887824444899141e-20  -1.5653605617669486e-19

